day,time_tag,bin_index,range_m,analog,analog_sterr,photon_counting,pc_sterr,overflow_info,SNR_analog,SNR_Photon,photon_per_bin,analog_bg_corr,Photon_per_bin_bg_corr,afterpulse_raw,afterpulse_counts_per_bin,photon_APcorr_counts,photon_deadtime_counts,photon_deadtime_corr,k_scale,b_offset,r2_overlap,analog_scaled_for_glue,weight_w,merged_counts_per_bin,range2_corrected_counts,range2_norm,ratio_mean_overlap,ratio_std_overlap
12-01-2026,00.05,0,0.0,38.0486,0.226624,170.213,0.909798,0.0,167.8930739903982,187.08878234509197,4.255325,34.52021178571429,4.245511257621429,0.0,0.0,4.245511257621429,8.838381108800512,,0.007008443208124276,4.458655975771774,0.6138515884184703,4.700588919604375,0.0,4.700588919604375,0.0,0.0,1.0013232211466252,0.03667407990298227
12-01-2026,00.05,1,3.75,85.8731,0.496963,196.54,0.892025,0.0,172.79576145507815,220.3301476976542,4.9135,82.34471178571428,4.903686257621429,0.0,0.0,4.903686257621429,12.265691865971636,,0.007008443208124276,4.458655975771774,0.6138515884184703,5.035764211811314,0.0,5.035764211811314,70.8154342285966,3.965140446361015e-05,1.0013232211466252,0.03667407990298227
12-01-2026,00.05,2,7.5,312.898,2.26942,106.661,1.37016,0.0,137.87575680129726,77.84565306241606,2.666525,309.3696117857143,2.6567112576214287,0.0,0.0,2.6567112576214287,3.936926880348102,7.598482478480882,0.007008443208124276,4.458655975771774,0.6138515884184703,6.6268553302914075,0.0,6.6268553302914075,372.7606123288917,0.0002087183672395986,1.0013232211466252,0.03667407990298227
12-01-2026,00.05,3,11.25,474.395,0.0280449,0.334308,0.0745063,0.0,16915.553273500707,4.486976269120866,0.0083577,470.86661178571427,-0.0014560423785714306,0.0,0.0,-0.0014560423785714306,-0.0014557829295387668,-0.001455523572950951,0.007008443208124276,4.458655975771774,0.6138515884184703,7.758697883073854,0.0,7.758697883073854,981.9602008265347,0.0005498250701175203,1.0013232211466252,0.03667407990298227
12-01-2026,00.05,4,15.0,473.457,0.0,0.0,0.0,0.0,inf,,0.0,469.9286117857143,-0.00981374237857143,0.0,0.0,-0.00981374237857143,-0.009801968234066654,-0.009790222308023169,0.007008443208124276,4.458655975771774,0.6138515884184703,7.752123963344633,0.0,7.752123963344633,1744.2278917525423,0.0009766385868557102,1.0013232211466252,0.03667407990298227
12-01-2026,00.05,5,18.75,473.457,0.0,0.0167154,0.0167468,0.0,inf,0.998125014928225,0.00041788499999999995,469.9286117857143,-0.00939585737857143,0.0,0.0,-0.00939585737857143,-0.009385064058029961,-0.00937429550629772,0.007008443208124276,4.458655975771774,0.6138515884184703,7.752123963344633,0.0,7.752123963344633,2725.3560808633474,0.0015259977919620472,1.0013232211466252,0.03667407990298227
12-01-2026,00.05,6,22.5,473.457,1.10167e-05,16.2474,0.541709,0.0,42976299.61785289,29.992855942950918,0.40618499999999996,469.9286117857143,0.39637125762142855,0.0,0.0,0.39637125762142855,0.41658208837299465,0.4389647460924718,0.007008443208124276,4.458655975771774,0.6138515884184703,7.752123963344633,0.0,7.752123963344633,3924.51275644322,0.002197436820425348,1.0013232211466252,0.03667407990298227
12-01-2026,00.05,7,26.25,473.457,1.68185e-05,7.17092,0.399873,0.0,28150964.711478427,17.93299372550785,0.179273,469.9286117857143,0.16945925762142855,0.0,0.0,0.16945925762142855,0.1730485993316697,0.17679328414728476,0.007008443208124276,4.458655975771774,0.6138515884184703,7.752123963344633,0.0,7.752123963344633,5341.697918492161,0.0029909556722456125,1.0013232211466252,0.03667407990298227
12-01-2026,00.05,8,30.0,473.457,6.38841e-06,2.07271,0.221468,0.0,74111868.21133897,9.35895930789098,0.051817749999999996,469.9286117857143,0.042004007621428564,0.0,0.0,0.042004007621428564,0.042221078452362955,0.04244040452138186,0.007008443208124276,4.458655975771774,0.6138515884184703,7.752123963344633,0.0,7.752123963344633,6976.911567010169,0.003906554347422841,1.0013232211466252,0.03667407990298227
12-01-2026,00.05,9,33.75,473.457,0.0,7.13748,0.364329,0.0,inf,19.590754510346418,0.178437,469.9286117857143,0.16862325762142857,0.0,0.0,0.16862325762142857,0.17217690047447698,0.1758835500155793,0.007008443208124276,4.458655975771774,0.6138515884184703,7.752123963344633,0.0,7.752123963344633,8830.153701997246,0.0049442328459570325,1.0013232211466252,0.03667407990298227
12-01-2026,00.05,10,37.5,473.457,0.0,31.6089,0.736519,0.0,inf,42.91661179141339,0.7902224999999999,469.9286117857143,0.7804087576214285,0.0,0.0,0.7804087576214285,0.8628278246391742,0.9647110834623909,0.007008443208124276,4.458655975771774,0.6138515884184703,7.752123963344633,0.0,7.752123963344633,10901.42432345339,0.006103991167848189,1.0013232211466252,0.03667407990298227
12-01-2026,00.05,11,41.25,473.457,8.99593e-06,83.1592,1.01301,0.0,52630133.849418566,82.09119357163306,2.07898,469.9286117857143,2.0691662576214287,0.0,0.0,2.0691662576214287,2.7709547427700594,4.193110470683721,0.007008443208124276,4.458655975771774,0.6138515884184703,7.752123963344633,0.0,7.752123963344633,13190.723431378601,0.007385829313096308,1.0013232211466252,0.03667407990298227
12-01-2026,00.05,12,45.0,473.457,6.38841e-06,129.561,1.08889,0.0,74111868.21133897,118.98447042400979,3.2390250000000003,469.9286117857143,3.229211257621429,0.0,0.0,3.229211257621429,5.339793967521133,15.414699390979395,0.007008443208124276,4.458655975771774,0.6138515884184703,7.752123963344633,0.0,7.752123963344633,15698.05102577288,0.008789747281701392,1.0013232211466252,0.03667407990298227
12-01-2026,00.05,13,48.75,473.457,8.99593e-06,99.9248,1.16886,0.0,52630133.849418566,85.4891090464213,2.49812,469.9286117857143,2.4883062576214288,0.0,0.0,2.4883062576214288,3.5780762345441453,6.366191286946506,0.007008443208124276,4.458655975771774,0.6138515884184703,7.752123963344633,0.0,7.752123963344633,18423.407106636227,0.010315745073663438,1.0013232211466252,0.03667407990298227
12-01-2026,00.05,14,52.5,473.457,0.0,48.692,0.878354,0.0,inf,55.4355077793236,1.2173,469.9286117857143,1.2074862576214287,0.0,0.0,1.2074862576214287,1.4168986628789315,1.714187441957602,0.007008443208124276,4.458655975771774,0.6138515884184703,7.752123963344633,0.0,7.752123963344633,21366.791673968644,0.01196382268898245,1.0013232211466252,0.03667407990298227
12-01-2026,00.05,15,56.25,473.457,0.0,39.9666,0.808975,0.0,inf,49.40399888748107,0.999165,469.9286117857143,0.9893512576214285,0.0665557,0.0016638924999999999,0.9876873651214285,1.1235120302734625,1.3026496369695386,0.007008443208124276,4.458655975771774,0.6138515884184703,7.752123963344633,0.0,7.752123963344633,24528.204727770128,0.013733980127658425,1.0013232211466252,0.03667407990298227
12-01-2026,00.05,16,60.0,473.457,0.0,57.9858,0.880747,0.0,inf,65.83706785262964,1.449645,469.9286117857143,1.4398312576214287,0.0,0.0,1.4398312576214287,1.7478672464430378,2.223576971010028,0.007008443208124276,4.458655975771774,0.6138515884184703,7.752123963344633,0.0,7.752123963344633,27907.646268040677,0.015626217389691364,1.0013232211466252,0.03667407990298227
12-01-2026,00.05,17,63.75,473.457,0.0,48.5583,0.994557,0.0,inf,48.82404930034176,1.2139575,469.9286117857143,1.2041437576214287,0.0,0.0,1.2041437576214287,1.4122984687508997,1.7074589234033613,0.007008443208124276,4.458655975771774,0.6138515884184703,7.752123963344633,0.0,7.752123963344633,31505.116294780295,0.017640534475081265,1.0013232211466252,0.03667407990298227
12-01-2026,00.05,18,67.5,473.457,0.0,83.878,1.15451,0.0,inf,72.6524672804913,2.0969499999999996,469.9286117857143,2.0871362576214283,0.0,0.0,2.0871362576214283,2.803276672553303,4.2675697483899695,0.007008443208124276,4.458655975771774,0.6138515884184703,7.752123963344633,0.0,7.752123963344633,35320.61480798898,0.01977693138382813,1.0013232211466252,0.03667407990298227
12-01-2026,00.05,19,71.25,473.457,6.38841e-06,18.0694,0.560848,0.0,74111868.21133897,32.21799845947565,0.451735,469.9286117857143,0.4419212576214286,0.0,0.0,0.4419212576214286,0.46719222808452354,0.4955287044062713,0.007008443208124276,4.458655975771774,0.6138515884184703,7.752123963344633,0.0,7.752123963344633,39354.14180766674,0.02203540811593196,1.0013232211466252,0.03667407990298227
12-01-2026,00.05,20,75.0,473.457,0.0,55.2612,0.828114,0.0,inf,66.7313920547171,1.38153,469.9286117857143,1.3717162576214286,0.0,0.0,1.3717162576214286,1.6484954643846976,2.065203682110677,0.007008443208124276,4.458655975771774,0.6138515884184703,7.752123963344633,0.0,7.752123963344633,43605.69729381356,0.024415964671392756,1.0013232211466252,0.03667407990298227
12-01-2026,00.05,21,78.75,473.457,0.0,97.2837,0.916975,0.0,inf,106.09198724065541,2.4320925,469.9286117857143,2.4222787576214286,0.0,0.0,2.4222787576214286,3.443118296237317,5.951162345000971,0.007008443208124276,4.458655975771774,0.6138515884184703,7.752123963344633,0.0,7.752123963344633,48075.28126642945,0.026918601050210513,1.0013232211466252,0.03667407990298227
12-01-2026,00.05,22,82.5,473.457,0.0,144.639,1.05778,0.0,inf,136.73826315490936,3.6159750000000006,469.9286117857143,3.6061612576214293,0.0,0.0,3.6061612576214293,6.455645209802715,30.766216300088928,0.007008443208124276,4.458655975771774,0.6138515884184703,7.752123963344633,0.0,7.752123963344633,52762.893725514405,0.029543317252385234,1.0013232211466252,0.03667407990298227
12-01-2026,00.05,23,86.25,473.457,0.0,180.777,0.934747,0.0,inf,193.39671590280577,4.519424999999999,469.9286117857143,4.509611257621428,0.0,0.0,4.509611257621428,10.065566720426903,,0.007008443208124276,4.458655975771774,0.6138515884184703,7.752123963344633,0.0,7.752123963344633,57668.53467106843,0.03229011327791692,1.0013232211466252,0.03667407990298227
12-01-2026,00.05,24,90.0,473.457,0.0,186.745,0.948076,0.0,inf,196.97260557170523,4.6686250000000005,469.9286117857143,4.658811257621429,0.0,0.0,4.658811257621429,10.840457405357895,,0.007008443208124276,4.458655975771774,0.6138515884184703,7.752123963344633,0.0,7.752123963344633,62792.20410309152,0.03515898912680557,1.0013232211466252,0.03667407990298227
12-01-2026,00.05,25,93.75,473.457,0.0,190.238,0.910481,0.0,inf,208.942306319407,4.75595,469.9286117857143,4.746136257621429,0.0,0.0,4.746136257621429,11.325323130424255,,0.007008443208124276,4.458655975771774,0.6138515884184703,7.752123963344633,0.0,7.752123963344633,68133.90202158368,0.03814994479905118,1.0013232211466252,0.03667407990298227
12-01-2026,00.05,26,97.5,473.457,0.0,196.557,0.893051,0.0,inf,220.09605274502798,4.913924999999999,469.9286117857143,4.904111257621428,0.0,0.0,4.904111257621428,12.268351269205354,,0.007008443208124276,4.458655975771774,0.6138515884184703,7.752123963344633,0.0,7.752123963344633,73693.6284265449,0.04126298029465375,1.0013232211466252,0.03667407990298227
12-01-2026,00.05,27,101.25,473.457,0.0,200.769,0.901595,0.0,inf,222.68202463412064,5.0192250000000005,469.9286117857143,5.009411257621429,0.0,0.0,5.009411257621429,12.949299088777783,,0.007008443208124276,4.458655975771774,0.6138515884184703,7.752123963344633,4.283621299649987e-05,7.752006475918982,79470.1788882882,0.04449742122208851,1.0013232211466252,0.03667407990298227
12-01-2026,00.05,28,105.0,473.457,6.38841e-06,205.901,0.901253,0.0,74111868.21133897,228.46082065746245,5.147525000000001,469.9286117857143,5.137711257621429,0.0,0.0,5.137711257621429,13.842900036105265,,0.007008443208124276,4.458655975771774,0.6138515884184703,7.752123963344633,0.0006852326227130834,7.750332482469435,85447.41561922552,0.04784423161412922,1.0013232211466252,0.03667407990298227
12-01-2026,00.05,29,108.75,473.457,0.0,204.313,0.90262,0.0,inf,226.35549843788084,5.107825,469.9286117857143,5.098011257621429,0.0,0.0,5.098011257621429,13.558417180339264,,0.007008443208124276,4.458655975771774,0.6138515884184703,7.752123963344633,0.0020975362126691155,7.746556865831872,91615.13893356475,0.05129770040127316,1.0013232211466252,0.03667407990298227
12-01-2026,00.05,30,112.5,473.457,0.0,204.329,0.878013,0.0,inf,232.7175110163517,5.108225000000001,469.9286117857143,5.0984112576214295,0.0,0.0,5.0984112576214295,13.561246831832968,,0.007008443208124276,4.458655975771774,0.6138515884184703,7.752123963344633,0.004277569313094809,7.740772523308862,97969.15224812778,0.05485547780739069,1.0013232211466252,0.03667407990298227
12-01-2026,00.05,31,116.25,473.457,0.0,203.995,0.899544,0.0,inf,226.7760109566625,5.099875,469.9286117857143,5.090061257621429,0.0,0.0,5.090061257621429,13.502330330167158,,0.007008443208124276,4.458655975771774,0.6138515884184703,7.752123963344633,0.007221970470961125,7.732898625092053,104502.87532565808,0.05851387938640353,1.0013232211466252,0.03667407990298227
12-01-2026,00.05,32,120.0,473.457,0.0,200.368,0.889291,0.0,inf,225.31207445032052,5.0092,469.9286117857143,4.9993862576214285,0.0,0.0,4.9993862576214285,12.882521896769598,,0.007008443208124276,4.458655975771774,0.6138515884184703,7.752123963344633,0.010926199633097156,7.722047001634348,111197.47682353461,0.06226236097952774,1.0013232211466252,0.03667407990298227
12-01-2026,00.05,33,123.75,473.457,0.0,201.438,0.907063,0.0,inf,222.07718758233992,5.03595,469.9286117857143,5.026136257621428,0.0,0.0,5.026136257621428,13.061653362526263,,0.007008443208124276,4.458655975771774,0.6138515884184703,7.752123963344633,0.015384545146622797,7.710185882416796,118074.26848994846,0.06611285558917385,1.0013232211466252,0.03667407990298227
12-01-2026,00.05,34,127.5,473.457,0.0,202.407,0.908089,0.0,inf,222.89335076187467,5.060175,469.9286117857143,5.050361257621429,0.0,0.0,5.050361257621429,13.2265269385713,,0.007008443208124276,4.458655975771774,0.6138515884184703,7.752123963344633,0.020590132565903474,7.696494311072178,125116.1356443671,0.07005578026033417,1.0013232211466252,0.03667407990298227
12-01-2026,00.05,35,131.25,473.457,0.0,203.56,0.892709,0.0,inf,228.02503391362697,5.089,469.9286117857143,5.079186257621429,0.0,0.0,5.079186257621429,13.426075050746777,,0.007008443208124276,4.458655975771774,0.6138515884184703,7.752123963344633,0.026534935252447156,7.6811977343894435,132320.63284631816,0.07408976572725023,1.0013232211466252,0.03667407990298227
12-01-2026,00.05,36,135.0,473.457,1.10167e-05,202.006,0.876304,0.0,42976299.61785289,230.52045865361794,5.0501499999999995,469.9286117857143,5.040336257621428,0.0665557,0.0016638924999999999,5.038672365121428,13.146654696235304,,0.007008443208124276,4.458655975771774,0.6138515884184703,7.752123963344633,0.03320978675139913,7.6620660719224984,139641.15416078753,0.07818871611407548,1.0013232211466252,0.03667407990298227
12-01-2026,00.05,37,138.75,473.856,0.0590227,201.889,0.881772,1.0,8028.368746262032,228.95827946453278,5.047225,470.3276117857143,5.037411257621429,0.0,0.0,5.037411257621429,13.138072953211859,,0.007008443208124276,4.458655975771774,0.6138515884184703,7.754920332184675,0.040604394925550846,7.644577520507341,147170.0619221421,0.08240434749537867,1.0013232211466252,0.03667407990298227
12-01-2026,00.05,38,142.5,479.569,0.218837,200.351,0.890658,1.0,2191.443860041949,224.94717388717106,5.008775,476.0406117857143,4.998961257621429,0.0,0.0,4.998961257621429,12.879700272950048,,0.007008443208124276,4.458655975771774,0.6138515884184703,7.794959568232688,0.048707357825069686,7.658773878039455,155520.9770609387,0.08708024219851379,1.0013232211466252,0.03667407990298227
12-01-2026,00.05,39,146.25,490.165,0.254804,200.535,0.870836,1.0,1923.694290513493,230.27872067760174,5.013375,486.6366117857143,5.003561257621429,0.0,0.0,5.003561257621429,12.910280469563896,,0.007008443208124276,4.458655975771774,0.6138515884184703,7.8692210324659735,0.05750618126847906,7.704427881999974,164790.48949484006,0.0922704834319519,1.0013232211466252,0.03667407990298227
12-01-2026,00.05,40,150.0,497.917,0.136897,201.053,0.879038,1.0,3637.1651679730016,228.7193500167228,5.026325,494.38861178571426,5.016511257621429,0.0,0.0,5.016511257621429,12.996849493931451,,0.007008443208124276,4.458655975771774,0.6138515884184703,7.923550484215353,0.0669872981077807,7.728815780932493,173898.35507098108,0.09737021438317332,1.0013232211466252,0.03667407990298227
12-01-2026,00.05,41,153.75,499.983,0.0123515,199.649,0.875962,1.0,40479.53689835243,227.9197042794094,4.991225000000001,496.4546117857143,4.9814112576214296,0.0,0.0,4.9814112576214296,12.763840657583117,,0.007008443208124276,4.458655975771774,0.6138515884184703,7.9380299278833375,0.07713608914801334,7.709967926557335,182256.41368888423,0.10205010890615587,1.0013232211466252,0.03667407990298227
12-01-2026,00.05,42,157.5,499.993,0.00715756,199.95,0.884848,1.0,69855.22999457916,225.97101423069273,4.99875,496.4646117857143,4.988936257621429,0.0,0.0,4.988936257621429,12.81336179533816,,0.007008443208124276,4.458655975771774,0.6138515884184703,7.938100012315418,0.0879369056889922,7.678759677357498,190481.23224644945,0.10665539885203225,1.0013232211466252,0.03667407990298227
12-01-2026,00.05,43,161.25,498.811,0.113662,200.836,0.871519,1.0,4388.546743854587,230.44362773502357,5.020900000000001,495.28261178571427,5.01108625762143,0.0,0.0,5.01108625762143,12.96049770048959,,0.007008443208124276,4.458655975771774,0.6138515884184703,7.929816032443416,0.09937309365446967,7.639772825177941,198646.0305996658,0.1112270819235803,1.0013232211466252,0.03667407990298227
12-01-2026,00.05,44,165.0,487.76,0.435261,201.153,0.898177,1.0,1120.6149873294414,223.9569706193768,5.028825,484.2316117857143,5.019011257621429,0.0,0.0,5.019011257621429,13.01364360597597,,0.007008443208124276,4.458655975771774,0.6138515884184703,7.852365726550435,0.11142701927151455,7.536653483538051,205185.39108932344,0.11488864003634633,1.0013232211466252,0.03667407990298227
12-01-2026,00.05,45,168.75,461.846,0.876074,201.087,0.884506,1.0,527.1769279764038,227.34385069179856,5.027175,458.3176117857143,5.017361257621428,0.0,0.0,5.017361257621428,13.002556503516656,,0.007008443208124276,4.458655975771774,0.6138515884184703,7.670748929255102,0.12408009626051131,7.341516331542342,209061.14865993624,0.11705877755946284,1.0013232211466252,0.03667407990298227
12-01-2026,00.05,46,172.5,425.217,1.26607,203.527,0.870152,1.0,335.85583735496454,233.89821548419124,5.088175,421.6886117857143,5.078361257621428,0.0,0.0,5.078361257621428,13.420312060259846,,0.007008443208124276,4.458655975771774,0.6138515884184703,7.414036662984717,0.13731281449385613,7.093318499330206,211070.55859569443,0.11818389847362325,1.0013232211466252,0.03667407990298227
12-01-2026,00.05,47,176.25,380.0,1.47137,200.702,0.882798,1.0,258.26270754466924,227.34759254098898,5.01755,376.4716117857143,5.007736257621429,0.0,0.0,5.007736257621429,12.938112340758474,,0.007008443208124276,4.458655975771774,0.6138515884184703,7.097135886442962,0.15110477007915996,6.7814176359264025,210658.38128102,0.11795310966899454,1.0013232211466252,0.03667407990298227
12-01-2026,00.05,48,180.0,329.808,1.5159,201.354,0.867076,0.0,217.56580249356816,232.2218582915454,5.03385,326.2796117857143,5.024036257621429,0.0,0.0,5.024036257621429,13.047480516051394,,0.007008443208124276,4.458655975771774,0.6138515884184703,6.7453681049407885,0.16543469682057088,6.460600092651918,209323.44300192213,0.11720564298725963,1.0013232211466252,0.03667407990298227
12-01-2026,00.05,49,183.75,281.729,1.47862,202.29,0.868443,0.0,190.53509353315928,232.9341131196866,5.05725,278.2006117857143,5.0474362576214284,0.0,0.0,5.0474362576214284,13.206483805655177,,0.007008443208124276,4.458655975771774,0.6138515884184703,6.408409163937382,0.1802804990097076,6.16305228924805,208089.68268493924,0.11651482847947985,1.0013232211466252,0.03667407990298227
12-01-2026,00.05,50,187.5,236.767,1.37064,202.557,0.904671,0.0,172.74193077686334,223.901285660754,5.063924999999999,233.23861178571428,5.054111257621428,0.0,0.0,5.054111257621428,13.252278311823678,,0.007008443208124276,4.458655975771774,0.6138515884184703,6.093295540413698,0.19561928549563967,5.890011053515575,207070.70110015693,0.11594427417307332,1.0013232211466252,0.03667407990298227
12-01-2026,00.05,51,191.25,195.576,1.25855,201.805,0.889633,0.0,155.39787851098484,226.8407309531009,5.0451250000000005,192.04761178571428,5.035311257621429,0.0,0.0,5.035311257621429,13.123797931787937,,0.007008443208124276,4.458655975771774,0.6138515884184703,5.80461075622785,0.21142740498138318,5.641959759584016,206363.49376890974,0.11554829038456202,1.0013232211466252,0.03667407990298227
12-01-2026,00.05,52,195.0,161.198,1.13704,201.17,0.874937,0.0,141.7698585801731,229.92512603764612,5.02925,157.6696117857143,5.019436257621429,0.0,0.0,5.019436257621429,13.01650125567471,,0.007008443208124276,4.458655975771774,0.6138515884184703,5.5636744956189546,0.22768048249248646,5.439762071000818,206846.95274980608,0.1158189916490802,1.0013232211466252,0.03667407990298227
12-01-2026,00.05,53,198.75,135.18,1.00788,201.153,0.876304,0.0,134.123109894035,229.54705216454565,5.028825,131.6516117857143,5.019011257621429,0.0,0.0,5.019011257621429,13.01364360597597,,0.007008443208124276,4.458655975771774,0.6138515884184703,5.381328820229977,0.24435345696147398,5.292795271288723,209073.68320851595,0.11706579597940077,1.0013232211466252,0.03667407990298227
12-01-2026,00.05,54,202.5,114.411,0.884296,201.003,0.871519,0.0,129.38088603815916,230.63524719484025,5.025075,110.88261178571429,5.015261257621429,0.0,0.0,5.015261257621429,12.988462419595495,,0.007008443208124276,4.458655975771774,0.6138515884184703,5.235770463240444,0.2614206198701957,5.178124810020437,212335.48049090055,0.11889216115997192,1.0013232211466252,0.03667407990298227
12-01-2026,00.05,55,206.25,95.4044,0.769414,200.685,0.899886,0.0,123.99618410894524,223.01158146698583,5.017125,91.87601178571428,5.007311257621429,0.0,0.0,5.007311257621429,12.935275796889368,,0.007008443208124276,4.458655975771774,0.6138515884184703,5.102563786560909,0.27885565489049924,5.076002080223514,215928.36974075806,0.1209039133491794,1.0013232211466252,0.03667407990298227
12-01-2026,00.05,56,210.0,78.696,0.669737,198.596,0.894418,0.0,117.50284066730671,222.03935967299404,4.9649,75.16761178571429,4.955086257621429,0.0,0.0,4.955086257621429,12.592423044966093,,0.007008443208124276,4.458655975771774,0.6138515884184703,4.985463914062286,0.2966316784620999,4.976452938844489,219461.57460304198,0.12288224669661003,1.0013232211466252,0.03667407990298227
12-01-2026,00.05,57,213.75,64.7801,0.568974,199.465,0.866392,0.0,113.85423587018037,230.22488665638647,4.986625,61.25171178571429,4.976811257621429,0.0,0.0,4.976811257621429,12.733683549690905,,0.007008443208124276,4.458655975771774,0.6138515884184703,4.887935119222349,0.3147212812450819,4.915906331371422,224603.15161817463,0.12576114946729303,1.0013232211466252,0.03667407990298227
12-01-2026,00.05,58,217.5,53.0696,0.473901,196.607,0.867076,0.0,111.9845706170698,226.74713635252274,4.9151750000000005,49.54121178571429,4.905361257621429,0.0,0.0,4.905361257621429,12.276177056648518,,0.007008443208124276,4.458655975771774,0.6138515884184703,4.805862745033609,0.3330965703831146,4.839005358334833,228915.1972327272,0.1281755760197905,1.0013232211466252,0.03667407990298227
12-01-2026,00.05,59,221.25,43.4213,0.392957,195.353,0.883139,0.0,110.49885865374584,221.2030042835839,4.883825,39.89291178571429,4.8740112576214285,0.0,0.0,4.8740112576214285,12.081698748981648,,0.007008443208124276,4.458655975771774,0.6138515884184703,4.738243182428664,0.35172921251221445,4.785996780600514,234282.02053036485,0.1311806000456606,1.0013232211466252,0.03667407990298227
12-01-2026,00.05,60,225.0,35.118,0.318038,195.353,0.879038,0.0,110.42076732969018,222.23498870356005,4.883825,31.589611785714286,4.8740112576214285,0.0,0.0,4.8740112576214285,12.081698748981648,,0.007008443208124276,4.458655975771774,0.6138515884184703,4.680049975938646,0.3705904774487395,4.751930179924038,240566.46535865442,0.13469942424592407,1.0013232211466252,0.03667407990298227
12-01-2026,00.05,61,228.75,28.0285,0.252069,194.016,0.876304,0.0,111.19376043861007,221.402618269459,4.8504,24.500111785714285,4.840586257621428,0.0,0.0,4.840586257621428,11.878382433536675,,0.007008443208124276,4.458655975771774,0.6138515884184703,4.630363617814648,0.38965128248924946,4.7122771390236355,246577.26423244146,0.13806502695513823,1.0013232211466252,0.03667407990298227
12-01-2026,00.05,62,232.5,22.7392,0.192338,192.077,0.884848,0.0,118.22520770726533,217.07344086215937,4.801925000000001,19.210811785714284,4.792111257621429,0.0,0.0,4.792111257621429,11.590669886135744,,0.007008443208124276,4.458655975771774,0.6138515884184703,4.593293859153917,0.40888223725392625,4.674586761844319,252690.63064494697,0.14148805989840893,1.0013232211466252,0.03667407990298227
12-01-2026,00.05,63,236.25,18.6784,0.138714,192.712,0.866734,0.0,134.65403636258776,222.34272568054325,4.817799999999999,15.150011785714286,4.807986257621428,0.0,0.0,4.807986257621428,11.683978753831667,,0.007008443208124276,4.458655975771774,0.6138515884184703,4.564833972974366,0.42825368900441035,4.668964835864321,260593.89515923345,0.1459133033676119,1.0013232211466252,0.03667407990298227
12-01-2026,00.05,64,240.0,15.5758,0.106524,190.322,0.887241,0.0,146.21869250122037,214.5099245864427,4.75805,12.047411785714285,4.7482362576214285,0.0,0.0,4.7482362576214285,11.33728796096676,,0.007008443208124276,4.458655975771774,0.6138515884184703,4.54308957707684,0.4477357683661732,4.634941083718241,266972.60642217065,0.14948490979774198,1.0013232211466252,0.03667407990298227
12-01-2026,00.05,65,243.75,13.3702,0.0888129,186.995,0.87357,0.0,150.54344582825243,214.0584040202846,4.674875,9.841811785714286,4.665061257621429,0.0,0.0,4.665061257621429,10.87435733191912,,0.007008443208124276,4.458655975771774,0.6138515884184703,4.527631754737,0.4672984353849284,4.591852346410622,272820.60230041237,0.15275935487310732,1.0013232211466252,0.03667407990298227
12-01-2026,00.05,66,247.5,11.4408,0.0713334,186.611,0.882114,0.0,160.38489683654498,211.549754340142,4.665274999999999,7.912411785714285,4.655461257621428,0.0,0.0,4.655461257621428,10.82233667817767,,0.007008443208124276,4.458655975771774,0.6138515884184703,4.5141096644112455,0.48691152584606345,4.5829353843419876,280733.43563709885,0.15718995617498274,1.0013232211466252,0.03667407990298227
12-01-2026,00.05,67,251.25,9.83828,0.0531559,187.28,0.863658,0.0,185.08349966795782,216.8450937755454,4.682,6.309891785714285,4.672186257621429,0.0,0.0,4.672186257621429,10.913151025875774,,0.007008443208124276,4.458655975771774,0.6138515884184703,4.502878494001362,0.5065447977856722,4.5886404608878335,289665.09884426463,0.16219102683447836,1.0013232211466252,0.03667407990298227
12-01-2026,00.05,68,255.0,8.71381,0.0386854,183.97,0.837684,0.0,225.24802638721584,219.6174213665296,4.5992500000000005,5.185421785714286,4.589436257621429,0.0,0.0,4.589436257621429,10.472115960356527,,0.007008443208124276,4.458655975771774,0.6138515884184703,4.494997709867123,0.5261679781214719,4.544688249595735,295518.35342996265,0.16546841639699653,1.0013232211466252,0.03667407990298227
12-01-2026,00.05,69,258.75,7.95437,0.031449,181.279,0.841443,0.0,252.9291869375815,215.438241211823,4.531975,4.425981785714285,4.522161257621429,0.0,0.0,4.522161257621429,10.128305141391504,,0.007008443208124276,4.458655975771774,0.6138515884184703,4.489675217757145,0.5457508093317011,4.507404500305059,301777.7741149554,0.16897322892822164,1.0013232211466252,0.03667407990298227
12-01-2026,00.05,70,262.5,7.61005,0.0288965,180.426,0.842127,0.0,263.35542366722615,214.2503446629784,4.51065,4.081661785714285,4.500836257621429,0.0,0.0,4.500836257621429,10.021954773364369,,0.007008443208124276,4.458655975771774,0.6138515884184703,4.487262070591724,0.5652630961100257,4.494935057579312,309729.1188113245,0.17342539374256935,1.0013232211466252,0.03667407990298227
12-01-2026,00.05,71,266.25,7.45046,0.0262029,179.457,0.852722,0.0,284.3372298486045,210.45194096082898,4.4864250000000006,3.922071785714285,4.476611257621429,0.0,0.0,4.476611257621429,9.902631747633222,,0.007008443208124276,4.458655975771774,0.6138515884184703,4.486143593140139,0.5846747519245123,4.480570277235476,317623.426418588,0.17784562200644344,1.0013232211466252,0.03667407990298227
12-01-2026,00.05,72,270.0,7.22965,0.0246952,176.665,0.840418,0.0,292.7552722796333,210.21087125692213,4.416625,3.7012617857142858,4.4068112576214284,0.0,0.0,4.4068112576214284,9.56741416225586,,0.007008443208124276,4.458655975771774,0.6138515884184703,4.484596058795353,0.6039558454088797,4.437617473442394,323502.3138139505,0.18113736404613862,1.0013232211466252,0.03667407990298227
12-01-2026,00.05,73,273.75,7.07033,0.0255534,176.247,0.835291,0.0,276.6884250236759,211.00071711535264,4.406175,3.5419417857142856,4.396361257621429,0.0,0.0,4.396361257621429,9.518294859096445,,0.007008443208124276,4.458655975771774,0.6138515884184703,4.483479473623435,0.6230766465144966,4.429198147746579,331919.9568188651,0.18585062141798092,1.0013232211466252,0.03667407990298227
12-01-2026,00.05,74,277.5,7.09198,0.0259712,174.626,0.849987,0.0,273.0709401182849,205.4454950487478,4.3656500000000005,3.563591785714286,4.355836257621429,0.0,0.0,4.355836257621429,9.33035647143305,,0.007008443208124276,4.458655975771774,0.6138515884184703,4.483631206418891,0.6420076723519612,4.401585868803094,338949.62180951826,0.1897867137801105,1.0013232211466252,0.03667407990298227
12-01-2026,00.05,75,281.25,7.11959,0.0249475,173.573,0.860241,0.0,285.38290409860707,201.77252653616836,4.339325,3.591201785714285,4.329511257621428,0.0,0.0,4.329511257621428,9.21039699884641,,0.007008443208124276,4.458655975771774,0.6138515884184703,4.483824709535867,0.6607197326515807,4.381866766842417,346612.50792405836,0.19407736312789794,1.0013232211466252,0.03667407990298227
12-01-2026,00.05,76,285.0,7.07145,0.0252691,172.052,0.838025,0.0,279.84574044979837,205.30652426836906,4.3013,3.543061785714285,4.291486257621429,0.0,0.0,4.291486257621429,9.039997126180682,,0.007008443208124276,4.458655975771774,0.6138515884184703,4.483487323079828,0.67918397477265,4.353083276281208,353579.1891159412,0.19797818922206062,1.0013232211466252,0.03667407990298227
12-01-2026,00.05,77,288.75,7.05612,0.0245835,171.149,0.838025,0.0,287.0266642260052,204.22899078189792,4.2787250000000006,3.5277317857142854,4.268911257621429,0.0,0.0,4.268911257621429,8.940404231829875,,0.007008443208124276,4.458655975771774,0.6138515884184703,4.483379883645448,0.6973719281921336,4.33381548437836,361338.6375967401,0.20232290635157105,1.0013232211466252,0.03667407990298227
12-01-2026,00.05,78,292.5,7.08543,0.0234298,169.561,0.868101,0.0,302.411032104414,195.3240463955231,4.239025000000001,3.557041785714285,4.229211257621429,0.0,0.0,4.229211257621429,8.768029673346588,,0.007008443208124276,4.458655975771774,0.6138515884184703,4.483585301115878,0.7152555484041476,4.301642855136476,368032.4315247701,0.2060709357653227,1.0013232211466252,0.03667407990298227
12-01-2026,00.05,79,296.25,7.11861,0.0231154,169.511,0.84862,0.0,307.9596286458378,199.74900426574908,4.237775,3.5902217857142857,4.227961257621429,0.0,0.0,4.227961257621429,8.762658643830209,,0.007008443208124276,4.458655975771774,0.6138515884184703,4.483817841261523,0.7328072601625557,4.296324279209674,377062.8725608253,0.21112731470172147,1.0013232211466252,0.03667407990298227
12-01-2026,00.05,80,300.0,7.12797,0.023711,169.962,0.843836,0.0,300.61870018135045,201.41591494081786,4.2490499999999995,3.5995817857142858,4.239236257621428,0.0,0.0,4.239236257621428,8.811228890306394,,0.007008443208124276,4.458655975771774,0.6138515884184703,4.483883440289951,0.7500000000000001,4.300398053288559,387035.8247959703,0.21671143018557895,1.0013232211466252,0.03667407990298227
12-01-2026,00.05,81,303.75,7.12594,0.0240708,167.02,0.847253,0.0,296.0408461704638,197.13119929938284,4.1755,3.5975517857142854,4.165686257621429,0.0,0.0,4.165686257621429,8.499319024018957,,0.007008443208124276,4.458655975771774,0.6138515884184703,4.483869213150238,0.7668072579578058,4.239884213492282,391188.9420664152,0.2190368686223981,1.0013232211466252,0.03667407990298227
12-01-2026,00.05,82,307.5,7.1463,0.0245876,166.786,0.845544,0.0,290.64650474222776,197.2528928122014,4.16965,3.6179117857142855,4.1598362576214285,0.0,0.0,4.1598362576214285,8.475001632118207,,0.007008443208124276,4.458655975771774,0.6138515884184703,4.484011905053956,0.7832031184624163,4.230116527055228,399983.9558613659,0.2239614257199495,1.0013232211466252,0.03667407990298227
12-01-2026,00.05,83,311.25,7.1973,0.0244737,166.001,0.875962,0.0,294.0830360754606,189.50707907420642,4.150025,3.6689117857142857,4.140211257621429,0.0,0.0,4.140211257621429,8.393939771709471,,0.007008443208124276,4.458655975771774,0.6138515884184703,4.48436933565757,0.7991623002853295,4.20933117435243,407785.5345953516,0.22832973267458015,1.0013232211466252,0.03667407990298227
12-01-2026,00.05,84,315.0,7.28716,0.0243213,165.733,0.82538,0.0,299.6204972596037,200.79599699532338,4.143325,3.7587717857142855,4.133511257621429,0.0,0.0,4.133511257621429,8.36644563939618,,0.007008443208124276,4.458655975771774,0.6138515884184703,4.4849991143642525,0.8146601955249186,4.198655948265509,416611.63646664517,0.2332716967950849,1.0013232211466252,0.03667407990298227
12-01-2026,00.05,85,318.75,7.3479,0.0235752,164.162,0.826405,0.0,311.67922223353355,198.64594236482114,4.10405,3.8195117857142855,4.094236257621429,0.0,0.0,4.094236257621429,8.207094707487553,,0.007008443208124276,4.458655975771774,0.6138515884184703,4.485424807204714,0.8296729075500344,4.160866265871669,422750.513966102,0.23670901405981787,1.0013232211466252,0.03667407990298227
12-01-2026,00.05,86,322.5,7.33015,0.0228488,164.313,0.860924,0.0,320.8111585728791,190.8565680594338,4.107825,3.801761785714285,4.098011257621429,0.0,0.0,4.098011257621429,8.222277528964094,,0.007008443208124276,4.458655975771774,0.6138515884184703,4.485300407337769,0.844177287846877,4.158359703317706,432495.3988931872,0.24216542872286823,1.0013232211466252,0.03667407990298227
12-01-2026,00.05,87,326.25,7.29783,0.0230834,162.223,0.833924,0.0,316.15056707417455,194.529717336352,4.055575,3.7694417857142857,4.045761257621429,0.0,0.0,4.045761257621429,8.014601224809022,421.536910623052,0.007008443208124276,4.458655975771774,0.6138515884184703,4.485073894453283,0.858150971712327,4.1080773282705225,437259.89949861914,0.24483319659905262,1.0013232211466252,0.03667407990298227
12-01-2026,00.05,88,330.0,7.30035,0.0227583,161.822,0.842127,0.0,320.77747459168745,192.15866490446217,4.04555,3.7719617857142853,4.035736257621429,0.0,0.0,4.035736257621429,7.975355412919348,334.8668470986873,0.007008443208124276,4.458655975771774,0.6138515884184703,4.485091555730167,0.8715724127386972,4.093445874380618,445776.25572004926,0.2496017260696485,1.0013232211466252,0.03667407990298227
12-01-2026,00.05,89,333.75,7.32015,0.0221373,160.234,0.857506,0.0,330.6704069601984,186.86050010145703,4.005850000000001,3.7917617857142853,3.996036257621429,0.0,0.0,3.996036257621429,7.821789619907374,183.55428394059882,0.007008443208124276,4.458655975771774,0.6138515884184703,4.4852303229056885,0.8844209160367298,4.052576859567252,451412.7370963904,0.25275773867113105,1.0013232211466252,0.03667407990298227
12-01-2026,00.05,90,337.5,7.32827,0.0212379,161.187,0.832899,0.0,345.0562437905819,193.52526536831,4.029675,3.7998817857142853,4.019861257621429,0.0,0.0,4.019861257621429,7.913595907496045,252.21924354672115,0.007008443208124276,4.458655975771774,0.6138515884184703,4.485287231464539,0.8966766701456177,4.0679506190396175,463365.00019998144,0.2594501218180891,1.0013232211466252,0.03667407990298227
12-01-2026,00.05,91,341.25,7.31595,0.0217625,161.454,0.844519,0.0,336.17231476163124,191.1786472536438,4.0363500000000005,3.7875617857142854,4.026536257621429,0.0665557,0.0016638924999999999,4.024872365121429,7.933039837454337,273.59155259271154,0.007008443208124276,4.458655975771774,0.6138515884184703,4.485200887444214,0.9083207775808395,4.068586274234754,473793.22880069056,0.26528915838674044,1.0013232211466252,0.03667407990298227
12-01-2026,00.05,92,345.0,7.31083,0.0218704,161.137,0.872544,0.0,334.27966566683733,184.67492756812265,4.028425,3.7824417857142856,4.018611257621429,0.0,0.0,4.018611257621429,7.908753014921638,247.39104472302455,0.007008443208124276,4.458655975771774,0.6138515884184703,4.485165004214989,0.919335283972712,4.056245683101865,482794.64243119955,0.27032928412339,1.0013232211466252,0.03667407990298227
12-01-2026,00.05,93,348.75,7.31464,0.0213838,159.85,0.849987,0.0,342.06455354053065,188.06169976717288,3.9962500000000003,3.7862517857142852,3.986436257621429,0.0,0.0,3.986436257621429,7.785092927606119,165.2723658952653,0.007008443208124276,4.458655975771774,0.6138515884184703,4.4851917063836115,0.9297032057507264,4.021497166783768,489120.8764993989,0.2738715072065657,1.0013232211466252,0.03667407990298227
12-01-2026,00.05,94,352.5,7.29952,0.0215909,159.733,0.863658,0.0,338.08317392975744,184.9493665316595,3.9933250000000005,3.7711317857142856,3.983511257621429,0.0,0.0,3.983511257621429,7.773945355712797,160.38975773203407,0.007008443208124276,4.458655975771774,0.6138515884184703,4.485085738722304,0.9394085563309826,4.0139023795388695,498752.45754757663,0.27926448007929455,1.0013232211466252,0.03667407990298227
12-01-2026,00.05,95,356.25,7.27566,0.0206183,157.426,0.864684,0.0,352.8739032800959,182.06188619194987,3.93565,3.7472717857142857,3.9258362576214285,0.0,0.0,3.9258362576214285,7.557276655833542,100.7780162529305,0.007008443208124276,4.458655975771774,0.6138515884184703,4.484918517267359,0.9484363707663441,3.954664567968926,501902.54614574375,0.2810282966605631,1.0013232211466252,0.03667407990298227
12-01-2026,00.05,96,360.0,7.2555,0.0205327,157.844,0.866734,0.0,353.3631719160169,182.11354348623684,3.9461,3.727111785714285,3.9362862576214286,0.0,0.0,3.9362862576214286,7.5960964498227375,108.1482768556077,0.007008443208124276,4.458655975771774,0.6138515884184703,4.484777227052283,0.9567727288213004,3.9599960254960838,513215.48490429245,0.2873627054695135,1.0013232211466252,0.03667407990298227
12-01-2026,00.05,97,363.75,7.247,0.0199144,155.721,0.830848,0.0,363.9075242035914,187.42417385610847,3.893025,3.7186117857142853,3.883211257621429,0.0,0.0,3.883211257621429,7.400893254893534,78.62361545664496,0.007008443208124276,4.458655975771774,0.6138515884184703,4.484717655285014,0.964404776435962,3.904622012321463,516636.40097717784,0.28927816540165446,1.0013232211466252,0.03667407990298227
12-01-2026,00.05,98,367.5,7.2224,0.0199661,156.49,0.843494,0.0,361.73313766834787,185.52591956789263,3.9122500000000002,3.694011785714286,3.902436257621429,0.0,0.0,3.902436257621429,7.471039541881898,87.33485879730311,0.007008443208124276,4.458655975771774,0.6138515884184703,4.484545247582094,0.9713207455460893,3.9191307094644197,529303.096880104,0.2963705780647355,1.0013232211466252,0.03667407990298227
12-01-2026,00.05,99,371.25,7.16337,0.0199845,154.15,0.853747,0.0,358.4462958793065,180.55700342138832,3.8537500000000002,3.634981785714285,3.843936257621429,0.0,0.0,3.843936257621429,7.259528369504391,65.14659903816528,0.007008443208124276,4.458655975771774,0.6138515884184703,4.4841315391795185,0.9775099722285934,3.858334267282794,531780.9490355437,0.2977579919680268,1.0013232211466252,0.03667407990298227
12-01-2026,00.05,100,375.0,7.09621,0.0192909,154.116,0.85443,0.0,367.8527181209793,180.37288016572452,3.8529000000000004,3.5678217857142855,3.843086257621429,0.0,0.0,3.843086257621429,7.256497284890855,64.9033107428257,0.007008443208124276,4.458655975771774,0.6138515884184703,4.483660852133661,0.9829629131445341,3.853999782625539,541968.7194317164,0.30346238973048395,1.0013232211466252,0.03667407990298227
12-01-2026,00.05,101,378.75,7.06761,0.0187678,152.645,0.834608,0.0,376.5816984409467,182.89424496290474,3.8161250000000004,3.5392217857142856,3.806311257621429,0.0,0.0,3.806311257621429,7.126489036177173,55.798739675058904,0.007008443208124276,4.458655975771774,0.6138515884184703,4.483460410657909,0.9876711602542563,3.814659721013182,547218.897385155,0.3064021009926604,1.0013232211466252,0.03667407990298227
12-01-2026,00.05,102,382.5,7.08319,0.0190482,153.765,0.840076,0.0,371.85613338793166,183.03701093710566,3.8441249999999996,3.5548017857142855,3.834311257621428,0.0,0.0,3.834311257621428,7.225275260238214,62.48816014312495,0.007008443208124276,4.458655975771774,0.6138515884184703,4.483569602203091,0.9916274537819773,3.839747203118875,561779.014236311,0.31455468931738856,1.0013232211466252,0.03667407990298227
12-01-2026,00.05,103,386.25,7.11496,0.0184372,153.264,0.833241,0.0,385.90241468335756,183.93718023957055,3.8316000000000003,3.5865717857142854,3.821786257621429,0.0,0.0,3.821786257621429,7.1809287966342366,59.31989106967923,0.007008443208124276,4.458655975771774,0.6138515884184703,4.483792260443813,0.9948256934098352,3.825211679644562,570679.7443502225,0.31953843973299534,1.0013232211466252,0.03667407990298227
12-01-2026,00.05,104,390.0,7.12651,0.0183866,150.155,0.853405,0.0,387.592594606942,175.94811373263573,3.7538750000000003,3.598121785714285,3.744061257621429,0.0,0.0,3.744061257621429,6.911344523106997,44.86387764417984,0.007008443208124276,4.458655975771774,0.6138515884184703,4.483873207962867,0.9972609476841366,3.746087641257315,569779.9302352376,0.3190346103940385,1.0013232211466252,0.03667407990298227
12-01-2026,00.05,105,393.75,7.14906,0.0183721,151.141,0.84657,0.0,389.12590286358125,178.53337585787352,3.7785249999999997,3.620671785714286,3.7687112576214283,0.0,0.0,3.7687112576214283,6.995810477011476,48.67910578020738,0.007008443208124276,4.458655975771774,0.6138515884184703,4.48403124835721,0.9989294616193017,3.7694770351259916,584416.1856412133,0.32722983067697353,1.0013232211466252,0.03667407990298227
12-01-2026,00.05,106,397.5,7.15979,0.0184916,151.291,0.851696,0.0,387.191481537563,177.6349777385358,3.7822750000000003,3.6314017857142855,3.772461257621429,0.0,0.0,3.772461257621429,7.008743254367649,49.31226237389148,0.007008443208124276,4.458655975771774,0.6138515884184703,4.484106448952834,0.9998286624877786,3.7725831891380963,596091.7225287514,0.3337672676142821,1.0013232211466252,0.03667407990298227
12-01-2026,00.05,107,401.25,7.11151,0.0177642,151.308,0.858873,0.0,400.3281881537024,176.1704000475041,3.7826999999999997,3.5831217857142854,3.7728862576214284,0.0,0.0,3.7728862576214284,7.010210360831706,49.38498009161527,0.007008443208124276,4.458655975771774,0.6138515884184703,4.483768081314746,1.0,3.7728862576214284,607440.5826118275,0.3401217897076205,1.0013232211466252,0.03667407990298227
12-01-2026,00.05,108,405.0,7.08513,0.0176208,148.684,0.86981,0.0,402.08900844456554,170.93848081764983,3.7171,3.556741785714286,3.7072862576214285,0.0,0.0,3.7072862576214285,6.787065396979227,40.09770334625603,0.007008443208124276,4.458655975771774,0.6138515884184703,4.483583198582915,1.0,3.7072862576214285,608087.6284063548,0.34048408748613107,1.0013232211466252,0.03667407990298227
12-01-2026,00.05,109,408.75,7.08709,0.0173254,149.336,0.841101,0.0,409.0577995313239,177.54823736982837,3.7334000000000005,3.5587017857142853,3.723586257621429,0.0,0.0,3.723586257621429,6.841896705643396,42.09055135717048,0.007008443208124276,4.458655975771774,0.6138515884184703,4.483596935131603,1.0,3.723586257621429,622123.9920956278,0.34834341278582603,1.0013232211466252,0.03667407990298227
12-01-2026,00.05,110,412.5,7.08644,0.0176486,149.269,0.84076,0.0,401.5298663916684,177.5405585422713,3.7317250000000004,3.558051785714285,3.721911257621429,0.0,0.0,3.721911257621429,6.83624367387169,41.877515405581306,0.007008443208124276,4.458655975771774,0.6138515884184703,4.483592379643517,1.0,3.721911257621429,633306.4624296463,0.3546047689286856,1.0013232211466252,0.03667407990298227
12-01-2026,00.05,111,416.25,7.09257,0.0172673,147.28,0.841443,0.0,410.7515361405663,175.03265224144712,3.682,3.5641817857142857,3.6721862576214286,0.0,0.0,3.6721862576214286,6.67034239323982,36.3407196065557,0.007008443208124276,4.458655975771774,0.6138515884184703,4.483635341400383,1.0,3.6721862576214286,636257.9092521603,0.35625736081048587,1.0013232211466252,0.03667407990298227
12-01-2026,00.05,112,420.0,7.10557,0.017243,148.132,0.830165,0.0,412.08432407353706,178.43681677738763,3.7033000000000005,3.5771817857142856,3.693486257621429,0.0,0.0,3.693486257621429,6.740955940807248,38.5402311888899,0.007008443208124276,4.458655975771774,0.6138515884184703,4.483726451162089,1.0,3.693486257621429,651530.9758444201,0.3648091482484395,1.0013232211466252,0.03667407990298227
12-01-2026,00.05,113,423.75,7.12002,0.0172766,147.029,0.824696,0.0,412.11928272924075,178.28266415745924,3.675725,3.5916317857142857,3.6659112576214286,0.0,0.0,3.6659112576214286,6.649666936993216,35.73538011124409,0.007008443208124276,4.458655975771774,0.6138515884184703,4.4838277231664465,1.0,3.6659112576214286,658265.9181829878,0.36858021772806154,1.0013232211466252,0.03667407990298227
12-01-2026,00.05,114,427.5,7.1258,0.0170193,147.915,0.843836,0.0,418.6893703031264,175.2888001934025,3.6978750000000002,3.5974117857142853,3.688061257621429,0.0,0.0,3.688061257621429,6.722907331555519,37.9576205319147,0.007008443208124276,4.458655975771774,0.6138515884184703,4.48386823196819,1.0,3.688061257621429,674016.2452131762,0.37739923570502026,1.0013232211466252,0.03667407990298227
12-01-2026,00.05,115,431.25,7.14294,0.0168571,147.062,0.81957,0.0,423.73480610543925,179.43799797454764,3.67655,3.6145517857142857,3.666736257621429,0.0,0.0,3.666736257621429,6.652381934260021,35.81392948159366,0.007008443208124276,4.458655975771774,0.6138515884184703,4.483988356684777,1.0,3.666736257621429,681927.0047865477,0.3818286758528498,1.0013232211466252,0.03667407990298227
12-01-2026,00.05,116,435.0,7.17436,0.0169664,144.388,0.835633,0.0,422.8569407770653,172.78877210450042,3.6097,3.6459717857142855,3.5998862576214288,0.0,0.0,3.5998862576214288,6.435563253142435,30.315382008542826,0.007008443208124276,4.458655975771774,0.6138515884184703,4.484208561970376,1.0,3.5998862576214288,681188.4770984149,0.3814151549814646,1.0013232211466252,0.03667407990298227
12-01-2026,00.05,117,438.75,7.19879,0.0169653,145.14,0.842127,0.0,424.32435618586175,172.3493012336619,3.6285,3.670401785714285,3.6186862576214285,0.0,0.0,3.6186862576214285,6.495894691310585,31.70237071385257,0.007008443208124276,4.458655975771774,0.6138515884184703,4.48437977823795,1.0,3.6186862576214285,696602.7587894025,0.3900460124280544,1.0013232211466252,0.03667407990298227
12-01-2026,00.05,118,442.5,7.19642,0.0170356,144.639,0.81581,0.0,422.43419662354125,177.29495838491806,3.6159750000000006,3.6680317857142852,3.6061612576214293,0.0,0.0,3.6061612576214293,6.455645209802715,30.766216300088928,0.007008443208124276,4.458655975771774,0.6138515884184703,4.4843631682275475,1.0,3.6061612576214293,706108.912750136,0.39536875541051825,1.0013232211466252,0.03667407990298227
12-01-2026,00.05,119,446.25,7.19737,0.0165725,144.889,0.844177,0.0,434.29597224317394,171.63343706355423,3.6222250000000003,3.6689817857142857,3.612411257621429,0.0,0.0,3.612411257621429,6.475702128085893,31.227156101411722,0.007008443208124276,4.458655975771774,0.6138515884184703,4.484369826248595,1.0,3.612411257621429,719372.1912071774,0.4027952101705917,1.0013232211466252,0.03667407990298227
12-01-2026,00.05,120,450.0,7.20278,0.0165481,145.792,0.842468,0.0,435.26326285192863,173.05345722330105,3.6448,3.674391785714285,3.6349862576214287,0.0,0.0,3.6349862576214287,6.548608194954907,32.998722179253555,0.007008443208124276,4.458655975771774,0.6138515884184703,4.484407741926351,1.0,3.6349862576214287,736084.7171683393,0.4121529883684273,1.0013232211466252,0.03667407990298227
12-01-2026,00.05,121,453.75,7.19092,0.0162554,144.154,0.821279,0.0,442.3711505099844,175.52378667907007,3.60385,3.6625317857142856,3.5940362576214286,0.0,0.0,3.5940362576214286,6.416891037212728,29.9054628592201,0.007008443208124276,4.458655975771774,0.6138515884184703,4.484324621789902,1.0,3.5940362576214286,739972.7556726844,0.4143300023059288,1.0013232211466252,0.03667407990298227
12-01-2026,00.05,122,457.5,7.20071,0.0167827,145.023,0.834949,0.0,429.05551550108146,173.69084818354173,3.625575,3.6723217857142854,3.6157612576214286,0.0,0.0,3.6157612576214286,6.486475297890768,31.479274782054958,0.007008443208124276,4.458655975771774,0.6138515884184703,4.48439323444891,1.0,3.6157612576214286,756801.4297280251,0.4237528148442316,1.0013232211466252,0.03667407990298227
12-01-2026,00.05,123,461.25,7.22746,0.0163043,143.201,0.836317,0.0,443.28551363750665,171.22813478621146,3.5800249999999996,3.699071785714285,3.570211257621428,0.0665557,0.0016638924999999999,3.5685473651214283,6.336088877046017,28.227800305226257,0.007008443208124276,4.458655975771774,0.6138515884184703,4.484580710304727,1.0,3.570211257621428,759568.0235140489,0.425301902700447,1.0013232211466252,0.03667407990298227
12-01-2026,00.05,124,465.0,7.23852,0.0164891,143.535,0.855456,0.0,438.98818007047083,167.78770620581304,3.588375,3.7101317857142857,3.5785612576214287,0.0,0.0,3.5785612576214287,6.367726852874422,28.866766947316307,0.007008443208124276,4.458655975771774,0.6138515884184703,4.484658223686609,1.0,3.5785612576214287,773774.4079291935,0.43325642702902833,1.0013232211466252,0.03667407990298227
12-01-2026,00.05,125,468.75,7.22221,0.0158202,142.75,0.841101,0.0,456.51824882112743,169.71802435141558,3.56875,3.693821785714285,3.5589362576214287,0.0,0.0,3.5589362576214287,6.305852702611025,27.63741409930062,0.007008443208124276,4.458655975771774,0.6138515884184703,4.484543915977885,1.0,3.5589362576214287,781992.830043771,0.43785813544002045,1.0013232211466252,0.03667407990298227
12-01-2026,00.05,126,472.5,7.24178,0.0164111,142.85,0.852038,0.0,441.2732845452163,167.65684159626684,3.57125,3.7133917857142857,3.5614362576214287,0.0,0.0,3.5614362576214287,6.313705470552119,27.788896903680886,0.007008443208124276,4.458655975771774,0.6138515884184703,4.484681071211468,1.0,3.5614362576214287,795112.9034905941,0.4452044059882307,1.0013232211466252,0.03667407990298227
12-01-2026,00.05,127,476.25,7.2729,0.0158976,140.51,0.849304,0.0,457.48414855072457,165.44134962274993,3.51275,3.7445117857142853,3.5029362576214287,0.0665557,0.0016638924999999999,3.501272365121429,6.12705839367045,24.503523741137677,0.007008443208124276,4.458655975771774,0.6138515884184703,4.484899173964105,1.0,3.5029362576214287,794515.2032696628,0.4448697380805026,1.0013232211466252,0.03667407990298227
12-01-2026,00.05,128,480.0,7.24586,0.0155955,141.128,0.832899,0.0,464.6122278862493,169.4419131251208,3.5282,3.717471785714286,3.5183862576214286,0.0,0.0,3.5183862576214286,6.179659631305607,25.367054831432608,0.007008443208124276,4.458655975771774,0.6138515884184703,4.484709665659757,1.0,3.5183862576214286,810636.1937559772,0.4538963001723684,1.0013232211466252,0.03667407990298227
12-01-2026,00.05,129,483.75,7.25963,0.0161453,141.797,0.849646,0.0,449.6435495159581,166.88950457013863,3.5449249999999997,3.731241785714285,3.5351112576214283,0.0,0.0,3.5351112576214283,6.231440884736258,26.262898496631152,0.007008443208124276,4.458655975771774,0.6138515884184703,4.484806171922733,1.0,3.5351112576214283,827265.7467854745,0.4632076196665498,1.0013232211466252,0.03667407990298227
12-01-2026,00.05,130,487.5,7.30573,0.0161034,141.496,0.859557,0.0,453.67624228423807,164.61502843906803,3.5374000000000003,3.777341785714285,3.527586257621429,0.0,0.0,3.527586257621429,6.208097020405286,25.853182943701476,0.007008443208124276,4.458655975771774,0.6138515884184703,4.485129261154627,1.0,3.527586257621429,838352.9215378427,0.46941561733335435,1.0013232211466252,0.03667407990298227
12-01-2026,00.05,131,491.25,7.2915,0.0156718,140.159,0.839392,0.0,465.2624459219745,166.97681178757958,3.503975,3.7631117857142855,3.4941612576214287,0.0665557,0.0016638924999999999,3.492497365121429,6.10023684449975,24.080103098643672,0.007008443208124276,4.458655975771774,0.6138515884184703,4.4850295310077755,1.0,3.4941612576214287,843233.9251224563,0.4721486182593543,1.0013232211466252,0.03667407990298227
12-01-2026,00.05,132,495.0,7.29529,0.0156133,139.273,0.844861,0.0,467.24843562859866,164.84723522567617,3.4818249999999997,3.766901785714285,3.4720112576214284,0.0,0.0,3.4720112576214284,6.0380092934610055,23.138775170730458,0.007008443208124276,4.458655975771774,0.6138515884184703,4.485056093007534,1.0,3.4720112576214284,850729.5583986905,0.47634561839053247,1.0013232211466252,0.03667407990298227
12-01-2026,00.05,133,498.75,7.32574,0.0161265,140.075,0.850329,0.0,454.26719995039224,164.7303573087593,3.5018749999999996,3.797351785714285,3.4920612576214283,0.0,0.0,3.4920612576214283,6.09890646885648,24.059386497445445,0.007008443208124276,4.458655975771774,0.6138515884184703,4.485269500103222,1.0,3.4920612576214283,868655.6941790453,0.4863829283080562,1.0013232211466252,0.03667407990298227
12-01-2026,00.05,134,502.5,7.31648,0.0157854,140.961,0.845203,0.0,463.49664880205756,166.77768536079498,3.5240250000000004,3.7880917857142857,3.514211257621429,0.0,0.0,3.514211257621429,6.166791694111379,25.151617448403247,0.007008443208124276,4.458655975771774,0.6138515884184703,4.485204601919114,1.0,3.514211257621429,887360.306369771,0.49685612742613683,1.0013232211466252,0.03667407990298227
12-01-2026,00.05,135,506.25,7.32037,0.0159723,138.771,0.854772,0.0,458.31658558880065,162.3485561061897,3.4692749999999997,3.791981785714285,3.4594612576214283,0.0,0.0,3.4594612576214283,6.000155412995669,22.59256468826135,0.007008443208124276,4.458655975771774,0.6138515884184703,4.485231864763194,1.0,3.4594612576214283,886622.0824708669,0.49644277665424635,1.0013232211466252,0.03667407990298227
12-01-2026,00.05,136,510.0,7.32518,0.0155616,139.657,0.831873,0.0,470.72151963808346,167.88259746379558,3.4914250000000004,3.796791785714285,3.481611257621429,0.0665557,0.0016638924999999999,3.479947365121429,6.062051100782205,23.49587173444769,0.007008443208124276,4.458655975771774,0.6138515884184703,4.485265575375025,1.0,3.481611257621429,905567.0881073338,0.5070505783183866,1.0013232211466252,0.03667407990298227
12-01-2026,00.05,137,513.75,7.29188,0.0156064,137.15,0.852722,0.0,467.23651835144557,160.83788151355307,3.42875,3.7634917857142853,3.4189362576214286,0.0,0.0,3.4189362576214286,5.879287575724771,20.969356634931085,0.007008443208124276,4.458655975771774,0.6138515884184703,4.485032194216195,1.0,3.4189362576214286,902390.8305838583,0.5052721090748407,1.0013232211466252,0.03667407990298227
12-01-2026,00.05,138,517.5,7.30531,0.0155951,140.476,0.859899,0.0,468.43623958807575,163.3633717448212,3.5119000000000002,3.776921785714286,3.502086257621429,0.0,0.0,3.502086257621429,6.129551237149624,24.543442619880825,0.007008443208124276,4.458655975771774,0.6138515884184703,4.48512631760848,1.0,3.502086257621429,937880.5878301288,0.5251437477114778,1.0013232211466252,0.03667407990298227
12-01-2026,00.05,139,521.25,7.3318,0.0149979,137.2,0.842127,0.0,488.8551063815601,162.9207946069892,3.4299999999999997,3.8034117857142857,3.4201862576214284,0.0665557,0.0016638924999999999,3.4185223651214285,5.878063756916992,20.953796765060876,0.007008443208124276,4.458655975771774,0.6138515884184703,4.485311971269063,1.0,3.4201862576214284,929269.9502367696,0.5203224276472427,1.0013232211466252,0.03667407990298227
12-01-2026,00.05,140,525.0,7.29202,0.015213,138.621,0.853747,0.0,479.3282061394859,162.3677740595282,3.465525,3.7636317857142854,3.4557112576214286,0.0,0.0,3.4557112576214286,5.988883601419362,22.433582119842015,0.007008443208124276,4.458655975771774,0.6138515884184703,4.485033175398244,1.0,3.4557112576214286,952480.4153819062,0.5333185710908804,1.0013232211466252,0.03667407990298227
12-01-2026,00.05,141,528.75,7.29112,0.0149611,139.407,0.833582,0.0,487.33849783772587,167.23849603278381,3.4851750000000004,3.7627317857142857,3.475361257621429,0.0,0.0,3.475361257621429,6.048147938295529,23.288379223140755,0.007008443208124276,4.458655975771774,0.6138515884184703,4.485026867799356,1.0,3.475361257621429,971629.553851476,0.5440406720404496,1.0013232211466252,0.03667407990298227
12-01-2026,00.05,142,532.5,7.30128,0.0147992,136.883,0.840076,0.0,493.3563976431158,162.94121008099268,3.4220750000000004,3.7728917857142856,3.412261257621429,0.0,0.0,3.412261257621429,5.859576563482846,20.72075234594254,0.007008443208124276,4.458655975771774,0.6138515884184703,4.485098073582351,1.0,3.412261257621429,967568.0062314164,0.5417665058338098,1.0013232211466252,0.03667407990298227
12-01-2026,00.05,143,536.25,7.28468,0.0148176,137.618,0.850329,0.0,491.6234747867401,161.84088746826228,3.44045,3.7562917857142852,3.4306362576214284,0.0,0.0,3.4306362576214284,5.913971169508005,21.417349412613135,0.007008443208124276,4.458655975771774,0.6138515884184703,4.484981733425096,1.0,3.4306362576214284,986527.6992014146,0.5523825313182046,1.0013232211466252,0.03667407990298227
12-01-2026,00.05,144,540.0,7.28906,0.0144938,136.013,0.833582,0.0,502.9088299824753,163.16691099375947,3.4003250000000005,3.7606717857142855,3.390511257621429,0.0,0.0,3.390511257621429,5.795731650772501,19.943850203726498,0.007008443208124276,4.458655975771774,0.6138515884184703,4.485012430406348,1.0,3.390511257621429,988673.0827224087,0.5535837873811964,1.0013232211466252,0.03667407990298227
12-01-2026,00.05,145,543.75,7.26044,0.0148492,135.495,0.849987,0.0,488.9448589823021,159.4083203625467,3.387375,3.7320517857142854,3.3775612576214287,0.0,0.0,3.3775612576214287,5.757993485562429,19.50397104044315,0.007008443208124276,4.458655975771774,0.6138515884184703,4.484811848761731,1.0,3.3775612576214287,998623.4827709607,0.5591552753089021,1.0013232211466252,0.03667407990298227
12-01-2026,00.05,146,547.5,7.23293,0.0147301,136.348,0.855456,0.0,491.0306107901508,159.38633898178284,3.4087000000000005,3.704541785714285,3.398886257621429,0.0,0.0,3.398886257621429,5.820246693547748,20.237170275831453,0.007008443208124276,4.458655975771774,0.6138515884184703,4.484619046489076,1.0,3.398886257621429,1018837.3987611335,0.5704735729010972,1.0013232211466252,0.03667407990298227
12-01-2026,00.05,147,551.25,7.2323,0.0144923,135.562,0.843494,0.0,499.04432008721875,160.71483614584102,3.38905,3.703911785714286,3.3792362576214288,0.0,0.0,3.3792362576214288,5.762863188838775,19.55995762491682,0.007008443208124276,4.458655975771774,0.6138515884184703,4.484614631169855,1.0,3.3792362576214288,1026870.6978413642,0.5749716261076784,1.0013232211466252,0.03667407990298227
12-01-2026,00.05,148,555.0,7.21662,0.0144359,135.161,0.847253,0.0,499.9078685776432,159.52849975155002,3.379025,3.6882317857142852,3.3692112576214286,0.0,0.0,3.3692112576214286,5.733768344770727,19.228782822567112,0.007008443208124276,4.458655975771774,0.6138515884184703,4.484504738780351,1.0,3.3692112576214286,1037801.2976288405,0.5810919533770699,1.0013232211466252,0.03667407990298227
12-01-2026,00.05,149,558.75,7.22132,0.0143482,134.476,0.847595,0.0,503.29100514350233,158.6559618685811,3.3619000000000003,3.692931785714286,3.352086257621429,0.0,0.0,3.352086257621429,5.684347753938486,18.684017796496242,0.007008443208124276,4.458655975771774,0.6138515884184703,4.484537678463429,1.0,3.352086257621429,1046526.5672641876,0.5859774589046981,1.0013232211466252,0.03667407990298227
12-01-2026,00.05,150,562.5,7.211,0.01418,135.295,0.868443,0.0,508.5331452750353,155.79030517834792,3.3823749999999997,3.6826117857142857,3.3725612576214283,0.0,0.0,3.3725612576214283,5.743477283659398,19.338412803380354,0.007008443208124276,4.458655975771774,0.6138515884184703,4.484465351329521,1.0,3.3725612576214283,1067099.46041928,0.5974967571532399,1.0013232211466252,0.03667407990298227
12-01-2026,00.05,151,566.25,7.16929,0.0141665,133.824,0.85238,0.0,506.0734832174496,157.00039888312725,3.3456000000000006,3.6409017857142856,3.335786257621429,0.0,0.0,3.335786257621429,5.637633258407387,18.188630932210962,0.007008443208124276,4.458655975771774,0.6138515884184703,4.484173029163311,1.0,3.335786257621429,1069583.3783441186,0.598887567438668,1.0013232211466252,0.03667407990298227
12-01-2026,00.05,152,570.0,7.15175,0.0142223,133.891,0.851354,0.0,502.8546718885131,157.26830437162448,3.347275,3.6233617857142852,3.3374612576214284,0.0,0.0,3.3374612576214284,5.642419146377826,18.238541265969474,0.007008443208124276,4.458655975771774,0.6138515884184703,4.48405010106944,1.0,3.3374612576214284,1084341.162601202,0.6071508348878989,1.0013232211466252,0.03667407990298227
12-01-2026,00.05,153,573.75,7.16862,0.0143726,134.275,0.855798,0.0,498.7698815802291,156.90034330531273,3.356875,3.640231785714285,3.3470612576214287,0.0,0.0,3.3470612576214287,5.669912838587195,18.52896533656337,0.007008443208124276,4.458655975771774,0.6138515884184703,4.484168333506362,1.0,3.3470612576214287,1101815.9575264691,0.6169354273153588,1.0013232211466252,0.03667407990298227
12-01-2026,00.05,154,577.5,7.1539,0.0139183,132.052,0.834266,0.0,513.9923697578009,158.28524715138818,3.3013,3.6255117857142856,3.2914862576214285,0.0,0.0,3.2914862576214285,5.512250101732717,16.945097281512858,0.007008443208124276,4.458655975771774,0.6138515884184703,4.484065169222338,1.0,3.2914862576214285,1097731.2387058565,0.6146482869505422,1.0013232211466252,0.03667407990298227
12-01-2026,00.05,155,581.25,7.12822,0.0138224,131.901,0.843152,0.0,515.7006019215187,156.43798508453992,3.2975250000000003,3.599831785714285,3.287711257621429,0.0,0.0,3.287711257621429,5.501670854666125,16.845520122314095,0.007008443208124276,4.458655975771774,0.6138515884184703,4.483885192400753,1.0,3.287711257621429,1110758.38543624,0.6219425254119741,1.0013232211466252,0.03667407990298227
12-01-2026,00.05,156,585.0,7.15841,0.0139723,131.918,0.830848,0.0,512.3286788860818,158.77513095054692,3.29795,3.6300217857142854,3.288136257621429,0.0,0.0,3.288136257621429,5.502861078407401,16.856683664475234,0.007008443208124276,4.458655975771774,0.6138515884184703,4.484096777301207,1.0,3.288136257621429,1125282.4307644935,0.6300749163523355,1.0013232211466252,0.03667407990298227
12-01-2026,00.05,157,588.75,7.21141,0.0139125,132.119,0.850329,0.0,518.3403414195867,155.37397877762606,3.302975,3.6830217857142853,3.2931612576214286,0.0,0.0,3.2931612576214286,5.516949450593919,16.9895846375335,0.007008443208124276,4.458655975771774,0.6138515884184703,4.484468224791237,1.0,3.2931612576214286,1141497.1664874926,0.6391539688417651,1.0013232211466252,0.03667407990298227
12-01-2026,00.05,158,592.5,7.22444,0.0139567,132.303,0.849646,0.0,517.6323916111975,155.71543913582832,3.307575,3.696051785714286,3.2977612576214286,0.0,0.0,3.2977612576214286,5.529871746635372,17.1127327478018,0.007008443208124276,4.458655975771774,0.6138515884184703,4.484559544806238,1.0,3.2977612576214286,1157699.7004958626,0.6482261892736473,1.0013232211466252,0.03667407990298227
12-01-2026,00.05,159,596.25,7.21171,0.0140251,131.918,0.848279,0.0,514.200255256647,155.51251416102485,3.29795,3.6833217857142855,3.288136257621429,0.0,0.0,3.288136257621429,5.502861078407401,16.856683664475234,0.007008443208124276,4.458655975771774,0.6138515884184703,4.4844703273242,1.0,3.288136257621429,1168978.6790005406,0.6545415828527034,1.0013232211466252,0.03667407990298227
12-01-2026,00.05,160,600.0,7.21173,0.0140047,133.172,0.821279,0.0,514.9506951237798,162.15196053959738,3.3293,3.6833417857142856,3.3194862576214286,0.0,0.0,3.3194862576214286,5.591232732314592,17.71434140470366,0.007008443208124276,4.458655975771774,0.6138515884184703,4.484470467493064,1.0,3.3194862576214286,1195015.0527437143,0.6691200260593597,1.0013232211466252,0.03667407990298227
12-01-2026,00.05,161,603.75,7.1877,0.0135558,131.768,0.858532,0.0,530.2306023989731,153.48059245316423,3.2942,3.659311785714286,3.2843862576214287,0.0,0.0,3.2843862576214287,5.492366251639245,16.758590923018414,0.007008443208124276,4.458655975771774,0.6138515884184703,4.4843020546027725,1.0,3.2843862576214287,1197204.9775847585,0.670346221966552,1.0013232211466252,0.03667407990298227
12-01-2026,00.05,162,607.5,7.08162,0.0134208,130.263,0.828114,0.0,527.6600500715308,157.30080641071157,3.256575,3.5532317857142854,3.246761257621429,0.0,0.0,3.246761257621429,5.387953095512567,15.822975071668731,0.007008443208124276,4.458655975771774,0.6138515884184703,4.483558598947255,1.0,3.246761257621429,1198237.5343830485,0.6709243773882709,1.0013232211466252,0.03667407990298227
12-01-2026,00.05,163,611.25,6.99522,0.0133216,130.213,0.846911,0.0,525.103591160221,153.75051215535044,3.255325,3.466831785714285,3.2455112576214287,0.0,0.0,3.2455112576214287,5.38451160432623,15.793330961515236,0.007008443208124276,4.458655975771774,0.6138515884184703,4.482953069454073,1.0,3.2455112576214287,1212609.2147401464,0.6789714552162692,1.0013232211466252,0.03667407990298227
12-01-2026,00.05,164,615.0,6.97432,0.0131211,128.274,0.847253,0.0,531.5347036452736,151.39987701430388,3.2068499999999998,3.445931785714285,3.1970362576214284,0.0,0.0,3.1970362576214284,5.2523850794854585,14.708111004974768,0.007008443208124276,4.458655975771774,0.6138515884184703,4.482806592991023,1.0,3.1970362576214284,1209199.0385388648,0.6770620088177243,1.0013232211466252,0.03667407990298227
12-01-2026,00.05,165,618.75,6.93915,0.0129557,127.02,0.828798,0.0,535.6059495048511,153.2580918390247,3.1755,3.410761785714285,3.1656862576214286,0.0,0.0,3.1656862576214286,5.168298581169345,14.067215603731347,0.007008443208124276,4.458655975771774,0.6138515884184703,4.482560106043393,1.0,3.1656862576214286,1211987.9301151414,0.6786235817869605,1.0013232211466252,0.03667407990298227
12-01-2026,00.05,166,622.5,6.91567,0.0127264,129.327,0.865367,0.0,543.4113339200402,149.44757542175748,3.233175,3.387281785714286,3.2233612576214288,0.0,0.0,3.2233612576214288,5.323816864537027,15.282303560440289,0.007008443208124276,4.458655975771774,0.6138515884184703,4.482395547796866,1.0,3.2233612576214288,1249072.6333361638,0.6993882721803423,1.0013232211466252,0.03667407990298227
12-01-2026,00.05,167,626.25,6.89703,0.0127695,126.703,0.851354,0.0,540.1174674027958,148.8252830197544,3.1675750000000003,3.3686417857142854,3.157761257621429,0.0,0.0,3.157761257621429,5.147208828240503,13.912065572396305,0.007008443208124276,4.458655975771774,0.6138515884184703,4.482264910415466,1.0,3.157761257621429,1238439.4272253693,0.6934344633696383,1.0013232211466252,0.03667407990298227
12-01-2026,00.05,168,630.0,6.85173,0.01323,125.265,0.839392,0.0,517.8934240362812,149.23301627844916,3.131625,3.3233417857142853,3.1218112576214287,0.0,0.0,3.1218112576214287,5.052371346786775,13.240322583292707,0.007008443208124276,4.458655975771774,0.6138515884184703,4.481947427938139,1.0,3.1218112576214287,1239046.888149945,0.6937745965493409,1.0013232211466252,0.03667407990298227
12-01-2026,00.05,169,633.75,6.82876,0.0129057,125.081,0.829823,0.0,529.1274398134158,150.73214408373835,3.127025,3.3003717857142854,3.117211257621429,0.0,0.0,3.117211257621429,5.040333757761528,13.15797090745929,0.007008443208124276,4.458655975771774,0.6138515884184703,4.481786443997648,1.0,3.117211257621429,1251993.8071255167,0.7010239134030767,1.0013232211466252,0.03667407990298227
12-01-2026,00.05,170,637.5,6.80179,0.0122648,128.608,0.827772,0.0,554.5781423260062,155.3664535645081,3.2152000000000003,3.273401785714285,3.205386257621429,0.0,0.0,3.205386257621429,5.2749604198826,14.886516624059768,0.007008443208124276,4.458655975771774,0.6138515884184703,4.481597426284325,1.0,3.205386257621429,1302689.0087614588,0.729409476046697,1.0013232211466252,0.03667407990298227
12-01-2026,00.05,171,641.25,6.73991,0.0121587,123.895,0.84657,0.0,554.3281765320306,146.34938634726012,3.097375,3.2115217857142855,3.0875612576214286,0.0,0.0,3.0875612576214286,4.963266523912304,12.64538818152448,0.007008443208124276,4.458655975771774,0.6138515884184703,4.481163743818606,1.0,3.0875612576214286,1269610.0134483965,0.7108876857520265,1.0013232211466252,0.03667407990298227
12-01-2026,00.05,172,645.0,6.66014,0.012339,124.162,0.84862,0.0,539.7633519734177,146.31048054488463,3.1040500000000004,3.1317517857142856,3.094236257621429,0.0,0.0,3.094236257621429,4.980537864949417,12.758108098347165,0.007008443208124276,4.458655975771774,0.6138515884184703,4.480604680303895,1.0,3.094236257621429,1287279.639076955,0.7207813689603634,1.0013232211466252,0.03667407990298227
12-01-2026,00.05,173,648.75,6.61351,0.0124045,122.691,0.859215,0.0,533.1540973033979,142.79429479233954,3.067275,3.085121785714285,3.0574612576214286,0.0665557,0.0016638924999999999,3.0557973651214287,4.881696247734052,12.129029138014305,0.007008443208124276,4.458655975771774,0.6138515884184703,4.480277876597099,1.0,3.0574612576214286,1286813.7840846337,0.7205205246271592,1.0013232211466252,0.03667407990298227
12-01-2026,00.05,174,652.5,6.58776,0.0123714,122.491,0.826405,0.0,532.4991512682478,148.22151366460756,3.062275,3.0593717857142857,3.0524612576214287,0.0,0.0,3.0524612576214287,4.873187821712916,12.07664045271097,0.007008443208124276,4.458655975771774,0.6138515884184703,4.4800974091844905,1.0,3.0524612576214287,1299604.4583151834,0.7276823559821803,1.0013232211466252,0.03667407990298227
12-01-2026,00.05,175,656.25,6.55489,0.0123075,120.552,0.839051,0.0,532.5931342677229,143.67660607042959,3.0138000000000003,3.0265017857142857,3.003986257621429,0.0,0.0,3.003986257621429,4.750796865688349,11.35189701004464,0.007008443208124276,4.458655975771774,0.6138515884184703,4.479867041656239,1.0,3.003986257621429,1293708.9254014161,0.724381293683562,1.0013232211466252,0.03667407990298227
12-01-2026,00.05,176,660.0,6.52876,0.0123993,120.334,0.844519,0.0,526.5426274063858,142.488209264682,3.00835,3.0003717857142855,2.9985362576214287,0.0,0.0,2.9985362576214287,4.737180048437973,11.274459137092313,0.007008443208124276,4.458655975771774,0.6138515884184703,4.4796839110352105,1.0,2.9985362576214287,1306162.3938198944,0.7313543147292547,1.0013232211466252,0.03667407990298227
12-01-2026,00.05,177,663.75,6.5131,0.0120859,119.733,0.821279,0.0,538.900702471475,145.78845922031368,2.9933250000000005,2.984711785714285,2.983511257621429,0.0,0.0,2.983511257621429,4.6997883077557585,11.064940672988902,0.007008443208124276,4.458655975771774,0.6138515884184703,4.479574158814572,1.0,2.983511257621429,1314427.840172181,0.7359823532346578,1.0013232211466252,0.03667407990298227
12-01-2026,00.05,178,667.5,6.51528,0.0121287,119.749,0.829139,0.0,537.1787578223552,144.42572355178083,2.993725,2.986891785714285,2.9839112576214286,0.0,0.0,2.9839112576214286,4.700780954490879,11.070444446504988,0.007008443208124276,4.458655975771774,0.6138515884184703,4.479589437220765,1.0,2.9839112576214286,1329500.3102785877,0.7444218214800346,1.0013232211466252,0.03667407990298227
12-01-2026,00.05,179,671.25,6.51071,0.0121558,120.401,0.818886,0.0,535.605225489067,147.03023375659126,3.010025,2.982321785714286,3.000211257621429,0.0,0.0,3.000211257621429,4.741361977625039,11.298176026264114,0.007008443208124276,4.458655975771774,0.6138515884184703,4.479557408635304,1.0,3.000211257621429,1351824.8752328653,0.7569219263529174,1.0013232211466252,0.03667407990298227
12-01-2026,00.05,180,675.0,6.49975,0.0118629,121.304,0.835975,0.0,547.9056554468132,145.10481772780287,3.0326,2.971361785714285,3.0227862576214286,0.0,0.0,3.0227862576214286,4.7979899392596685,11.625120718899357,0.007008443208124276,4.458655975771774,0.6138515884184703,4.479480596097743,1.0,3.0227862576214286,1377256.9886287635,0.7711620284663906,1.0013232211466252,0.03667407990298227
12-01-2026,00.05,181,678.75,6.50591,0.0120991,118.111,0.836317,0.0,537.7185079881975,141.22754888397583,2.9527750000000004,2.9775217857142855,2.942961257621429,0.0665557,0.0016638924999999999,2.941297365121429,4.595883394787454,10.50574386578269,0.007008443208124276,4.458655975771774,0.6138515884184703,4.479523768107906,1.0,2.942961257621429,1355826.8497631573,0.7591627360363183,1.0013232211466252,0.03667407990298227
12-01-2026,00.05,182,682.5,6.51391,0.0122478,121.137,0.85443,0.0,531.8432698117213,141.7752185667638,3.0284250000000004,2.9855217857142855,3.018611257621429,0.0,0.0,3.018611257621429,4.787479807960148,11.563612541789073,0.007008443208124276,4.458655975771774,0.6138515884184703,4.4795798356535705,1.0,3.018611257621429,1406087.9901204219,0.7873052564743755,1.0013232211466252,0.03667407990298227
12-01-2026,00.05,183,686.25,6.53911,0.0123988,120.836,0.84657,0.0,527.398619221215,142.73598166719822,3.0209,3.0107217857142854,3.011086257621429,0.0,0.0,3.011086257621429,4.768579360323809,11.453958346777522,0.007008443208124276,4.458655975771774,0.6138515884184703,4.479756448422415,1.0,3.011086257621429,1418038.139270869,0.7939964559639566,1.0013232211466252,0.03667407990298227
12-01-2026,00.05,184,690.0,6.57844,0.0126015,120.485,0.845203,0.0,522.0362655239455,142.55155270390662,3.012125,3.050051785714285,3.002311257621429,0.0,0.0,3.002311257621429,4.746608823397088,11.328014312071092,0.007008443208124276,4.458655975771774,0.6138515884184703,4.480032090493791,1.0,3.002311257621429,1429400.3897535622,0.8003584756905007,1.0013232211466252,0.03667407990298227
12-01-2026,00.05,185,693.75,6.6121,0.0128453,121.087,0.850671,0.0,514.7485850855954,142.34292693650073,3.027175,3.0837117857142853,3.017361257621429,0.0,0.0,3.017361257621429,4.784336375182585,11.545290498188832,0.007008443208124276,4.458655975771774,0.6138515884184703,4.480267994692176,1.0,3.017361257621429,1452222.9709044385,0.8131374327917977,1.0013232211466252,0.03667407990298227
12-01-2026,00.05,186,697.5,6.64603,0.0133642,119.866,0.848962,0.0,497.300998189192,141.19124295315927,2.9966500000000003,3.117641785714285,2.986836257621429,0.0,0.0,2.986836257621429,4.708044340275649,11.11081265110821,0.007008443208124276,4.458655975771774,0.6138515884184703,4.480505791170228,1.0,2.986836257621429,1453114.5070594354,0.8136366270855389,1.0013232211466252,0.03667407990298227
12-01-2026,00.05,187,701.25,6.68499,0.0133941,120.067,0.852722,0.0,499.0996035567899,140.80438876914164,3.0016749999999996,3.1566017857142854,2.9918612576214283,0.0,0.0,2.9918612576214283,4.72054162248725,11.180667532501603,0.007008443208124276,4.458655975771774,0.6138515884184703,4.480778840117616,1.0,2.9918612576214283,1471252.4482185524,0.8237925323464698,1.0013232211466252,0.03667407990298227
12-01-2026,00.05,188,705.0,6.70738,0.0131481,121.387,0.81957,0.0,510.14062868399236,148.11059458008467,3.0346750000000005,3.178991785714285,3.024861257621429,0.0,0.0,3.024861257621429,4.803219882838797,11.65587088044459,0.007008443208124276,4.458655975771774,0.6138515884184703,4.480935759161046,1.0,3.024861257621429,1503431.6665692907,0.8418105141049251,1.0013232211466252,0.03667407990298227
12-01-2026,00.05,189,708.75,6.68193,0.0132116,120.535,0.849304,0.0,505.76236034999545,141.92209150080538,3.013375,3.153541785714286,3.0035612576214286,0.0665557,0.0016638924999999999,3.0018973651214287,4.74557437643381,11.322124279326678,0.007008443208124276,4.458655975771774,0.6138515884184703,4.480757394281399,1.0,3.0035612576214286,1508768.601799149,0.8447988030238646,1.0013232211466252,0.03667407990298227
12-01-2026,00.05,190,712.5,6.59412,0.0122985,119.415,0.851696,0.0,536.1727039882912,140.2084781424358,2.985375,3.0657317857142856,2.9755612576214285,0.0,0.0,2.9755612576214285,4.680091168197863,10.956376484814422,0.007008443208124276,4.458655975771774,0.6138515884184703,4.480141982883294,1.0,2.9755612576214285,1510562.2696893783,0.8458031243524508,1.0013232211466252,0.03667407990298227
12-01-2026,00.05,191,716.25,6.48443,0.0118793,119.031,0.844861,0.0,545.8596045221519,140.88826446007096,2.975775,2.956041785714285,2.9659612576214287,0.0,0.0,2.9659612576214287,4.656386156913785,10.827336164703864,0.007008443208124276,4.458655975771774,0.6138515884184703,4.479373226747795,1.0,2.9659612576214287,1521579.8339899783,0.8519721453158287,1.0013232211466252,0.03667407990298227
12-01-2026,00.05,192,720.0,6.40644,0.0120568,116.406,0.814785,0.0,531.3549200451198,142.86713672932123,2.9101500000000002,2.8780517857142853,2.900336257621429,0.0665557,0.0016638924999999999,2.898672365121429,4.492655180115919,9.981482119907076,0.007008443208124276,4.458655975771774,0.6138515884184703,4.478826638261993,1.0,2.900336257621429,1503534.3159509487,0.8418679901649733,1.0013232211466252,0.03667407990298227
12-01-2026,00.05,193,723.75,6.37053,0.011683,116.139,0.832899,0.0,545.2820337242146,139.43947585481553,2.903475,2.842141785714285,2.8936612576214285,0.0,0.0,2.8936612576214285,4.4806289649798225,9.92231303439785,0.007008443208124276,4.458655975771774,0.6138515884184703,4.4785749650663895,1.0,2.8936612576214285,1515740.4588535395,0.8487025272181374,1.0013232211466252,0.03667407990298227
12-01-2026,00.05,194,727.5,6.36193,0.011818,115.888,0.841443,0.0,538.325435775935,137.7253123503315,2.8972,2.8335417857142855,2.887386257621429,0.0,0.0,2.887386257621429,4.465601693884403,9.848918683929645,0.007008443208124276,4.458655975771774,0.6138515884184703,4.4785146924548,1.0,2.887386257621429,1528167.2230102513,0.8556605958527388,1.0013232211466252,0.03667407990298227
12-01-2026,00.05,195,731.25,6.3329,0.0120682,113.815,0.851354,0.0,524.7592847317745,133.68704440221106,2.845375,2.804511785714286,2.835561257621429,0.0,0.0,2.835561257621429,4.3428437570984935,9.270945146134139,0.007008443208124276,4.458655975771774,0.6138515884184703,4.478311237348468,1.0,2.835561257621429,1516249.9240460836,0.8489877900373202,1.0013232211466252,0.03667407990298227
12-01-2026,00.05,196,735.0,6.30293,0.0120963,114.802,0.857165,0.0,521.0626389887816,133.9322067513256,2.8700500000000004,2.7745417857142853,2.860236257621429,0.0,0.0,2.860236257621429,4.400992598086443,9.540030458135556,0.007008443208124276,4.458655975771774,0.6138515884184703,4.47810119430552,1.0,2.860236257621429,1545171.1322735364,0.8651815271441377,1.0013232211466252,0.03667407990298227
12-01-2026,00.05,197,738.75,6.29809,0.012207,114.835,0.856481,0.0,515.9408536085853,134.07769699502964,2.870875,2.7697017857142856,2.8610612576214285,0.0,0.0,2.8610612576214285,4.402946122727895,9.549214678649122,0.007008443208124276,4.458655975771774,0.6138515884184703,4.478067273440393,1.0,2.8610612576214285,1561428.6517551097,0.8742845353733603,1.0013232211466252,0.03667407990298227
12-01-2026,00.05,198,742.5,6.28573,0.0124232,113.548,0.850671,0.0,505.967061626634,133.48051126698806,2.8387,2.7573417857142855,2.8288862576214284,0.0,0.0,2.8288862576214284,4.32720585423442,9.199969857703454,0.007008443208124276,4.458655975771774,0.6138515884184703,4.47798064908234,1.0,2.8288862576214284,1559582.6743658036,0.8732509245949842,1.0013232211466252,0.03667407990298227
12-01-2026,00.05,199,746.25,6.25735,0.0122785,112.261,0.846228,0.0,509.6184387343731,132.6604650283375,2.806525,2.728961785714285,2.796711257621429,0.0,0.0,2.796711257621429,4.252372655097688,8.868170251944132,0.007008443208124276,4.458655975771774,0.6138515884184703,4.477781749464094,1.0,2.796711257621429,1557457.9103399934,0.8720612139239297,1.0013232211466252,0.03667407990298227
12-01-2026,00.05,200,750.0,6.25474,0.012287,113.331,0.843152,0.0,509.0534711483682,134.41348653623547,2.833275,2.7263517857142854,2.8234612576214286,0.0,0.0,2.8234612576214286,4.314525161312451,9.142839110317563,0.007008443208124276,4.458655975771774,0.6138515884184703,4.47776345742732,1.0,2.8234612576214286,1588196.9574120536,0.8892728063056934,1.0013232211466252,0.03667407990298227
12-01-2026,00.05,201,753.75,6.27325,0.0126329,113.364,0.856481,0.0,496.58035763759705,132.36020413762827,2.8341,2.7448617857142854,2.8242862576214285,0.0,0.0,2.8242862576214285,4.3164519022049985,9.151495495051684,0.007008443208124276,4.458655975771774,0.6138515884184703,4.477893183711103,1.0,2.8242862576214285,1604587.3466366718,0.898450211761733,1.0013232211466252,0.03667407990298227
12-01-2026,00.05,202,757.5,6.2614,0.0127,111.542,0.840076,0.0,493.02362204724415,132.7760821639947,2.7885500000000003,2.7330117857142855,2.778736257621429,0.0,0.0,2.778736257621429,4.21095496689928,8.68992257852729,0.007008443208124276,4.458655975771774,0.6138515884184703,4.477810133659086,1.0,2.778736257621429,1594456.231724786,0.892777536879281,1.0013232211466252,0.03667407990298227
12-01-2026,00.05,203,761.25,6.2347,0.0122184,111.158,0.836317,0.0,510.271393963203,132.91371573219246,2.77895,2.7063117857142855,2.7691362576214287,0.0,0.0,2.7691362576214287,4.1889477502241395,8.596719927738425,0.007008443208124276,4.458655975771774,0.6138515884184703,4.47762300822543,1.0,2.7691362576214287,1604718.7880670205,0.8985238092391022,1.0013232211466252,0.03667407990298227
12-01-2026,00.05,204,765.0,6.2012,0.0123009,111.843,0.840076,0.0,504.1257143786227,133.13438307962613,2.7960750000000005,2.6728117857142855,2.786261257621429,0.0,0.0,2.786261257621429,4.228260287573403,8.763943212798425,0.007008443208124276,4.458655975771774,0.6138515884184703,4.4773882253779576,1.0,2.786261257621429,1630589.7444915008,0.9130096309843462,1.0013232211466252,0.03667407990298227
12-01-2026,00.05,205,768.75,6.17628,0.0123646,111.592,0.843152,0.0,499.51312618281224,132.35098772226124,2.7898,2.6478917857142856,2.7799862576214287,0.0,0.0,2.7799862576214287,4.2138262582196875,8.702159240675607,0.007008443208124276,4.458655975771774,0.6138515884184703,4.477213574973211,1.0,2.7799862576214287,1642906.7223263513,0.9199062274003541,1.0013232211466252,0.03667407990298227
12-01-2026,00.05,206,772.5,6.16653,0.0122809,108.834,0.848279,0.0,502.1236228615166,128.2997692976014,2.72085,2.6381417857142853,2.7110362576214286,0.0,0.0,2.7110362576214286,4.057410026578008,8.060444091822012,0.007008443208124276,4.458655975771774,0.6138515884184703,4.477145242651932,1.0,2.7110362576214286,1617827.8307121976,0.9058639033544148,1.0013232211466252,0.03667407990298227
12-01-2026,00.05,207,776.25,6.132,0.0123908,108.985,0.847253,0.0,494.883300513284,128.63335981105996,2.724625,2.603611785714285,2.7148112576214287,0.0,0.0,2.7148112576214287,4.065871471513055,8.093906650818594,0.007008443208124276,4.458655975771774,0.6138515884184703,4.476903241107956,1.0,2.7148112576214287,1635847.7003131022,0.9159536972773116,1.0013232211466252,0.03667407990298227
12-01-2026,00.05,208,780.0,6.08715,0.0120442,110.054,0.851013,0.0,505.40093987147344,129.32117370709966,2.75135,2.5587617857142857,2.7415362576214286,0.0,0.0,2.7415362576214286,4.126110587229794,8.336182131807925,0.007008443208124276,4.458655975771774,0.6138515884184703,4.4765889124300715,1.0,2.7415362576214286,1667950.6591368772,0.9339289793421088,1.0013232211466252,0.03667407990298227
12-01-2026,00.05,209,783.75,6.06421,0.0123824,107.229,0.842127,0.0,489.74431451091874,127.3311507646709,2.680725,2.5358217857142855,2.6709112576214284,0.0,0.0,2.6709112576214284,3.968190146863921,7.71580808637255,0.007008443208124276,4.458655975771774,0.6138515884184703,4.476428138742877,1.0,2.6709112576214284,1640644.7996835227,0.9186397180503347,1.0013232211466252,0.03667407990298227
12-01-2026,00.05,210,787.5,6.04653,0.0123295,107.029,0.862975,0.0,490.4116144206983,124.02329152061182,2.675725,2.518141785714285,2.6659112576214286,0.0,0.0,2.6659112576214286,3.957163554185286,7.67422842043363,0.007008443208124276,4.458655975771774,0.6138515884184703,4.476304229466957,1.0,2.6659112576214286,1653281.528359289,0.925715351283088,1.0013232211466252,0.03667407990298227
12-01-2026,00.05,211,791.25,6.01492,0.0123783,106.544,0.85443,0.0,485.92456153106644,124.69599616118347,2.6635999999999997,2.4865317857142855,2.6537862576214284,0.0,0.0,2.6537862576214284,3.930507080246582,7.574604234453331,0.007008443208124276,4.458655975771774,0.6138515884184703,4.476082692577148,1.0,2.6537862576214284,1661473.3777813632,0.930302180952043,1.0013232211466252,0.03667407990298227
12-01-2026,00.05,212,795.0,5.97715,0.012264,106.578,0.860241,0.0,487.37361382909324,123.89318807171479,2.6644500000000004,2.4487617857142854,2.654636257621429,0.0,0.0,2.654636257621429,3.9323719613008055,7.581533144885595,0.007008443208124276,4.458655975771774,0.6138515884184703,4.475817983677177,1.0,2.654636257621429,1677796.4807231836,0.9394419110673446,1.0013232211466252,0.03667407990298227
12-01-2026,00.05,213,798.75,5.94799,0.0118973,105.123,0.861949,0.0,499.94452522841317,121.95965190515913,2.6280750000000004,2.4196017857142853,2.618261257621429,0.0,0.0,2.618261257621429,3.8530766980028655,7.292198447750795,0.007008443208124276,4.458655975771774,0.6138515884184703,4.475613617473228,1.0,2.618261257621429,1670454.7733956866,0.9353310980804989,1.0013232211466252,0.03667407990298227
12-01-2026,00.05,214,802.5,5.92275,0.0119292,104.956,0.866051,0.0,496.4918016296147,121.18916784346419,2.6239000000000003,2.394361785714285,2.614086257621429,0.0,0.0,2.614086257621429,3.8440418811974197,7.259905104469729,0.007008443208124276,4.458655975771774,0.6138515884184703,4.475436724366656,1.0,2.614086257621429,1683487.8879473105,0.9426286780803447,1.0013232211466252,0.03667407990298227
12-01-2026,00.05,215,806.25,5.91231,0.0122796,105.19,0.849987,0.0,481.4741522525164,123.7548338974596,2.62975,2.383921785714285,2.6199362576214287,0.0,0.0,2.6199362576214287,3.8567052655451675,7.305206194239851,0.007008443208124276,4.458655975771774,0.6138515884184703,4.475363556219563,1.0,2.6199362576214287,1703060.908713992,0.9535881217588094,1.0013232211466252,0.03667407990298227
12-01-2026,00.05,216,810.0,5.88523,0.0120377,102.766,0.872886,0.0,488.899872899308,117.73129595388173,2.56915,2.3568417857142854,2.5593362576214287,0.0,0.0,2.5593362576214287,3.726805684686053,6.85277406180519,0.007008443208124276,4.458655975771774,0.6138515884184703,4.475173767577487,1.0,2.5593362576214287,1679180.5186254194,0.9402168699058001,1.0013232211466252,0.03667407990298227
12-01-2026,00.05,217,813.75,5.84382,0.0117294,103.903,0.877329,0.0,498.21985779323757,118.43105608044416,2.5975750000000004,2.3154317857142854,2.587761257621429,0.0,0.0,2.587761257621429,3.787385107887039,7.060431048070013,0.007008443208124276,4.458655975771774,0.6138515884184703,4.474883547944239,1.0,2.587761257621429,1713587.201158155,0.9594820668253384,1.0013232211466252,0.03667407990298227
12-01-2026,00.05,218,817.5,5.83547,0.0120177,103.987,0.86776,0.0,485.57294657047527,119.83382502074306,2.599675,2.3070817857142853,2.5898612576214286,0.0,0.0,2.5898612576214286,3.7918851152791637,7.076085680980914,0.007008443208124276,4.458655975771774,0.6138515884184703,4.47482502744345,1.0,2.5898612576214286,1730820.465101261,0.969131419770495,1.0013232211466252,0.03667407990298227
12-01-2026,00.05,219,821.25,5.82989,0.012033,102.349,0.841443,0.0,484.491814177678,121.63509590073242,2.558725,2.301501785714285,2.5489112576214286,0.0,0.0,2.5489112576214286,3.7047414608887337,6.778541124166137,0.007008443208124276,4.458655975771774,0.6138515884184703,4.474785920330349,1.0,2.5489112576214286,1719117.1803766126,0.9625784460971029,1.0013232211466252,0.03667407990298227
12-01-2026,00.05,220,825.0,5.80134,0.0117328,102.048,0.849304,0.0,494.45486158461745,120.15485621167451,2.5511999999999997,2.272951785714285,2.5413862576214283,0.0665557,0.0016638924999999999,2.5397223651214285,3.6853611752385955,6.713940614753928,0.007008443208124276,4.458655975771774,0.6138515884184703,4.474585829276757,1.0,2.5413862576214283,1729731.0215935847,0.9685214119998206,1.0013232211466252,0.03667407990298227
12-01-2026,00.05,221,828.75,5.76816,0.0120206,99.9749,0.851013,0.0,479.85624677636724,117.47752384511165,2.4993725,2.2397717857142854,2.489558757621429,0.0,0.0,2.489558757621429,3.5806666236177476,6.37439612955677,0.007008443208124276,4.458655975771774,0.6138515884184703,4.474353289131112,1.0,2.489558757621429,1709895.0836388967,0.9574147541458636,1.0013232211466252,0.03667407990298227
12-01-2026,00.05,222,832.5,5.73264,0.0117419,99.8579,0.86776,0.0,488.22081605191664,115.07548170000922,2.4964475000000004,2.2042517857142854,2.486633757621429,0.0,0.0,2.486633757621429,3.5746189922489746,6.355255169993745,0.007008443208124276,4.458655975771774,0.6138515884184703,4.474104349228359,1.0,2.486633757621429,1723377.0671805164,0.9649636675741827,1.0013232211466252,0.03667407990298227
12-01-2026,00.05,223,836.25,5.70617,0.0118035,98.7213,0.864684,0.0,483.4303384589317,114.17037900550953,2.4680324999999996,2.1777817857142856,2.4582187576214283,0.0,0.0,2.4582187576214283,3.5161914551800795,6.172892063073787,0.007008443208124276,4.458655975771774,0.6138515884184703,4.47391883573664,1.0,2.4582187576214283,1719066.9459059439,0.9625503185097175,1.0013232211466252,0.03667407990298227
12-01-2026,00.05,224,840.0,5.6766,0.0115104,98.5541,0.847253,0.0,493.1713928273561,116.32192509203273,2.4638525000000002,2.148211785714285,2.454038757621429,0.0,0.0,2.454038757621429,3.5076454620268183,6.146601609154133,0.007008443208124276,4.458655975771774,0.6138515884184703,4.4737115960709755,1.0,2.454038757621429,1731569.7473776801,0.9695509624157297,1.0013232211466252,0.03667407990298227
12-01-2026,00.05,225,843.75,5.64943,0.0116656,96.682,0.852038,0.0,484.2811342751337,113.47146488771628,2.41705,2.121041785714285,2.407236257621429,0.0,0.0,2.407236257621429,3.4128044853810113,5.861178626006014,0.007008443208124276,4.458655975771774,0.6138515884184703,4.473521176669011,1.0,2.407236257621429,1713745.343560568,0.9595706148718094,1.0013232211466252,0.03667407990298227
12-01-2026,00.05,226,847.5,5.63188,0.0118039,97.0664,0.862975,0.0,477.1202738078092,112.47880877198064,2.42666,2.103491785714285,2.4168462576214287,0.0,0.0,2.4168462576214287,3.4321523756951526,5.918478101856023,0.007008443208124276,4.458655975771774,0.6138515884184703,4.473398178490708,1.0,2.4168462576214287,1735914.9298257013,0.9719839431436103,1.0013232211466252,0.03667407990298227
12-01-2026,00.05,227,851.25,5.61194,0.0117266,97.1667,0.862975,0.0,478.56497194412697,112.59503461861584,2.4291675,2.083551785714285,2.419353757621429,0.0,0.0,2.419353757621429,3.437211383434643,5.933537801151578,0.007008443208124276,4.458655975771774,0.6138515884184703,4.473258430133138,1.0,2.419353757621429,1753127.996856674,0.9816219873120765,1.0013232211466252,0.03667407990298227
12-01-2026,00.05,228,855.0,5.58833,0.0117672,95.3949,0.864342,0.0,474.9073696376368,110.36707692094102,2.3848725000000006,2.0599417857142854,2.3750587576214293,0.0,0.0,2.3750587576214293,3.348488424820771,5.67400948832307,0.007008443208124276,4.458655975771774,0.6138515884184703,4.473092960788994,1.0,2.3750587576214293,1736227.3282902052,0.9721588631734708,1.0013232211466252,0.03667407990298227
12-01-2026,00.05,229,858.75,5.56633,0.0117236,95.0606,0.841785,0.0,474.79699068545494,112.92741020569385,2.376515,2.037941785714285,2.3667012576214286,0.0,0.0,2.3667012576214286,3.3319002205530865,5.626542655071159,0.007008443208124276,4.458655975771774,0.6138515884184703,4.472938775038416,1.0,2.3667012576214286,1745327.5404036376,0.9772543087517546,1.0013232211466252,0.03667407990298227
12-01-2026,00.05,230,862.5,5.55322,0.0114772,95.3615,0.852038,0.0,483.8479768584672,111.9216513817459,2.3840375000000003,2.024831785714285,2.374223757621429,0.0,0.0,2.374223757621429,3.346828941893847,5.669246211223493,0.007008443208124276,4.458655975771774,0.6138515884184703,4.472846894347957,1.0,2.374223757621429,1766199.8921930662,0.9889412816825113,1.0013232211466252,0.03667407990298227
12-01-2026,00.05,231,866.25,5.52982,0.0111719,93.6398,0.857506,0.0,494.9757874667693,109.20016886179222,2.340995,2.0014317857142854,2.3311812576214286,0.0,0.0,2.3311812576214286,3.261928918894444,5.429852282355714,0.007008443208124276,4.458655975771774,0.6138515884184703,4.472682896776887,1.0,2.3311812576214286,1749292.9184241148,0.9794746270969545,1.0013232211466252,0.03667407990298227
12-01-2026,00.05,232,870.0,5.49245,0.0116412,92.0017,0.85238,0.0,471.81132529292506,107.93507590511274,2.3000425,1.9640617857142852,2.2902287576214286,0.0,0.0,2.2902287576214286,3.1823053115676743,5.212742304397137,0.007008443208124276,4.458655975771774,0.6138515884184703,4.472420991254199,1.0,2.2902287576214286,1733474.1466436593,0.9706172851231749,1.0013232211466252,0.03667407990298227
12-01-2026,00.05,233,873.75,5.47258,0.01129,91.5336,0.863317,0.0,484.7280779450841,106.02548079094933,2.2883400000000003,1.9441917857142852,2.278526257621429,0.0,0.0,2.278526257621429,3.1597555952002088,5.152509812381289,0.007008443208124276,4.458655975771774,0.6138515884184703,4.472281733487654,1.0,2.278526257621429,1739515.950000137,0.9740002480490811,1.0013232211466252,0.03667407990298227
12-01-2026,00.05,234,877.5,5.45873,0.0114244,90.5976,0.838367,0.0,477.81327684604884,108.06436799158364,2.26494,1.9303417857142855,2.255126257621429,0.0,0.0,2.255126257621429,3.114933390598904,5.0343809927164935,0.007008443208124276,4.458655975771774,0.6138515884184703,4.4721846665492215,1.0,2.255126257621429,1736461.3129076103,0.9722898772497672,1.0013232211466252,0.03667407990298227
12-01-2026,00.05,235,881.25,5.43052,0.0115068,89.7451,0.876646,0.0,471.94007021934857,102.37324986368499,2.2436275,1.902131785714285,2.2338137576214288,0.0,0.0,2.2338137576214288,3.0744172429904464,4.929389102879346,0.007008443208124276,4.458655975771774,0.6138515884184703,4.471986958366321,1.0,2.2338137576214288,1734783.254502798,0.9713502886805863,1.0013232211466252,0.03667407990298227
12-01-2026,00.05,236,885.0,5.40668,0.0113432,89.5947,0.870836,0.0,476.6450384371253,102.88355097859987,2.2398675000000003,1.8782917857142851,2.230053757621429,0.0,0.0,2.230053757621429,3.0672994633723887,4.9111165640216505,0.007008443208124276,4.458655975771774,0.6138515884184703,4.471819877080239,1.0,2.230053757621429,1746633.8543130436,0.9779857479040035,1.0013232211466252,0.03667407990298227
12-01-2026,00.05,237,888.75,5.39561,0.0113889,90.0961,0.862975,0.0,473.7604158434967,104.40174976100118,2.2524025,1.867221785714285,2.2425887576214287,0.0,0.0,2.2425887576214287,3.091063679646431,4.972323263760872,0.007008443208124276,4.458655975771774,0.6138515884184703,4.471742293613925,1.0,2.2425887576214287,1771368.2989711598,0.9918352071356705,1.0013232211466252,0.03667407990298227
12-01-2026,00.05,238,892.5,5.37939,0.0112217,89.6448,0.861608,0.0,479.3738916563444,104.04360219496569,2.24112,1.8510017857142853,2.2313062576214286,0.0,0.0,2.2313062576214286,3.069669477929226,4.917195126760091,0.007008443208124276,4.458655975771774,0.6138515884184703,4.471628616665089,1.0,2.2313062576214286,1777360.9451724591,0.9951906456911694,1.0013232211466252,0.03667407990298227
12-01-2026,00.05,239,896.25,5.34737,0.0110018,89.3272,0.877671,0.0,486.0450108164118,101.77754534444001,2.2331800000000004,1.8189817857142851,2.223366257621429,0.0,0.0,2.223366257621429,3.054662090314361,4.878799591183858,0.007008443208124276,4.458655975771774,0.6138515884184703,4.471404206313565,1.0,2.223366257621429,1785950.2125224106,1.0,1.0013232211466252,0.03667407990298227
12-01-2026,00.05,240,900.0,5.32371,0.0108829,87.0706,0.859215,0.0,489.18119251302505,101.337383541954,2.176765,1.7953217857142856,2.1669512576214287,0.0,0.0,2.1669512576214287,2.9491752708149335,4.615146475780256,0.007008443208124276,4.458655975771774,0.6138515884184703,4.4712383865472605,1.0,2.1669512576214287,1755230.5186733573,0.9827992439914292,1.0013232211466252,0.03667407990298227
12-01-2026,00.05,241,903.75,5.30646,0.0110133,87.2879,0.878354,0.0,481.82288687314434,99.37667500802637,2.1821975,1.7780717857142858,2.1723837576214287,0.0,0.0,2.1723837576214287,2.959246809310013,4.639858268310647,0.007008443208124276,4.458655975771774,0.6138515884184703,4.4711174909019205,1.0,2.1723837576214287,1774324.9831838934,0.993490731568548,1.0013232211466252,0.03667407990298227
12-01-2026,00.05,242,907.5,5.27638,0.0108093,86.0677,0.868785,0.0,488.1333666379876,99.0667426348291,2.1516925000000002,1.747991785714285,2.141878757621429,0.0,0.0,2.141878757621429,2.902927543742133,4.502885198890806,0.007008443208124276,4.458655975771774,0.6138515884184703,4.470906676930221,1.0,2.141878757621429,1763957.6375813629,0.9876857849749427,1.0013232211466252,0.03667407990298227
12-01-2026,00.05,243,911.25,5.25994,0.0109148,82.6745,0.838367,0.0,481.90896764026826,98.61373360354116,2.0668624999999996,1.7315517857142857,2.0570487576214282,0.0,0.0,2.0570487576214282,2.7492667496287364,4.143646153191014,0.007008443208124276,4.458655975771774,0.6138515884184703,4.470791458123879,1.0,2.0570487576214282,1708125.0762485773,0.9564236809468972,1.0013232211466252,0.03667407990298227
12-01-2026,00.05,244,915.0,5.24749,0.0105329,84.7137,0.848279,0.0,498.1999259463206,99.86537448174481,2.1178425,1.7191017857142854,2.1080287576214287,0.0,0.0,2.1080287576214287,2.8410961012589033,4.355840261194256,0.007008443208124276,4.458655975771774,0.6138515884184703,4.470704203005938,1.0,2.1080287576214287,1764894.3765996008,0.9882102895281323,1.0013232211466252,0.03667407990298227
12-01-2026,00.05,245,918.75,5.23474,0.0105718,84.1454,0.871519,0.0,495.1607105696287,96.55027601234166,2.1036349999999997,1.7063517857142858,2.0938212576214283,0.0,0.0,2.0938212576214283,2.8153495080988584,4.295612246804126,0.007008443208124276,4.458655975771774,0.6138515884184703,4.470614845355034,1.0,2.0938212576214283,1767397.7951539627,0.9896120187234978,1.0013232211466252,0.03667407990298227
12-01-2026,00.05,246,922.5,5.22109,0.0111013,83.3264,0.853747,0.0,470.3133867204742,97.6008114816216,2.0831600000000003,1.6927017857142856,2.073346257621429,0.0,0.0,2.073346257621429,2.778456137771636,4.210311704956315,0.007008443208124276,4.458655975771774,0.6138515884184703,4.470519180105243,1.0,2.073346257621429,1764430.6236499462,0.987950622183319,1.0013232211466252,0.03667407990298227
12-01-2026,00.05,247,926.25,5.19583,0.0106827,83.1258,0.851013,0.0,486.3779756054181,97.678648857303,2.078145,1.6674417857142854,2.0683312576214288,0.0,0.0,2.0683312576214288,2.7694574899888234,4.18968288397956,0.007008443208124276,4.458655975771774,0.6138515884184703,4.470342146829806,1.0,2.0683312576214288,1774502.1801031746,0.9935899487348714,1.0013232211466252,0.03667407990298227
12-01-2026,00.05,248,930.0,5.16966,0.0104609,81.6548,0.869468,0.0,494.18883652458203,93.91351953148362,2.04137,1.6412717857142858,2.0315562576214288,0.0,0.0,2.0315562576214288,2.7039196360956566,4.041490314650682,0.007008443208124276,4.458655975771774,0.6138515884184703,4.470158735871049,1.0,2.0315562576214288,1757093.0072167737,0.9838420997946634,1.0013232211466252,0.03667407990298227
12-01-2026,00.05,249,933.75,5.13339,0.0101946,80.5015,0.866392,0.0,503.5401094697193,92.91579331295763,2.0125375,1.6050017857142858,2.0027237576214287,0.0,0.0,2.0027237576214287,2.6530829759937884,3.9289645304616636,0.007008443208124276,4.458655975771774,0.6138515884184703,4.46990453963589,1.0,2.0027237576214287,1746152.9394790246,0.9777164711735286,1.0013232211466252,0.03667407990298227
12-01-2026,00.05,250,937.5,5.10827,0.0104724,80.0669,0.851354,0.0,487.7840800580574,94.0465423313921,2.0016725,1.5798817857142855,1.9918587576214288,0.0,0.0,1.9918587576214288,2.6340492042123667,3.887365460488779,0.007008443208124276,4.458655975771774,0.6138515884184703,4.469728487542502,1.0,1.9918587576214288,1750657.1111907088,0.9802384741275317,1.0013232211466252,0.03667407990298227
12-01-2026,00.05,251,941.25,5.09709,0.0102298,78.2616,0.849646,0.0,498.25900799624617,92.1108320406381,1.95654,1.568701785714285,1.9467262576214286,0.0,0.0,1.9467262576214286,2.555695600914709,3.7190910243113326,0.007008443208124276,4.458655975771774,0.6138515884184703,4.469650133147436,1.0,1.9467262576214286,1724705.1696994822,0.9657073067359319,1.0013232211466252,0.03667407990298227
12-01-2026,00.05,252,945.0,5.07861,0.0101992,79.2645,0.853747,0.0,497.9419954506236,92.84307880437646,1.9816125,1.5502217857142857,1.9717987576214286,0.0665557,0.0016638924999999999,1.9701348651214285,2.5961924036514854,3.8054724008838376,0.007008443208124276,4.458655975771774,0.6138515884184703,4.46952061711695,1.0,1.9717987576214286,1760865.5855248764,0.9859544645636534,1.0013232211466252,0.03667407990298227
12-01-2026,00.05,253,948.75,5.05012,0.0102501,77.7434,0.848962,0.0,492.6898274163179,91.57465234015184,1.943585,1.5217317857142851,1.9337712576214285,0.0,0.0,1.9337712576214285,2.5334141866466346,3.672093180827989,0.007008443208124276,4.458655975771774,0.6138515884184703,4.46932094656995,1.0,1.9337712576214285,1740638.8747840784,0.9746290028576239,1.0013232211466252,0.03667407990298227
12-01-2026,00.05,254,952.5,5.01401,0.00988946,76.9912,0.861949,0.0,507.00543811290004,89.32222208042472,1.9247800000000002,1.4856217857142853,1.9149662576214288,0.0,0.0,1.9149662576214288,2.501235530836778,3.6048713138739155,0.007008443208124276,4.458655975771774,0.6138515884184703,4.469067871685705,1.0,1.9149662576214288,1737365.1057661513,0.9727959343907805,1.0013232211466252,0.03667407990298227
12-01-2026,00.05,255,956.25,4.98941,0.0100044,74.4672,0.835633,0.0,498.72156251249453,89.11471902138858,1.86168,1.4610217857142858,1.8518662576214286,0.0665557,0.0016638924999999999,1.8502023651214285,2.3918786011900637,3.382018399746179,0.007008443208124276,4.458655975771774,0.6138515884184703,4.4688954639827845,1.0,1.8518662576214286,1693372.547838282,0.9481633563830566,1.0013232211466252,0.03667407990298227
12-01-2026,00.05,256,960.0,4.97279,0.00982811,74.8517,0.849987,0.0,505.9762253373233,88.06217036260553,1.8712924999999998,1.4444017857142852,1.8614787576214284,0.0,0.0,1.8614787576214284,2.410757888583998,3.41988711793321,0.007008443208124276,4.458655975771774,0.6138515884184703,4.468778983656666,1.0,1.8614787576214284,1715538.8230239085,0.960574830695277,1.0013232211466252,0.03667407990298227
12-01-2026,00.05,257,963.75,4.96117,0.00960296,74.7514,0.843152,0.0,516.6292476486417,88.65708674118072,1.8687850000000001,1.4327817857142855,1.8589712576214288,0.0,0.0,1.8589712576214288,2.406553920836599,3.411433184514544,0.007008443208124276,4.458655975771774,0.6138515884184703,4.468697545546587,1.0,1.8589712576214288,1726638.6458620934,0.966789910354473,1.0013232211466252,0.03667407990298227
12-01-2026,00.05,258,967.5,4.93617,0.00962649,72.8792,0.863658,0.0,512.769451793956,84.38432805578134,1.8219800000000002,1.4077817857142851,1.8121662576214288,0.0,0.0,1.8121662576214288,2.3286912939995212,3.2570558254955015,0.007008443208124276,4.458655975771774,0.6138515884184703,4.4685223344663845,1.0,1.8121662576214288,1696289.5514856486,0.9497966626347727,1.0013232211466252,0.03667407990298227
12-01-2026,00.05,259,971.25,4.9069,0.0095965,71.9766,0.827772,0.0,511.321836086073,86.95220423015034,1.7994150000000002,1.3785117857142857,1.7896012576214289,0.0,0.0,1.7896012576214289,2.29156133855748,3.1848787749672476,0.007008443208124276,4.458655975771774,0.6138515884184703,4.468317197333683,1.0,1.7896012576214289,1688178.4025976993,0.9452550192949545,1.0013232211466252,0.03667407990298227
12-01-2026,00.05,260,975.0,4.8824,0.0094497,70.2883,0.846228,0.0,516.6724869572579,83.06071177035032,1.7572075000000003,1.354011785714285,1.747393757621429,0.0,0.0,1.747393757621429,2.222810730412257,3.0536135887209492,0.007008443208124276,4.458655975771774,0.6138515884184703,4.4681454904750835,1.0,1.747393757621429,1661116.1908388708,0.9301021826878204,1.0013232211466252,0.03667407990298227
12-01-2026,00.05,261,978.75,4.86797,0.00960315,70.6226,0.830165,0.0,506.91387721737135,85.07055826251408,1.765565,1.339581785714285,1.7557512576214287,0.0,0.0,1.7557512576214287,2.236352184445069,3.0792276529993816,0.007008443208124276,4.458655975771774,0.6138515884184703,4.46804435863959,1.0,1.7557512576214287,1681924.6605997877,0.9417533864084033,1.0013232211466252,0.03667407990298227
12-01-2026,00.05,262,982.5,4.86379,0.00931391,71.5587,0.855798,0.0,522.2071074339349,83.61634404380473,1.7889675,1.3354017857142852,1.7791537576214287,0.0,0.0,1.7791537576214287,2.2744591281634627,3.151939547654809,0.007008443208124276,4.458655975771774,0.6138515884184703,4.46801506334698,1.0,1.7791537576214287,1717428.2419429503,0.9616327655166365,1.0013232211466252,0.03667407990298227
12-01-2026,00.05,263,986.25,4.84799,0.00906698,67.9482,0.819228,0.0,534.6863012822351,82.9417451551949,1.698705,1.3196017857142857,1.6888912576214286,0.0,0.0,1.6888912576214286,2.1289984304256233,2.879318274753494,0.007008443208124276,4.458655975771774,0.6138515884184703,4.467904329944292,1.0,1.6888912576214286,1642766.0540402334,0.919827463566328,1.0013232211466252,0.03667407990298227
12-01-2026,00.05,264,990.0,4.82229,0.00896411,69.8203,0.826747,0.0,537.9552459753394,84.45183351134023,1.7455075000000002,1.2939017857142852,1.7356937576214289,0.0,0.0,1.7356937576214289,2.203912600383729,3.0180615789578815,0.007008443208124276,4.458655975771774,0.6138515884184703,4.467724212953843,1.0,1.7356937576214289,1701153.4518447623,0.9525200870197359,1.0013232211466252,0.03667407990298227
12-01-2026,00.05,265,993.75,4.80809,0.00908047,66.6444,0.839734,0.0,529.4979224643658,79.36370326793961,1.6661100000000002,1.2797017857142854,1.6562962576214288,0.0,0.0,1.6562962576214288,2.0774613779038296,2.7858511550346314,0.007008443208124276,4.458655975771774,0.6138515884184703,4.467624693060288,1.0,1.6562962576214288,1635657.2534737242,0.9158470611359215,1.0013232211466252,0.03667407990298227
12-01-2026,00.05,266,997.5,4.80158,0.00914879,67.43,0.843152,0.0,524.8322455756445,79.97371766893752,1.6857500000000003,1.2731917857142858,1.675936257621429,0.0665557,0.0016638924999999999,1.6742723651214289,2.1058200401329135,2.837085580718215,0.007008443208124276,4.458655975771774,0.6138515884184703,4.467579068095003,1.0,1.675936257621429,1667567.050934932,0.9337141871271548,1.0013232211466252,0.03667407990298227
12-01-2026,00.05,267,1001.25,4.79032,0.00900844,67.7977,0.820253,0.0,531.759105905129,82.6546199770071,1.6949425000000002,1.2619317857142858,1.6851287576214289,0.0665557,0.0016638924999999999,1.6834648651214288,2.120382641697812,2.863581898119875,0.007008443208124276,4.458655975771774,0.6138515884184703,4.46750015302448,1.0,1.6851287576214289,1689344.2125291661,0.9459077866136024,1.0013232211466252,0.03667407990298227
12-01-2026,00.05,268,1005.0,4.77572,0.00890779,66.9787,0.828798,0.0,536.1284897825386,80.81426354793328,1.6744675000000002,1.2473317857142852,1.6646537576214289,0.0,0.0,1.6646537576214289,2.0906264685072355,2.809576537684908,0.007008443208124276,4.458655975771774,0.6138515884184703,4.467397829753641,1.0,1.6646537576214289,1681341.9115415837,0.9414270900457623,1.0013232211466252,0.03667407990298227
12-01-2026,00.05,269,1008.75,4.75828,0.00877207,66.0092,0.841101,0.0,542.4352518846749,78.47951672866874,1.6502300000000003,1.2298917857142855,1.640416257621429,0.0,0.0,1.640416257621429,2.0525393791850965,2.741217766493397,0.007008443208124276,4.458655975771774,0.6138515884184703,4.467275602504091,1.0,1.640416257621429,1669249.136499528,0.934656030607898,1.0013232211466252,0.03667407990298227
12-01-2026,00.05,270,1012.5,4.7312,0.00880551,65.1734,0.821962,0.0,537.2999406053709,79.29004017217342,1.629335,1.2028117857142857,1.6195212576214286,0.0,0.0,1.6195212576214286,2.0199309646994767,2.6833648937215577,0.007008443208124276,4.458655975771774,0.6138515884184703,4.467085813862015,1.0,1.6195212576214286,1660262.3392584678,0.9296240889680649,1.0013232211466252,0.03667407990298227
12-01-2026,00.05,271,1016.25,4.71402,0.00855558,65.2403,0.829139,0.0,550.9877763985609,78.68439429335733,1.6310075000000002,1.185631785714285,1.6211937576214288,0.0,0.0,1.6211937576214288,2.022533381031024,2.6879594862602314,0.007008443208124276,4.458655975771774,0.6138515884184703,4.4669654088077,1.0,1.6211937576214288,1674310.6512207473,0.9374901044167476,1.0013232211466252,0.03667407990298227
12-01-2026,00.05,272,1020.0,4.71268,0.00848713,64.8725,0.828798,0.0,555.2736908707654,78.27299293675901,1.6218125,1.1842917857142852,1.6119987576214287,0.0,0.0,1.6119987576214287,2.00824233806695,2.6627763671026297,0.007008443208124276,4.458655975771774,0.6138515884184703,4.466956017493801,1.0,1.6119987576214287,1677123.5074293346,0.9390650958072492,1.0013232211466252,0.03667407990298227
12-01-2026,00.05,273,1023.75,4.69374,0.00849567,63.0673,0.806582,0.0,552.4861488264021,78.19081010982144,1.5766825000000002,1.1653517857142854,1.5668687576214289,0.0,0.0,1.5668687576214289,1.9386775123951034,2.5418415962684526,0.007008443208124276,4.458655975771774,0.6138515884184703,4.466823277579438,1.0,1.5668687576214289,1642178.8355170425,0.9194986646339315,1.0013232211466252,0.03667407990298227
12-01-2026,00.05,274,1027.5,4.66921,0.00851464,62.4655,0.818886,0.0,548.3743293903206,76.28106964827828,1.5616375,1.140821785714285,1.5518237576214287,0.0,0.0,1.5518237576214287,1.9156975302625014,2.5024832505277605,0.007008443208124276,4.458655975771774,0.6138515884184703,4.4666513604675435,1.0,1.5518237576214287,1638347.6310073084,0.9173534735290108,1.0013232211466252,0.03667407990298227
12-01-2026,00.05,275,1031.25,4.66382,0.00847195,62.0978,0.84657,0.0,550.5013603715792,73.3522331289793,1.552445,1.1354317857142857,1.5426312576214287,0.0,0.0,1.5426312576214287,1.901708103738111,2.4786645507650324,0.007008443208124276,4.458655975771774,0.6138515884184703,4.466613584958652,1.0,1.5426312576214287,1640552.1870602889,0.9185878618325161,1.0013232211466252,0.03667407990298227
12-01-2026,00.05,276,1035.0,4.65748,0.00861764,61.5295,0.84076,0.0,540.4588727308172,73.18319139825873,1.5382375,1.129091785714285,1.5284237576214286,0.0,0.0,1.5284237576214286,1.8801628760313431,2.44218842684117,0.007008443208124276,4.458655975771774,0.6138515884184703,4.466569151428712,1.0,1.5284237576214286,1637285.739758015,0.9167588929848008,1.0013232211466252,0.03667407990298227
12-01-2026,00.05,277,1038.75,4.637,0.00856829,60.0251,0.820937,0.0,541.1814959577698,73.11779101197777,1.5006275,1.108611785714285,1.4908137576214286,0.0,0.0,1.4908137576214286,1.8235709720630764,2.3475578193151057,0.007008443208124276,4.458655975771774,0.6138515884184703,4.46642561851181,1.0,1.4908137576214286,1608590.3738700177,0.9006916108809684,1.0013232211466252,0.03667407990298227
12-01-2026,00.05,278,1042.5,4.6217,0.00843303,59.8245,0.822646,0.0,548.0473803603213,72.72204569158545,1.4956125,1.0933117857142851,1.4857987576214287,0.0,0.0,1.4857987576214287,1.8160730050071816,2.3351464990034247,0.007008443208124276,4.458655975771774,0.6138515884184703,4.466318389330725,1.0,1.4857987576214287,1614775.3760252038,0.9041547545407519,1.0013232211466252,0.03667407990298227
12-01-2026,00.05,279,1046.25,4.61877,0.00821276,59.3397,0.791203,0.0,562.3895012151822,74.99933645347654,1.4834925,1.090381785714285,1.4736787576214287,0.0,0.0,1.4736787576214287,1.7979986639455043,2.305348268121265,0.007008443208124276,4.458655975771774,0.6138515884184703,4.466297854592126,1.0,1.4736787576214287,1613146.3336688855,0.9032426113326736,1.0013232211466252,0.03667407990298227
12-01-2026,00.05,280,1050.0,4.60674,0.0082037,58.4037,0.815468,0.0,561.5441812840548,71.61985510161037,1.4600925,1.0783517857142857,1.4502787576214287,0.0,0.0,1.4502787576214287,1.7632871186834802,2.2485926474044393,0.007008443208124276,4.458655975771774,0.6138515884184703,4.466213543020332,1.0,1.4502787576214287,1598932.330277625,0.8952838209410954,1.0013232211466252,0.03667407990298227
12-01-2026,00.05,281,1053.75,4.58506,0.00805298,58.8717,0.804532,0.0,569.3619008118734,73.17508812576752,1.4717925,1.0566717857142858,1.4619787576214287,0.0,0.0,1.4619787576214287,1.7806126194189509,2.276843876813959,0.007008443208124276,4.458655975771774,0.6138515884184703,4.46606159997158,1.0,1.4619787576214287,1623365.222070173,0.9089644328759823,1.0013232211466252,0.03667407990298227
12-01-2026,00.05,282,1057.5,4.58637,0.0080964,58.3368,0.804532,0.0,566.4702830887801,72.5102295496015,1.4584199999999998,1.057981785714285,1.4486062576214285,0.0665557,0.0016638924999999999,1.4469423651214284,1.75835759843109,2.2405823964273783,0.007008443208124276,4.458655975771774,0.6138515884184703,4.466070781032182,1.0,1.4486062576214285,1619985.4316871536,0.9070720002878163,1.0013232211466252,0.03667407990298227
12-01-2026,00.05,283,1061.25,4.57879,0.00803088,58.7046,0.828114,0.0,570.1479788018248,70.88951521167375,1.4676150000000001,1.050401785714285,1.4578012576214288,0.0,0.0,1.4578012576214288,1.7744195942200929,2.2667278561125217,0.007008443208124276,4.458655975771774,0.6138515884184703,4.466017657032665,1.0,1.4578012576214288,1641850.9442105992,0.9193150697586968,1.0013232211466252,0.03667407990298227
12-01-2026,00.05,284,1065.0,4.55559,0.0078642,57.1333,0.796671,0.0,579.2820630197604,71.71504924868609,1.4283325,1.027201785714285,1.4185187576214286,0.0,0.0,1.4185187576214286,1.7165592724740097,2.1731537781191044,0.007008443208124276,4.458655975771774,0.6138515884184703,4.465855061150236,1.0,1.4185187576214286,1608919.4378631648,0.9008758623740054,1.0013232211466252,0.03667407990298227
12-01-2026,00.05,285,1068.75,4.54555,0.00784086,57.0497,0.816836,0.0,579.7259484291264,69.84229392436181,1.4262425,1.0171617857142858,1.4164287576214287,0.0,0.0,1.4164287576214287,1.71349971013166,2.1682524162730625,0.007008443208124276,4.458655975771774,0.6138515884184703,4.465784696380426,1.0,1.4164287576214287,1617882.5508440703,0.9058945425802393,1.0013232211466252,0.03667407990298227
12-01-2026,00.05,286,1072.5,4.5448,0.00799725,57.3172,0.820595,0.0,568.2953515270875,69.8483417520214,1.43293,1.0164117857142858,1.4231162576214287,0.0,0.0,1.4231162576214287,1.7232962488064685,2.1839626893138835,0.007008443208124276,4.458655975771774,0.6138515884184703,4.465779440048021,1.0,1.4231162576214287,1636948.3698056585,0.9165699907690554,1.0013232211466252,0.03667407990298227
12-01-2026,00.05,287,1076.25,4.52858,0.0077436,54.5758,0.79838,0.0,584.8158479260293,68.35817530499261,1.364395,1.0001917857142852,1.3545812576214287,0.0,0.0,1.3545812576214287,1.6238102000417405,2.0266072427398467,0.007008443208124276,4.458655975771774,0.6138515884184703,4.465665763099185,1.0,1.3545812576214287,1569030.519501836,0.8785410189491201,1.0013232211466252,0.03667407990298227
12-01-2026,00.05,288,1080.0,4.51141,0.0077189,55.0439,0.789494,0.0,584.462812058713,69.72047919300209,1.3760975000000002,0.9830217857142851,1.3662837576214288,0.0,0.0,1.3662837576214288,1.6406557585469164,2.052914350454167,0.007008443208124276,4.458655975771774,0.6138515884184703,4.465545428129301,1.0,1.3662837576214288,1593633.3748896345,0.8923167979239719,1.0013232211466252,0.03667407990298227
12-01-2026,00.05,289,1083.75,4.50641,0.00777144,54.3084,0.803506,0.0,579.8680810763514,67.58928993685174,1.35771,0.9780217857142852,1.3478962576214286,0.0,0.0,1.3478962576214286,1.6142131880367554,2.0116803829621337,0.007008443208124276,4.458655975771774,0.6138515884184703,4.4655103859132605,1.0,1.3478962576214286,1583123.1093674907,0.886431826748152,1.0013232211466252,0.03667407990298227
12-01-2026,00.05,290,1087.5,4.49541,0.00785005,54.626,0.807949,0.0,572.6600467512944,67.61070315081768,1.3656499999999998,0.9670217857142851,1.3558362576214285,0.0,0.0,1.3558362576214285,1.6256139823008504,2.0294176706381486,0.007008443208124276,4.458655975771774,0.6138515884184703,4.465433293037972,1.0,1.3558362576214285,1603488.2240525924,0.8978347844243006,1.0013232211466252,0.03667407990298227
12-01-2026,00.05,291,1091.25,4.48074,0.00768252,53.1049,0.803848,0.0,583.2383124287343,66.06336023725879,1.3276225,0.9523517857142854,1.3178087576214286,0.0,0.0,1.3178087576214286,1.571251258728601,1.9453911250036977,0.007008443208124276,4.458655975771774,0.6138515884184703,4.465330479176108,1.0,1.3178087576214286,1569281.6728707214,0.8786816462561549,1.0013232211466252,0.03667407990298227
12-01-2026,00.05,292,1095.0,4.46848,0.00765012,52.0351,0.789494,0.0,584.1058702347152,65.9094305973193,1.3008775000000001,0.940091785714285,1.2910637576214288,0.0,0.0,1.2910637576214288,1.5333775987471254,1.887664745763099,0.007008443208124276,4.458655975771774,0.6138515884184703,4.465244555662377,1.0,1.2910637576214288,1548017.7219820337,0.86677540679909,1.0013232211466252,0.03667407990298227
12-01-2026,00.05,293,1098.75,4.45624,0.00750984,53.9072,0.797354,0.0,593.3868098388248,67.60761217727635,1.34768,0.9278517857142856,1.3378662576214286,0.0,0.0,1.3378662576214286,1.5998493091613544,1.9894207809056417,0.007008443208124276,4.458655975771774,0.6138515884184703,4.465158772317509,1.0,1.3378662576214286,1615141.1299294971,0.9043595496698259,1.0013232211466252,0.03667407990298227
12-01-2026,00.05,294,1102.5,4.45364,0.00743487,52.7539,0.804873,0.0,599.0205612203038,65.54313537663707,1.3188475000000002,0.9252517857142855,1.3090337576214288,0.0,0.0,1.3090337576214288,1.5587924129115802,1.92632856671002,0.007008443208124276,4.458655975771774,0.6138515884184703,4.465140550365168,1.0,1.3090337576214288,1591138.7138498318,0.8909199722889061,1.0013232211466252,0.03667407990298227
12-01-2026,00.05,295,1106.25,4.45358,0.00756505,50.9987,0.800089,0.0,588.7046351312945,63.74128378217923,1.2749675,0.9251917857142851,1.2651537576214287,0.0,0.0,1.2651537576214287,1.496966186946634,1.8327849129681208,0.007008443208124276,4.458655975771774,0.6138515884184703,4.465140129858575,1.0,1.2651537576214287,1548281.3309578805,0.8669230083245965,1.0013232211466252,0.03667407990298227
12-01-2026,00.05,296,1110.0,4.43686,0.00746153,51.6172,0.787785,0.0,594.631395973748,65.52193809224597,1.29043,0.9084717857142857,1.2806162576214286,0.0,0.0,1.2806162576214286,1.5186627388748664,1.865413939028849,0.007008443208124276,4.458655975771774,0.6138515884184703,4.465022948688135,1.0,1.2806162576214286,1577847.2910153621,0.8834777587595056,1.0013232211466252,0.03667407990298227
12-01-2026,00.05,297,1113.75,4.42559,0.00740339,51.1993,0.774456,0.0,597.7788553622056,66.11001787060853,1.2799825,0.8972017857142851,1.2701687576214287,0.0,0.0,1.2701687576214287,1.5039924409489471,1.8433283059638212,0.007008443208124276,4.458655975771774,0.6138515884184703,4.46494396353318,1.0,1.2701687576214287,1575566.9429207146,0.8822009325195251,1.0013232211466252,0.03667407990298227
12-01-2026,00.05,298,1117.5,4.42024,0.00722432,51.0656,0.793937,0.0,611.8555102763996,64.31946111593237,1.2766400000000002,0.8918517857142851,1.2668262576214289,0.0,0.0,1.2668262576214289,1.499308304546003,1.836296958813266,0.007008443208124276,4.458655975771774,0.6138515884184703,4.464906468362017,1.0,1.2668262576214289,1582020.5481817506,0.8858144740481667,1.0013232211466252,0.03667407990298227
12-01-2026,00.05,299,1121.25,4.39981,0.00719387,48.9427,0.785392,0.0,611.605436295068,62.31627009187769,1.2235675000000001,0.8714217857142859,1.2137537576214288,0.0665557,0.0016638924999999999,1.2120898651214287,1.4232417215589441,1.7234802269001854,0.007008443208124276,4.458655975771774,0.6138515884184703,4.464763285867274,1.0,1.2137537576214288,1525933.1205719064,0.8544096637591786,1.0013232211466252,0.03667407990298227
12-01-2026,00.05,300,1125.0,4.38928,0.00718527,49.0932,0.788127,0.0,610.8719644494919,62.290975946770004,1.2273300000000003,0.8608917857142857,1.217516257621429,0.0,0.0,1.217516257621429,1.4307292370385083,1.734472189977506,0.007008443208124276,4.458655975771774,0.6138515884184703,4.464689486960293,1.0,1.217516257621429,1540919.013552121,0.8628006552185928,1.0013232211466252,0.03667407990298227
12-01-2026,00.05,301,1128.75,4.38918,0.00707999,48.5583,0.782317,0.0,619.9415535897649,62.06985147964316,1.2139575,0.860791785714285,1.2041437576214287,0.0,0.0,1.2041437576214287,1.4122984687508997,1.7074589234033613,0.007008443208124276,4.458655975771774,0.6138515884184703,4.464688786115972,1.0,1.2041437576214287,1534171.339466143,0.859022456902276,1.0013232211466252,0.03667407990298227
12-01-2026,00.05,302,1132.5,4.37535,0.0069798,48.3076,0.761468,0.0,626.8589357861257,63.440092032757775,1.2076900000000002,0.8469617857142855,1.1978762576214288,0.0,0.0,1.1978762576214288,1.4036845641169886,1.6948843177901347,0.007008443208124276,4.458655975771774,0.6138515884184703,4.464591859346404,1.0,1.1978762576214288,1536343.6809389736,0.8602388074240312,1.0013232211466252,0.03667407990298227
12-01-2026,00.05,303,1136.25,4.36845,0.00712823,48.0903,0.791203,0.0,612.8379695941348,60.781240718248036,1.2022575,0.8400617857142856,1.1924437576214286,0.0,0.0,1.1924437576214286,1.396230783495554,1.6840290755271958,0.007008443208124276,4.458655975771774,0.6138515884184703,4.464543501088268,1.0,1.1924437576214286,1539521.2820174869,0.8620180289590064,1.0013232211466252,0.03667407990298227
12-01-2026,00.05,304,1140.0,4.36646,0.00694466,47.7225,0.762152,0.0,628.7507235775402,62.61546253240822,1.1930625,0.8380717857142854,1.1832487576214286,0.0,0.0,1.1832487576214286,1.3836409959270135,1.6657482117169526,0.007008443208124276,4.458655975771774,0.6138515884184703,4.464529554286283,1.0,1.1832487576214286,1537750.0854048086,0.861026289883494,1.0013232211466252,0.03667407990298227
12-01-2026,00.05,305,1143.75,4.35639,0.00668912,47.99,0.775823,0.0,651.2650393474778,61.856892615970395,1.19975,0.8280017857142856,1.1899362576214287,0.0,0.0,1.1899362576214287,1.3927942268540103,1.6790323213820961,0.007008443208124276,4.458655975771774,0.6138515884184703,4.464458979263178,1.0,1.1899362576214287,1556631.8488860948,0.8715986806191899,1.0013232211466252,0.03667407990298227
12-01-2026,00.05,306,1147.5,4.34336,0.00690855,45.8671,0.769329,0.0,628.6934306041064,59.61961657496337,1.1466775,0.8149717857142851,1.1368637576214287,0.0,0.0,1.1368637576214287,1.3206325870434803,1.5752673536727577,0.007008443208124276,4.458655975771774,0.6138515884184703,4.464367659248176,1.0,1.1368637576214287,1496972.4582465014,0.8381938352761986,1.0013232211466252,0.03667407990298227
12-01-2026,00.05,307,1151.25,4.32889,0.00696748,45.8838,0.770696,0.0,621.2992358786822,59.535536709675405,1.147095,0.8005017857142858,1.1372812576214286,0.0,0.0,1.1372812576214286,1.3211960033817776,1.5760690496221053,0.007008443208124276,4.458655975771774,0.6138515884184703,4.464266247074955,1.0,1.1372812576214286,1507325.923821966,0.843991010081448,1.0013232211466252,0.03667407990298227
12-01-2026,00.05,308,1155.0,4.33677,0.00677256,46.9369,0.773089,0.0,640.3442715900634,60.71344955108661,1.1734225000000003,0.808381785714285,1.163608757621429,0.0,0.0,1.163608757621429,1.3568605936682807,1.6270867291819273,0.007008443208124276,4.458655975771774,0.6138515884184703,4.464321473607434,1.0,1.163608757621429,1552283.1728859267,0.8691637437605491,1.0013232211466252,0.03667407990298227
12-01-2026,00.05,309,1158.75,4.33819,0.00685555,47.7058,0.787785,0.0,632.7997024308771,60.5568778283415,1.192645,0.8098017857142854,1.1828312576214286,0.0,0.0,1.1828312576214286,1.383070141653127,1.6649209163445864,0.007008443208124276,4.458655975771774,0.6138515884184703,4.46433142559679,1.0,1.1828312576214286,1588189.3777821322,0.8892685622736548,1.0013232211466252,0.03667407990298227
12-01-2026,00.05,310,1162.5,4.32056,0.00684029,46.2014,0.757367,0.0,631.6340389077072,61.002657892408834,1.155035,0.7921717857142858,1.1452212576214287,0.0,0.0,1.1452212576214287,1.3319237830369637,1.5913590195103582,0.007008443208124276,4.458655975771774,0.6138515884184703,4.464207866743031,1.0,1.1452212576214287,1547659.165182459,0.8665746415162391,1.0013232211466252,0.03667407990298227
12-01-2026,00.05,311,1166.25,4.30251,0.00665888,43.8445,0.771722,0.0,646.1311812196645,56.81385265678573,1.0961125,0.7741217857142852,1.0862987576214287,0.0,0.0,1.0862987576214287,1.2528862291285772,1.4798217382908745,0.007008443208124276,4.458655975771774,0.6138515884184703,4.464081364343124,1.0,1.0862987576214287,1477517.3737861246,0.8273004272047054,1.0013232211466252,0.03667407990298227
12-01-2026,00.05,312,1170.0,4.29445,0.00653391,43.7108,0.746089,0.0,657.2557626291149,58.586576132338095,1.09277,0.7660617857142857,1.0829562576214287,0.0,0.0,1.0829562576214287,1.2484420531970124,1.4736257892953188,0.007008443208124276,4.458655975771774,0.6138515884184703,4.464024876290867,1.0,1.0829562576214287,1482458.8210579737,0.8300672721241222,1.0013232211466252,0.03667407990298227
12-01-2026,00.05,313,1173.75,4.29305,0.00649375,45.1483,0.77138,0.0,661.1049085659288,58.52925924965646,1.1287075,0.7646617857142854,1.1188937576214286,0.0,0.0,1.1188937576214286,1.2964453080428813,1.5409747392306312,0.007008443208124276,4.458655975771774,0.6138515884184703,4.4640150644703755,1.0,1.1188937576214286,1541487.6919745682,0.8631190730661117,1.0013232211466252,0.03667407990298227
12-01-2026,00.05,314,1177.5,4.27752,0.00649226,43.3932,0.754291,0.0,658.8645556401007,57.528460501318456,1.08483,0.7491317857142854,1.0750162576214286,0.0,0.0,1.0750162576214286,1.2379018458384108,1.4589626840250394,0.007008443208124276,4.458655975771774,0.6138515884184703,4.463906223347353,1.0,1.0750162576214286,1490516.760043721,0.8345791218550095,1.0013232211466252,0.03667407990298227
12-01-2026,00.05,315,1181.25,4.26002,0.00642909,41.9724,0.740279,0.0,662.6163267274218,56.69808274988214,1.04931,0.7316317857142853,1.0394962576214286,0.0,0.0,1.0394962576214286,1.1910370762336593,1.3943026069131743,0.007008443208124276,4.458655975771774,0.6138515884184703,4.463783575591211,1.0,1.0394962576214286,1450462.727284963,0.8121518265822106,1.0013232211466252,0.03667407990298227
12-01-2026,00.05,316,1185.0,4.26171,0.00634852,42.7079,0.75019,0.0,671.2918916534877,56.929444540716354,1.0676975,0.7333217857142853,1.0578837576214286,0.0,0.0,1.0578837576214286,1.2152389373108454,1.427585492469877,0.007008443208124276,4.458655975771774,0.6138515884184703,4.463795419860233,1.0,1.0578837576214286,1485506.8195459505,0.8317739257959914,1.0013232211466252,0.03667407990298227
12-01-2026,00.05,317,1188.75,4.2575,0.00621299,42.2399,0.745063,0.0,685.2578227230368,56.69305817091977,1.0559975,0.7291117857142857,1.0461837576214286,0.0,0.0,1.0461837576214286,1.199824792057084,1.4063609246191402,0.007008443208124276,4.458655975771774,0.6138515884184703,4.463765914314327,1.0,1.0461837576214286,1478390.0571509025,0.8277890653305943,1.0013232211466252,0.03667407990298227
12-01-2026,00.05,318,1192.5,4.24454,0.00614063,40.4847,0.730025,0.0,691.2222361549221,55.456593952261905,1.0121175,0.7161517857142852,1.0023037576214286,0.0,0.0,1.0023037576214286,1.1424634336642565,1.3281949235330532,0.007008443208124276,4.458655975771774,0.6138515884184703,4.463675084890349,1.0,1.0023037576214286,1425332.3229240377,0.7980806592088313,1.0013232211466252,0.03667407990298227
12-01-2026,00.05,319,1196.25,4.24338,0.00627955,41.2369,0.728317,0.0,675.7458735100445,56.619439062935506,1.0309225,0.7149917857142856,1.0211087576214286,0.0,0.0,1.0211087576214286,1.166959714403719,1.3614192104618998,0.007008443208124276,4.458655975771774,0.6138515884184703,4.463666955096228,1.0,1.0211087576214286,1461220.9914981683,0.8181756586788572,1.0013232211466252,0.03667407990298227
12-01-2026,00.05,320,1200.0,4.23493,0.00614122,41.2871,0.743696,0.0,689.5909933205454,55.51609797551688,1.0321775,0.7065417857142857,1.0223637576214286,0.0,0.0,1.0223637576214286,1.1685991248562215,1.3636510419595964,0.007008443208124276,4.458655975771774,0.6138515884184703,4.463607733751119,1.0,1.0223637576214286,1472203.8109748573,0.8243252251111585,1.0013232211466252,0.03667407990298227
12-01-2026,00.05,321,1203.75,4.22435,0.00619493,40.5516,0.716013,0.0,681.9043960141599,56.63528455488937,1.01379,0.6959617857142857,1.0039762576214286,0.0,0.0,1.0039762576214286,1.1446369022984368,1.331133430548711,0.007008443208124276,4.458655975771774,0.6138515884184703,4.4635335844219775,1.0,1.0039762576214286,1454775.715709573,0.814566781038594,1.0013232211466252,0.03667407990298227
12-01-2026,00.05,322,1207.5,4.22279,0.00630086,41.7718,0.751557,0.0,670.1926403697273,55.580348529785496,1.0442950000000002,0.6944017857142852,1.0344812576214288,0.0,0.0,1.0344812576214288,1.1844579185207065,1.3852946855129376,0.007008443208124276,4.458655975771774,0.6138515884184703,4.463522651250573,1.0,1.0344812576214288,1508331.8631827845,0.8445542617072578,1.0013232211466252,0.03667407990298227
12-01-2026,00.05,323,1211.25,4.2129,0.00607962,39.4317,0.731051,0.0,692.954493866393,53.93837092077023,0.9857925000000001,0.6845117857142857,0.9759787576214286,0.0,0.0,0.9759787576214286,1.108386371851069,1.2823596001805335,0.007008443208124276,4.458655975771774,0.6138515884184703,4.463453337747244,1.0,0.9759787576214286,1431884.3597421471,0.8017493151277751,1.0013232211466252,0.03667407990298227
12-01-2026,00.05,324,1215.0,4.19908,0.00600576,39.8328,0.746772,0.0,699.175458226769,53.339975253491026,0.9958199999999999,0.6706917857142858,0.9860062576214285,0.0,0.0,0.9860062576214285,1.1213372754504174,1.299726991898867,0.007008443208124276,4.458655975771774,0.6138515884184703,4.463356481062108,1.0,0.9860062576214285,1455567.0876571932,0.8150098907860391,1.0013232211466252,0.03667407990298227
12-01-2026,00.05,325,1218.75,4.19994,0.00609722,39.7158,0.729,0.0,688.8286792997463,54.479835390946505,0.992895,0.6715517857142852,0.9830812576214285,0.0,0.0,0.9830812576214285,1.1175557915510963,1.2946493615330166,0.007008443208124276,4.458655975771774,0.6138515884184703,4.463362508323267,1.0,0.9830812576214285,1460221.2820724538,0.8176158953558346,1.0013232211466252,0.03667407990298227
12-01-2026,00.05,326,1222.5,4.1976,0.00609454,38.7965,0.726266,0.0,688.7476331273567,53.41913293476495,0.9699125000000001,0.6692117857142859,0.9600987576214286,0.0,0.0,0.9600987576214286,1.087950436821546,1.2550838444845533,0.007008443208124276,4.458655975771774,0.6138515884184703,4.46334610856616,1.0,0.9600987576214286,1434873.5938824601,0.8034230651121552,1.0013232211466252,0.03667407990298227
12-01-2026,00.05,327,1226.25,4.19339,0.00594611,40.234,0.733101,0.0,705.2324965397545,54.88193304878864,1.0058500000000001,0.6650017857142854,0.9960362576214287,0.0,0.0,0.9960362576214287,1.1343276263507494,1.3172115141674894,0.007008443208124276,4.458655975771774,0.6138515884184703,4.463316603020254,1.0,0.9960362576214287,1497728.8264387746,0.8386173455101178,1.0013232211466252,0.03667407990298227
12-01-2026,00.05,328,1230.0,4.18975,0.00600139,38.0777,0.728658,0.0,698.1299332321346,52.25730040704967,0.9519425,0.6613617857142855,0.9421287576214286,0.0,0.0,0.9421287576214286,1.0649331896050094,1.2245507077936637,0.007008443208124276,4.458655975771774,0.6138515884184703,4.463291092286976,1.0,0.9421287576214286,1425346.5974054593,0.7980886518624458,1.0013232211466252,0.03667407990298227
12-01-2026,00.05,329,1233.75,4.17226,0.00595511,37.2252,0.721139,0.0,700.6184604482537,51.62000668387093,0.9306300000000001,0.643871785714285,0.9208162576214286,0.0,0.0,0.9208162576214286,1.0377825610411504,1.1887878441589204,0.007008443208124276,4.458655975771774,0.6138515884184703,4.463168514615266,1.0,0.9208162576214286,1401610.3951106397,0.7847981345073761,1.0013232211466252,0.03667407990298227
12-01-2026,00.05,330,1237.5,4.16147,0.00576469,38.1947,0.717722,0.0,721.8896419408501,53.216565745511495,0.9548675,0.633081785714285,0.9450537576214285,0.0,0.0,0.9450537576214285,1.0686719347609401,1.2294968121759144,0.007008443208124276,4.458655975771774,0.6138515884184703,4.463092893513051,1.0,0.9450537576214285,1447261.2310074407,0.8103592255034826,1.0013232211466252,0.03667407990298227
12-01-2026,00.05,331,1241.25,4.16671,0.00582323,37.5428,0.715329,0.0,715.5324450519729,52.48326294614087,0.9385699999999999,0.6383217857142856,0.9287562576214284,0.0,0.0,0.9287562576214284,1.0478788838652158,1.2020548960684563,0.007008443208124276,4.458655975771774,0.6138515884184703,4.4631296177554605,1.0,0.9287562576214284,1430936.2172989873,0.801218425500219,1.0013232211466252,0.03667407990298227
12-01-2026,00.05,332,1245.0,4.15546,0.00579924,36.6736,0.713279,0.0,716.5525137776674,51.41550501276499,0.9168400000000001,0.6270717857142851,0.9070262576214286,0.0,0.0,0.9070262576214286,1.0202999750693247,1.1659035041778187,0.007008443208124276,4.458655975771774,0.6138515884184703,4.463050772769369,1.0,0.9070262576214286,1405913.374969655,0.7872074849074289,1.0013232211466252,0.03667407990298227
12-01-2026,00.05,333,1248.75,4.13642,0.00566483,35.8713,0.69619,0.0,730.1931390703693,51.52515836194142,0.8967824999999999,0.6080317857142856,0.8869687576214285,0.0665557,0.0016638924999999999,0.8853048651214285,0.9928964282306845,1.1302571734340172,0.007008443208124276,4.458655975771774,0.6138515884184703,4.4629173320106865,1.0,0.8869687576214285,1383118.2923045987,0.7744439249239391,1.0013232211466252,0.03667407990298227
12-01-2026,00.05,334,1252.5,4.12732,0.00536581,34.7514,0.683544,0.0,769.1886220346975,50.84003370668164,0.868785,0.5989317857142855,0.8589712576214286,0.0,0.0,0.8589712576214286,0.959892515570189,1.0876856165645485,0.007008443208124276,4.458655975771774,0.6138515884184703,4.462853555177493,1.0,0.8589712576214286,1347516.5289639763,0.7545095711603256,1.0013232211466252,0.03667407990298227
12-01-2026,00.05,335,1256.25,4.11785,0.00530584,35.3865,0.683544,0.0,776.0976584292025,51.76916189740528,0.8846624999999999,0.5894617857142852,0.8748487576214284,0.0,0.0,0.8748487576214284,0.9797632659626727,1.1132699666132617,0.007008443208124276,4.458655975771774,0.6138515884184703,4.462787185220312,1.0,0.8748487576214284,1380654.8694009113,0.773064590334198,1.0013232211466252,0.03667407990298227
12-01-2026,00.05,336,1260.0,4.11049,0.00532272,35.186,0.700633,0.0,772.2536597829682,50.220300785147145,0.87965,0.5821017857142858,0.8698362576214286,0.0,0.0,0.8698362576214286,0.9734807669673606,1.1051657357459006,0.007008443208124276,4.458655975771774,0.6138515884184703,4.4627356030783005,1.0,0.8698362576214286,1380952.04259978,0.7732309853416205,1.0013232211466252,0.03667407990298227
12-01-2026,00.05,337,1263.75,4.09672,0.0052958,33.1467,0.693798,0.0,773.5790626534235,47.775721463596035,0.8286675,0.5683317857142858,0.8188537576214285,0.0,0.0,0.8188537576214285,0.910067755542518,1.0241501943530247,0.007008443208124276,4.458655975771774,0.6138515884184703,4.462639096815324,1.0,0.8188537576214285,1307761.908740269,0.7322499247575519,1.0013232211466252,0.03667407990298227
12-01-2026,00.05,338,1267.5,4.08605,0.00514691,33.6314,0.686962,0.0,793.8840974487605,48.956710851546376,0.840785,0.5576617857142856,0.8309712576214285,0.0,0.0,0.8309712576214285,0.9250599176904675,1.043175949237655,0.007008443208124276,4.458655975771774,0.6138515884184703,4.462564316726294,1.0,0.8309712576214285,1335002.0675020663,0.7475023985223856,1.0013232211466252,0.03667407990298227
12-01-2026,00.05,339,1271.25,4.08791,0.00527272,33.8822,0.690722,0.0,775.2943452335796,49.05330943563402,0.847055,0.5595217857142853,0.8372412576214285,0.0,0.0,0.8372412576214285,0.9328368166963596,1.0530762479942635,0.007008443208124276,4.458655975771774,0.6138515884184703,4.462577352430661,1.0,0.8372412576214285,1353045.973600015,0.7576056511054822,1.0013232211466252,0.03667407990298227
12-01-2026,00.05,340,1275.0,4.07879,0.00514952,32.2273,0.673633,0.0,792.0718824278766,47.84103510368405,0.8056825,0.5504017857142851,0.7958687576214285,0.0,0.0,0.7958687576214285,0.8817653429538953,0.9884464707226951,0.007008443208124276,4.458655975771774,0.6138515884184703,4.462513435428603,1.0,0.7958687576214285,1293784.1491083347,0.7244234133946217,1.0013232211466252,0.03667407990298227
12-01-2026,00.05,341,1278.75,4.06974,0.0050799,32.8959,0.664063,0.0,801.1456918443278,49.53731799543115,0.8223974999999999,0.5413517857142858,0.8125837576214284,0.0,0.0,0.8125837576214284,0.9023296965686501,1.0143609486232885,0.007008443208124276,4.458655975771774,0.6138515884184703,4.462450009017569,1.0,0.8125837576214284,1328738.230124681,0.7439951129701537,1.0013232211466252,0.03667407990298227
12-01-2026,00.05,342,1282.5,4.06996,0.00514502,32.7789,0.689696,0.0,791.0484312986149,47.52659142578759,0.8194724999999999,0.5415717857142854,0.8096587576214285,0.0,0.0,0.8096587576214285,0.8987243462246991,1.0098070157949062,0.007008443208124276,4.458655975771774,0.6138515884184703,4.462451550875075,1.0,0.8096587576214285,1331731.7849029608,0.7456712821921679,1.0013232211466252,0.03667407990298227
12-01-2026,00.05,343,1286.25,4.06373,0.00519397,31.8094,0.664405,0.0,782.3938143655046,47.876521097824366,0.795235,0.535341785714285,0.7854212576214286,0.0,0.0,0.7854212576214286,0.8689591320806994,0.9723822941435396,0.007008443208124276,4.458655975771774,0.6138515884184703,4.462407888273888,1.0,0.7854212576214286,1299431.6091267671,0.7275855732235097,1.0013232211466252,0.03667407990298227
12-01-2026,00.05,344,1290.0,4.05521,0.00509339,31.0907,0.66919,0.0,796.1711158972707,46.46019815000224,0.7772674999999999,0.5268217857142852,0.7674537576214284,0.0,0.0,0.7674537576214284,0.8470196868557359,0.9449919225652208,0.007008443208124276,4.458655975771774,0.6138515884184703,4.462348176337755,1.0,0.7674537576214284,1277119.798057819,0.7150926095829189,1.0013232211466252,0.03667407990298227
12-01-2026,00.05,345,1293.75,4.05389,0.00492951,31.1575,0.668506,0.0,822.3717976026015,46.60765946752908,0.7789375000000001,0.5255017857142854,0.7691237576214286,0.0,0.0,0.7691237576214286,0.8490543711578998,0.9475252242053118,0.007008443208124276,4.458655975771774,0.6138515884184703,4.462338925192721,1.0,0.7691237576214286,1287350.9332156482,0.7208212884039141,1.0013232211466252,0.03667407990298227
12-01-2026,00.05,346,1297.5,4.05416,0.00503557,31.3247,0.680127,0.0,805.1044866817462,46.057133447135605,0.7831174999999999,0.5257717857142858,0.7733037576214284,0.0665557,0.0016638924999999999,0.7716398651214285,0.8521216652552042,0.9513468483599613,0.007008443208124276,4.458655975771774,0.6138515884184703,4.462340817472387,1.0,0.7733037576214284,1301861.7091041598,0.7289462494396516,1.0013232211466252,0.03667407990298227
12-01-2026,00.05,347,1301.25,4.04213,0.00491712,30.0543,0.644241,0.0,822.052339580893,46.6507099051442,0.7513575000000001,0.5137417857142856,0.7415437576214287,0.0,0.0,0.7415437576214287,0.8155688261908586,0.9060120441442138,0.007008443208124276,4.458655975771774,0.6138515884184703,4.4622565059005925,1.0,0.7415437576214287,1255620.1262546054,0.7030543838516157,1.0013232211466252,0.03667407990298227
12-01-2026,00.05,348,1305.0,4.03457,0.00485395,31.3414,0.663722,0.0,831.193151969015,47.2206737158027,0.783535,0.5061817857142858,0.7737212576214285,0.0,0.0,0.7737212576214285,0.8546605915080401,0.9545125890931809,0.007008443208124276,4.458655975771774,0.6138515884184703,4.462203522069939,1.0,0.7737212576214285,1317666.6447607332,0.7377958442076105,1.0013232211466252,0.03667407990298227
12-01-2026,00.05,349,1308.75,4.04151,0.00500206,30.4388,0.669532,0.0,807.9691167239097,45.46280088180998,0.76097,0.5131217857142851,0.7511562576214286,0.0,0.0,0.7511562576214286,0.8272113295271026,0.9204027184322633,0.007008443208124276,4.458655975771774,0.6138515884184703,4.462252160665804,1.0,0.7511562576214286,1286600.390642076,0.7204010400855065,1.0013232211466252,0.03667407990298227
12-01-2026,00.05,350,1312.5,4.03552,0.00498237,29.8872,0.646633,0.0,809.9599186732419,46.21972587232634,0.74718,0.5071317857142854,0.7373662576214285,0.0665557,0.0016638924999999999,0.7357023651214285,0.8085085339354149,0.8973073672024412,0.007008443208124276,4.458655975771774,0.6138515884184703,4.462210180090987,1.0,0.7373662576214285,1270228.5922306639,0.7112340441095721,1.0013232211466252,0.03667407990298227
12-01-2026,00.05,351,1316.25,4.02093,0.00480239,29.5863,0.654494,0.0,837.2768558988337,45.20484526978093,0.7396575000000001,0.4925417857142853,0.7298437576214286,0.0,0.0,0.7298437576214286,0.801438569959425,0.8886074813991094,0.007008443208124276,4.458655975771774,0.6138515884184703,4.46210792690458,1.0,0.7298437576214286,1264464.5735069667,0.7080066200283844,1.0013232211466252,0.03667407990298227
12-01-2026,00.05,352,1320.0,4.02217,0.00478323,30.5224,0.652443,0.0,840.8899425701878,46.78171119929251,0.7630600000000001,0.49378178571428544,0.7532462576214286,0.199667,0.004991675,0.7482545826214286,0.8236936902151183,0.9160499442353157,0.007008443208124276,4.458655975771774,0.6138515884184703,4.462116617374159,1.0,0.7532462576214286,1312456.2792795773,0.7348784249847101,1.0013232211466252,0.03667407990298227
12-01-2026,00.05,353,1323.75,4.01782,0.00473029,29.3857,0.640823,0.0,849.3813275718826,45.85618805816895,0.7346425000000001,0.4894317857142858,0.7248287576214286,0.0,0.0,0.7248287576214286,0.7953954810687892,0.8811844310798003,0.007008443208124276,4.458655975771774,0.6138515884184703,4.462086130646203,1.0,0.7248287576214286,1270127.6248844333,0.7111775098649317,1.0013232211466252,0.03667407990298227
12-01-2026,00.05,354,1327.5,4.00767,0.00472416,29.3188,0.646291,0.0,848.3349420849421,45.36470413482472,0.73297,0.4792817857142855,0.7231562576214285,0.0,0.0,0.7231562576214285,0.7933819238152537,0.8787137720661448,0.007008443208124276,4.458655975771774,0.6138515884184703,4.462014994947641,1.0,0.7231562576214285,1274386.6347199725,0.7135622403046027,1.0013232211466252,0.03667407990298227
12-01-2026,00.05,355,1331.25,4.01411,0.00488309,29.8203,0.659962,0.0,822.0430096516754,45.18487428064039,0.7455075,0.48572178571428504,0.7356937576214285,0.0,0.0,0.7356937576214285,0.808498138529772,0.8972945629544242,0.007008443208124276,4.458655975771774,0.6138515884184703,4.462060129321901,1.0,0.7356937576214285,1303816.0191221323,0.7300405184759716,1.0013232211466252,0.03667407990298227
12-01-2026,00.05,356,1335.0,4.01193,0.00488753,29.1183,0.652101,0.0,820.8502045000236,44.65305221123722,0.7279575,0.48354178571428585,0.7181437576214286,0.0,0.0,0.7181437576214286,0.7873526853429509,0.8713238833439146,0.007008443208124276,4.458655975771774,0.6138515884184703,4.462044850915707,1.0,0.7181437576214286,1279893.7584268504,0.7166458221806618,1.0013232211466252,0.03667407990298227
12-01-2026,00.05,357,1338.75,4.00348,0.00479802,28.9845,0.658253,0.0,834.4025243746378,44.03246168266609,0.7246125000000001,0.4750917857142851,0.7147987576214286,0.0,0.0,0.7147987576214286,0.7833336940628939,0.8664046059345162,0.007008443208124276,4.458655975771774,0.6138515884184703,4.461985629570599,1.0,0.7147987576214286,1281099.1902200643,0.7173207748107865,1.0013232211466252,0.03667407990298227
12-01-2026,00.05,358,1342.5,4.00137,0.0047548,27.6807,0.627494,0.0,841.5432825776057,44.11309112119,0.6920175000000001,0.47298178571428506,0.6822037576214286,0.0,0.0,0.6822037576214286,0.7443590319216257,0.8189755192632271,0.007008443208124276,4.458655975771774,0.6138515884184703,4.46197084175543,1.0,0.6822037576214286,1229540.0961345858,0.6884514963034879,1.0013232211466252,0.03667407990298227
12-01-2026,00.05,359,1346.25,3.99804,0.00468147,28.0819,0.630228,0.0,854.0138033566379,44.55831857676905,0.7020475,0.46965178571428545,0.6922337576214286,0.0,0.0,0.6922337576214286,0.7563159645316295,0.8334731347618515,0.007008443208124276,4.458655975771774,0.6138515884184703,4.461947503639546,1.0,0.6922337576214286,1254596.891006353,0.7024814478083387,1.0013232211466252,0.03667407990298227
12-01-2026,00.05,360,1350.0,3.99127,0.00464001,27.8145,0.644582,0.0,860.1856461516247,43.151220480869775,0.6953625,0.4628817857142855,0.6855487576214285,0.0665557,0.0016638924999999999,0.6838848651214285,0.746360873533632,0.8213994696366258,0.007008443208124276,4.458655975771774,0.6138515884184703,4.461900056479028,1.0,0.6855487576214285,1249412.6107650534,0.6995786343900533,1.0013232211466252,0.03667407990298227
12-01-2026,00.05,361,1353.75,3.98682,0.00469587,26.9954,0.633646,0.0,849.005615572833,42.60328322123078,0.674885,0.4584317857142852,0.6650712576214285,0.0,0.0,0.6650712576214285,0.7240090097358639,0.7944084566510087,0.007008443208124276,4.458655975771774,0.6138515884184703,4.461868868906752,1.0,0.6650712576214285,1218835.5660630306,0.6824577513510817,1.0013232211466252,0.03667407990298227
12-01-2026,00.05,362,1357.5,3.9855,0.0045876,27.9148,0.626127,0.0,868.754904525242,44.583287416131235,0.69787,0.45711178571428546,0.6880562576214285,0.0,0.0,0.6880562576214285,0.751332000613179,0.8274244674220326,0.007008443208124276,4.458655975771774,0.6138515884184703,4.461859617761717,1.0,0.6880562576214285,1267954.3718963787,0.7099606489620819,1.0013232211466252,0.03667407990298227
12-01-2026,00.05,363,1361.25,3.97881,0.00450148,26.6109,0.625785,0.0,883.8892986306726,42.5240298185479,0.6652725,0.4504217857142856,0.6554587576214286,0.0,0.0,0.6554587576214286,0.7126318977894881,0.780732153239343,0.007008443208124276,4.458655975771774,0.6138515884184703,4.4618127312766545,1.0,0.6554587576214286,1214566.102026816,0.6800671673324014,1.0013232211466252,0.03667407990298227
12-01-2026,00.05,364,1365.0,3.96584,0.00447945,26.728,0.623734,0.0,885.3408342542052,42.851600201367894,0.6682,0.43745178571428545,0.6583862576214286,0.0,0.0,0.6583862576214286,0.7160937291211082,0.7848891642506917,0.007008443208124276,4.458655975771774,0.6138515884184703,4.461721831768245,1.0,0.6583862576214286,1226721.7348566863,0.6868734224814194,1.0013232211466252,0.03667407990298227
12-01-2026,00.05,365,1368.75,3.96341,0.0044215,26.7781,0.630228,0.0,896.3948886124618,42.48954346680883,0.6694525,0.4350217857142855,0.6596387576214285,0.0,0.0,0.6596387576214285,0.7175756614852269,0.7866698679511711,0.007008443208124276,4.458655975771774,0.6138515884184703,4.4617048012512495,1.0,0.6596387576214285,1235817.7521203647,0.6919665192541627,1.0013232211466252,0.03667407990298227
12-01-2026,00.05,366,1372.5,3.96254,0.00439836,26.4939,0.632962,0.0,900.913067597923,41.857015113071554,0.6623475,0.4341517857142856,0.6525337576214285,0.0665557,0.0016638924999999999,0.6508698651214285,0.707210858845687,0.774230249285574,0.007008443208124276,4.458655975771774,0.6138515884184703,4.461698703905658,1.0,0.6525337576214285,1229214.5442553512,0.6882692113344266,1.0013232211466252,0.03667407990298227
12-01-2026,00.05,367,1376.25,3.94774,0.00428024,24.9561,0.594684,0.0,922.3174401435433,41.96531267025849,0.6239025,0.41935178571428544,0.6140887576214286,0.0,0.0,0.6140887576214286,0.6639977960112138,0.7227370423226359,0.007008443208124276,4.458655975771774,0.6138515884184703,4.461594978946178,1.0,0.6140887576214286,1163123.4469960209,0.6512630860819283,1.0013232211466252,0.03667407990298227
12-01-2026,00.05,368,1380.0,3.94134,0.00428011,24.9227,0.599468,0.0,920.850165065851,41.57469623065785,0.6230675,0.41295178571428526,0.6132537576214285,0.0,0.0,0.6132537576214285,0.6630216619519873,0.7215807161827269,0.007008443208124276,4.458655975771774,0.6138515884184703,4.461550124909646,1.0,0.6132537576214285,1167880.4560142485,0.6539266592234825,1.0013232211466252,0.03667407990298227
12-01-2026,00.05,369,1383.75,3.94313,0.00422026,25.0564,0.611089,0.0,934.3334296939051,41.0028653764018,0.62641,0.41474178571428544,0.6165962576214286,0.0,0.0,0.6165962576214286,0.6669304179144975,0.7262128292184026,0.007008443208124276,4.458655975771774,0.6138515884184703,4.461562670022989,1.0,0.6165962576214286,1180636.3551655032,0.6610690191066501,1.0013232211466252,0.03667407990298227
12-01-2026,00.05,370,1387.5,3.9382,0.00422893,25.4074,0.606304,0.0,931.2521134187609,41.9053807990711,0.635185,0.40981178571428556,0.6253712576214285,0.0665557,0.0016638924999999999,0.6237073651214285,0.6752577442857005,0.7360973278368929,0.007008443208124276,4.458655975771774,0.6138515884184703,4.461528118397973,1.0,0.6253712576214285,1203937.3851802533,0.6741158721775655,1.0013232211466252,0.03667407990298227
12-01-2026,00.05,371,1391.25,3.93195,0.00414152,24.5382,0.607329,0.0,949.3978056365779,40.40347159447351,0.6134550000000001,0.40356178571428547,0.6036412576214286,0.0,0.0,0.6036412576214286,0.6517999463561562,0.708309065619412,0.007008443208124276,4.458655975771774,0.6138515884184703,4.461484315627922,1.0,0.6036412576214286,1168393.8704100617,0.6542141333043462,1.0013232211466252,0.03667407990298227
12-01-2026,00.05,372,1395.0,3.93193,0.00417261,24.4881,0.606987,0.0,942.3190760698939,40.34369764097089,0.6122025,0.40354178571428534,0.6023887576214285,0.0,0.0,0.6023887576214285,0.6503398663327192,0.7065851766775455,0.007008443208124276,4.458655975771774,0.6138515884184703,4.4614841754590575,1.0,0.6023887576214285,1172263.5820502404,0.6563808855536786,1.0013232211466252,0.03667407990298227
12-01-2026,00.05,373,1398.75,3.93066,0.00417887,24.2875,0.597076,0.0,940.6035602926149,40.67740120185705,0.6071875,0.40227178571428546,0.5973737576214285,0.0,0.0,0.5973737576214285,0.644498556195252,0.6996951433807875,0.007008443208124276,4.458655975771774,0.6138515884184703,4.461475274736183,1.0,0.5973737576214285,1168762.6901828211,0.6544206450929578,1.0013232211466252,0.03667407990298227
12-01-2026,00.05,374,1402.5,3.92679,0.00409582,24.1538,0.598785,0.0,958.7310965813928,40.33801781941765,0.6038450000000001,0.3984017857142854,0.5940312576214286,0.0,0.0,0.5940312576214286,0.6406096149732025,0.6951139267678915,0.007008443208124276,4.458655975771774,0.6138515884184703,4.461448152060968,1.0,0.5940312576214286,1168463.1964367102,0.6542529507507466,1.0013232211466252,0.03667407990298227
12-01-2026,00.05,375,1406.25,3.92405,0.00411551,23.5353,0.596051,0.0,953.4784267320452,39.485379606778615,0.5883824999999999,0.39566178571428523,0.5785687576214285,0.0,0.0,0.5785687576214285,0.6226638272648987,0.6740347468167844,0.007008443208124276,4.458655975771774,0.6138515884184703,4.461428948926577,1.0,0.5785687576214285,1144142.3185384693,0.6406350583102339,1.0013232211466252,0.03667407990298227
12-01-2026,00.05,376,1410.0,3.92378,0.0040584,23.669,0.589557,0.0,966.8292923319534,40.14709349562468,0.5917250000000001,0.39539178571428524,0.5819112576214286,0.0,0.0,0.5819112576214286,0.6265369387322152,0.6785756288708449,0.007008443208124276,4.458655975771774,0.6138515884184703,4.461427056646912,1.0,0.5819112576214286,1156897.7712771622,0.6477771682353912,1.0013232211466252,0.03667407990298227
12-01-2026,00.05,377,1413.75,3.92148,0.00408611,23.4016,0.591266,0.0,959.7098462841187,39.5788020958418,0.58504,0.39309178571428527,0.5752262576214285,0.0,0.0,0.5752262576214285,0.61879412498051,0.6695025137758538,0.007008443208124276,4.458655975771774,0.6138515884184703,4.461410937227533,1.0,0.5752262576214285,1149698.4295707564,0.643746069464593,1.0013232211466252,0.03667407990298227
12-01-2026,00.05,378,1417.5,3.91917,0.00407242,23.8696,0.608013,0.0,962.3688126470255,39.25837112035433,0.59674,0.39078178571428523,0.5869262576214286,0.0,0.0,0.5869262576214286,0.6323544590015368,0.685404927744732,0.007008443208124276,4.458655975771774,0.6138515884184703,4.4613947477237215,1.0,0.5869262576214286,1179314.5977278466,0.6603289327210449,1.0013232211466252,0.03667407990298227
12-01-2026,00.05,379,1421.25,3.91013,0.00406968,23.1174,0.586823,0.0,960.7954433763834,39.394161442206595,0.577935,0.3817417857142855,0.5681212576214285,0.0,0.0,0.5681212576214285,0.6105797799639175,0.6598971720665049,0.007008443208124276,4.458655975771774,0.6138515884184703,4.46133139139712,1.0,0.5681212576214285,1147577.4220218696,0.642558462142723,1.0013232211466252,0.03667407990298227
12-01-2026,00.05,380,1425.0,3.89798,0.00399823,21.6632,0.571443,0.0,974.9264049341833,37.909642781519764,0.5415800000000001,0.3695917857142854,0.5317662576214286,0.0,0.0,0.5317662576214286,0.5687876138640732,0.6113495257111321,0.007008443208124276,4.458655975771774,0.6138515884184703,4.461246238812142,1.0,0.5317662576214286,1079817.8568825135,0.6046181183054472,1.0013232211466252,0.03667407990298227
12-01-2026,00.05,381,1428.75,3.904,0.00403467,23.6022,0.602886,0.0,967.6132124808225,39.14869477811725,0.590055,0.37561178571428533,0.5802412576214285,0.0,0.0,0.5802412576214285,0.624601405002954,0.6763058033315962,0.007008443208124276,4.458655975771774,0.6138515884184703,4.461288429640255,1.0,0.5802412576214285,1184461.8918410277,0.663211036643702,1.0013232211466252,0.03667407990298227
12-01-2026,00.05,382,1432.5,3.9084,0.00408976,23.6189,0.592291,0.0,955.6550995657448,39.8771887467478,0.5904725,0.3800117857142853,0.5806587576214285,0.0,0.0,0.5806587576214285,0.6250852085773212,0.676873056897761,0.007008443208124276,4.458655975771774,0.6138515884184703,4.461319266790371,1.0,0.5806587576214285,1191544.4326942875,0.6671767355773003,1.0013232211466252,0.03667407990298227
12-01-2026,00.05,383,1436.25,3.89186,0.00375365,22.2148,0.577937,0.0,1036.8201617092695,38.43809965446061,0.55537,0.3634717857142853,0.5455562576214286,0.0,0.0,0.5455562576214286,0.5845930964668579,0.6296469792026337,0.007008443208124276,4.458655975771774,0.6138515884184703,4.461203347139708,1.0,0.5455562576214286,1125381.1201063558,0.6301301750830494,1.0013232211466252,0.03667407990298227
12-01-2026,00.05,384,1440.0,3.88735,0.00377483,22.616,0.568367,0.0,1029.807964861994,39.79119125494619,0.5654,0.3589617857142855,0.5555862576214285,0.0,0.0,0.5555862576214285,0.5961249976600296,0.6430452438230747,0.007008443208124276,4.458655975771774,0.6138515884184703,4.461171739060839,1.0,0.5555862576214285,1152063.6638037942,0.6450704256624611,1.0013232211466252,0.03667407990298227
12-01-2026,00.05,385,1443.75,3.89632,0.003879,22.7664,0.579987,0.0,1004.4650683165763,39.253293608305015,0.56916,0.3679317857142852,0.5593462576214285,0.0,0.0,0.5593462576214285,0.600455856534702,0.6480875688276928,0.007008443208124276,4.458655975771774,0.6138515884184703,4.461234604796416,1.0,0.5593462576214285,1165909.2051928535,0.6528229045904734,1.0013232211466252,0.03667407990298227
12-01-2026,00.05,386,1447.5,3.89245,0.0039511,22.3987,0.568709,0.0,985.1560324972793,39.385168864920374,0.5599675000000001,0.3640617857142856,0.5501537576214286,0.0,0.0,0.5501537576214286,0.5898752616484221,0.6357789685869898,0.007008443208124276,4.458655975771774,0.6138515884184703,4.461207482121201,1.0,0.5501537576214286,1152713.0991172835,0.6454340613948212,1.0013232211466252,0.03667407990298227
12-01-2026,00.05,387,1451.25,3.88573,0.00380065,21.7969,0.573835,0.0,1022.3856445607988,37.98461230144554,0.5449225,0.35734178571428554,0.5351087576214285,0.0,0.0,0.5351087576214285,0.5726133958246944,0.6157715157089503,0.007008443208124276,4.458655975771774,0.6138515884184703,4.4611603853828425,1.0,0.5351087576214285,1127006.768252865,0.6310404177847275,1.0013232211466252,0.03667407990298227
12-01-2026,00.05,388,1455.0,3.88948,0.00388774,22.499,0.577595,0.0,1000.4475607936744,38.95289952302219,0.5624750000000001,0.36109178571428524,0.5526612576214286,0.0,0.0,0.5526612576214286,0.5927588687116792,0.6391301140170209,0.007008443208124276,4.458655975771774,0.6138515884184703,4.461186667044872,1.0,0.5526612576214286,1169997.698916005,0.6551121586214563,1.0013232211466252,0.03667407990298227
12-01-2026,00.05,389,1458.75,3.88942,0.00382125,21.8972,0.564608,0.0,1017.8397121360811,38.78301405576967,0.5474300000000001,0.3610317857142853,0.5376162576214286,0.0,0.0,0.5376162576214286,0.5754856474920584,0.619094305707193,0.007008443208124276,4.458655975771774,0.6138515884184703,4.46118624653828,1.0,0.5376162576214286,1144021.3554309215,0.6405673279184797,1.0013232211466252,0.03667407990298227
12-01-2026,00.05,390,1462.5,3.88595,0.00387842,22.8165,0.591266,0.0,1001.9415122653038,38.589230566276434,0.5704125,0.3575617857142852,0.5605987576214285,0.0,0.0,0.5605987576214285,0.6018994666298022,0.6497696151696746,0.007008443208124276,4.458655975771774,0.6138515884184703,4.461161927240348,1.0,0.5605987576214285,1199068.1864187086,0.6713894810792003,1.0013232211466252,0.03667407990298227
12-01-2026,00.05,391,1466.25,3.8826,0.00388754,21.4459,0.56119,0.0,998.7292735251599,38.215043033553705,0.5361475,0.35421178571428547,0.5263337576214285,0.0,0.0,0.5263337576214285,0.5625767834748056,0.6041802735763833,0.007008443208124276,4.458655975771774,0.6138515884184703,4.461138448955601,1.0,0.5263337576214285,1131559.1887348352,0.6335894364807978,1.0013232211466252,0.03667407990298227
12-01-2026,00.05,392,1470.0,3.87872,0.00379139,22.0476,0.57076,0.0,1023.033768617842,38.628495339547264,0.55119,0.35033178571428536,0.5413762576214285,0.0,0.0,0.5413762576214285,0.5797961316795608,0.6240856468075017,0.007008443208124276,4.458655975771774,0.6138515884184703,4.461111256195953,1.0,0.5413762576214285,1169859.955094145,0.6550350322710718,1.0013232211466252,0.03667407990298227
12-01-2026,00.05,393,1473.75,3.87361,0.00381251,20.7271,0.550253,0.0,1016.0261874722953,37.668308941523264,0.5181775000000001,0.34522178571428563,0.5083637576214286,0.0,0.0,0.5083637576214286,0.5420949224194641,0.5806204966020889,0.007008443208124276,4.458655975771774,0.6138515884184703,4.461075443051159,1.0,0.5083637576214286,1104135.1031372629,0.6182339772942623,1.0013232211466252,0.03667407990298227
12-01-2026,00.05,394,1477.5,3.8689,0.00379074,20.2925,0.559481,0.0,1020.6186654848394,36.27022186633684,0.5073125,0.3405117857142854,0.49749875762142864,0.0,0.0,0.49749875762142864,0.529757745198822,0.566490306819208,0.007008443208124276,4.458655975771774,0.6138515884184703,4.46104243328365,1.0,0.49749875762142864,1086042.897254814,0.6081036804049127,1.0013232211466252,0.03667407990298227
12-01-2026,00.05,395,1481.25,3.87051,0.00384856,21.6465,0.569051,0.0,1005.7034319329827,38.03964846736057,0.5411625,0.3421217857142853,0.5313487576214285,0.0,0.0,0.5313487576214285,0.5683099840256272,0.6107977747990317,0.007008443208124276,4.458655975771774,0.6138515884184703,4.461053716877214,1.0,0.5313487576214285,1165833.1393296102,0.652780313334172,1.0013232211466252,0.03667407990298227
12-01-2026,00.05,396,1485.0,3.86938,0.00384106,21.8471,0.581354,0.0,1007.3729647545209,37.57968466717353,0.5461775,0.34099178571428546,0.5363637576214285,0.0,0.0,0.5363637576214285,0.5740507176173292,0.6174339801502456,0.007008443208124276,4.458655975771774,0.6138515884184703,4.461045797336389,1.0,0.5363637576214285,1182802.7674007148,0.6622820496939652,1.0013232211466252,0.03667407990298227
12-01-2026,00.05,397,1488.75,3.85904,0.00374869,20.911,0.566316,0.0,1029.4369499745244,36.924614526165605,0.5227750000000001,0.3306517857142852,0.5129612576214286,0.0,0.0,0.5129612576214286,0.5473259130358178,0.5866255367985147,0.007008443208124276,4.458655975771774,0.6138515884184703,4.460973330033617,1.0,0.5129612576214286,1136915.308862659,0.6365884675233592,1.0013232211466252,0.03667407990298227
12-01-2026,00.05,398,1492.5,3.8528,0.00367999,20.326,0.558456,0.0,1046.9593667374095,36.39677969258098,0.50815,0.3244117857142852,0.4983362576214286,0.0,0.0,0.4983362576214286,0.5307074810960087,0.5675764502486947,0.007008443208124276,4.458655975771774,0.6138515884184703,4.460929597347999,1.0,0.4983362576214286,1110072.0452662234,0.6215582256900647,1.0013232211466252,0.03667407990298227
12-01-2026,00.05,399,1496.25,3.85654,0.00373331,20.9779,0.564266,0.0,1033.0082420157983,37.17732416980644,0.5244475,0.32815178571428527,0.5146337576214285,0.0,0.0,0.5146337576214285,0.5492304258040083,0.5888139146955241,0.007008443208124276,4.458655975771774,0.6138515884184703,4.460955808925597,1.0,0.5146337576214285,1152143.5619121895,0.6451151626925502,1.0013232211466252,0.03667407990298227
12-01-2026,00.05,400,1500.0,3.8565,0.00372021,19.7743,0.552646,0.0,1036.6350286677366,35.78113294948304,0.4943575,0.32811178571428545,0.4845437576214286,0.0,0.0,0.4845437576214286,0.5150929719199806,0.549753488911416,0.007008443208124276,4.458655975771774,0.6138515884184703,4.460955528587869,1.0,0.4845437576214286,1090223.4546482144,0.6104444832806525,1.0013232211466252,0.03667407990298227
12-01-2026,00.05,401,1503.75,3.84608,0.00354583,18.8717,0.540342,0.0,1084.6769303660922,34.925473126279286,0.4717925,0.3176917857142856,0.4619787576214286,0.0,0.0,0.4619787576214286,0.489667599609598,0.5208871336219093,0.007008443208124276,4.458655975771774,0.6138515884184703,4.46088250060964,1.0,0.4619787576214286,1044655.9622477344,0.5849300584769945,1.0013232211466252,0.03667407990298227
12-01-2026,00.05,402,1507.5,3.84396,0.00349889,20.1254,0.543418,0.0,1098.622706058207,37.0348424233279,0.503135,0.31557178571428546,0.4933212576214286,0.0,0.0,0.4933212576214286,0.5250235006656401,0.5610801233272281,0.007008443208124276,4.458655975771774,0.6138515884184703,4.460867642710038,1.0,0.4933212576214286,1121100.3072654377,0.6277332365732843,1.0013232211466252,0.03667407990298227
12-01-2026,00.05,403,1511.25,3.84478,0.00349244,18.855,0.538633,0.0,1100.8864862388475,35.005281889524035,0.471375,0.3163917857142855,0.4615612576214286,0.0,0.0,0.4615612576214286,0.4891985792656594,0.5203564328941264,0.007008443208124276,4.458655975771774,0.6138515884184703,4.46087338963347,1.0,0.4615612576214286,1054148.9384396053,0.5902454228837455,1.0013232211466252,0.03667407990298227
12-01-2026,00.05,404,1515.0,3.83842,0.00359589,19.5738,0.559139,0.0,1067.4464458034033,35.007037606033556,0.489345,0.3100317857142856,0.47953125762142856,0.0,0.0,0.47953125762142856,0.5094321894174448,0.5433100136556189,0.007008443208124276,4.458655975771774,0.6138515884184703,4.460828815934666,1.0,0.47953125762142856,1100632.1307741434,0.616272571909858,1.0013232211466252,0.03667407990298227
12-01-2026,00.05,405,1518.75,3.83923,0.00355274,19.3732,0.547177,0.0,1080.6391686416682,35.405727945436304,0.48433000000000004,0.31084178571428556,0.4745162576214286,0.0,0.0,0.4745162576214286,0.5037759635325906,0.536881229432569,0.007008443208124276,4.458655975771774,0.6138515884184703,4.460834492773665,1.0,0.4745162576214286,1094519.9412612398,0.612850197943301,1.0013232211466252,0.03667407990298227
12-01-2026,00.05,406,1522.5,3.83903,0.00342262,19.9081,0.53419,0.0,1121.6641052760751,37.26782605440012,0.49770250000000005,0.3106417857142856,0.48788875762142864,0.0,0.0,0.48788875762142864,0.5188747011372303,0.5540634145459856,0.007008443208124276,4.458655975771774,0.6138515884184703,4.460833091085023,1.0,0.48788875762142864,1130929.1894712066,0.6332366834985415,1.0013232211466252,0.03667407990298227
12-01-2026,00.05,407,1526.25,3.82693,0.00344309,18.2031,0.52838,0.0,1111.4812566618937,34.45077406412052,0.45507749999999997,0.29854178571428536,0.44526375762142856,0.0,0.0,0.44526375762142856,0.47092955191306657,0.49973517553749347,0.007008443208124276,4.458655975771774,0.6138515884184703,4.460748288922204,1.0,0.44526375762142856,1037214.7901188878,0.580763552559488,1.0013232211466252,0.03667407990298227
12-01-2026,00.05,408,1530.0,3.81764,0.00335698,17.6348,0.520177,0.0,1137.2245291899267,33.90153736132124,0.44087,0.28925178571428534,0.4310562576214286,0.0,0.0,0.4310562576214286,0.455066131926357,0.48190847981545787,0.007008443208124276,4.458655975771774,0.6138515884184703,4.460683180484801,1.0,0.4310562576214286,1009059.5934660021,0.5649987252672869,1.0013232211466252,0.03667407990298227
12-01-2026,00.05,409,1533.75,3.82056,0.00347745,18.5875,0.537266,0.0,1098.667126773929,34.596456876109784,0.4646875,0.29217178571428537,0.45487375762142856,0.0,0.0,0.45487375762142856,0.4816927469350714,0.51187232578565,0.007008443208124276,4.458655975771774,0.6138515884184703,4.4607036451389686,1.0,0.45487375762142856,1070040.0522469245,0.5991432710409319,1.0013232211466252,0.03667407990298227
12-01-2026,00.05,410,1537.5,3.81601,0.00340268,17.3506,0.517443,0.0,1121.471898621087,33.531422784731845,0.433765,0.2876217857142853,0.4239512576214286,0.0,0.0,0.4239512576214286,0.4471548535955097,0.47304546146089,0.007008443208124276,4.458655975771774,0.6138515884184703,4.4606717567223715,1.0,0.4239512576214286,1002181.0275866552,0.561147237229649,1.0013232211466252,0.03667407990298227
12-01-2026,00.05,411,1541.25,3.80716,0.00328651,17.7518,0.532139,0.0,1158.42033038086,33.35932904748571,0.443795,0.2787717857142855,0.4339812576214286,0.0,0.0,0.4339812576214286,0.45832728488459157,0.48556724801835965,0.007008443208124276,4.458655975771774,0.6138515884184703,4.46060973199998,1.0,0.4339812576214286,1030901.4565125376,0.577228552780612,1.0013232211466252,0.03667407990298227
12-01-2026,00.05,412,1545.0,3.80843,0.00344316,17.5178,0.529405,0.0,1106.0856887277967,33.08960058934087,0.4379450000000001,0.2800417857142854,0.4281312576214287,0.0,0.0,0.4281312576214287,0.45180744321887417,0.4782555647034851,0.007008443208124276,4.458655975771774,0.6138515884184703,4.460618632722854,1.0,0.4281312576214287,1021960.0152237908,0.572222007118783,1.0013232211466252,0.03667407990298227
12-01-2026,00.05,413,1548.75,3.81095,0.0033783,17.6515,0.531798,0.0,1128.067371163011,33.19211429903835,0.4412875,0.2825617857142855,0.4314737576214286,0.0,0.0,0.4314737576214286,0.4555314619030781,0.4824303558264161,0.007008443208124276,4.458655975771774,0.6138515884184703,4.460636293999738,1.0,0.4314737576214286,1034944.4160524454,0.5794923110374549,1.0013232211466252,0.03667407990298227
12-01-2026,00.05,414,1552.5,3.80741,0.0033519,17.6013,0.513684,0.0,1135.8960589516394,34.264839862639285,0.4400325,0.2790217857142854,0.4302187576214286,0.0665557,0.0016638924999999999,0.4285548651214286,0.4522792240532602,0.4787842291968809,0.007008443208124276,4.458655975771774,0.6138515884184703,4.460611484110782,1.0,0.4302187576214286,1036937.4494242833,0.580608262287307,1.0013232211466252,0.03667407990298227
12-01-2026,00.05,415,1556.25,3.7961,0.00321324,16.2307,0.496253,0.0,1181.3932354881676,32.706502529959515,0.4057675,0.26771178571428544,0.3959537576214286,0.0,0.0,0.3959537576214286,0.4161209513071448,0.4384527551210016,0.007008443208124276,4.458655975771774,0.6138515884184703,4.460532218618098,1.0,0.3959537576214286,958965.9736830544,0.5369500039581988,1.0013232211466252,0.03667407990298227
12-01-2026,00.05,416,1560.0,3.78639,0.0030418,16.1137,0.508215,0.0,1244.7859819843513,31.706462815934206,0.40284250000000005,0.25800178571428534,0.39302875762142864,0.0,0.0,0.39302875762142864,0.4128916191043058,0.4348690000026521,0.007008443208124276,4.458655975771774,0.6138515884184703,4.460464166634547,1.0,0.39302875762142864,956474.7845475087,0.5355551223326762,1.0013232211466252,0.03667407990298227
12-01-2026,00.05,417,1563.75,3.7958,0.00318762,17.3005,0.515051,0.0,1190.7943857799862,33.58987750727597,0.4325125,0.26741178571428526,0.4226987576214286,0.0,0.0,0.4226987576214286,0.44576172387098384,0.471486615922541,0.007008443208124276,4.458655975771774,0.6138515884184703,4.460530116085136,1.0,0.4226987576214286,1033631.2162129584,0.5787570162737603,1.0013232211466252,0.03667407990298227
12-01-2026,00.05,418,1567.5,3.80126,0.00319447,16.6653,0.504798,0.0,1189.9501325728525,33.013799579237634,0.41663249999999996,0.2728717857142855,0.40681875762142855,0.0,0.0,0.40681875762142855,0.4281377104812159,0.4518146295211359,0.007008443208124276,4.458655975771774,0.6138515884184703,4.460568382185052,1.0,0.40681875762142855,999576.5710309661,0.5596889342280157,1.0013232211466252,0.03667407990298227
12-01-2026,00.05,419,1571.25,3.79206,0.00314414,16.5148,0.491468,0.0,1206.0722486912161,33.603001619637496,0.41287,0.2636717857142856,0.4030562576214286,0.0,0.0,0.4030562576214286,0.4239725561391741,0.44717854738996743,0.007008443208124276,4.458655975771774,0.6138515884184703,4.460503904507537,1.0,0.4030562576214286,995075.994997626,0.5571689445878881,1.0013232211466252,0.03667407990298227
12-01-2026,00.05,420,1575.0,3.78295,0.00315705,15.6289,0.488051,0.0,1198.254699798863,32.023087751075195,0.3907225,0.25456178571428545,0.38090875762142856,0.0,0.0,0.38090875762142856,0.39953643761812835,0.4200797046188995,0.007008443208124276,4.458655975771774,0.6138515884184703,4.460440057589911,1.0,0.38090875762142856,944891.7868746562,0.5290695005098298,1.0013232211466252,0.03667407990298227
12-01-2026,00.05,421,1578.75,3.7758,0.0029933,15.4952,0.481557,0.0,1261.4171650018375,32.17729157711341,0.38738,0.24741178571428524,0.3775662576214286,0.0,0.0,0.3775662576214286,0.395860603048816,0.41601806698481536,0.007008443208124276,4.458655975771774,0.6138515884184703,4.460389947220973,1.0,0.3775662576214286,941065.6087558073,0.5269271238119683,1.0013232211466252,0.03667407990298227
12-01-2026,00.05,422,1582.5,3.77001,0.00289708,14.6929,0.477456,0.0,1301.3137365899458,30.77330685968969,0.3673225,0.2416217857142855,0.3575087576214286,0.0,0.0,0.3575087576214286,0.37386891433737934,0.39179820970469814,0.007008443208124276,4.458655975771774,0.6138515884184703,4.460349368334798,1.0,0.3575087576214286,895311.4161410787,0.5013081606998292,1.0013232211466252,0.03667407990298227
12-01-2026,00.05,423,1586.25,3.76971,0.00302993,15.1107,0.49557,0.0,1244.1574557828067,30.49155517888492,0.3777675,0.2413217857142853,0.36795375762142857,0.0,0.0,0.36795375762142857,0.3853070387662779,0.40437815195470295,0.007008443208124276,4.458655975771774,0.6138515884184703,4.460347265801835,1.0,0.36795375762142857,925841.2204328146,0.518402592603738,1.0013232211466252,0.03667407990298227
12-01-2026,00.05,424,1590.0,3.76457,0.00293241,14.509,0.476089,0.0,1283.7802353695424,30.475394306526724,0.362725,0.23618178571428539,0.3529112576214286,0.0,0.0,0.3529112576214286,0.36884396623125115,0.38628330607555494,0.007008443208124276,4.458655975771774,0.6138515884184703,4.460311242403746,1.0,0.3529112576214286,892194.9503927337,0.4995631704271477,1.0013232211466252,0.03667407990298227
12-01-2026,00.05,425,1593.75,3.75932,0.0029815,14.6427,0.479165,0.0,1260.8821063223209,30.558784552294092,0.3660675,0.23093178571428563,0.3562537576214286,0.0,0.0,0.3562537576214286,0.37249664515694564,0.39029143246216585,0.007008443208124276,4.458655975771774,0.6138515884184703,4.460274448076903,1.0,0.3562537576214286,904898.4605208357,0.5066761963329259,1.0013232211466252,0.03667407990298227
12-01-2026,00.05,426,1597.5,3.75898,0.00288978,14.4756,0.47062,0.0,1300.7841427375095,30.758573796268752,0.36189,0.23059178571428562,0.3520762576214286,0.0,0.0,0.3520762576214286,0.3679319670893591,0.3852831444822104,0.007008443208124276,4.458655975771774,0.6138515884184703,4.460272065206213,1.0,0.3520762576214286,898500.8099264959,0.503093985278283,1.0013232211466252,0.03667407990298227
12-01-2026,00.05,427,1601.25,3.75344,0.00282081,14.3084,0.469253,0.0,1330.6248914318937,30.49186686073398,0.35771000000000003,0.2250517857142853,0.3478962576214286,0.0,0.0,0.3478962576214286,0.36336943739149524,0.3802830664453138,0.007008443208124276,4.458655975771774,0.6138515884184703,4.460233238430839,1.0,0.3478962576214286,892006.5481292455,0.4994576790970047,1.0013232211466252,0.03667407990298227
12-01-2026,00.05,428,1605.0,3.74906,0.00289134,13.1383,0.458316,0.0,1296.6513796371232,28.66646593180251,0.3284575,0.22067178571428547,0.3186437576214286,0.0,0.0,0.3186437576214286,0.3315758786936748,0.3456021011047839,0.007008443208124276,4.458655975771774,0.6138515884184703,4.460202541449588,1.0,0.3186437576214286,820834.2857267406,0.45960647725303855,1.0013232211466252,0.03667407990298227
12-01-2026,00.05,429,1608.75,3.7526,0.00286651,14.1914,0.47643,0.0,1309.1180564519225,29.786957160548244,0.35478499999999996,0.22421178571428557,0.34497125762142855,0.0,0.0,0.34497125762142855,0.36017965704281774,0.3767908549129043,0.007008443208124276,4.458655975771774,0.6138515884184703,4.460227351338545,1.0,0.34497125762142855,892812.0265861687,0.49990868744610395,1.0013232211466252,0.03667407990298227
12-01-2026,00.05,430,1612.5,3.75237,0.00283339,13.6565,0.471646,0.0,1324.33939556503,28.95497894607396,0.34141249999999995,0.2239817857142854,0.33159875762142854,0.0,0.0,0.33159875762142854,0.3456269566803559,0.36089450468729456,0.007008443208124276,4.458655975771774,0.6138515884184703,4.4602257393966065,1.0,0.33159875762142854,862208.5821215926,0.48277302249307436,1.0013232211466252,0.03667407990298227
12-01-2026,00.05,431,1616.25,3.74831,0.00283235,13.6565,0.455582,0.0,1323.3922361290095,29.97594285990228,0.34141249999999995,0.21992178571428544,0.33159875762142854,0.0,0.0,0.33159875762142854,0.3456269566803559,0.36089450468729456,0.007008443208124276,4.458655975771774,0.6138515884184703,4.460197285117181,1.0,0.33159875762142854,866223.5177041057,0.48502108940690086,1.0013232211466252,0.03667407990298227
12-01-2026,00.05,432,1620.0,3.74706,0.0028214,13.8404,0.461392,0.0,1328.0853476997236,29.997052397960953,0.34601,0.21867178571428525,0.3361962576214286,0.0,0.0,0.3361962576214286,0.35062460818842706,0.3663469181312373,0.007008443208124276,4.458655975771774,0.6138515884184703,4.460188524563171,1.0,0.3361962576214286,882313.4585016771,0.49403026597002947,1.0013232211466252,0.03667407990298227
12-01-2026,00.05,433,1623.75,3.74325,0.00270112,12.6369,0.444646,0.0,1385.8140326975476,28.420136468111714,0.3159225,0.2148617857142856,0.3061087576214286,0.0,0.0,0.3061087576214286,0.3180244043928398,0.33090528544571196,0.007008443208124276,4.458655975771774,0.6138515884184703,4.460161822394548,1.0,0.3061087576214286,807075.3495611816,0.4519024908434026,1.0013232211466252,0.03667407990298227
12-01-2026,00.05,434,1627.5,3.741,0.00272133,12.6369,0.44943,0.0,1374.6954614104134,28.11761564648555,0.3159225,0.21261178571428552,0.3061087576214286,0.0,0.0,0.3061087576214286,0.3180244043928398,0.33090528544571196,0.007008443208124276,4.458655975771774,0.6138515884184703,4.46014605339733,1.0,0.3061087576214286,810807.4849294941,0.4539922105579524,1.0013232211466252,0.03667407990298227
12-01-2026,00.05,435,1631.25,3.73996,0.00276507,12.6201,0.443962,0.0,1352.5733525733524,28.426081511480714,0.3155025,0.21157178571428537,0.3056887576214286,0.0,0.0,0.3056887576214286,0.3175710942023973,0.3304145392718969,0.007008443208124276,4.458655975771774,0.6138515884184703,4.460138764616394,1.0,0.3056887576214286,813430.6194503647,0.45546097183834994,1.0013232211466252,0.03667407990298227
12-01-2026,00.05,436,1635.0,3.7386,0.00266488,13.3891,0.445671,0.0,1402.9149530185223,30.04256503115527,0.33472749999999996,0.21021178571428534,0.32491375762142854,0.0,0.0,0.32491375762142854,0.33837056691071526,0.35299020603711395,0.007008443208124276,4.458655975771774,0.6138515884184703,4.460129233133631,1.0,0.32491375762142854,868567.5797175433,0.48633359072804744,1.0013232211466252,0.03667407990298227
12-01-2026,00.05,437,1638.75,3.73219,0.00269584,12.6034,0.459684,0.0,1384.4256335687578,27.417530303425835,0.31508500000000006,0.20380178571428553,0.30527125762142865,0.0,0.0,0.30527125762142865,0.3171205302721023,0.3299268222978851,0.007008443208124276,4.458655975771774,0.6138515884184703,4.460084309012667,1.0,0.30527125762142865,819806.4393286867,0.45903095930699106,1.0013232211466252,0.03667407990298227
12-01-2026,00.05,438,1642.5,3.72197,0.00259115,11.5002,0.429608,0.0,1436.416263049225,26.7690545799892,0.287505,0.1935817857142852,0.2776912576214286,0.133111,0.0033277750000000003,0.2743634826214286,0.2838973490245992,0.29411765382458854,0.007008443208124276,4.458655975771774,0.6138515884184703,4.46001268272308,1.0,0.2776912576214286,749157.2103814502,0.41947261750559556,1.0013232211466252,0.03667407990298227
12-01-2026,00.05,439,1646.25,3.71961,0.00251586,11.6339,0.433367,0.0,1478.4646204478786,26.845375859260166,0.29084750000000004,0.19122178571428528,0.2810337576214286,0.0,0.0,0.2810337576214286,0.291045288263676,0.3017964685421752,0.007008443208124276,4.458655975771774,0.6138515884184703,4.459996142797109,1.0,0.2810337576214286,761640.5644109908,0.42646237228263917,1.0013232211466252,0.03667407990298227
12-01-2026,00.05,440,1650.0,3.71931,0.00258196,11.5671,0.424823,0.0,1440.498690916978,27.228045562504853,0.28917750000000003,0.19092178571428553,0.2793637576214286,0.0,0.0,0.2793637576214286,0.28925456403208805,0.29987143998711985,0.007008443208124276,4.458655975771774,0.6138515884184703,4.459994040264146,1.0,0.2793637576214286,760567.8301243394,0.4258617204396428,1.0013232211466252,0.03667407990298227
12-01-2026,00.05,441,1653.75,3.71505,0.00257818,11.7509,0.438152,0.0,1440.9583504642812,26.819231682155966,0.2937725,0.1866617857142856,0.2839587576214286,0.0,0.0,0.2839587576214286,0.2941835639392788,0.3051722262840462,0.007008443208124276,4.458655975771774,0.6138515884184703,4.459964184296079,1.0,0.2839587576214286,776595.7004199335,0.43483614211344573,1.0013232211466252,0.03667407990298227
12-01-2026,00.05,442,1657.5,3.70707,0.00250719,10.8149,0.41081,0.0,1478.5756165268688,26.3257953798593,0.2703725,0.17868178571428528,0.2605587576214286,0.0,0.0,0.2605587576214286,0.26914235096410805,0.27831074856623417,0.007008443208124276,4.458655975771774,0.6138515884184703,4.459908256919278,1.0,0.2605587576214286,715834.7033055859,0.40081447863799474,1.0013232211466252,0.03667407990298227
12-01-2026,00.05,443,1661.25,3.70597,0.00252772,10.6979,0.413886,0.0,1466.131533555932,25.847455579555724,0.2674475,0.17758178571428562,0.2576337576214286,0.0,0.0,0.2576337576214286,0.26602261366323743,0.2749761585331362,0.007008443208124276,4.458655975771774,0.6138515884184703,4.45990054763175,1.0,0.2576337576214286,711005.1651484838,0.3981102945441498,1.0013232211466252,0.03667407990298227
12-01-2026,00.05,444,1665.0,3.70852,0.00248209,10.4304,0.415937,0.0,1494.111817057399,25.07687462283952,0.26076,0.18013178571428545,0.2509462576214286,0.0,0.0,0.2509462576214286,0.2588985390454262,0.26737131715692264,0.007008443208124276,4.458655975771774,0.6138515884184703,4.45991841916193,1.0,0.2509462576214286,695679.4890345648,0.3895290496659549,1.0013232211466252,0.03667407990298227
12-01-2026,00.05,445,1668.75,3.70446,0.00239331,10.7313,0.405342,0.0,1547.8396028930645,26.474680640052103,0.2682825,0.1760717857142855,0.25846875762142857,0.0,0.0,0.25846875762142857,0.2669129700664002,0.2759275643014116,0.007008443208124276,4.458655975771774,0.6138515884184703,4.459889964882506,1.0,0.25846875762142857,719764.8149247664,0.4030150504073666,1.0013232211466252,0.03667407990298227
12-01-2026,00.05,446,1672.5,3.6999,0.00243398,10.2466,0.409443,0.0,1520.102876769735,25.025705653778427,0.25616500000000003,0.17151178571428538,0.2463512576214286,0.0,0.0,0.2463512576214286,0.25401053741933194,0.26216136760411873,0.007008443208124276,4.458655975771774,0.6138515884184703,4.459858006381476,1.0,0.2463512576214286,689107.5950769013,0.3858492752178298,1.0013232211466252,0.03667407990298227
12-01-2026,00.05,447,1676.25,3.69962,0.00241678,10.2466,0.419696,0.0,1530.8054518822566,24.414337997026422,0.25616500000000003,0.17123178571428532,0.2463512576214286,0.0,0.0,0.2463512576214286,0.25401053741933194,0.26216136760411873,0.007008443208124276,4.458655975771774,0.6138515884184703,4.4598560440173785,1.0,0.2463512576214286,692201.2279792504,0.38758148078585614,1.0013232211466252,0.03667407990298227
12-01-2026,00.05,448,1680.0,3.69586,0.00232564,9.47764,0.385861,0.0,1589.1797526702328,24.562316481841904,0.23694099999999998,0.16747178571428556,0.22712725762142855,0.0,0.0,0.22712725762142855,0.2336220382031259,0.24049919381292756,0.007008443208124276,4.458655975771774,0.6138515884184703,4.459829692270915,1.0,0.22712725762142855,641043.9719107199,0.35893720184132843,1.0013232211466252,0.03667407990298227
12-01-2026,00.05,449,1683.75,3.69334,0.00229637,10.1797,0.400557,0.0,1608.3383775262698,25.413861198281396,0.2544925,0.16495178571428548,0.24467875762142857,0.0,0.0,0.24467875762142857,0.25223279692510947,0.2602681315589979,0.007008443208124276,4.458655975771774,0.6138515884184703,4.459812030994031,1.0,0.24467875762142857,693667.718651779,0.38840260707607754,1.0013232211466252,0.03667407990298227
12-01-2026,00.05,450,1687.5,3.69355,0.00231391,9.44421,0.384835,0.0,1596.2375373285909,24.540933127184378,0.23610525000000002,0.16516178571428553,0.22629150762142858,0.0,0.0,0.22629150762142858,0.23273790073915102,0.23956234168679255,0.007008443208124276,4.458655975771774,0.6138515884184703,4.459813502767105,1.0,0.22629150762142858,644400.4260000837,0.3608165678313933,1.0013232211466252,0.03667407990298227
12-01-2026,00.05,451,1691.25,3.69144,0.00237167,9.99582,0.401582,0.0,1556.4728651119253,24.89110567704728,0.2498955,0.16305178571428547,0.24008175762142855,0.0,0.0,0.24008175762142855,0.24735039818686422,0.25507290609738414,0.007008443208124276,4.458655975771774,0.6138515884184703,4.459798714951936,1.0,0.24008175762142855,686712.228496259,0.3845080471344001,1.0013232211466252,0.03667407990298227
12-01-2026,00.05,452,1695.0,3.6925,0.00227128,10.0794,0.398848,0.0,1625.7352682188016,25.27128129011553,0.251985,0.1641117857142853,0.24217125762142858,0.0,0.0,0.24217125762142858,0.24956892013800086,0.25743277997701614,0.007008443208124276,4.458655975771774,0.6138515884184703,4.459806143901736,1.0,0.24217125762142858,695764.0774278048,0.38957641290858447,1.0013232211466252,0.03667407990298227
12-01-2026,00.05,453,1698.75,3.6909,0.00232903,8.90932,0.386544,0.0,1584.7369935123204,23.04865681526553,0.222733,0.16251178571428548,0.21291925762142855,0.0,0.0,0.21291925762142855,0.21861669668425582,0.22462743105643249,0.007008443208124276,4.458655975771774,0.6138515884184703,4.459794930392603,1.0,0.21291925762142855,614432.0803673775,0.344036511241585,1.0013232211466252,0.03667407990298227
12-01-2026,00.05,454,1702.5,3.68503,0.00229852,9.87881,0.401582,0.0,1603.2185928336494,24.59973305576445,0.24697025,0.15664178571428522,0.23715650762142856,0.0,0.0,0.23715650762142856,0.2442464839405597,0.2517734448477689,0.007008443208124276,4.458655975771774,0.6138515884184703,4.4597537908309715,1.0,0.23715650762142856,687399.6195688833,0.3848929352840275,1.0013232211466252,0.03667407990298227
12-01-2026,00.05,455,1706.25,3.68944,0.00226,10.3636,0.400899,0.0,1632.495575221239,25.85090010202071,0.25909,0.16105178571428524,0.24927625762142855,0.0,0.0,0.24927625762142855,0.2571213949332315,0.265476376869556,0.007008443208124276,4.458655975771774,0.6138515884184703,4.459784698065519,1.0,0.24927625762142855,725715.2423541972,0.406346849573832,1.0013232211466252,0.03667407990298227
12-01-2026,00.05,456,1710.0,3.69574,0.00232114,10.2298,0.396114,0.0,1592.2090007496315,25.82539369979349,0.255745,0.16735178571428522,0.24593125762142856,0.0,0.0,0.24593125762142856,0.2535640387489287,0.26168578101959256,0.007008443208124276,4.458655975771774,0.6138515884184703,4.459828851257731,1.0,0.24593125762142856,719127.5904108193,0.4026582518194333,1.0013232211466252,0.03667407990298227
12-01-2026,00.05,457,1713.75,3.69434,0.0023789,10.3301,0.405684,0.0,1552.9614527722895,25.463414874631486,0.2582525,0.16595178571428537,0.24843875762142856,0.0,0.0,0.24843875762142856,0.2562304445958175,0.26452669109585225,0.007008443208124276,4.458655975771774,0.6138515884184703,4.45981903943724,1.0,0.24843875762142856,729649.4918973431,0.4085497382745138,1.0013232211466252,0.03667407990298227
12-01-2026,00.05,458,1717.5,3.69185,0.00237903,9.97911,0.397139,0.0,1551.8299474996113,25.12749943974276,0.24947775000000003,0.1634617857142855,0.2396640076214286,0.0,0.0,0.2396640076214286,0.24690699329090365,0.25460140836179546,0.007008443208124276,4.458655975771774,0.6138515884184703,4.459801588413651,1.0,0.2396640076214286,706962.3875817377,0.3958466381788157,1.0013232211466252,0.03667407990298227
12-01-2026,00.05,459,1721.25,3.69178,0.00237036,9.16005,0.379367,0.0,1557.4765014596937,24.145616250227352,0.22900125000000002,0.16339178571428548,0.21918750762142858,0.0,0.0,0.21918750762142858,0.2252301049640712,0.23161531412510117,0.007008443208124276,4.458655975771774,0.6138515884184703,4.459801097822626,1.0,0.21918750762142858,649387.1713104871,0.3636087763013933,1.0013232211466252,0.03667407990298227
12-01-2026,00.05,460,1725.0,3.69622,0.00237349,10.4806,0.399532,0.0,1557.2932685623282,26.23219166424717,0.26201500000000005,0.16783178571428525,0.25220125762142864,0.0665557,0.0016638924999999999,0.25053736512142866,0.25846334346790656,0.266907196375706,0.007008443208124276,4.458655975771774,0.6138515884184703,4.45983221531047,1.0,0.25220125762142864,750456.3672097636,0.420200049221891,1.0013232211466252,0.03667407990298227
12-01-2026,00.05,461,1728.75,3.69761,0.00237434,10.0293,0.401241,0.0,1557.3211924155767,24.995700838149638,0.25073249999999997,0.16922178571428548,0.24091875762142853,0.0665557,0.0016638924999999999,0.23925486512142852,0.24647276977845714,0.2541397248586053,0.007008443208124276,4.458655975771774,0.6138515884184703,4.45984195704653,1.0,0.24091875762142853,720004.1524940196,0.40314906174070336,1.0013232211466252,0.03667407990298227
12-01-2026,00.05,462,1732.5,3.69872,0.00250054,10.865,0.417987,0.0,1479.1684996040856,25.993631380880267,0.271625,0.1703317857142852,0.2618112576214286,0.0,0.0,0.2618112576214286,0.2704789441632849,0.2797401973492987,0.007008443208124276,4.458655975771774,0.6138515884184703,4.459849736418491,1.0,0.2618112576214286,785841.2166339591,0.4400129472389187,1.0013232211466252,0.03667407990298227
12-01-2026,00.05,463,1736.25,3.70015,0.00244005,10.7982,0.424139,0.0,1516.423843773693,25.459106566479385,0.269955,0.17176178571428524,0.2601412576214286,0.0,0.0,0.2601412576214286,0.26869691396298967,0.27783447368107556,0.007008443208124276,4.458655975771774,0.6138515884184703,4.459859758492279,1.0,0.2601412576214286,784212.4863991129,0.439100978795775,1.0013232211466252,0.03667407990298227
12-01-2026,00.05,464,1740.0,3.69495,0.0024098,10.4137,0.410468,0.0,1533.3015187982405,25.37030901312648,0.26034250000000003,0.16656178571428537,0.2505287576214286,0.0,0.0,0.2505287576214286,0.2584541827509639,0.26689742734191124,0.007008443208124276,4.458655975771774,0.6138515884184703,4.459823314587596,1.0,0.2505287576214286,758500.8665746372,0.42470437375931014,1.0013232211466252,0.03667407990298227
12-01-2026,00.05,465,1743.75,3.68851,0.00237988,9.96239,0.396114,0.0,1549.8722624670152,25.150310264216863,0.24905975,0.16012178571428537,0.23924600762142856,0.0,0.0,0.23924600762142856,0.24646336979667915,0.254129730988138,0.007008443208124276,4.458655975771774,0.6138515884184703,4.459778180213336,1.0,0.23924600762142856,727466.7374710789,0.4073275572691534,1.0013232211466252,0.03667407990298227
12-01-2026,00.05,466,1747.5,3.68689,0.00233451,10.1295,0.409101,0.0,1579.299296212053,24.76038924373199,0.2532375,0.15850178571428541,0.24342375762142857,0.0,0.0,0.24342375762142857,0.25089931990222447,0.25884857965151237,0.007008443208124276,4.458655975771774,0.6138515884184703,4.459766826535339,1.0,0.24342375762142857,743356.8212349226,0.41622482867819294,1.0013232211466252,0.03667407990298227
12-01-2026,00.05,467,1751.25,3.68602,0.00238503,9.67823,0.383127,0.0,1545.4816081978006,25.261153612248677,0.24195574999999997,0.1576317857142855,0.23214200762142853,0.0,0.0,0.23214200762142853,0.2389310375438201,0.24612912287570962,0.007008443208124276,4.458655975771774,0.6138515884184703,4.459760729189748,1.0,0.23214200762142853,711950.8823458556,0.3986398262134767,1.0013232211466252,0.03667407990298227
12-01-2026,00.05,468,1755.0,3.67823,0.00228588,9.19348,0.38757,0.0,1609.1089646000664,23.72082462522899,0.22983699999999999,0.14984178571428552,0.22002325762142855,0.0,0.0,0.22002325762142855,0.22611266309561603,0.23254872580667266,0.007008443208124276,4.458655975771774,0.6138515884184703,4.459706133417156,1.0,0.22002325762142855,677677.1340554404,0.37944906263557826,1.0013232211466252,0.03667407990298227
12-01-2026,00.05,469,1758.75,3.67296,0.00226958,9.72837,0.390987,0.0,1618.343482053948,24.881568952420416,0.24320925000000002,0.1445717857142852,0.23339550762142858,0.0,0.0,0.23339550762142858,0.24025913697745874,0.24753868490793132,0.007008443208124276,4.458655975771774,0.6138515884184703,4.45966919892145,1.0,0.23339550762142858,721939.3488550836,0.40423262854312325,1.0013232211466252,0.03667407990298227
12-01-2026,00.05,470,1762.5,3.67195,0.00221098,8.50815,0.366722,0.0,1660.7793828980814,23.20054428149934,0.21270375000000002,0.14356178571428524,0.2028900076214286,0.0,0.0,0.2028900076214286,0.2080568363627447,0.21349370040688462,0.007008443208124276,4.458655975771774,0.6138515884184703,4.459662120393809,1.0,0.2028900076214286,630258.7877377534,0.35289829655867,1.0013232211466252,0.03667407990298227
12-01-2026,00.05,471,1766.25,3.66467,0.00217212,8.458,0.369114,0.0,1687.1397528681657,22.914329990192734,0.21145000000000003,0.1362817857142855,0.2016362576214286,0.0,0.0,0.2016362576214286,0.2067386243293343,0.2121059239289762,0.007008443208124276,4.458655975771774,0.6138515884184703,4.459611098927255,1.0,0.2016362576214286,629032.345692122,0.3522115797414642,1.0013232211466252,0.03667407990298227
12-01-2026,00.05,472,1770.0,3.66008,0.00215211,8.2407,0.35681,0.0,1700.6937377736267,23.095484992012555,0.20601750000000002,0.1316917857142852,0.19620375762142858,0.0,0.0,0.19620375762142858,0.20103159982855867,0.206103026086759,0.007008443208124276,4.458655975771774,0.6138515884184703,4.4595789301729285,1.0,0.19620375762142858,614686.7522521736,0.3441791086572411,1.0013232211466252,0.03667407990298227
12-01-2026,00.05,473,1773.75,3.65522,0.0020441,7.32135,0.341772,0.0,1788.1806173866248,21.42173729854991,0.18303375,0.12683178571428533,0.17322000762142856,0.0,0.0,0.17322000762142856,0.17697219491556,0.18089053658003798,0.007008443208124276,4.458655975771774,0.6138515884184703,4.459544869138937,1.0,0.17322000762142856,544982.8933847052,0.3051501041649931,1.0013232211466252,0.03667407990298227
12-01-2026,00.05,474,1777.5,3.64576,0.00197702,7.00376,0.328443,0.0,1844.0683452873518,21.32412625630627,0.175094,0.11737178571428553,0.16528025762142856,0.0,0.0,0.16528025762142856,0.16869296755900665,0.17224958020326925,0.007008443208124276,4.458655975771774,0.6138515884184703,4.459478569266189,1.0,0.16528025762142856,522204.0069565137,0.2923956128760006,1.0013232211466252,0.03667407990298227
12-01-2026,00.05,475,1781.25,3.64416,0.00190583,6.83661,0.32981,0.0,1912.1117833175047,20.72893484127225,0.17091525000000002,0.11577178571428526,0.16110150762142858,0.0,0.0,0.16110150762142858,0.16434214147247933,0.16771582548986644,0.007008443208124276,4.458655975771774,0.6138515884184703,4.459467355757056,1.0,0.16110150762142858,511151.17017775535,0.28620684193420165,1.0013232211466252,0.03667407990298227
12-01-2026,00.05,476,1785.0,3.64215,0.00183048,6.26828,0.317165,0.0,1989.724006817884,19.763466965144328,0.15670699999999999,0.11376178571428541,0.14689325762142855,0.0665557,0.0016638924999999999,0.14522936512142853,0.14785769448303465,0.15058291115259437,0.007008443208124276,4.458655975771774,0.6138515884184703,4.459453268786207,1.0,0.14689325762142855,468034.9697648362,0.262064959304661,1.0013232211466252,0.03667407990298227
12-01-2026,00.05,477,1788.75,3.63671,0.00183921,5.93397,0.307595,0.0,1977.3217848967763,19.291503437962255,0.14834925000000002,0.1083217857142853,0.13853550762142858,0.0,0.0,0.13853550762142858,0.1409251394345587,0.14339865686182762,0.007008443208124276,4.458655975771774,0.6138515884184703,4.459415142855155,1.0,0.13853550762142858,443261.89003494405,0.24819386729090126,1.0013232211466252,0.03667407990298227
12-01-2026,00.05,478,1792.5,3.63698,0.00188582,5.88383,0.309304,0.0,1928.5933970368326,19.02280604195225,0.14709575,0.1085917857142853,0.13728200762142856,0.0,0.0,0.13728200762142856,0.13962822505144365,0.14205603293601637,0.007008443208124276,4.458655975771774,0.6138515884184703,4.4594170351348215,1.0,0.13728200762142856,441094.81260057865,0.24698046424126938,1.0013232211466252,0.03667407990298227
12-01-2026,00.05,479,1796.25,3.63406,0.0017911,5.54952,0.298025,0.0,2028.954273909888,18.620988172133213,0.138738,0.10567178571428526,0.12892425762142856,0.0,0.0,0.12892425762142856,0.13099134414560226,0.13312579535498,0.007008443208124276,4.458655975771774,0.6138515884184703,4.459396570480654,1.0,0.12892425762142856,415975.93021291203,0.2329157483205553,1.0013232211466252,0.03667407990298227
12-01-2026,00.05,480,1800.0,3.63108,0.00180955,6.25157,0.317165,0.0,2006.620430493769,19.710781454448004,0.15628925000000002,0.10269178571428528,0.14647550762142858,0.0,0.0,0.14647550762142858,0.149149550571928,0.15192304321464686,0.007008443208124276,4.458655975771774,0.6138515884184703,4.459375685319893,1.0,0.14647550762142858,474580.6446934286,0.265730053036108,1.0013232211466252,0.03667407990298227
12-01-2026,00.05,481,1803.75,3.62974,0.00178491,5.43251,0.293924,0.0,2033.5703200721605,18.482703011662878,0.13581275,0.10135178571428538,0.12599900762142857,0.0,0.0,0.12599900762142857,0.12797263727811672,0.13000908011200585,0.007008443208124276,4.458655975771774,0.6138515884184703,4.459366294005995,1.0,0.12599900762142857,409939.54315736255,0.22953581812248786,1.0013232211466252,0.03667407990298227
12-01-2026,00.05,482,1807.5,3.62744,0.00172872,5.54952,0.30281,0.0,2098.338655189967,18.32673953964532,0.138738,0.09905178571428541,0.12892425762142856,0.0,0.0,0.12892425762142856,0.13099134414560226,0.13312579535498,0.007008443208124276,4.458655975771774,0.6138515884184703,4.459350174586616,1.0,0.12892425762142856,421202.8016386983,0.23584240965139053,1.0013232211466252,0.03667407990298227
12-01-2026,00.05,483,1811.25,3.62897,0.00184573,5.88383,0.311013,0.0,1966.1434771066188,18.91827672798243,0.14709575,0.10058178571428522,0.13728200762142856,0.0,0.0,0.13728200762142856,0.13962822505144365,0.14205603293601637,0.007008443208124276,4.458655975771774,0.6138515884184703,4.459360897504724,1.0,0.13728200762142856,450371.00075618597,0.25217444338501377,1.0013232211466252,0.03667407990298227
12-01-2026,00.05,484,1815.0,3.62658,0.001787,5.49937,0.30281,0.0,2029.423614997202,18.16112413724778,0.13748425,0.09819178571428555,0.12767050762142856,0.0,0.0,0.12767050762142856,0.12969727001656428,0.1317894199214234,0.007008443208124276,4.458655975771774,0.6138515884184703,4.4593441473254565,1.0,0.12767050762142856,420575.3779692005,0.23549109881131303,1.0013232211466252,0.03667407990298227
12-01-2026,00.05,485,1818.75,3.62469,0.00180505,5.56623,0.301101,0.0,2008.0828785906208,18.48625544252593,0.13915575000000002,0.0963017857142856,0.12934200762142858,0.0,0.0,0.12934200762142858,0.13142261979758665,0.1335712643414935,0.007008443208124276,4.458655975771774,0.6138515884184703,4.459330901367793,1.0,0.12934200762142858,427844.16200742946,0.23956108015080557,1.0013232211466252,0.03667407990298227
12-01-2026,00.05,486,1822.5,3.62445,0.00177617,5.43251,0.298709,0.0,2040.598591351053,18.18662979689263,0.13581275,0.09606178571428536,0.12599900762142857,0.0,0.0,0.12599900762142857,0.12797263727811672,0.13000908011200585,0.007008443208124276,4.458655975771774,0.6138515884184703,4.459329219341424,1.0,0.12599900762142857,418506.49130837264,0.23433267533101576,1.0013232211466252,0.03667407990298227
12-01-2026,00.05,487,1826.25,3.62171,0.00174247,5.24864,0.290848,0.0,2078.492025687673,18.045989657828144,0.131216,0.09332178571428562,0.12140225762142857,0.0,0.0,0.12140225762142857,0.12323346205155432,0.1251207554693642,0.007008443208124276,4.458655975771774,0.6138515884184703,4.459310016207033,1.0,0.12140225762142857,404899.48178179585,0.2267137566001522,1.0013232211466252,0.03667407990298227
12-01-2026,00.05,488,1830.0,3.6197,0.0017132,5.28207,0.292557,0.0,2112.8297922017277,18.05484059516607,0.13205175,0.09131178571428533,0.12223800762142857,0.0,0.0,0.12223800762142857,0.12409470416316555,0.12600867408093042,0.007008443208124276,4.458655975771774,0.6138515884184703,4.459295929236185,1.0,0.12223800762142857,409362.86372340214,0.22921292030041143,1.0013232211466252,0.03667407990298227
12-01-2026,00.05,489,1833.75,3.62089,0.00167513,5.08149,0.28743,0.0,2161.557610454114,17.679052290992587,0.12703725,0.09250178571428558,0.11722350762142857,0.0,0.0,0.11722350762142857,0.11892993301186972,0.12068677324238307,0.007008443208124276,4.458655975771774,0.6138515884184703,4.459304269283603,1.0,0.11722350762142857,394180.34577108215,0.2207118334023188,1.0013232211466252,0.03667407990298227
12-01-2026,00.05,490,1837.5,3.62057,0.00168934,4.54659,0.274101,0.0,2143.186096345318,16.587279871288324,0.11366475,0.09218178571428526,0.10385100762142857,0.0,0.0,0.10385100762142857,0.10518809167297423,0.10656005476726142,0.007008443208124276,4.458655975771774,0.6138515884184703,4.459302026581776,1.0,0.10385100762142857,350643.1912017891,0.1963342475860811,1.0013232211466252,0.03667407990298227
12-01-2026,00.05,491,1841.25,3.62085,0.00168634,5.01463,0.284013,0.0,2147.164865922649,17.65633967459236,0.12536575,0.09246178571428532,0.11555200762142857,0.0,0.0,0.11555200762142857,0.11720977173246049,0.11891579432896315,0.007008443208124276,4.458655975771774,0.6138515884184703,4.459303988945874,1.0,0.11555200762142857,391744.5967881791,0.21934799416098694,1.0013232211466252,0.03667407990298227
12-01-2026,00.05,492,1845.0,3.62037,0.00165303,4.8809,0.282987,0.0,2190.1417397143427,17.247788767681907,0.12202249999999999,0.09198178571428528,0.11220875762142857,0.0,0.0,0.11220875762142857,0.11377133315079255,0.11537804291486396,0.007008443208124276,4.458655975771774,0.6138515884184703,4.459300624893134,1.0,0.11220875762142857,381961.4161622834,0.21387013673959876,1.0013232211466252,0.03667407990298227
12-01-2026,00.05,493,1848.75,3.62049,0.00167429,4.68032,0.282304,0.0,2162.40316790998,16.579007027884835,0.117008,0.09210178571428562,0.10719425762142858,0.0,0.0,0.10719425762142858,0.10861940692815525,0.11008296159876985,0.007008443208124276,4.458655975771774,0.6138515884184703,4.45930146590632,1.0,0.10719425762142858,366376.7407588677,0.20514387141924334,1.0013232211466252,0.03667407990298227
12-01-2026,00.05,494,1852.5,3.62145,0.0017765,5.4158,0.300076,0.0,2038.5308190261749,18.04809448273104,0.13539500000000002,0.09306178571428525,0.12558125762142858,0.0,0.0,0.12558125762142858,0.12754172001226544,0.1295643630868411,0.007008443208124276,4.458655975771774,0.6138515884184703,4.459308194011799,1.0,0.12558125762142858,430964.2657251977,0.24130810741723846,1.0013232211466252,0.03667407990298227
12-01-2026,00.05,495,1856.25,3.61842,0.00171275,4.79733,0.277177,0.0,2112.637571157495,17.307821356028818,0.11993324999999999,0.09003178571428538,0.11011950762142857,0.0,0.0,0.11011950762142857,0.11162404659147075,0.11317026743170967,0.007008443208124276,4.458655975771774,0.6138515884184703,4.459286958428878,1.0,0.11011950762142857,379434.8299913513,0.21245543539282177,1.0013232211466252,0.03667407990298227
12-01-2026,00.05,496,1860.0,3.61491,0.00170512,4.76389,0.286063,0.0,2120.032607675706,16.653289659970007,0.11909725,0.08652178571428548,0.10928350762142858,0.0,0.0,0.10928350762142858,0.11076513545038834,0.1122874902319351,0.007008443208124276,4.458655975771774,0.6138515884184703,4.459262358793218,1.0,0.10928350762142858,378077.22296709433,0.21169527589076065,1.0013232211466252,0.03667407990298227
12-01-2026,00.05,497,1863.75,3.61245,0.00166946,4.54659,0.274101,0.0,2163.843398464174,16.587279871288324,0.11366475,0.08406178571428535,0.10385100762142857,0.0,0.0,0.10385100762142857,0.10518809167297423,0.10656005476726142,0.007008443208124276,4.458655975771774,0.6138515884184703,4.459245118022926,1.0,0.10385100762142857,360733.12792820786,0.20198386573090502,1.0013232211466252,0.03667407990298227
12-01-2026,00.05,498,1867.5,3.61041,0.00161796,4.89762,0.278203,0.0,2231.4581324631013,17.60448305733583,0.12244050000000001,0.08202178571428531,0.11262675762142858,0.0,0.0,0.11262675762142858,0.1142010783147255,0.11582003532063112,0.007008443208124276,4.458655975771774,0.6138515884184703,4.459230820798782,1.0,0.11262675762142858,392792.1524598484,0.21993454784222857,1.0013232211466252,0.03667407990298227
12-01-2026,00.05,499,1871.25,3.6083,0.0016825,4.59674,0.276494,0.0,2144.6062407132245,16.625098555484023,0.11491849999999999,0.07991178571428526,0.10510475762142857,0.0,0.0,0.10510475762142857,0.10647453357889551,0.10788048414484182,0.007008443208124276,4.458655975771774,0.6138515884184703,4.459216032983612,1.0,0.10510475762142857,368032.3558944375,0.20607089341793136,1.0013232211466252,0.03667407990298227
12-01-2026,00.05,500,1875.0,3.60708,0.00160753,4.37944,0.269316,0.0,2243.8648112321384,16.26134355181274,0.10948599999999999,0.07869178571428526,0.09967225762142856,0.0,0.0,0.09967225762142856,0.10090326579291019,0.1021650614874418,0.007008443208124276,4.458655975771774,0.6138515884184703,4.459207482682898,1.0,0.09967225762142856,350410.2807003348,0.19620383493525734,1.0013232211466252,0.03667407990298227
12-01-2026,00.05,501,1878.75,3.60523,0.0016164,4.32929,0.264873,0.0,2230.407077456075,16.344776553291577,0.10823225000000002,0.07684178571428557,0.09841850762142859,0.0,0.0,0.09841850762142859,0.09961855510729632,0.10084822894121213,0.007008443208124276,4.458655975771774,0.6138515884184703,4.459194517062963,1.0,0.09841850762142859,347387.96013027465,0.19451155899784947,1.0013232211466252,0.03667407990298227
12-01-2026,00.05,502,1882.5,3.60358,0.00156262,3.7944,0.255304,0.0,2306.1140904378544,14.862281828721839,0.09486,0.07519178571428542,0.08504625762142858,0.0,0.0,0.08504625762142858,0.08594087305615826,0.08685450978994426,0.007008443208124276,4.458655975771774,0.6138515884184703,4.45918295313167,1.0,0.08504625762142858,301387.4592979287,0.16875468150495648,1.0013232211466252,0.03667407990298227
12-01-2026,00.05,503,1886.25,3.60286,0.00151516,3.61053,0.237873,0.0,2377.87428390401,15.17839351250457,0.09026325,0.07447178571428559,0.08044950762142858,0.0,0.0,0.08044950762142858,0.08124957377770432,0.08206571301227523,0.007008443208124276,4.458655975771774,0.6138515884184703,4.45917790705256,1.0,0.08044950762142858,286234.4457251722,0.16027011487677764,1.0013232211466252,0.03667407990298227
12-01-2026,00.05,504,1890.0,3.60244,0.00154893,4.27915,0.261456,0.0,2325.760363605844,16.36661618016033,0.10697875,0.0740517857142855,0.09716500762142857,0.0,0.0,0.09716500762142857,0.098334499522646,0.099532486740478,0.007008443208124276,4.458655975771774,0.6138515884184703,4.459174963506412,1.0,0.09716500762142857,347083.123724505,0.19434087316146262,1.0013232211466252,0.03667407990298227
12-01-2026,00.05,505,1893.75,3.60075,0.00150238,3.64396,0.242316,0.0,2396.6972403785994,15.038049489096881,0.09109899999999999,0.07236178571428553,0.08128525762142856,0.0,0.0,0.08128525762142856,0.08210211749429548,0.08293556176726405,0.007008443208124276,4.458655975771774,0.6138515884184703,4.459163119237391,1.0,0.08128525762142856,291512.430350224,0.1632253958180069,1.0013232211466252,0.03667407990298227
12-01-2026,00.05,506,1897.5,3.60196,0.0015488,4.02842,0.255987,0.0,2325.6456611570247,15.736814760124535,0.1007105,0.07357178571428546,0.09089675762142857,0.0,0.0,0.09089675762142857,0.09191943144297049,0.0929653791984664,0.007008443208124276,4.458655975771774,0.6138515884184703,4.459171599453673,1.0,0.09089675762142857,327274.3439206887,0.18324942186291882,1.0013232211466252,0.03667407990298227
12-01-2026,00.05,507,1901.25,3.60153,0.00151699,3.76097,0.247785,0.0,2374.129031832774,15.178360272010009,0.09402425,0.07314178571428531,0.08421050762142858,0.0,0.0,0.08421050762142858,0.08508753600841042,0.08598302465406951,0.007008443208124276,4.458655975771774,0.6138515884184703,4.459168585823093,1.0,0.08421050762142858,304400.0640034771,0.17044151727698703,1.0013232211466252,0.03667407990298227
12-01-2026,00.05,508,1905.0,3.5978,0.00153557,3.64396,0.247101,0.0,2342.973618916754,14.746844407752295,0.09109899999999999,0.0694117857142853,0.08128525762142856,0.0,0.0,0.08128525762142856,0.08210211749429548,0.08293556176726405,0.007008443208124276,4.458655975771774,0.6138515884184703,4.459142444329927,1.0,0.08128525762142856,294986.2320396048,0.1651704677830728,1.0013232211466252,0.03667407990298227
12-01-2026,00.05,509,1908.75,3.59804,0.00149632,3.62725,0.239582,0.0,2404.592600513259,15.139910343848872,0.09068125,0.06965178571428554,0.08086750762142858,0.0,0.0,0.08086750762142858,0.08167595112689818,0.08250072210031294,0.007008443208124276,4.458655975771774,0.6138515884184703,4.459144126356297,1.0,0.08086750762142858,294626.7385603219,0.16496917802887792,1.0013232211466252,0.03667407990298227
12-01-2026,00.05,510,1912.5,3.59761,0.00150819,3.29294,0.232063,0.0,2385.382478334958,14.189853617336674,0.08232350000000001,0.06922178571428539,0.07250975762142858,0.0,0.0,0.07250975762142858,0.07315905848267157,0.07382009296285934,0.007008443208124276,4.458655975771774,0.6138515884184703,4.4591411127257174,1.0,0.07250975762142858,265215.7681500034,0.14850121033073055,1.0013232211466252,0.03667407990298227
12-01-2026,00.05,511,1916.25,3.5952,0.00146881,3.59382,0.243342,0.0,2447.6957537053804,14.768597282836502,0.08984550000000001,0.06681178571428559,0.08003175762142858,0.0,0.0,0.08003175762142858,0.0808234954606445,0.08163105482054579,0.007008443208124276,4.458655975771774,0.6138515884184703,4.459124222377586,1.0,0.08003175762142858,293877.73943247733,0.16454979392589852,1.0013232211466252,0.03667407990298227
12-01-2026,00.05,512,1920.0,3.59377,0.00150858,3.37651,0.240608,0.0,2382.220366172162,14.033240789998672,0.08441275000000001,0.06538178571428555,0.07459900762142858,0.0,0.0,0.07459900762142858,0.07528644198986717,0.07598666369295748,0.007008443208124276,4.458655975771774,0.6138515884184703,4.459114200303798,1.0,0.07459900762142858,275001.78169563436,0.15398065397759994,1.0013232211466252,0.03667407990298227
12-01-2026,00.05,513,1923.75,3.59442,0.00148961,3.67739,0.243342,0.0,2412.9940051422855,15.11202340738549,0.09193475,0.06603178571428536,0.08212100762142857,0.0,0.0,0.08212100762142857,0.08295483740520654,0.08380577375183514,0.007008443208124276,4.458655975771774,0.6138515884184703,4.459118755791883,1.0,0.08212100762142857,303914.5798320525,0.1701696820555903,1.0013232211466252,0.03667407990298227
12-01-2026,00.05,514,1927.5,3.59347,0.0014883,3.29294,0.240266,0.0,2414.4796076059934,13.705393189215286,0.08232350000000001,0.06508178571428536,0.07250975762142858,0.0,0.0,0.07250975762142858,0.07315905848267157,0.07382009296285934,0.007008443208124276,4.458655975771774,0.6138515884184703,4.459112097770836,1.0,0.07250975762142858,269392.3301889977,0.15083977610356664,1.0013232211466252,0.03667407990298227
12-01-2026,00.05,515,1931.25,3.58994,0.00145773,3.25951,0.23343,0.0,2462.6919937162575,13.963543674763313,0.08148775000000001,0.06155178571428532,0.07167400762142859,0.0665557,0.0016638924999999999,0.07001011512142859,0.07061523387333113,0.0712309042777964,0.007008443208124276,4.458655975771774,0.6138515884184703,4.459087357966311,1.0,0.07167400762142859,267324.45006646967,0.14968191621025673,1.0013232211466252,0.03667407990298227
12-01-2026,00.05,516,1935.0,3.59053,0.00150669,3.71082,0.247785,0.0,2383.0582269743613,14.975967068224469,0.0927705,0.062141785714285636,0.08295675762142858,0.0,0.0,0.08295675762142858,0.08380773356506396,0.08467634919355095,0.007008443208124276,4.458655975771774,0.6138515884184703,4.459091492947804,1.0,0.08295675762142858,310608.76580509346,0.1739179309855458,1.0013232211466252,0.03667407990298227
12-01-2026,00.05,517,1938.75,3.59025,0.00141386,3.12578,0.224544,0.0,2539.3249685258793,13.920567906512755,0.07814449999999999,0.06186178571428558,0.06833075762142857,0.0,0.0,0.06833075762142857,0.06890707466983087,0.06949319598604116,0.007008443208124276,4.458655975771774,0.6138515884184703,4.4590895305837055,1.0,0.06833075762142857,256838.3419763534,0.14381047140928097,1.0013232211466252,0.03667407990298227
12-01-2026,00.05,518,1942.5,3.58894,0.00141849,3.34308,0.239582,0.0,2530.1130074938847,13.95380287333773,0.083577,0.06055178571428543,0.07376325762142857,0.0,0.0,0.07376325762142857,0.07443530591655438,0.07511971271320574,0.007008443208124276,4.458655975771774,0.6138515884184703,4.459080349523103,1.0,0.07376325762142857,278331.36100329657,0.15584497207802425,1.0013232211466252,0.03667407990298227
12-01-2026,00.05,519,1946.25,3.59129,0.00144313,3.05892,0.21976,0.0,2488.5422657695426,13.919366581725518,0.076473,0.06290178571428529,0.06665925762142857,0.0,0.0,0.06665925762142857,0.06720761077699527,0.06776506050099193,0.007008443208124276,4.458655975771774,0.6138515884184703,4.459096819364642,1.0,0.06665925762142857,252497.87285857907,0.14138012979766124,1.0013232211466252,0.03667407990298227
12-01-2026,00.05,520,1950.0,3.58996,0.00144906,2.94191,0.226253,0.0,2477.440547665383,13.002744714987204,0.07354775000000001,0.061571785714285454,0.06373400762142858,0.0,0.0,0.06373400762142858,0.06423510843442862,0.06474415137874803,0.007008443208124276,4.458655975771774,0.6138515884184703,4.459087498135175,1.0,0.06373400762142858,242348.5639804822,0.1356972676400637,1.0013232211466252,0.03667407990298227
12-01-2026,00.05,521,1953.75,3.58952,0.00144613,3.27622,0.230354,0.0,2482.1558227821843,14.22254443161395,0.0819055,0.061131785714285236,0.07209175762142858,0.0,0.0,0.07209175762142858,0.07273356082656618,0.07338689409795757,0.007008443208124276,4.458655975771774,0.6138515884184703,4.459084414420164,1.0,0.07209175762142858,275184.2641010371,0.1540828306251477,1.0013232211466252,0.03667407990298227
12-01-2026,00.05,522,1957.5,3.59223,0.00144183,3.47681,0.239924,0.0,2491.4379642537606,14.491297244127306,0.08692025,0.06384178571428523,0.07710650762142858,0.0,0.0,0.07710650762142858,0.07784115976279833,0.0785899457435367,0.007008443208124276,4.458655975771774,0.6138515884184703,4.459103407301257,1.0,0.07710650762142858,295457.1978194627,0.16543417377921737,1.0013232211466252,0.03667407990298227
12-01-2026,00.05,523,1961.25,3.59026,0.00147546,3.05892,0.224886,0.0,2433.315711710246,13.602091726474747,0.076473,0.0618717857142852,0.06665925762142857,0.0,0.0,0.06665925762142857,0.06720761077699527,0.06776506050099193,0.007008443208124276,4.458655975771774,0.6138515884184703,4.459089600668138,1.0,0.06665925762142857,256404.93859591504,0.14356779757806246,1.0013232211466252,0.03667407990298227
12-01-2026,00.05,524,1965.0,3.58787,0.00147683,3.51024,0.241975,0.0,2429.4400845053256,14.506622584977787,0.087756,0.05948178571428553,0.07794225762142858,0.0,0.0,0.07794225762142858,0.07869299924792365,0.07945834385202546,0.007008443208124276,4.458655975771774,0.6138515884184703,4.45907285048887,1.0,0.07794225762142858,300952.59368430055,0.16851118893132308,1.0013232211466252,0.03667407990298227
12-01-2026,00.05,525,1968.75,3.58775,0.00143837,2.99206,0.221468,0.0,2494.3164832414473,13.510123358679358,0.0748015,0.05936178571428563,0.06498775762142858,0.133111,0.0033277750000000003,0.061659982621428584,0.06212888058274393,0.06260496473137224,0.007008443208124276,4.458655975771774,0.6138515884184703,4.459072009475685,1.0,0.06498775762142858,251891.02539008795,0.14104034010798447,1.0013232211466252,0.03667407990298227
12-01-2026,00.05,526,1972.5,3.58379,0.00140995,3.12578,0.220785,0.0,2541.7851696868684,14.157574110560045,0.07814449999999999,0.055401785714285445,0.06833075762142857,0.0,0.0,0.06833075762142857,0.06890707466983087,0.06949319598604116,0.007008443208124276,4.458655975771774,0.6138515884184703,4.459044256040581,1.0,0.06833075762142857,265858.3222828083,0.14886099311095563,1.0013232211466252,0.03667407990298227
12-01-2026,00.05,527,1976.25,3.58391,0.0014518,3.40995,0.237873,0.0,2468.597602975616,14.335170448096251,0.08524875,0.05552178571428534,0.07543500762142857,0.0,0.0,0.07543500762142857,0.07613800850263379,0.0768542355839782,0.007008443208124276,4.458655975771774,0.6138515884184703,4.4590450970537665,1.0,0.07543500762142857,294616.25482066505,0.16496330791022437,1.0013232211466252,0.03667407990298227
12-01-2026,00.05,528,1980.0,3.58506,0.00143055,3.19265,0.230354,0.0,2506.071091538219,13.859754985804457,0.07981624999999999,0.05667178571428533,0.07000250762142857,0.0,0.0,0.07000250762142857,0.07060749430438894,0.07122302917067372,0.007008443208124276,4.458655975771774,0.6138515884184703,4.4590531567634555,1.0,0.07000250762142857,274437.83087904856,0.15366488323962998,1.0013232211466252,0.03667407990298227
12-01-2026,00.05,529,1983.75,3.58415,0.00141621,3.29294,0.231038,0.0,2530.804047422346,14.252806897566636,0.08232350000000001,0.05576178571428558,0.07250975762142858,0.0,0.0,0.07250975762142858,0.07315905848267157,0.07382009296285934,0.007008443208124276,4.458655975771774,0.6138515884184703,4.459046779080136,1.0,0.07250975762142858,285345.0433481934,0.15977211534087646,1.0013232211466252,0.03667407990298227
12-01-2026,00.05,530,1987.5,3.58261,0.00142364,3.17593,0.224886,0.0,2516.51400634992,14.122399793673239,0.07939825,0.054221785714285264,0.06958450762142858,0.0,0.0,0.06958450762142858,0.07018226001749474,0.07079037115346208,0.007008443208124276,4.458655975771774,0.6138515884184703,4.459035986077596,1.0,0.06958450762142858,274869.6776839587,0.15390668550370332,1.0013232211466252,0.03667407990298227
12-01-2026,00.05,531,1991.25,3.58481,0.00138544,3.17593,0.227278,0.0,2587.4884513223237,13.97376780858684,0.07939825,0.056421785714285466,0.06958450762142858,0.0,0.0,0.06958450762142858,0.07018226001749474,0.07079037115346208,0.007008443208124276,4.458655975771774,0.6138515884184703,4.459051404652653,1.0,0.06958450762142858,275907.90028282907,0.15448801335460907,1.0013232211466252,0.03667407990298227
12-01-2026,00.05,532,1995.0,3.58672,0.00148713,3.37651,0.23343,0.0,2411.8402560636932,14.464764597523883,0.08441275000000001,0.058331785714285544,0.07459900762142858,0.0,0.0,0.07459900762142858,0.07528644198986717,0.07598666369295748,0.007008443208124276,4.458655975771774,0.6138515884184703,4.4590647907791805,1.0,0.07459900762142858,296905.9153084763,0.16624534840147492,1.0013232211466252,0.03667407990298227
12-01-2026,00.05,533,1998.75,3.58368,0.0014194,2.72461,0.208823,0.0,2524.7851204734397,13.047461247084852,0.06811525,0.05529178571428561,0.05830150762142857,0.0,0.0,0.05830150762142857,0.05872054355848847,0.05914564665582809,0.007008443208124276,4.458655975771774,0.6138515884184703,4.459043485111828,1.0,0.05830150762142857,232914.6140437128,0.13041495356959182,1.0013232211466252,0.03667407990298227
12-01-2026,00.05,534,2002.5,3.57906,0.00142168,2.62432,0.213266,0.0,2517.486354172528,12.305383886789267,0.065608,0.050671785714285544,0.05579425762142857,0.0,0.0,0.05579425762142857,0.05617790875840991,0.056566872531517993,0.007008443208124276,4.458655975771774,0.6138515884184703,4.459011106104207,1.0,0.05579425762142857,223735.3217760387,0.12527522895503518,1.0013232211466252,0.03667407990298227
12-01-2026,00.05,535,2006.25,3.58064,0.00140636,2.69118,0.206089,0.0,2546.033732472482,13.058338873011175,0.0672795,0.05225178571428524,0.057465757621428575,0.0,0.0,0.057465757621428575,0.05787282399624882,0.05828569853210078,0.007008443208124276,4.458655975771774,0.6138515884184703,4.459022179444475,1.0,0.057465757621428575,231301.9191824071,0.129511963749384,1.0013232211466252,0.03667407990298227
12-01-2026,00.05,536,2010.0,3.58171,0.001402,2.65775,0.20643,0.0,2554.7146932952924,12.874824395678923,0.06644375,0.053321785714285586,0.056630007621428564,0.0,0.0,0.056630007621428564,0.05702527908087778,0.05742610723134463,0.007008443208124276,4.458655975771774,0.6138515884184703,4.459029678478708,1.0,0.056630007621428564,228790.89379133354,0.12810597528818995,1.0013232211466252,0.03667407990298227
12-01-2026,00.05,537,2013.75,3.58091,0.00142774,2.9252,0.224544,0.0,2508.0967122865504,13.02729086504204,0.07313,0.05252178571428523,0.06331625762142858,0.0,0.0,0.06331625762142858,0.06381078546150044,0.06431309907205196,0.007008443208124276,4.458655975771774,0.6138515884184703,4.459024071724142,1.0,0.06331625762142858,256759.39538484943,0.14376626715826074,1.0013232211466252,0.03667407990298227
12-01-2026,00.05,538,2017.5,3.58196,0.00139834,3.1425,0.226253,0.0,2561.5801593317788,13.889318594670568,0.07856250000000001,0.05357178571428545,0.06874875762142858,0.0,0.0,0.06874875762142858,0.0693321773506889,0.06992558393224148,0.007008443208124276,4.458655975771774,0.6138515884184703,4.45903143058951,1.0,0.06874875762142858,279828.4978262359,0.15668325794536925,1.0013232211466252,0.03667407990298227
12-01-2026,00.05,539,2021.25,3.58003,0.00138798,2.65775,0.207797,0.0,2579.3095001368893,12.790126902698306,0.06644375,0.05164178571428524,0.056630007621428564,0.0,0.0,0.056630007621428564,0.05702527908087778,0.05742610723134463,0.007008443208124276,4.458655975771774,0.6138515884184703,4.459017904294119,1.0,0.056630007621428564,231359.15312135222,0.12954401052120543,1.0013232211466252,0.03667407990298227
12-01-2026,00.05,540,2025.0,3.5782,0.00138035,3.02549,0.220101,0.0,2592.241098272177,13.745916647357351,0.07563724999999999,0.04981178571428524,0.06582350762142856,0.0,0.0,0.06582350762142856,0.0663581417206573,0.06690153178716308,0.007008443208124276,4.458655975771774,0.6138515884184703,4.459005078843048,1.0,0.06582350762142856,269917.5209401205,0.1511338440722258,1.0013232211466252,0.03667407990298227
12-01-2026,00.05,541,2028.75,3.57708,0.00137462,2.90848,0.214975,0.0,2602.231889540382,13.529387138039306,0.072712,0.04869178571428545,0.06289825762142857,0.0,0.0,0.06289825762142857,0.06338625232441962,0.06388187842708795,0.007008443208124276,4.458655975771774,0.6138515884184703,4.458997229386655,1.0,0.06289825762142857,258878.3194532438,0.1449527078851843,1.0013232211466252,0.03667407990298227
12-01-2026,00.05,542,2032.5,3.57697,0.00141132,3.19265,0.226595,0.0,2534.485446248902,14.089675412078819,0.07981624999999999,0.04858178571428562,0.07000250762142857,0.0,0.0,0.07000250762142857,0.07060749430438894,0.07122302917067372,0.007008443208124276,4.458655975771774,0.6138515884184703,4.458996458457902,1.0,0.07000250762142857,289184.2966251751,0.16192181316003307,1.0013232211466252,0.03667407990298227
12-01-2026,00.05,543,2036.25,3.57711,0.00140949,2.84162,0.223177,0.0,2537.875401741055,12.73258445090668,0.07104049999999999,0.048721785714285204,0.06122675762142856,0.0,0.0,0.06122675762142856,0.06168906504487613,0.06215840711285939,0.007008443208124276,4.458655975771774,0.6138515884184703,4.458997439639951,1.0,0.06122675762142856,253865.36612700828,0.14214582486510538,1.0013232211466252,0.03667407990298227
12-01-2026,00.05,544,2040.0,3.57611,0.00138576,3.04221,0.227962,0.0,2580.612804526036,13.345250524210174,0.07605525,0.047721785714285314,0.06624150762142858,0.0,0.0,0.06624150762142858,0.0667829813988776,0.0673333804031343,0.007008443208124276,4.458655975771774,0.6138515884184703,4.458990431196742,1.0,0.06624150762142858,275670.65811733715,0.1543551752923672,1.0013232211466252,0.03667407990298227
12-01-2026,00.05,545,2043.75,3.57649,0.00143902,3.05892,0.222494,0.0,2485.3650400967326,13.748325797549597,0.076473,0.04810178571428558,0.06665925762142857,0.0,0.0,0.06665925762142857,0.06720761077699527,0.06776506050099193,0.007008443208124276,4.458655975771774,0.6138515884184703,4.4589930944051615,1.0,0.06665925762142857,278429.9905547553,0.15590019733053534,1.0013232211466252,0.03667407990298227
12-01-2026,00.05,546,2047.5,3.57645,0.00137905,2.85834,0.216,0.0,2593.415757224176,13.233055555555556,0.07145850000000001,0.04806178571428532,0.06164475762142858,0.0,0.0,0.06164475762142858,0.062113423172005175,0.06258926954734066,0.007008443208124276,4.458655975771774,0.6138515884184703,4.458992814067433,1.0,0.06164475762142858,258430.62041816907,0.14470202954491723,1.0013232211466252,0.03667407990298227
12-01-2026,00.05,547,2051.25,3.57536,0.00138055,2.64104,0.213949,0.0,2589.8084096917896,12.344250265250128,0.066026,0.046971785714285286,0.05621225762142857,0.0,0.0,0.05621225762142857,0.05660169883691269,0.056996573832706815,0.007008443208124276,4.458655975771774,0.6138515884184703,4.4589851748643365,1.0,0.05621225762142857,236520.18830601592,0.13243380842737126,1.0013232211466252,0.03667407990298227
12-01-2026,00.05,548,2055.0,3.57546,0.00138602,2.89177,0.215658,0.0,2579.6597451696225,13.409055077947492,0.07229425,0.0470717857142855,0.06248050762142857,0.0,0.0,0.06248050762142857,0.06296201683118026,0.0634510052301129,0.007008443208124276,4.458655975771774,0.6138515884184703,4.458985875708658,1.0,0.06248050762142857,263856.7456979834,0.14774025829383106,1.0013232211466252,0.03667407990298227
12-01-2026,00.05,549,2058.75,3.57378,0.00136008,2.47388,0.205405,0.0,2627.6248455973177,12.043913244565614,0.06184699999999999,0.04539178571428559,0.05203325762142856,0.0,0.0,0.05203325762142856,0.052366774841088384,0.052704595128227665,0.007008443208124276,4.458655975771774,0.6138515884184703,4.458974101524068,1.0,0.05203325762142856,220540.4420675089,0.12348633266546982,1.0013232211466252,0.03667407990298227
12-01-2026,00.05,550,2062.5,3.57338,0.0013842,2.99206,0.220443,0.0,2581.5489091171794,13.572941758186923,0.0748015,0.04499178571428519,0.06498775762142858,0.0,0.0,0.06498775762142858,0.06550884785208407,0.06603836212696192,0.007008443208124276,4.458655975771774,0.6138515884184703,4.458971298146785,1.0,0.06498775762142858,276451.8283192802,0.15479257281692627,1.0013232211466252,0.03667407990298227
12-01-2026,00.05,551,2066.25,3.57587,0.00143283,2.85834,0.217367,0.0,2495.6694094903096,13.149834151458133,0.07145850000000001,0.04748178571428552,0.06164475762142858,0.0,0.0,0.06164475762142858,0.062113423172005175,0.06258926954734066,0.007008443208124276,4.458655975771774,0.6138515884184703,4.458988749170373,1.0,0.06164475762142858,263185.4539493907,0.14736438457468376,1.0013232211466252,0.03667407990298227
12-01-2026,00.05,552,2070.0,3.5757,0.00142136,2.50731,0.202329,0.0,2515.6891990769404,12.392242337974288,0.06268275,0.04731178571428529,0.052869007621428564,0.0,0.0,0.052869007621428564,0.05321336013664601,0.0535622278135336,0.007008443208124276,4.458655975771774,0.6138515884184703,4.4589875577350275,1.0,0.052869007621428564,226538.41075705926,0.12684475142064836,1.0013232211466252,0.03667407990298227
12-01-2026,00.05,553,2073.75,3.57317,0.00139469,2.94191,0.218734,0.0,2561.9815156056184,13.44971517916739,0.07354775000000001,0.044781785714285594,0.06373400762142858,0.0,0.0,0.06373400762142858,0.06423510843442862,0.06474415137874803,0.007008443208124276,4.458655975771774,0.6138515884184703,4.4589698263737105,1.0,0.06373400762142858,274084.2159848642,0.15346688505821096,1.0013232211466252,0.03667407990298227
12-01-2026,00.05,554,2077.5,3.57383,0.00136966,2.75804,0.213949,0.0,2609.28259568068,12.891109563494103,0.068951,0.045441785714285476,0.05913725762142857,0.0,0.0,0.05913725762142857,0.05956843782158444,0.06000595182475265,0.007008443208124276,4.458655975771774,0.6138515884184703,4.458974451946228,1.0,0.05913725762142857,255236.77350194583,0.14291371154264082,1.0013232211466252,0.03667407990298227
12-01-2026,00.05,555,2081.25,3.57259,0.0013664,2.69118,0.21019,0.0,2614.6004098360654,12.803558684999288,0.0672795,0.044201785714285347,0.057465757621428575,0.0,0.0,0.057465757621428575,0.05787282399624882,0.05828569853210078,0.007008443208124276,4.458655975771774,0.6138515884184703,4.45896576147665,1.0,0.057465757621428575,248918.76550322628,0.13937609444983495,1.0013232211466252,0.03667407990298227
12-01-2026,00.05,556,2085.0,3.56996,0.00138811,2.44045,0.197203,0.0,2571.813472995656,12.37531883389198,0.061011249999999996,0.041571785714285436,0.051197507621428565,0.0,0.0,0.051197507621428565,0.051520363842012896,0.051847317825876184,0.007008443208124276,4.458655975771774,0.6138515884184703,4.4589473292710124,1.0,0.051197507621428565,222567.08506956478,0.12462110282190857,1.0013232211466252,0.03667407990298227
12-01-2026,00.05,557,2088.75,3.57188,0.00139248,2.75804,0.212582,0.0,2565.121222566931,12.974005325003999,0.068951,0.04349178571428558,0.05913725762142857,0.0,0.0,0.05913725762142857,0.05956843782158444,0.06000595182475265,0.007008443208124276,4.458655975771774,0.6138515884184703,4.458960785481972,1.0,0.05913725762142857,258008.5552470552,0.14446570427215513,1.0013232211466252,0.03667407990298227
12-01-2026,00.05,558,2092.5,3.57314,0.00136842,3.24279,0.230696,0.0,2611.1427778021366,14.056550612060892,0.08106975,0.0447517857142854,0.07125600762142857,0.0,0.0,0.07125600762142857,0.07188295170111061,0.0725210260113051,0.007008443208124276,4.458655975771774,0.6138515884184703,4.458969616120415,1.0,0.07125600762142857,311998.4375208537,0.17469604434280314,1.0013232211466252,0.03667407990298227
12-01-2026,00.05,559,2096.25,3.57002,0.00135389,2.50731,0.202329,0.0,2636.86119256365,12.392242337974288,0.06268275,0.041631785714285385,0.052869007621428564,0.0,0.0,0.052869007621428564,0.05321336013664601,0.0535622278135336,0.007008443208124276,4.458655975771774,0.6138515884184703,4.4589477497776056,1.0,0.052869007621428564,232320.38021088214,0.13008222658276758,1.0013232211466252,0.03667407990298227
12-01-2026,00.05,560,2100.0,3.56711,0.00134202,2.4906,0.200278,0.0,2658.0155288296746,12.43571435704371,0.062265,0.03872178571428542,0.05245125762142857,0.0,0.0,0.05245125762142857,0.05279017231903847,0.05313349530711514,0.007008443208124276,4.458655975771774,0.6138515884184703,4.458927355207869,1.0,0.05245125762142857,231310.0461105,0.1295165142279113,1.0013232211466252,0.03667407990298227
12-01-2026,00.05,561,2103.75,3.56979,0.00130434,2.29001,0.19276,0.0,2736.8554211325268,11.880109981323928,0.05725025,0.04140178571428521,0.04743650762142857,0.0,0.0,0.04743650762142857,0.0477135433582794,0.04799383395768172,0.007008443208124276,4.458655975771774,0.6138515884184703,4.458946137835667,1.0,0.04743650762142857,209942.79068142592,0.11755243187037696,1.0013232211466252,0.03667407990298227
12-01-2026,00.05,562,2107.5,3.56965,0.0013679,2.47388,0.202671,0.0,2609.5840339206084,12.206383745084398,0.06184699999999999,0.041261785714285626,0.05203325762142856,0.0,0.0,0.05203325762142856,0.052366774841088384,0.052704595128227665,0.007008443208124276,4.458655975771774,0.6138515884184703,4.458945156653618,1.0,0.05203325762142856,231108.64059631617,0.12940374203931856,1.0013232211466252,0.03667407990298227
12-01-2026,00.05,563,2111.25,3.56892,0.00136764,2.75804,0.212582,0.0,2609.5463718522415,12.974005325003999,0.068951,0.040531785714285284,0.05913725762142857,0.0,0.0,0.05913725762142857,0.05956843782158444,0.06000595182475265,0.007008443208124276,4.458655975771774,0.6138515884184703,4.458940040490076,1.0,0.05913725762142857,263597.02609228017,0.1475948345278816,1.0013232211466252,0.03667407990298227
12-01-2026,00.05,564,2115.0,3.56818,0.00134091,2.57417,0.208823,0.0,2661.0137891431937,12.327042519262724,0.06435425000000002,0.03979178571428532,0.054540507621428584,0.0,0.0,0.054540507621428584,0.05490705383260312,0.055278560217315975,0.007008443208124276,4.458655975771774,0.6138515884184703,4.458934854242102,1.0,0.054540507621428584,243971.9622048649,0.1366062505517933,1.0013232211466252,0.03667407990298227
12-01-2026,00.05,565,2118.75,3.56678,0.00135252,2.50731,0.209165,0.0,2637.136604264632,11.987234958047475,0.06268275,0.038391785714285476,0.052869007621428564,0.0,0.0,0.052869007621428564,0.05321336013664601,0.0535622278135336,0.007008443208124276,4.458655975771774,0.6138515884184703,4.458925042421611,1.0,0.052869007621428564,237334.34472117937,0.13288967579111685,1.0013232211466252,0.03667407990298227
12-01-2026,00.05,566,2122.5,3.56801,0.00127331,2.15629,0.187633,0.0,2802.153442602352,11.49206163094978,0.05390725,0.03962178571428554,0.044093507621428565,0.0,0.0,0.044093507621428565,0.044332773610335094,0.04457465043966737,0.007008443208124276,4.458655975771774,0.6138515884184703,4.458933662806757,1.0,0.044093507621428565,198641.5274189583,0.11122456047551534,1.0013232211466252,0.03667407990298227
12-01-2026,00.05,567,2126.25,3.56913,0.00133557,3.10907,0.226595,0.0,2672.3646083694603,13.720823495664071,0.07772675,0.04074178571428533,0.06791300762142857,0.0,0.0,0.06791300762142857,0.06848227006149152,0.06906115654978029,0.007008443208124276,4.458655975771774,0.6138515884184703,4.45894151226315,1.0,0.06791300762142857,307030.5690075766,0.17191440548274742,1.0013232211466252,0.03667407990298227
12-01-2026,00.05,568,2130.0,3.56605,0.0013488,2.12286,0.189342,0.0,2643.86862396204,11.21177551731787,0.05307150000000001,0.03766178571428558,0.043257757621428576,0.0,0.0,0.043257757621428576,0.04348801577262582,0.04372073833922464,0.007008443208124276,4.458655975771774,0.6138515884184703,4.458919926258069,1.0,0.043257757621428576,196256.1205526593,0.10988890909532935,1.0013232211466252,0.03667407990298227
12-01-2026,00.05,569,2133.75,3.56416,0.00134639,2.18972,0.192076,0.0,2647.1973202415347,11.400279056206918,0.05474299999999999,0.03577178571428563,0.04492925762142856,0.133111,0.0033277750000000003,0.041601482621428564,0.04181440245661256,0.04202951298667277,0.007008443208124276,4.458655975771774,0.6138515884184703,4.458906680300406,1.0,0.04492925762142856,204557.92561084687,0.11453730578633363,1.0013232211466252,0.03667407990298227
12-01-2026,00.05,570,2137.5,3.56614,0.00137762,2.25658,0.200278,0.0,2588.623858538639,11.26723853843158,0.056414500000000006,0.03775178571428528,0.046600757621428575,0.0,0.0,0.046600757621428575,0.04686809005441673,0.04713850737178097,0.007008443208124276,4.458655975771774,0.6138515884184703,4.458920557017958,1.0,0.046600757621428575,212914.49275128014,0.11921636519226789,1.0013232211466252,0.03667407990298227
12-01-2026,00.05,571,2141.25,3.56711,0.00137683,2.64104,0.208481,0.0,2590.8136807013216,12.668012912447656,0.066026,0.03872178571428542,0.05621225762142857,0.0,0.0,0.05621225762142857,0.05660169883691269,0.056996573832706815,0.007008443208124276,4.458655975771774,0.6138515884184703,4.458927355207869,1.0,0.05621225762142857,257730.47841302145,0.14431000181635095,1.0013232211466252,0.03667407990298227
12-01-2026,00.05,572,2145.0,3.56497,0.00133739,2.45717,0.201987,0.0,2665.617359184681,12.16499081624065,0.061429250000000005,0.03658178571428561,0.05161550762142857,0.0,0.0,0.05161550762142857,0.05194367415238208,0.05227604028775057,0.007008443208124276,4.458655975771774,0.6138515884184703,4.458912357139404,1.0,0.05161550762142857,237484.2409538834,0.13297360659257648,1.0013232211466252,0.03667407990298227
12-01-2026,00.05,573,2148.75,3.56453,0.00132325,2.42374,0.20062,0.0,2693.7691290383527,12.081248130794537,0.0605935,0.03614178571428539,0.05077975762142857,0.0665557,0.0016638924999999999,0.04911586512142857,0.04941292484820558,0.049713599758949484,0.007008443208124276,4.458655975771774,0.6138515884184703,4.458909273424393,1.0,0.05077975762142857,234456.56775120966,0.13127833357687604,1.0013232211466252,0.03667407990298227
12-01-2026,00.05,574,2152.5,3.5642,0.00137377,2.45717,0.201987,0.0,2594.4663226013085,12.16499081624065,0.061429250000000005,0.03581178571428545,0.05161550762142857,0.0,0.0,0.05161550762142857,0.05194367415238208,0.05227604028775057,0.007008443208124276,4.458655975771774,0.6138515884184703,4.458906960638134,1.0,0.05161550762142857,239147.87328390658,0.1339051176270714,1.0013232211466252,0.03667407990298227
12-01-2026,00.05,575,2156.25,3.56349,0.0013385,2.22315,0.190367,0.0,2662.3010833022036,11.678232046520668,0.05557875,0.03510178571428524,0.04576500762142857,0.0,0.0,0.04576500762142857,0.046022810697586326,0.04628353473655604,0.007008443208124276,4.458655975771774,0.6138515884184703,4.4589019846434566,1.0,0.04576500762142857,212780.47000548968,0.11914132236920891,1.0013232211466252,0.03667407990298227
12-01-2026,00.05,576,2160.0,3.56298,0.00133498,2.62432,0.209165,0.0,2668.9388605072736,12.546649774101786,0.065608,0.03459178571428545,0.05579425762142857,0.0,0.0,0.05579425762142857,0.05617790875840991,0.056566872531517993,0.007008443208124276,4.458655975771774,0.6138515884184703,4.45889841033742,1.0,0.05579425762142857,260313.68835853713,0.14575640828804495,1.0013232211466252,0.03667407990298227
12-01-2026,00.05,577,2163.75,3.56422,0.00134685,2.22315,0.19481,0.0,2646.3377510487435,11.411888506750167,0.05557875,0.03583178571428558,0.04576500762142857,0.0,0.0,0.04576500762142857,0.046022810697586326,0.04628353473655604,0.007008443208124276,4.458655975771774,0.6138515884184703,4.458907100806998,1.0,0.04576500762142857,214263.25625242398,0.11997157297560183,1.0013232211466252,0.03667407990298227
12-01-2026,00.05,578,2167.5,3.56264,0.00133563,2.00585,0.184557,0.0,2667.385428599238,10.868457983170511,0.05014625,0.03425178571428544,0.04033250762142857,0.0,0.0,0.04033250762142857,0.04053260488872891,0.040734697496754006,0.007008443208124276,4.458655975771774,0.6138515884184703,4.4588960274667295,1.0,0.04033250762142857,189484.38950902515,0.10609724066238349,1.0013232211466252,0.03667407990298227
12-01-2026,00.05,579,2171.25,3.56206,0.00130865,2.173,0.189684,0.0,2721.9348183242273,11.455895067586091,0.054325000000000005,0.033671785714285196,0.044511257621428574,0.0,0.0,0.044511257621428574,0.044755091322354286,0.04500161119150221,0.007008443208124276,4.458655975771774,0.6138515884184703,4.458891962569669,1.0,0.044511257621428574,209840.6041349813,0.11749521496380916,1.0013232211466252,0.03667407990298227
12-01-2026,00.05,580,2175.0,3.56344,0.00133303,2.74133,0.213266,0.0,2673.188150304194,12.85404143182692,0.06853324999999999,0.035051785714285355,0.05871950762142856,0.0,0.0,0.05871950762142856,0.05914459566542791,0.0595758832683717,0.007008443208124276,4.458655975771774,0.6138515884184703,4.458901634221296,1.0,0.05871950762142856,277779.97074162046,0.15553623432161315,1.0013232211466252,0.03667407990298227
12-01-2026,00.05,581,2178.75,3.56236,0.00133648,2.173,0.188316,0.0,2665.4794684544477,11.539115104398988,0.054325000000000005,0.033971785714285385,0.044511257621428574,0.0,0.0,0.044511257621428574,0.044755091322354286,0.04500161119150221,0.007008443208124276,4.458655975771774,0.6138515884184703,4.458894065102631,1.0,0.044511257621428574,211292.7839148804,0.1183083282128331,1.0013232211466252,0.03667407990298227
12-01-2026,00.05,582,2182.5,3.5607,0.00136497,2.22315,0.200278,0.0,2608.6287610716718,11.100320554429342,0.05557875,0.03231178571428561,0.04576500762142857,0.0,0.0,0.04576500762142857,0.046022810697586326,0.04628353473655604,0.007008443208124276,4.458655975771774,0.6138515884184703,4.458882431086906,1.0,0.04576500762142857,217992.74683444833,0.1220598118054833,1.0013232211466252,0.03667407990298227
12-01-2026,00.05,583,2186.25,3.56213,0.00132827,2.44045,0.201304,0.0,2681.781565494967,12.123206692365773,0.061011249999999996,0.03374178571428521,0.051197507621428565,0.0,0.0,0.051197507621428565,0.051520363842012896,0.051847317825876184,0.007008443208124276,4.458655975771774,0.6138515884184703,4.4588924531606935,1.0,0.051197507621428565,244708.1672054025,0.13701847088995034,1.0013232211466252,0.03667407990298227
12-01-2026,00.05,584,2190.0,3.5606,0.00131314,2.13957,0.190025,0.0,2711.5159084332213,11.259413235100645,0.05348925,0.0322117857142854,0.04367550762142857,0.0,0.0,0.04367550762142857,0.04391024662430706,0.044147522525183655,0.007008443208124276,4.458655975771774,0.6138515884184703,4.4588817302425845,1.0,0.04367550762142857,209472.10210313357,0.11728888108660256,1.0013232211466252,0.03667407990298227
12-01-2026,00.05,585,2193.75,3.55658,0.00129398,1.90556,0.175671,0.0,2748.5587103355538,10.84732255181561,0.047638999999999994,0.028191785714285267,0.03782525762142856,0.0,0.0,0.03782525762142856,0.038001195996917675,0.0381787787214994,0.007008443208124276,4.458655975771774,0.6138515884184703,4.458853556300888,1.0,0.03782525762142856,182035.5298522508,0.10192643029793674,1.0013232211466252,0.03667407990298227
12-01-2026,00.05,586,2197.5,3.55821,0.0012666,2.03928,0.181481,0.0,2809.261013737565,11.236878791719244,0.050982000000000006,0.029821785714285287,0.041168257621428575,0.0,0.0,0.041168257621428575,0.04137675487128795,0.041587374746026216,0.007008443208124276,4.458655975771774,0.6138515884184703,4.458864980063317,1.0,0.041168257621428575,198801.77335548872,0.11131428634547902,1.0013232211466252,0.03667407990298227
12-01-2026,00.05,587,2201.25,3.55953,0.00130871,2.12286,0.184899,0.0,2719.8768252706864,11.481187026430646,0.05307150000000001,0.031141785714285497,0.043257757621428576,0.0,0.0,0.043257757621428576,0.04348801577262582,0.04372073833922464,0.007008443208124276,4.458655975771774,0.6138515884184703,4.458874231208352,1.0,0.043257757621428576,209605.53214487844,0.11736359203924239,1.0013232211466252,0.03667407990298227
12-01-2026,00.05,588,2205.0,3.55789,0.00130636,2.22315,0.191734,0.0,2723.514192106311,11.59497011484661,0.05557875,0.02950178571428541,0.04576500762142857,0.0,0.0,0.04576500762142857,0.046022810697586326,0.04628353473655604,0.007008443208124276,4.458655975771774,0.6138515884184703,4.458862737361491,1.0,0.04576500762142857,222510.61118057626,0.12458948162183672,1.0013232211466252,0.03667407990298227
12-01-2026,00.05,589,2208.75,3.55808,0.00126875,2.03928,0.184557,0.0,2804.3980295566503,11.049594434239829,0.050982000000000006,0.029691785714285324,0.041168257621428575,0.0,0.0,0.041168257621428575,0.04137675487128795,0.041587374746026216,0.007008443208124276,4.458655975771774,0.6138515884184703,4.4588640689657,1.0,0.041168257621428575,200842.49675086344,0.11245694048055285,1.0013232211466252,0.03667407990298227
12-01-2026,00.05,590,2212.5,3.559,0.00130799,2.4906,0.207456,0.0,2720.9688147462903,12.005437297547433,0.062265,0.030611785714285578,0.05245125762142857,0.0,0.0,0.05245125762142857,0.05279017231903847,0.05313349530711514,0.007008443208124276,4.458655975771774,0.6138515884184703,4.458870516733452,1.0,0.05245125762142857,256757.10156589618,0.14376498278933647,1.0013232211466252,0.03667407990298227
12-01-2026,00.05,591,2216.25,3.55712,0.00128446,2.12286,0.186266,0.0,2769.3505441975612,11.396926975400772,0.05307150000000001,0.028731785714285252,0.043257757621428576,0.0,0.0,0.043257757621428576,0.04348801577262582,0.04372073833922464,0.007008443208124276,4.458655975771774,0.6138515884184703,4.45885734086022,1.0,0.043257757621428576,212471.89930926837,0.11896854560642027,1.0013232211466252,0.03667407990298227
12-01-2026,00.05,592,2220.0,3.55686,0.00127697,2.45717,0.201987,0.0,2785.3904163762654,12.16499081624065,0.061429250000000005,0.028471785714285325,0.05161550762142857,0.0,0.0,0.05161550762142857,0.05194367415238208,0.05227604028775057,0.007008443208124276,4.458655975771774,0.6138515884184703,4.458855518664986,1.0,0.05161550762142857,254381.86776144858,0.14243502757121598,1.0013232211466252,0.03667407990298227
12-01-2026,00.05,593,2223.75,3.55863,0.00128909,2.12286,0.18319,0.0,2760.5752895453384,11.588296304383428,0.05307150000000001,0.030241785714285374,0.043257757621428576,0.0,0.0,0.043257757621428576,0.04348801577262582,0.04372073833922464,0.007008443208124276,4.458655975771774,0.6138515884184703,4.458867923609465,1.0,0.043257757621428576,213912.38263806194,0.11977510970809199,1.0013232211466252,0.03667407990298227
12-01-2026,00.05,594,2227.5,3.5562,0.00125989,1.80527,0.172937,0.0,2822.627372230909,10.438888150019949,0.04513175,0.027811785714285442,0.03531800762142857,0.0,0.0,0.03531800762142857,0.03547134756584613,0.0356260248263885,0.007008443208124276,4.458655975771774,0.6138515884184703,4.458850893092469,1.0,0.03531800762142857,175239.34505317084,0.09812106957095361,1.0013232211466252,0.03667407990298227
12-01-2026,00.05,595,2231.25,3.5558,0.00127071,2.08943,0.187975,0.0,2798.2781279756987,11.115467482377976,0.052235750000000004,0.027411785714285486,0.04242200762142857,0.0,0.0,0.04242200762142857,0.042643431667371896,0.04286717931189932,0.007008443208124276,4.458655975771774,0.6138515884184703,4.458848089715186,1.0,0.04242200762142857,211196.97067747853,0.1182546798878518,1.0013232211466252,0.03667407990298227
12-01-2026,00.05,596,2235.0,3.55619,0.00128368,2.20644,0.186608,0.0,2770.30879970086,11.823930378118838,0.055161,0.027801785714285376,0.04534725762142857,0.0,0.0,0.04534725762142857,0.045600362631796475,0.04585630890394951,0.007008443208124276,4.458655975771774,0.6138515884184703,4.458850823008037,1.0,0.04534725762142857,226519.75495200054,0.1268343055499136,1.0013232211466252,0.03667407990298227
12-01-2026,00.05,597,2238.75,3.55453,0.00129072,2.02257,0.182165,0.0,2753.91254493616,11.102956111217852,0.050564250000000005,0.026141785714285604,0.040750507621428574,0.0,0.0,0.040750507621428574,0.04095478443989589,0.04116111960103708,0.007008443208124276,4.458655975771774,0.6138515884184703,4.458839188992312,1.0,0.040750507621428574,204241.60787126818,0.11436019125236689,1.0013232211466252,0.03667407990298227
12-01-2026,00.05,598,2242.5,3.55615,0.001337,2.12286,0.186266,0.0,2659.7980553477937,11.396926975400772,0.05307150000000001,0.02776178571428556,0.043257757621428576,0.0,0.0,0.043257757621428576,0.04348801577262582,0.04372073833922464,0.007008443208124276,4.458655975771774,0.6138515884184703,4.458850542670309,1.0,0.043257757621428576,217534.88188762515,0.12180344130667946,1.0013232211466252,0.03667407990298227
12-01-2026,00.05,599,2246.25,3.5555,0.00129822,2.23987,0.192418,0.0,2738.749980742863,11.640646924923862,0.05599674999999999,0.027111785714285297,0.04618300762142856,0.0,0.0,0.04618300762142856,0.04644555506124968,0.04671110469912735,0.007008443208124276,4.458655975771774,0.6138515884184703,4.458845987182223,1.0,0.04618300762142856,233022.78727841514,0.13047552257870745,1.0013232211466252,0.03667407990298227
12-01-2026,00.05,600,2250.0,3.553,0.0013151,1.9557,0.181139,0.0,2701.6956885407953,10.796681001882533,0.0488925,0.02461178571428535,0.03907875762142857,0.0,0.0,0.03907875762142857,0.03926657909056146,0.03945621470498152,0.007008443208124276,4.458655975771774,0.6138515884184703,4.458828466074203,1.0,0.03907875762142857,197836.21045848212,0.1107736425524794,1.0013232211466252,0.03667407990298227
12-01-2026,00.05,601,2253.75,3.55385,0.00130949,1.97242,0.178747,0.0,2713.9191593673877,11.034702680324706,0.04931050000000001,0.02546178571428559,0.039496757621428576,0.0,0.0,0.039496757621428576,0.039688628451151856,0.039882372555081154,0.007008443208124276,4.458655975771774,0.6138515884184703,4.45883442325093,1.0,0.039496757621428576,200619.39866649781,0.11233202205740682,1.0013232211466252,0.03667407990298227
12-01-2026,00.05,602,2257.5,3.55377,0.00127723,2.20644,0.19276,0.0,2782.404108891899,11.44656567752646,0.055161,0.02538178571428551,0.04534725762142857,0.0,0.0,0.04534725762142857,0.045600362631796475,0.04585630890394951,0.007008443208124276,4.458655975771774,0.6138515884184703,4.4588338625754735,1.0,0.04534725762142857,231103.51243644656,0.1294008706491568,1.0013232211466252,0.03667407990298227
12-01-2026,00.05,603,2261.25,3.55194,0.00126008,1.77183,0.178063,0.0,2818.821027236366,9.950579289352644,0.04429575,0.02355178571428551,0.03448200762142857,0.0,0.0,0.03448200762142857,0.034628159151436334,0.03477555487757929,0.007008443208124276,4.458655975771774,0.6138515884184703,4.458821037124403,1.0,0.03448200762142857,176315.17934840656,0.0987234571894283,1.0013232211466252,0.03667407990298227
12-01-2026,00.05,604,2265.0,3.55202,0.00126334,1.92227,0.176354,0.0,2811.6104928206187,10.900064642707282,0.04805675,0.02363178571428559,0.03824300762142857,0.0,0.0,0.03824300762142857,0.03842286289606973,0.03860441786807286,0.007008443208124276,4.458655975771774,0.6138515884184703,4.458821597799859,1.0,0.03824300762142857,196195.2337746434,0.1098548170038539,1.0013232211466252,0.03667407990298227
12-01-2026,00.05,605,2268.75,3.55022,0.00123753,1.5211,0.159949,0.0,2868.7950999167697,9.509906282627586,0.0380275,0.021831785714285346,0.028213757621428567,0.0,0.0,0.028213757621428567,0.02831152762982967,0.028409977605420567,0.007008443208124276,4.458655975771774,0.6138515884184703,4.4588089826020845,1.0,0.028213757621428567,145222.60265695394,0.08131391437382057,1.0013232211466252,0.03667407990298227
12-01-2026,00.05,606,2272.5,3.5512,0.00124326,1.92227,0.179772,0.0,2856.361501214549,10.692822019001847,0.04805675,0.02281178571428555,0.03824300762142857,0.0,0.0,0.03824300762142857,0.03842286289606973,0.03860441786807286,0.007008443208124276,4.458655975771774,0.6138515884184703,4.458815850876428,1.0,0.03824300762142857,197496.69112776013,0.1105835368438536,1.0013232211466252,0.03667407990298227
12-01-2026,00.05,607,2276.25,3.5532,0.00126315,1.93899,0.186608,0.0,2812.9675810473814,10.390712080939725,0.048474750000000004,0.024811785714285328,0.03866100762142857,0.0,0.0,0.03866100762142857,0.038844825505044776,0.03903039970270404,0.007008443208124276,4.458655975771774,0.6138515884184703,4.458829867762844,1.0,0.03866100762142857,200314.82245932755,0.11216148191298696,1.0013232211466252,0.03667407990298227
12-01-2026,00.05,608,2280.0,3.55328,0.00132038,2.03928,0.184557,0.0,2691.104076099305,11.049594434239829,0.050982000000000006,0.024891785714285408,0.041168257621428575,0.0,0.0,0.041168257621428575,0.04137675487128795,0.041587374746026216,0.007008443208124276,4.458655975771774,0.6138515884184703,4.458830428438302,1.0,0.041168257621428575,214009.0704192343,0.11982924771288879,1.0013232211466252,0.03667407990298227
12-01-2026,00.05,609,2283.75,3.5514,0.00130037,1.8387,0.171228,0.0,2731.068849635104,10.738313827177798,0.0459675,0.023011785714285526,0.03615375762142857,0.0,0.0,0.03615375762142857,0.03631445708075341,0.03647659150101494,0.007008443208124276,4.458655975771774,0.6138515884184703,4.45881725256507,1.0,0.03615375762142857,188560.43128677725,0.105579892409465,1.0013232211466252,0.03667407990298227
12-01-2026,00.05,610,2287.5,3.55177,0.00126706,1.87213,0.176013,0.0,2803.15849288905,10.636316635703045,0.04680325,0.023381785714285286,0.036989507621428566,0.0,0.0,0.036989507621428566,0.037157739873302564,0.0373275093935241,0.007008443208124276,4.458655975771774,0.6138515884184703,4.458819845689057,1.0,0.036989507621428566,193553.37823969082,0.10837557334049258,1.0013232211466252,0.03667407990298227
12-01-2026,00.05,611,2291.25,3.55299,0.00130382,1.78855,0.172253,0.0,2725.0617416514547,10.383273440810902,0.044713750000000003,0.024601785714285285,0.03490000762142857,0.0,0.0,0.03490000762142857,0.035049731695994846,0.03520074596426412,0.007008443208124276,4.458655975771774,0.6138515884184703,4.458828395989771,1.0,0.03490000762142857,183218.98704242817,0.1025890787759735,1.0013232211466252,0.03667407990298227
12-01-2026,00.05,612,2295.0,3.55117,0.00130597,1.80527,0.172937,0.0,2719.181910763647,10.438888150019949,0.04513175,0.022781785714285352,0.03531800762142857,0.0,0.0,0.03531800762142857,0.03547134756584613,0.0356260248263885,0.007008443208124276,4.458655975771774,0.6138515884184703,4.458815640623132,1.0,0.03531800762142857,186020.8290922548,0.10415790305236214,1.0013232211466252,0.03667407990298227
12-01-2026,00.05,613,2298.75,3.54988,0.00125663,1.85541,0.175329,0.0,2824.9206210260777,10.582447855175127,0.04638525,0.02149178571428534,0.03657150762142857,0.0,0.0,0.03657150762142857,0.03673595068733495,0.0369018792628398,0.007008443208124276,4.458655975771774,0.6138515884184703,4.4588065997313935,1.0,0.03657150762142857,193253.0462915146,0.10820740966713237,1.0013232211466252,0.03667407990298227
12-01-2026,00.05,614,2302.5,3.55106,0.00126588,2.13957,0.185582,0.0,2805.2106044806774,11.528973715123234,0.05348925,0.02267178571428552,0.04367550762142857,0.0,0.0,0.04367550762142857,0.04391024662430706,0.044147522525183655,0.007008443208124276,4.458655975771774,0.6138515884184703,4.458814869694379,1.0,0.04367550762142857,231545.9766269262,0.12964861786370804,1.0013232211466252,0.03667407990298227
12-01-2026,00.05,615,2306.25,3.55119,0.0012638,2.02257,0.183873,0.0,2809.9303687292295,10.999820528299423,0.050564250000000005,0.022801785714285483,0.040750507621428574,0.0,0.0,0.040750507621428574,0.04095478443989589,0.04116111960103708,0.007008443208124276,4.458655975771774,0.6138515884184703,4.458815780791996,1.0,0.040750507621428574,216743.3542281772,0.12136024437212997,1.0013232211466252,0.03667407990298227
12-01-2026,00.05,616,2310.0,3.54868,0.00124626,2.03928,0.184557,0.0,2847.463611124485,11.049594434239829,0.050982000000000006,0.02029178571428547,0.041168257621428575,0.0,0.0,0.041168257621428575,0.04137675487128795,0.041587374746026216,0.007008443208124276,4.458655975771774,0.6138515884184703,4.458798189599544,1.0,0.041168257621428575,219677.93949370502,0.12300339502938325,1.0013232211466252,0.03667407990298227
12-01-2026,00.05,617,2313.75,3.54974,0.00129913,2.12286,0.190709,0.0,2732.39783547451,11.131409634574144,0.05307150000000001,0.02135178571428531,0.043257757621428576,0.0,0.0,0.043257757621428576,0.04348801577262582,0.04372073833922464,0.007008443208124276,4.458655975771774,0.6138515884184703,4.458805618549344,1.0,0.043257757621428576,231577.76940671282,0.1296664194684581,1.0013232211466252,0.03667407990298227
12-01-2026,00.05,618,2317.5,3.55045,0.00123414,1.75512,0.167468,0.0,2876.8616202375742,10.480330570616475,0.043878,0.02206178571428552,0.03406425762142857,0.0,0.0,0.03406425762142857,0.03420688202332879,0.034350705761350936,0.007008443208124276,4.458655975771774,0.6138515884184703,4.458810594544023,1.0,0.03406425762142857,182952.5277347787,0.10243988127551622,1.0013232211466252,0.03667407990298227
12-01-2026,00.05,619,2321.25,3.54891,0.0012314,1.68826,0.164392,0.0,2882.0123436738672,10.269721154314079,0.04220650000000001,0.0205217857142852,0.032392757621428576,0.0,0.0,0.032392757621428576,0.03252170205715866,0.03265167716259973,0.007008443208124276,4.458655975771774,0.6138515884184703,4.458799801541482,1.0,0.032392757621428576,174538.70722946525,0.09772876422067397,1.0013232211466252,0.03667407990298227
12-01-2026,00.05,620,2325.0,3.54891,0.00120213,1.67154,0.168835,0.0,2952.1848718524616,9.900435336275061,0.0417885,0.0205217857142852,0.03197475762142857,0.0,0.0,0.03197475762142857,0.03210038924651156,0.03222701200116105,0.007008443208124276,4.458655975771774,0.6138515884184703,4.458799801541482,1.0,0.03197475762142857,172843.5491673348,0.09677960110837408,1.0013232211466252,0.03667407990298227
12-01-2026,00.05,621,2328.75,3.54863,0.00126256,1.82198,0.175329,0.0,2810.662463566088,10.391777743556398,0.04554949999999999,0.020241785714285587,0.03573575762142856,0.0665557,0.0016638924999999999,0.03407186512142856,0.03421455336788753,0.03435844175755967,0.007008443208124276,4.458655975771774,0.6138515884184703,4.458797839177383,1.0,0.03573575762142856,193797.74959994998,0.10851240322440857,1.0013232211466252,0.03667407990298227
12-01-2026,00.05,622,2332.5,3.54735,0.00128707,1.98913,0.182506,0.0,2756.1437994825455,10.89898414298708,0.04972825,0.018961785714285195,0.03991450762142857,0.0,0.0,0.03991450762142857,0.04011046874976744,0.040308363522069166,0.007008443208124276,4.458655975771774,0.6138515884184703,4.458788868370077,1.0,0.03991450762142857,217157.12390543584,0.12159192478200784,1.0013232211466252,0.03667407990298227
12-01-2026,00.05,623,2336.25,3.54941,0.00130441,1.8387,0.176013,0.0,2721.0846282993843,10.446387482742752,0.0459675,0.021021785714285368,0.03615375762142857,0.0665557,0.0016638924999999999,0.03448986512142857,0.03463608340806621,0.03478354674520475,0.007008443208124276,4.458655975771774,0.6138515884184703,4.458803305763086,1.0,0.03615375762142857,197329.52519785476,0.11048993628951939,1.0013232211466252,0.03667407990298227
12-01-2026,00.05,624,2340.0,3.54913,0.00125858,1.90556,0.17738,0.0,2819.947877767007,10.742812041943848,0.047638999999999994,0.02074178571428531,0.03782525762142856,0.0,0.0,0.03782525762142856,0.038001195996917675,0.0381787787214994,0.007008443208124276,4.458655975771774,0.6138515884184703,4.458801343398988,1.0,0.03782525762142856,207115.98063189423,0.11596962736120803,1.0013232211466252,0.03667407990298227
12-01-2026,00.05,625,2343.75,3.54649,0.00121047,1.63811,0.165418,0.0,2929.8454319396596,9.902852168445996,0.04095275,0.018101785714285334,0.03113900762142857,0.0,0.0,0.03113900762142857,0.03125814537096581,0.03137819826317924,0.007008443208124276,4.458655975771774,0.6138515884184703,4.458782841108918,1.0,0.03113900762142857,171051.67760794502,0.09577628559217108,1.0013232211466252,0.03667407990298227
12-01-2026,00.05,626,2347.5,3.54654,0.0012093,1.93899,0.178747,0.0,2932.721409079633,10.847678562437412,0.048474750000000004,0.018151785714285218,0.03866100762142857,0.0,0.0,0.03866100762142857,0.038844825505044776,0.03903039970270404,0.007008443208124276,4.458655975771774,0.6138515884184703,4.4587831915310785,1.0,0.03866100762142857,213051.38938108514,0.11929301717777406,1.0013232211466252,0.03667407990298227
12-01-2026,00.05,627,2351.25,3.54865,0.0012374,1.82198,0.172253,0.0,2867.827703248747,10.577348435150622,0.04554949999999999,0.020261785714285274,0.03573575762142856,0.0,0.0,0.03573575762142856,0.03589275456619984,0.036051137058989026,0.007008443208124276,4.458655975771774,0.6138515884184703,4.458797979346247,1.0,0.03573575762142856,197560.7248774864,0.11061939100668372,1.0013232211466252,0.03667407990298227
12-01-2026,00.05,628,2355.0,3.5489,0.00127853,1.93899,0.178747,0.0,2775.7659186722253,10.847678562437412,0.048474750000000004,0.02051178571428558,0.03866100762142857,0.0,0.0,0.03866100762142857,0.038844825505044776,0.03903039970270404,0.007008443208124276,4.458655975771774,0.6138515884184703,4.4587997314570496,1.0,0.03866100762142857,214414.9147936334,0.12005649053945441,1.0013232211466252,0.03667407990298227
12-01-2026,00.05,629,2358.75,3.54823,0.00127951,2.12286,0.187975,0.0,2773.1162710725202,11.293310280622425,0.05307150000000001,0.01984178571428563,0.043257757621428576,0.0665557,0.0016638924999999999,0.041593865121428576,0.041806706790293545,0.042021737944687165,0.007008443208124276,4.458655975771774,0.6138515884184703,4.4587950358001,1.0,0.043257757621428576,240673.25366858844,0.13475921779962186,1.0013232211466252,0.03667407990298227
12-01-2026,00.05,630,2362.5,3.54667,0.00127507,1.78855,0.172253,0.0,2781.549248276566,10.383273440810902,0.044713750000000003,0.018281785714285625,0.03490000762142857,0.0,0.0,0.03490000762142857,0.035049731695994846,0.03520074596426412,0.007008443208124276,4.458655975771774,0.6138515884184703,4.458784102628695,1.0,0.03490000762142857,194791.12066328907,0.10906861753339318,1.0013232211466252,0.03667407990298227
12-01-2026,00.05,631,2366.25,3.54521,0.00124131,1.80527,0.174646,0.0,2856.02307239932,10.336738316365677,0.04513175,0.016821785714285387,0.03531800762142857,0.0,0.0,0.03531800762142857,0.03547134756584613,0.0356260248263885,0.007008443208124276,4.458655975771774,0.6138515884184703,4.458773870301612,1.0,0.03531800762142857,197750.4360828134,0.11072561524742502,1.0013232211466252,0.03667407990298227
12-01-2026,00.05,632,2370.0,3.54474,0.00127142,1.80527,0.172937,0.0,2788.016548426169,10.438888150019949,0.04513175,0.016351785714285416,0.03531800762142857,0.0,0.0,0.03531800762142857,0.03547134756584613,0.0356260248263885,0.007008443208124276,4.458655975771774,0.6138515884184703,4.458770576333304,1.0,0.03531800762142857,198377.7170088021,0.11107684616169713,1.0013232211466252,0.03667407990298227
12-01-2026,00.05,633,2373.75,3.54545,0.0012462,1.75512,0.167468,0.0,2845.008826833574,10.480330570616475,0.043878,0.017061785714285627,0.03406425762142857,0.0,0.0,0.03406425762142857,0.03420688202332879,0.034350705761350936,0.007008443208124276,4.458655975771774,0.6138515884184703,4.458775552327982,1.0,0.03406425762142857,191941.49984164583,0.10747304067931138,1.0013232211466252,0.03667407990298227
12-01-2026,00.05,634,2377.5,3.54495,0.00125011,1.80527,0.169861,0.0,2835.7104574797418,10.627925185887284,0.04513175,0.01656178571428546,0.03531800762142857,0.0,0.0,0.03531800762142857,0.03547134756584613,0.0356260248263885,0.007008443208124276,4.458655975771774,0.6138515884184703,4.458772048106377,1.0,0.03531800762142857,199635.2588176726,0.11178097654565358,1.0013232211466252,0.03667407990298227
12-01-2026,00.05,635,2381.25,3.5456,0.0012651,1.97242,0.178747,0.0,2802.624298474429,11.034702680324706,0.04931050000000001,0.017211785714285277,0.039496757621428576,0.0,0.0,0.039496757621428576,0.039688628451151856,0.039882372555081154,0.007008443208124276,4.458655975771774,0.6138515884184703,4.458776603594463,1.0,0.039496757621428576,223960.5012923513,0.12540131282609368,1.0013232211466252,0.03667407990298227
12-01-2026,00.05,636,2385.0,3.54459,0.00121393,1.75512,0.167468,0.0,2919.929485225672,10.480330570616475,0.043878,0.01620178571428532,0.03406425762142857,0.0,0.0,0.03406425762142857,0.03420688202332879,0.034350705761350936,0.007008443208124276,4.458655975771774,0.6138515884184703,4.458769525066822,1.0,0.03406425762142857,193765.16180865053,0.10849415647202378,1.0013232211466252,0.03667407990298227
12-01-2026,00.05,637,2388.75,3.54416,0.00123538,1.75512,0.170886,0.0,2868.882449124966,10.270706786980794,0.043878,0.015771785714285613,0.03406425762142857,0.0,0.0,0.03406425762142857,0.03420688202332879,0.034350705761350936,0.007008443208124276,4.458655975771774,0.6138515884184703,4.458766511436243,1.0,0.03406425762142857,194374.96524547663,0.10883560128529482,1.0013232211466252,0.03667407990298227
12-01-2026,00.05,638,2392.5,3.544,0.00122592,1.48767,0.158241,0.0,2890.8901070216657,9.401292964528789,0.03719175,0.015611785714285453,0.02737800762142857,0.0,0.0,0.02737800762142857,0.027470061669697673,0.0275627368395838,0.007008443208124276,4.458655975771774,0.6138515884184703,4.45876539008533,1.0,0.02737800762142857,156713.25563798586,0.087747830000619,1.0013232211466252,0.03667407990298227
12-01-2026,00.05,639,2396.25,3.5431,0.00122677,1.72169,0.166101,0.0,2888.1534435957838,10.365319895726094,0.04304225,0.01471178571428533,0.033228507621428566,0.0,0.0,0.033228507621428566,0.03336420549483248,0.033501016233114696,0.007008443208124276,4.458655975771774,0.6138515884184703,4.458759082486442,1.0,0.033228507621428566,190798.55803813125,0.10683307782060417,1.0013232211466252,0.03667407990298227
12-01-2026,00.05,640,2400.0,3.54346,0.00120311,1.63811,0.163709,0.0,2945.25022649633,10.006230567653581,0.04095275,0.015071785714285468,0.03113900762142857,0.0,0.0,0.03113900762142857,0.03125814537096581,0.03137819826317924,0.007008443208124276,4.458655975771774,0.6138515884184703,4.458761605525997,1.0,0.03113900762142857,179360.68389942858,0.10042871444109638,1.0013232211466252,0.03667407990298227
12-01-2026,00.05,641,2403.75,3.54467,0.00123316,1.75512,0.169177,0.0,2874.460735022219,10.374459885208983,0.043878,0.0162817857142854,0.03406425762142857,0.0,0.0,0.03406425762142857,0.03420688202332879,0.034350705761350936,0.007008443208124276,4.458655975771774,0.6138515884184703,4.458770085742279,1.0,0.03406425762142857,196823.75956523707,0.1102067449502136,1.0013232211466252,0.03667407990298227
12-01-2026,00.05,642,2407.5,3.54475,0.00125389,1.8387,0.172937,0.0,2827.0023686288273,10.632195539416088,0.0459675,0.01636178571428548,0.03615375762142857,0.0,0.0,0.03615375762142857,0.03631445708075341,0.03647659150101494,0.007008443208124276,4.458655975771774,0.6138515884184703,4.458770646417736,1.0,0.03615375762142857,209549.2128226662,0.11733205738513089,1.0013232211466252,0.03667407990298227
12-01-2026,00.05,643,2411.25,3.54275,0.00122195,1.58796,0.161316,0.0,2899.2593804983835,9.843784869448784,0.039699,0.014361785714285258,0.029885257621428567,0.0,0.0,0.029885257621428567,0.029994977916857634,0.030105506832000077,0.007008443208124276,4.458655975771774,0.6138515884184703,4.45875662953132,1.0,0.029885257621428567,173756.67016390339,0.09729088131661623,1.0013232211466252,0.03667407990298227
12-01-2026,00.05,644,2415.0,3.54238,0.0012299,2.173,0.191392,0.0,2880.217903894626,11.353661595050994,0.054325000000000005,0.013991785714285498,0.044511257621428574,0.0,0.0,0.044511257621428574,0.044755091322354286,0.04500161119150221,0.007008443208124276,4.458655975771774,0.6138515884184703,4.458754036407333,1.0,0.044511257621428574,259599.66948113625,0.14535661053758447,1.0013232211466252,0.03667407990298227
12-01-2026,00.05,645,2418.75,3.54244,0.00123381,1.75512,0.169177,0.0,2871.138992227329,10.374459885208983,0.043878,0.014051785714285447,0.03406425762142857,0.0,0.0,0.03406425762142857,0.03420688202332879,0.034350705761350936,0.007008443208124276,4.458655975771774,0.6138515884184703,4.458754456913925,1.0,0.03406425762142857,199287.88280092715,0.1115864716740677,1.0013232211466252,0.03667407990298227
12-01-2026,00.05,646,2422.5,3.54211,0.00123714,1.53782,0.158924,0.0,2863.14402573678,9.676449120334247,0.038445499999999994,0.013721785714285506,0.028631757621428562,0.0,0.0,0.028631757621428562,0.028732451276520788,0.02883385568058388,0.007008443208124276,4.458655975771774,0.6138515884184703,4.458752144127667,1.0,0.028631757621428562,168025.64854983866,0.09408193317579967,1.0013232211466252,0.03667407990298227
12-01-2026,00.05,647,2426.25,3.54208,0.00123811,1.6214,0.166443,0.0,2860.8766587782993,9.741473056842281,0.040534999999999995,0.01369178571428531,0.030721257621428563,0.0,0.0,0.030721257621428563,0.03083721424099881,0.030954049527805255,0.007008443208124276,4.458655975771774,0.6138515884184703,4.45875193387437,1.0,0.030721257621428563,180846.49122630828,0.1012606566287687,1.0013232211466252,0.03667407990298227
12-01-2026,00.05,648,2430.0,3.54199,0.00124105,1.67154,0.168835,0.0,2854.0268321179647,9.900435336275061,0.0417885,0.013601785714285608,0.03197475762142857,0.0,0.0,0.03197475762142857,0.03210038924651156,0.03222701200116105,0.007008443208124276,4.458655975771774,0.6138515884184703,4.458751303114481,1.0,0.03197475762142857,188807.74627877356,0.1057183705093931,1.0013232211466252,0.03667407990298227
12-01-2026,00.05,649,2433.75,3.54223,0.00127423,1.53782,0.162342,0.0,2779.8984484747652,9.472718088972663,0.038445499999999994,0.013841785714285404,0.028631757621428562,0.0,0.0,0.028631757621428562,0.028732451276520788,0.02883385568058388,0.007008443208124276,4.458655975771774,0.6138515884184703,4.458752985140851,1.0,0.028631757621428562,169589.8819955156,0.09495778818827938,1.0013232211466252,0.03667407990298227
12-01-2026,00.05,650,2437.5,3.54123,0.00127859,1.82198,0.180114,0.0,2769.6368656097734,10.115704498262211,0.04554949999999999,0.012841785714285514,0.03573575762142856,0.0,0.0,0.03573575762142856,0.03589275456619984,0.036051137058989026,0.007008443208124276,4.458655975771774,0.6138515884184703,4.458745976697643,1.0,0.03573575762142856,212320.6536804408,0.11888385924295554,1.0013232211466252,0.03667407990298227
12-01-2026,00.05,651,2441.25,3.54025,0.00120793,1.53782,0.157215,0.0,2930.840363266083,9.781636612282544,0.038445499999999994,0.011861785714285311,0.028631757621428562,0.0,0.0,0.028631757621428562,0.028732451276520788,0.02883385568058388,0.007008443208124276,4.458655975771774,0.6138515884184703,4.458739108423299,1.0,0.028631757621428562,170636.73063354907,0.09554394598298908,1.0013232211466252,0.03667407990298227
12-01-2026,00.05,652,2445.0,3.53953,0.00121536,1.45424,0.153114,0.0,2912.3305028962614,9.497759839074154,0.036356,0.01114178571428548,0.026542257621428568,0.0,0.0,0.026542257621428568,0.02662876842755422,0.02671584501771377,0.007008443208124276,4.458655975771774,0.6138515884184703,4.458734062344189,1.0,0.026542257621428568,158670.2796173405,0.08884361865454268,1.0013232211466252,0.03667407990298227
12-01-2026,00.05,653,2448.75,3.54077,0.00124111,1.80527,0.174646,0.0,2852.90586652271,10.336738316365677,0.04513175,0.01238178571428561,0.03531800762142857,0.0,0.0,0.03531800762142857,0.03547134756584613,0.0356260248263885,0.007008443208124276,4.458655975771774,0.6138515884184703,4.458742752813768,1.0,0.03531800762142857,211780.07313533063,0.11858117412815233,1.0013232211466252,0.03667407990298227
12-01-2026,00.05,654,2452.5,3.54209,0.00122514,1.60468,0.162342,0.0,2891.171621202475,9.884564684431634,0.04011700000000001,0.013701785714285375,0.030303257621428575,0.0,0.0,0.030303257621428575,0.030416074452962207,0.03052973444127953,0.007008443208124276,4.458655975771774,0.6138515884184703,4.458752003958803,1.0,0.030303257621428575,182266.70817384767,0.10205587305618159,1.0013232211466252,0.03667407990298227
12-01-2026,00.05,655,2456.25,3.53904,0.0012093,1.6214,0.164734,0.0,2926.5194740759116,9.842534024548666,0.040534999999999995,0.010651785714285378,0.030721257621428563,0.0,0.0,0.030721257621428563,0.03083721424099881,0.030954049527805255,0.007008443208124276,4.458655975771774,0.6138515884184703,4.458730628207017,1.0,0.030721257621428563,185346.38743640704,0.1037802656181723,1.0013232211466252,0.03667407990298227
12-01-2026,00.05,656,2460.0,3.53889,0.00118746,1.42081,0.151405,0.0,2980.218281036835,9.38416829034708,0.035520249999999996,0.010501785714285283,0.025706507621428565,0.0,0.0,0.025706507621428565,0.025787647850227035,0.025869301924281152,0.007008443208124276,4.458655975771774,0.6138515884184703,4.458729576940536,1.0,0.025706507621428565,155565.5015218371,0.08710517260283651,1.0013232211466252,0.03667407990298227
12-01-2026,00.05,657,2463.75,3.53989,0.00119411,1.6214,0.164734,0.0,2964.458885697298,9.842534024548666,0.040534999999999995,0.011501785714285617,0.030721257621428563,0.0,0.0,0.030721257621428563,0.03083721424099881,0.030954049527805255,0.007008443208124276,4.458655975771774,0.6138515884184703,4.458736585383744,1.0,0.030721257621428563,186480.00184263775,0.10441500582441222,1.0013232211466252,0.03667407990298227
12-01-2026,00.05,658,2467.5,3.53962,0.00119607,1.60468,0.16576,0.0,2959.375287399567,9.680743243243244,0.04011700000000001,0.011231785714285625,0.030303257621428575,0.0,0.0,0.030303257621428575,0.030416074452962207,0.03052973444127953,0.007008443208124276,4.458655975771774,0.6138515884184703,4.458734693104078,1.0,0.030303257621428575,184503.08858630908,0.10330808064672961,1.0013232211466252,0.03667407990298227
12-01-2026,00.05,659,2471.25,3.5393,0.00120154,1.45424,0.153114,0.0,2945.6364332440035,9.497759839074154,0.036356,0.010911785714285305,0.026542257621428568,0.0,0.0,0.026542257621428568,0.02662876842755422,0.02671584501771377,0.007008443208124276,4.458655975771774,0.6138515884184703,4.458732450402252,1.0,0.026542257621428568,162095.5994356634,0.09076154435835337,1.0013232211466252,0.03667407990298227
12-01-2026,00.05,660,2475.0,3.53919,0.00123231,1.6214,0.164734,0.0,2871.9964943885875,9.842534024548666,0.040534999999999995,0.010801785714285472,0.030721257621428563,0.0,0.0,0.030721257621428563,0.03083721424099881,0.030954049527805255,0.007008443208124276,4.458655975771774,0.6138515884184703,4.458731679473499,1.0,0.030721257621428563,188186.90371726334,0.10537074460293888,1.0013232211466252,0.03667407990298227
12-01-2026,00.05,661,2478.75,3.53839,0.00119991,1.50439,0.155506,0.0,2948.8794992957805,9.674160482553727,0.03760975,0.01000178571428556,0.027796007621428566,0.0,0.0,0.027796007621428566,0.027890898911607346,0.027986440309662224,0.007008443208124276,4.458655975771774,0.6138515884184703,4.458726072718933,1.0,0.027796007621428566,170784.2734588433,0.09562655905039696,1.0013232211466252,0.03667407990298227
12-01-2026,00.05,662,2482.5,3.53872,0.00119463,1.5211,0.158241,0.0,2962.1891296886906,9.612553004594258,0.0380275,0.010331785714285502,0.028213757621428567,0.0,0.0,0.028213757621428567,0.02831152762982967,0.028409977605420567,0.007008443208124276,4.458655975771774,0.6138515884184703,4.458728385505191,1.0,0.028213757621428567,173875.9218053251,0.09735765341394884,1.0013232211466252,0.03667407990298227
12-01-2026,00.05,663,2486.25,3.53861,0.00120493,1.53782,0.158924,0.0,2936.7764102478977,9.676449120334247,0.038445499999999994,0.010221785714285225,0.028631757621428562,0.0,0.0,0.028631757621428562,0.028732451276520788,0.02883385568058388,0.007008443208124276,4.458655975771774,0.6138515884184703,4.458727614576438,1.0,0.028631757621428562,176985.4649891306,0.09909876756259785,1.0013232211466252,0.03667407990298227
12-01-2026,00.05,664,2490.0,3.53754,0.00118688,1.47096,0.155848,0.0,2980.537206794284,9.438427185462759,0.036774,0.009151785714285321,0.02696025762142857,0.0,0.0,0.02696025762142857,0.02704951929128474,0.02713937399057085,0.007008443208124276,4.458655975771774,0.6138515884184703,4.458720115542206,1.0,0.02696025762142857,167156.29327861927,0.09359515853610155,1.0013232211466252,0.03667407990298227
12-01-2026,00.05,665,2493.75,3.53706,0.00119502,1.47096,0.155848,0.0,2959.833308229151,9.438427185462759,0.036774,0.008671785714285285,0.02696025762142857,0.0665557,0.0016638924999999999,0.02529636512142857,0.02537493289408083,0.02545399023327327,0.007008443208124276,4.458655975771774,0.6138515884184703,4.458716751489465,1.0,0.02696025762142857,167660.15521832227,0.09387728394820437,1.0013232211466252,0.03667407990298227
12-01-2026,00.05,666,2497.5,3.53777,0.00121347,1.6214,0.163025,0.0,2915.4161207116786,9.94571384756939,0.040534999999999995,0.009381785714285495,0.030721257621428563,0.0,0.0,0.030721257621428563,0.03083721424099881,0.030954049527805255,0.007008443208124276,4.458655975771774,0.6138515884184703,4.458721727484143,1.0,0.030721257621428563,191624.0364215208,0.10729528464899257,1.0013232211466252,0.03667407990298227
12-01-2026,00.05,667,2501.25,3.53899,0.00121158,1.85541,0.171911,0.0,2920.9709635352183,10.79285211533875,0.04638525,0.010601785714285494,0.03657150762142857,0.0,0.0,0.03657150762142857,0.03673595068733495,0.0369018792628398,0.007008443208124276,4.458655975771774,0.6138515884184703,4.458730277784857,1.0,0.03657150762142857,228800.55169954317,0.1281113830023255,1.0013232211466252,0.03667407990298227
12-01-2026,00.05,668,2505.0,3.53836,0.00120102,1.63811,0.165418,0.0,2946.129123578292,9.902852168445996,0.04095275,0.009971785714285364,0.03113900762142857,0.0,0.0,0.03113900762142857,0.03125814537096581,0.03137819826317924,0.007008443208124276,4.458655975771774,0.6138515884184703,4.458725862465636,1.0,0.03113900762142857,195398.05129965482,0.10940845379092723,1.0013232211466252,0.03667407990298227
12-01-2026,00.05,669,2508.75,3.53783,0.00121686,1.65483,0.166101,0.0,2907.343490623408,9.962793721892101,0.041370750000000005,0.009441785714285444,0.03155700762142857,0.0,0.0,0.03155700762142857,0.03167937165698192,0.031802688333029246,0.007008443208124276,4.458655975771774,0.6138515884184703,4.458722147990736,1.0,0.03155700762142857,198614.3328007621,0.11120933350109827,1.0013232211466252,0.03667407990298227
12-01-2026,00.05,670,2512.5,3.5383,0.0012198,1.53782,0.158924,0.0,2900.7214297425808,9.676449120334247,0.038445499999999994,0.009911785714285415,0.028631757621428562,0.0,0.0,0.028631757621428562,0.028732451276520788,0.02883385568058388,0.007008443208124276,4.458655975771774,0.6138515884184703,4.458725441959044,1.0,0.028631757621428562,180742.44369739614,0.10120239770968875,1.0013232211466252,0.03667407990298227
12-01-2026,00.05,671,2516.25,3.53783,0.00123733,1.48767,0.158241,0.0,2859.2453104668925,9.401292964528789,0.03719175,0.009441785714285444,0.02737800762142857,0.0,0.0,0.02737800762142857,0.027470061669697673,0.0275627368395838,0.007008443208124276,4.458655975771774,0.6138515884184703,4.458722147990736,1.0,0.02737800762142857,173344.24025830717,0.09705995107975722,1.0013232211466252,0.03667407990298227
12-01-2026,00.05,672,2520.0,3.53724,0.00122912,1.53782,0.164051,0.0,2877.863837542307,9.374036122912996,0.038445499999999994,0.008851785714285576,0.028631757621428562,0.0,0.0,0.028631757621428562,0.028732451276520788,0.02883385568058388,0.007008443208124276,4.458655975771774,0.6138515884184703,4.458718013009243,1.0,0.028631757621428562,181823.11359911994,0.10180749291007371,1.0013232211466252,0.03667407990298227
12-01-2026,00.05,673,2523.75,3.5369,0.00122071,1.4041,0.15038,0.0,2897.412161774705,9.33701290065168,0.0351025,0.008511785714285569,0.02528875762142857,0.0,0.0,0.02528875762142857,0.025367278071701055,0.02544628764558385,0.007008443208124276,4.458655975771774,0.6138515884184703,4.458715630138552,1.0,0.02528875762142857,161072.03954131904,0.09018842653728112,1.0013232211466252,0.03667407990298227
12-01-2026,00.05,674,2527.5,3.53644,0.00119502,1.35395,0.151747,0.0,2959.314488460444,8.922416917632638,0.033848750000000004,0.00805178571428522,0.024035007621428572,0.0,0.0,0.024035007621428572,0.024105924477441486,0.024177261061497996,0.007008443208124276,4.458655975771774,0.6138515884184703,4.458712406254676,1.0,0.024035007621428572,153541.7876563887,0.08597204254620958,1.0013232211466252,0.03667407990298227
12-01-2026,00.05,675,2531.25,3.53518,0.0011902,1.65483,0.16781,0.0,2970.240295748614,9.861331267504918,0.041370750000000005,0.006791785714285403,0.03155700762142857,0.0665557,0.0016638924999999999,0.029893115121428573,0.03000289322622994,0.030113480591074063,0.007008443208124276,4.458655975771774,0.6138515884184703,4.4587035756162345,1.0,0.03155700762142857,202192.8974650321,0.11321306498206479,1.0013232211466252,0.03667407990298227
12-01-2026,00.05,676,2535.0,3.53503,0.00118564,1.37066,0.150722,0.0,2981.5373975237003,9.093961067395602,0.0342665,0.006641785714285309,0.024452757621428567,0.0,0.0,0.024452757621428567,0.024526164862877044,0.024600014168860717,0.007008443208124276,4.458655975771774,0.6138515884184703,4.458702524349753,1.0,0.024452757621428567,157138.9223457648,0.0879861718674831,1.0013232211466252,0.03667407990298227
12-01-2026,00.05,677,2538.75,3.5352,0.00118055,1.33723,0.149013,0.0,2994.5364448773876,8.973915027547932,0.033430749999999995,0.006811785714285534,0.023617007621428564,0.0,0.0,0.023617007621428564,0.023685475740905997,0.023754342006806428,0.007008443208124276,4.458655975771774,0.6138515884184703,4.458703715785099,1.0,0.023617007621428564,152217.55527358686,0.0852305703744117,1.0013232211466252,0.03667407990298227
12-01-2026,00.05,678,2542.5,3.53426,0.00120395,1.47096,0.157557,0.0,2935.553802068192,9.336049810544756,0.036774,0.005871785714285593,0.02696025762142857,0.0,0.0,0.02696025762142857,0.02704951929128474,0.02713937399057085,0.007008443208124276,4.458655975771774,0.6138515884184703,4.458697127848483,1.0,0.02696025762142857,174279.36184381082,0.09758354999026823,1.0013232211466252,0.03667407990298227
12-01-2026,00.05,679,2546.25,3.53506,0.00117175,1.20351,0.143544,0.0,3016.906336675912,8.384258485203144,0.030087750000000003,0.006671785714285505,0.020274007621428572,0.0,0.0,0.020274007621428572,0.02032444351116051,0.020375130966640263,0.007008443208124276,4.458655975771774,0.6138515884184703,4.458702734603049,1.0,0.020274007621428572,131444.27926581164,0.07359907255206435,1.0013232211466252,0.03667407990298227
12-01-2026,00.05,680,2550.0,3.53499,0.00115832,1.35395,0.147987,0.0,3051.825056979073,9.149114449242163,0.033848750000000004,0.006601785714285491,0.024035007621428572,0.0,0.0,0.024035007621428572,0.024105924477441486,0.024177261061497996,0.007008443208124276,4.458655975771774,0.6138515884184703,4.4587022440120245,1.0,0.024035007621428572,156287.63705833929,0.08750951508194865,1.0013232211466252,0.03667407990298227
12-01-2026,00.05,681,2553.75,3.53427,0.00119841,1.20351,0.139785,0.0,2949.132600695922,8.60972207318382,0.030087750000000003,0.005881785714285215,0.020274007621428572,0.0,0.0,0.020274007621428572,0.02032444351116051,0.020375130966640263,0.007008443208124276,4.458655975771774,0.6138515884184703,4.458697197932914,1.0,0.020274007621428572,132219.7600573313,0.07403328442767111,1.0013232211466252,0.03667407990298227
12-01-2026,00.05,682,2557.5,3.53451,0.00119046,1.37066,0.150722,0.0,2969.0287787913917,9.093961067395602,0.0342665,0.006121785714285455,0.024452757621428567,0.0,0.0,0.024452757621428567,0.024526164862877044,0.024600014168860717,0.007008443208124276,4.458655975771774,0.6138515884184703,4.458698879959285,1.0,0.024452757621428567,159940.7498799751,0.08955498801620045,1.0013232211466252,0.03667407990298227
12-01-2026,00.05,683,2561.25,3.53419,0.00119763,1.55453,0.161658,0.0,2950.986531733507,9.616164990288139,0.03886325,0.005801785714285579,0.02904950762142857,0.0,0.0,0.02904950762142857,0.029153166361144345,0.029257567530931065,0.007008443208124276,4.458655975771774,0.6138515884184703,4.458696637257458,1.0,0.02904950762142857,190564.81538642707,0.10670219922720035,1.0013232211466252,0.03667407990298227
12-01-2026,00.05,684,2565.0,3.53478,0.00122143,1.5211,0.158241,0.0,2893.9685450660295,9.612553004594258,0.0380275,0.006391785714285447,0.028213757621428567,0.0,0.0,0.028213757621428567,0.02831152762982967,0.028409977605420567,0.007008443208124276,4.458655975771774,0.6138515884184703,4.458700772238951,1.0,0.028213757621428567,185624.65948684336,0.10393607738072043,1.0013232211466252,0.03667407990298227
12-01-2026,00.05,685,2568.75,3.53441,0.00117794,1.38738,0.155165,0.0,3000.5008744078646,8.941320529758645,0.0346845,0.006021785714285244,0.02487075762142857,0.0,0.0,0.02487075762142857,0.024946699884565673,0.025023107343934092,0.007008443208124276,4.458655975771774,0.6138515884184703,4.458698179114964,1.0,0.02487075762142857,164109.11125661465,0.09188896202477725,1.0013232211466252,0.03667407990298227
12-01-2026,00.05,686,2572.5,3.53352,0.00116289,1.25366,0.14457,0.0,3038.5677063178805,8.671646953033132,0.0313415,0.0051317857142856305,0.02152775762142857,0.0,0.0,0.02152775762142857,0.021584633076332457,0.021641809852564965,0.007008443208124276,4.458655975771774,0.6138515884184703,4.458691941600509,1.0,0.02152775762142857,142465.45254769406,0.07977011427797927,1.0013232211466252,0.03667407990298227
12-01-2026,00.05,687,2576.25,3.53433,0.00117019,1.32052,0.147987,0.0,3020.304395012776,8.923216228452498,0.033013,0.005941785714285608,0.02319925762142857,0.0,0.0,0.02319925762142857,0.02326532157574762,0.023331762861975365,0.007008443208124276,4.458655975771774,0.6138515884184703,4.4586976184395075,1.0,0.02319925762142857,153974.9590358628,0.08621458647405081,1.0013232211466252,0.03667407990298227
12-01-2026,00.05,688,2580.0,3.53407,0.00121836,1.38738,0.149696,0.0,2900.6779605371153,9.267983112441215,0.0346845,0.005681785714285237,0.02487075762142857,0.0,0.0,0.02487075762142857,0.024946699884565673,0.025023107343934092,0.007008443208124276,4.458655975771774,0.6138515884184703,4.458695796244273,1.0,0.02487075762142857,165549.7110312771,0.09269559132752125,1.0013232211466252,0.03667407990298227
12-01-2026,00.05,689,2583.75,3.53344,0.00118427,1.22023,0.142519,0.0,2983.643932549165,8.561875960398261,0.030505749999999998,0.0050517857142855505,0.020692007621428567,0.0,0.0,0.020692007621428567,0.02074454737250637,0.020797354613566053,0.007008443208124276,4.458655975771774,0.6138515884184703,4.458691380925052,1.0,0.020692007621428567,138134.96086010893,0.0773453592891664,1.0013232211466252,0.03667407990298227
12-01-2026,00.05,690,2587.5,3.53277,0.00117521,1.33723,0.150722,0.0,3006.0755099088674,8.872161993604118,0.033430749999999995,0.004381785714285602,0.023617007621428564,0.0,0.0,0.023617007621428564,0.023685475740905997,0.023754342006806428,0.007008443208124276,4.458655975771774,0.6138515884184703,4.458686685268103,1.0,0.023617007621428564,158119.55618290507,0.08853525427205657,1.0013232211466252,0.03667407990298227
12-01-2026,00.05,691,2591.25,3.53347,0.00115024,1.4041,0.15243,0.0,3071.941507859229,9.211441317325985,0.0351025,0.005081785714285303,0.02528875762142857,0.0,0.0,0.02528875762142857,0.025367278071701055,0.02544628764558385,0.007008443208124276,4.458655975771774,0.6138515884184703,4.458691591178348,1.0,0.02528875762142857,169803.29921958753,0.09507728604582072,1.0013232211466252,0.03667407990298227
12-01-2026,00.05,692,2595.0,3.53271,0.00116575,1.18679,0.13876,0.0,3030.4181857173494,8.552825021620064,0.02966975,0.004321785714285209,0.01985600762142857,0.0,0.0,0.01985600762142857,0.019904382742261223,0.019952994151031418,0.007008443208124276,4.458655975771774,0.6138515884184703,4.45868626476151,1.0,0.01985600762142857,133710.85172289054,0.0748681854540851,1.0013232211466252,0.03667407990298227
12-01-2026,00.05,693,2598.75,3.53265,0.00120193,1.37066,0.150722,0.0,2939.147870508266,9.093961067395602,0.0342665,0.00426178571428526,0.024452757621428567,0.0,0.0,0.024452757621428567,0.024526164862877044,0.024600014168860717,0.007008443208124276,4.458655975771774,0.6138515884184703,4.4586858442549175,1.0,0.024452757621428567,165141.7368037516,0.09246715594076471,1.0013232211466252,0.03667407990298227
12-01-2026,00.05,694,2602.5,3.53208,0.00113512,1.13665,0.138076,0.0,3111.635774191275,8.232060604304875,0.028416249999999997,0.0036917857142855226,0.018602507621428566,0.0,0.0,0.018602507621428566,0.018644961208665985,0.018687609009461835,0.007008443208124276,4.458655975771774,0.6138515884184703,4.458681849442289,1.0,0.018602507621428566,125994.90038560831,0.07054782350716135,1.0013232211466252,0.03667407990298227
12-01-2026,00.05,695,2606.25,3.53295,0.00121921,1.4041,0.154139,0.0,2897.7370592432803,9.109310427601061,0.0351025,0.004561785714285449,0.02528875762142857,0.0,0.0,0.02528875762142857,0.025367278071701055,0.02544628764558385,0.007008443208124276,4.458655975771774,0.6138515884184703,4.45868794678788,1.0,0.02528875762142857,171774.87398564816,0.09618122206387804,1.0013232211466252,0.03667407990298227
12-01-2026,00.05,696,2610.0,3.53269,0.00117045,1.20351,0.141835,0.0,3018.2323038147724,8.485282194098778,0.030087750000000003,0.004301785714285522,0.020274007621428572,0.0,0.0,0.020274007621428572,0.02032444351116051,0.020375130966640263,0.007008443208124276,4.458655975771774,0.6138515884184703,4.458686124592646,1.0,0.020274007621428572,138108.56731793357,0.07733058085805992,1.0013232211466252,0.03667407990298227
12-01-2026,00.05,697,2613.75,3.53069,0.00117899,1.00293,0.127823,0.0,2994.6734068991254,7.846240504447557,0.025073250000000002,0.002301785714285298,0.015259507621428572,0.0,0.0,0.015259507621428572,0.015288062109382232,0.015316723663357979,0.007008443208124276,4.458655975771774,0.6138515884184703,4.45867210770623,1.0,0.015259507621428572,104248.21131644897,0.05837128638049356,1.0013232211466252,0.03667407990298227
12-01-2026,00.05,698,2617.5,3.52962,0.00111667,1.03636,0.131924,0.0,3160.8442959871763,7.855735120220732,0.025908999999999998,0.0012317857142853939,0.01609525762142857,0.0,0.0,0.01609525762142857,0.016127028828308534,0.01615892571271087,0.007008443208124276,4.458655975771774,0.6138515884184703,4.458664608671997,1.0,0.01609525762142857,110273.5391370537,0.06174502422511958,1.0013232211466252,0.03667407990298227
12-01-2026,00.05,699,2621.25,3.53213,0.00113779,1.45424,0.158582,0.0,3104.3777850042625,9.170271531447453,0.036356,0.003741785714285406,0.026542257621428568,0.0,0.0,0.026542257621428568,0.02662876842755422,0.02671584501771377,0.007008443208124276,4.458655975771774,0.6138515884184703,4.458682199864449,1.0,0.026542257621428568,182370.56647623214,0.10211402602240442,1.0013232211466252,0.03667407990298227
12-01-2026,00.05,700,2625.0,3.53292,0.00117527,1.33723,0.146962,0.0,3006.0496736920027,9.099154883575345,0.033430749999999995,0.0045317857142852525,0.023617007621428564,0.0,0.0,0.023617007621428564,0.023685475740905997,0.023754342006806428,0.007008443208124276,4.458655975771774,0.6138515884184703,4.458687736534584,1.0,0.023617007621428564,162735.9431414062,0.09112008946294417,1.0013232211466252,0.03667407990298227
12-01-2026,00.05,701,2628.75,3.53043,0.00113244,1.18679,0.14081,0.0,3117.5426512662925,8.428307648604504,0.02966975,0.0020417857142853713,0.01985600762142857,0.0665557,0.0016638924999999999,0.01819211512142857,0.018232714177588653,0.01827349484759908,0.007008443208124276,4.458655975771774,0.6138515884184703,4.458670285510996,1.0,0.01985600762142857,137211.4968915603,0.07682828778175614,1.0013232211466252,0.03667407990298227
12-01-2026,00.05,702,2632.5,3.53069,0.00117149,1.3038,0.145253,0.0,3013.84561541285,8.976062456541346,0.032595,0.002301785714285298,0.022781257621428568,0.0,0.0,0.022781257621428568,0.0228449590978121,0.022909017820201102,0.007008443208124276,4.458655975771774,0.6138515884184703,4.45867210770623,1.0,0.022781257621428568,157875.39676224117,0.0883985430586353,1.0013232211466252,0.03667407990298227
12-01-2026,00.05,703,2636.25,3.53216,0.00116543,1.60468,0.162342,0.0,3030.778339325399,9.884564684431634,0.04011700000000001,0.0037717857142856026,0.030303257621428575,0.0,0.0,0.030303257621428575,0.030416074452962207,0.03052973444127953,0.007008443208124276,4.458655975771774,0.6138515884184703,4.458682410117746,1.0,0.030303257621428575,210602.00595696463,0.11792154365799373,1.0013232211466252,0.03667407990298227
12-01-2026,00.05,704,2640.0,3.53015,0.0011915,0.98621,0.135342,0.0,2962.7780109106166,7.286799367528189,0.024655250000000004,0.0017617857142853133,0.014841507621428574,0.0,0.0,0.014841507621428574,0.014868517778748327,0.014895626427238667,0.007008443208124276,4.458655975771774,0.6138515884184703,4.458668323146897,1.0,0.014841507621428574,103439.37151830859,0.0579183959289742,1.0013232211466252,0.03667407990298227
12-01-2026,00.05,705,2643.75,3.5305,0.00117195,1.23694,0.143544,0.0,3012.5005332992023,8.617148748815694,0.030923499999999996,0.0021117857142853858,0.021109757621428568,0.0,0.0,0.021109757621428568,0.021164443035980855,0.021219412514585298,0.007008443208124276,4.458655975771774,0.6138515884184703,4.458670776102021,1.0,0.021109757621428568,147544.8367751794,0.08261419368840775,1.0013232211466252,0.03667407990298227
12-01-2026,00.05,706,2647.5,3.53147,0.00113016,1.3038,0.145253,0.0,3124.7522474693847,8.976062456541346,0.032595,0.003081785714285523,0.022781257621428568,0.0,0.0,0.022781257621428568,0.0228449590978121,0.022909017820201102,0.007008443208124276,4.458655975771774,0.6138515884184703,4.458677574291932,1.0,0.022781257621428568,159679.6723658583,0.08940880392199321,1.0013232211466252,0.03667407990298227
12-01-2026,00.05,707,2651.25,3.53094,0.00116693,1.38738,0.151405,0.0,3025.837025357134,9.16336976982266,0.0346845,0.0025517857142856037,0.02487075762142857,0.0,0.0,0.02487075762142857,0.024946699884565673,0.025023107343934092,0.007008443208124276,4.458655975771774,0.6138515884184703,4.458673859817032,1.0,0.02487075762142857,174819.70302628286,0.09788610107970139,1.0013232211466252,0.03667407990298227
12-01-2026,00.05,708,2655.0,3.53048,0.00115917,1.18679,0.14081,0.0,3045.6964897297203,8.428307648604504,0.02966975,0.0020917857142852547,0.01985600762142857,0.0,0.0,0.01985600762142857,0.019904382742261223,0.019952994151031418,0.007008443208124276,4.458655975771774,0.6138515884184703,4.458670635933156,1.0,0.01985600762142857,139965.49412364053,0.07837032249961683,1.0013232211466252,0.03667407990298227
12-01-2026,00.05,709,2658.75,3.52915,0.00114255,1.10322,0.140127,0.0,3088.836374775721,7.873000920593462,0.0275805,0.0007617857142854234,0.01776675762142857,0.0,0.0,0.01776675762142857,0.01780547832503928,0.017844368172351018,0.007008443208124276,4.458655975771774,0.6138515884184703,4.458661314703689,1.0,0.01776675762142857,125592.34904855627,0.07032242453790144,1.0013232211466252,0.03667407990298227
12-01-2026,00.05,710,2662.5,3.52926,0.00118798,1.3038,0.147304,0.0,2970.807589353356,8.85108347363276,0.032595,0.0008717857142852559,0.022781257621428568,0.0,0.0,0.022781257621428568,0.0228449590978121,0.022909017820201102,0.007008443208124276,4.458655975771774,0.6138515884184703,4.458662085632442,1.0,0.022781257621428568,161494.19953540512,0.09042480490389294,1.0013232211466252,0.03667407990298227
12-01-2026,00.05,711,2666.25,3.52927,0.00114828,1.13665,0.138076,0.0,3073.5273626641583,8.232060604304875,0.028416249999999997,0.0008817857142853214,0.018602507621428566,0.0,0.0,0.018602507621428566,0.018644961208665985,0.018687609009461835,0.007008443208124276,4.458655975771774,0.6138515884184703,4.458662155716874,1.0,0.018602507621428566,132243.16296504642,0.07404638832471765,1.0013232211466252,0.03667407990298227
12-01-2026,00.05,712,2670.0,3.52852,0.00114659,1.01964,0.128848,0.0,3077.4034310433544,7.913510492983982,0.025491000000000003,0.00013178571428529295,0.015677257621428575,0.0,0.0,0.015677257621428575,0.01570739849079137,0.01573765548020623,0.007008443208124276,4.458655975771774,0.6138515884184703,4.458656899384468,1.0,0.015677257621428575,111761.60185740217,0.06257822926628744,1.0013232211466252,0.03667407990298227
12-01-2026,00.05,713,2673.75,3.5306,0.001158,1.22023,0.142519,0.0,3048.877374784111,8.561875960398261,0.030505749999999998,0.0022117857142855968,0.020692007621428567,0.0,0.0,0.020692007621428567,0.02074454737250637,0.020797354613566053,0.007008443208124276,4.458655975771774,0.6138515884184703,4.458671476946341,1.0,0.020692007621428567,147925.9015663784,0.08282756178149742,1.0013232211466252,0.03667407990298227
12-01-2026,00.05,714,2677.5,3.53069,0.00115506,1.32052,0.146278,0.0,3056.7156684501233,9.027468245395752,0.033013,0.002301785714285298,0.02319925762142857,0.0,0.0,0.02319925762142857,0.02326532157574762,0.023331762861975365,0.007008443208124276,4.458655975771774,0.6138515884184703,4.45867210770623,1.0,0.02319925762142857,166315.62288338155,0.09312444530493573,1.0013232211466252,0.03667407990298227
12-01-2026,00.05,715,2681.25,3.52919,0.00114672,1.23694,0.143544,0.0,3077.638830752058,8.617148748815694,0.030923499999999996,0.0008017857142852414,0.021109757621428568,0.0,0.0,0.021109757621428568,0.021164443035980855,0.021219412514585298,0.007008443208124276,4.458655975771774,0.6138515884184703,4.458661595041417,1.0,0.021109757621428568,151760.1915002084,0.08497448049566167,1.0013232211466252,0.03667407990298227
12-01-2026,00.05,716,2685.0,3.52819,0.00112951,0.919348,0.124747,0.0,3123.646536993918,7.369700273353268,0.022983700000000003,-0.0001982142857146485,0.013169957621428573,0.0,0.0,0.013169957621428573,0.01319122190824977,0.01321255497299171,0.007008443208124276,4.458655975771774,0.6138515884184703,4.458654586598209,1.0,0.013169957621428573,94945.18773334341,0.05316228138255115,1.0013232211466252,0.03667407990298227
12-01-2026,00.05,717,2688.75,3.52924,0.00115643,1.25366,0.14457,0.0,3051.8405783315898,8.671646953033132,0.0313415,0.0008517857142855689,0.02152775762142857,0.0,0.0,0.02152775762142857,0.021584633076332457,0.021641809852564965,0.007008443208124276,4.458655975771774,0.6138515884184703,4.458661945463578,1.0,0.02152775762142857,155632.26639153645,0.08714255599081183,1.0013232211466252,0.03667407990298227
12-01-2026,00.05,718,2692.5,3.52839,0.00113101,1.23694,0.143544,0.0,3119.6806394284754,8.617148748815694,0.030923499999999996,1.785714285329476e-06,0.021109757621428568,0.0,0.0,0.021109757621428568,0.021164443035980855,0.021219412514585298,0.007008443208124276,4.458655975771774,0.6138515884184703,4.458655988286851,1.0,0.021109757621428568,153036.37530041262,0.08568904901568877,1.0013232211466252,0.03667407990298227
12-01-2026,00.05,719,2696.25,3.52875,0.00119405,1.53782,0.162342,0.0,2955.278254679452,9.472718088972663,0.038445499999999994,0.00036178571428546746,0.028631757621428562,0.0,0.0,0.028631757621428562,0.028732451276520788,0.02883385568058388,0.007008443208124276,4.458655975771774,0.6138515884184703,4.458658511326406,1.0,0.028631757621428562,208146.12260247185,0.11654643065804948,1.0013232211466252,0.03667407990298227
12-01-2026,00.05,720,2700.0,3.53036,0.00118635,1.5211,0.159949,0.0,2975.816580267206,9.509906282627586,0.0380275,0.0019717857142853568,0.028213757621428567,0.0,0.0,0.028213757621428567,0.02831152762982967,0.028409977605420567,0.007008443208124276,4.458655975771774,0.6138515884184703,4.458669794919971,1.0,0.028213757621428567,205678.29306021426,0.11516462867669854,1.0013232211466252,0.03667407990298227
12-01-2026,00.05,721,2703.75,3.52854,0.00114607,1.11993,0.137051,0.0,3078.817175216174,8.171629539368556,0.027998250000000002,0.00015178571428542398,0.01818450762142857,0.0,0.0,0.01818450762142857,0.018225072691756126,0.01826581914768122,0.007008443208124276,4.458655975771774,0.6138515884184703,4.458657039553332,1.0,0.01818450762142857,132933.55255918665,0.07443295542457265,1.0013232211466252,0.03667407990298227
12-01-2026,00.05,722,2707.5,3.52672,0.00119587,1.23694,0.141494,0.0,2949.0830943162723,8.741996127044255,0.030923499999999996,-0.0016682142857145088,0.021109757621428568,0.0,0.0,0.021109757621428568,0.021164443035980855,0.021219412514585298,0.007008443208124276,4.458655975771774,0.6138515884184703,4.458644284186693,1.0,0.021109757621428568,154746.26566774832,0.08664646112905375,1.0013232211466252,0.03667407990298227
12-01-2026,00.05,723,2711.25,3.52723,0.00119183,1.06979,0.131924,0.0,2959.507647902805,8.109138594948606,0.02674475,-0.0011582142857147204,0.016931007621428573,0.0,0.0,0.016931007621428573,0.01696616754922746,0.01700147381126719,0.007008443208124276,4.458655975771774,0.6138515884184703,4.458647858492729,1.0,0.016931007621428573,124457.74710386817,0.06968713138318039,1.0013232211466252,0.03667407990298227
12-01-2026,00.05,724,2715.0,3.52709,0.00116882,1.23694,0.143544,0.0,3017.6502797693397,8.617148748815694,0.030923499999999996,-0.0012982142857147494,0.021109757621428568,0.0,0.0,0.021109757621428568,0.021164443035980855,0.021219412514585298,0.007008443208124276,4.458655975771774,0.6138515884184703,4.458646877310681,1.0,0.021109757621428568,155604.7731230148,0.08712716179430575,1.0013232211466252,0.03667407990298227
12-01-2026,00.05,725,2718.75,3.52874,0.00113812,1.10322,0.138076,0.0,3100.499068639511,7.989947565109071,0.0275805,0.00035178571428540195,0.01776675762142857,0.0,0.0,0.01776675762142857,0.01780547832503928,0.017844368172351018,0.007008443208124276,4.458655975771774,0.6138515884184703,4.458658441241974,1.0,0.01776675762142857,131324.7933951102,0.07353216930366266,1.0013232211466252,0.03667407990298227
12-01-2026,00.05,726,2722.5,3.53044,0.00120493,1.53782,0.158924,0.0,2929.995933373723,9.676449120334247,0.038445499999999994,0.0020517857142854368,0.028631757621428562,0.0,0.0,0.028631757621428562,0.028732451276520788,0.02883385568058388,0.007008443208124276,4.458655975771774,0.6138515884184703,4.4586703555954275,1.0,0.028631757621428562,212218.76643851364,0.11882680992477593,1.0013232211466252,0.03667407990298227
12-01-2026,00.05,727,2726.25,3.52894,0.00115317,0.936064,0.123722,0.0,3060.2079485245017,7.5658654079306835,0.0234016,0.0005517857142853799,0.013587857621428572,0.0,0.0,0.013587857621428572,0.01361049396581835,0.013633205856942953,0.007008443208124276,4.458655975771774,0.6138515884184703,4.458659842930616,1.0,0.013587857621428572,100990.92376119405,0.056547446313499505,1.0013232211466252,0.03667407990298227
12-01-2026,00.05,728,2730.0,3.52698,0.00117501,1.25366,0.14457,0.0,3001.6595603441674,8.671646953033132,0.0313415,-0.0014082142857145818,0.02152775762142857,0.0,0.0,0.02152775762142857,0.021584633076332457,0.021641809852564965,0.007008443208124276,4.458655975771774,0.6138515884184703,4.458646106381927,1.0,0.02152775762142857,160444.224776745,0.08983689671289294,1.0013232211466252,0.03667407990298227
12-01-2026,00.05,729,2733.75,3.52781,0.00115969,1.05307,0.130899,0.0,3042.028473126439,8.044904850304434,0.026326749999999996,-0.0005782142857144734,0.016513007621428565,0.0,0.0,0.016513007621428565,0.0165464511783771,0.016580030475748988,0.007008443208124276,4.458655975771774,0.6138515884184703,4.45865192338979,1.0,0.016513007621428565,123408.13054696338,0.06909942375866474,1.0013232211466252,0.03667407990298227
12-01-2026,00.05,730,2737.5,3.52694,0.00113766,1.03636,0.129873,0.0,3100.1705254645503,7.979795646516212,0.025908999999999998,-0.0014482142857143998,0.01609525762142857,0.0665557,0.0016638924999999999,0.01443136512142857,0.01445690177958873,0.014482528973452775,0.007008443208124276,4.458655975771774,0.6138515884184703,4.458645826044199,1.0,0.01609525762142857,120616.3516845837,0.06753623412280323,1.0013232211466252,0.03667407990298227
12-01-2026,00.05,731,2741.25,3.52656,0.00117586,1.18679,0.13876,0.0,2999.132549793343,8.552825021620064,0.02966975,-0.0018282142857146688,0.01985600762142857,0.0,0.0,0.01985600762142857,0.019904382742261223,0.019952994151031418,0.007008443208124276,4.458655975771774,0.6138515884184703,4.45864316283578,1.0,0.01985600762142857,149207.00749585583,0.08354488632979377,1.0013232211466252,0.03667407990298227
12-01-2026,00.05,732,2745.0,3.52711,0.0011578,1.0865,0.135,0.0,3046.389704612195,8.048148148148147,0.027162500000000003,-0.0012782142857146184,0.017348757621428575,0.0,0.0,0.017348757621428575,0.01738567589439499,0.017422751627103418,0.007008443208124276,4.458655975771774,0.6138515884184703,4.458647017479545,1.0,0.017348757621428575,130723.32239640485,0.07319539003933151,1.0013232211466252,0.03667407990298227
12-01-2026,00.05,733,2748.75,3.52584,0.00114216,1.3038,0.149013,0.0,3086.99306577012,8.74957218497715,0.032595,-0.0025482142857145007,0.022781257621428568,0.0,0.0,0.022781257621428568,0.0228449590978121,0.022909017820201102,0.007008443208124276,4.458655975771774,0.6138515884184703,4.458638116756671,1.0,0.022781257621428568,172126.67521162124,0.09637820472526826,1.0013232211466252,0.03667407990298227
12-01-2026,00.05,734,2752.5,3.52623,0.00115187,1.0865,0.132949,0.0,3061.3090018838934,8.17230667398777,0.027162500000000003,-0.0021582142857146103,0.017348757621428575,0.0,0.0,0.017348757621428575,0.01738567589439499,0.017422751627103418,0.007008443208124276,4.458655975771774,0.6138515884184703,4.458640850049521,1.0,0.017348757621428575,131438.63335908338,0.07359591126196305,1.0013232211466252,0.03667407990298227
12-01-2026,00.05,735,2756.25,3.52729,0.00112521,0.936064,0.123722,0.0,3134.783729259427,7.5658654079306835,0.0234016,-0.0010982142857147714,0.013587857621428572,0.0,0.0,0.013587857621428572,0.01361049396581835,0.013633205856942953,0.007008443208124276,4.458655975771774,0.6138515884184703,4.4586482789993225,1.0,0.013587857621428572,103225.78664347852,0.05779880419941058,1.0013232211466252,0.03667407990298227
12-01-2026,00.05,736,2760.0,3.52694,0.00113844,1.13665,0.136025,0.0,3098.046449527424,8.35618452490351,0.028416249999999997,-0.0014482142857143998,0.018602507621428566,0.0,0.0,0.018602507621428566,0.018644961208665985,0.018687609009461835,0.007008443208124276,4.458655975771774,0.6138515884184703,4.458645826044199,1.0,0.018602507621428566,141706.46205699423,0.07934513575093072,1.0013232211466252,0.03667407990298227
12-01-2026,00.05,737,2763.75,3.52667,0.00114581,1.13665,0.136025,0.0,3077.8837678149084,8.35618452490351,0.028416249999999997,-0.0017182142857143923,0.018602507621428566,0.0,0.0,0.018602507621428566,0.018644961208665985,0.018687609009461835,0.007008443208124276,4.458655975771774,0.6138515884184703,4.458643933764533,1.0,0.018602507621428566,142091.79556252123,0.07956089400825793,1.0013232211466252,0.03667407990298227
12-01-2026,00.05,738,2767.5,3.52608,0.0011329,1.06979,0.131924,0.0,3112.437108306117,8.109138594948606,0.02674475,-0.0023082142857147048,0.016931007621428573,0.0,0.0,0.016931007621428573,0.01696616754922746,0.01700147381126719,0.007008443208124276,4.458655975771774,0.6138515884184703,4.45863979878304,1.0,0.016931007621428573,129675.53974170015,0.07260870926438155,1.0013232211466252,0.03667407990298227
12-01-2026,00.05,739,2771.25,3.52615,0.00110487,0.936064,0.123722,0.0,3191.461438902314,7.5658654079306835,0.0234016,-0.0022382142857146903,0.013587857621428572,0.0,0.0,0.013587857621428572,0.01361049396581835,0.013633205856942953,0.007008443208124276,4.458655975771774,0.6138515884184703,4.458640289374065,1.0,0.013587857621428572,104352.38988851522,0.05842961867404564,1.0013232211466252,0.03667407990298227
12-01-2026,00.05,740,2775.0,3.52677,0.00113838,1.15336,0.13876,0.0,3098.060401623359,8.311905448255981,0.028834,-0.0016182142857146253,0.019020257621428567,0.0,0.0,0.019020257621428567,0.019064641623393355,0.019109233251069602,0.007008443208124276,4.458655975771774,0.6138515884184703,4.458644634608854,1.0,0.019020257621428567,146467.87134601336,0.08201117271860983,1.0013232211466252,0.03667407990298227
12-01-2026,00.05,741,2778.75,3.5264,0.00110454,0.969494,0.125772,0.0,3192.641280533073,7.708345259676239,0.02423735,-0.0019882142857143847,0.014423607621428572,0.0,0.0,0.014423607621428572,0.01444911680852643,0.014474716385147511,0.007008443208124276,4.458655975771774,0.6138515884184703,4.458642041484866,1.0,0.014423607621428572,111371.18760536655,0.06235962616677313,1.0013232211466252,0.03667407990298227
12-01-2026,00.05,742,2782.5,3.52421,0.00110311,0.852486,0.118253,0.0,3194.7947167553552,7.209001040142745,0.02131215,-0.004178214285714521,0.011498407621428569,0.0,0.0,0.011498407621428569,0.011514613346895335,0.011530864817166154,0.007008443208124276,4.458655975771774,0.6138515884184703,4.458626692994241,1.0,0.011498407621428569,89024.19319243405,0.049846962456304725,1.0013232211466252,0.03667407990298227
12-01-2026,00.05,743,2786.25,3.52677,0.00115369,1.06979,0.133975,0.0,3056.947706923004,7.98499720097033,0.02674475,-0.0016182142857146253,0.016931007621428573,0.0,0.0,0.016931007621428573,0.01696616754922746,0.01700147381126719,0.007008443208124276,4.458655975771774,0.6138515884184703,4.458644634608854,1.0,0.016931007621428573,131438.61318377845,0.07359589996528479,1.0013232211466252,0.03667407990298227
12-01-2026,00.05,744,2790.0,3.52781,0.00115669,1.25366,0.142519,0.0,3049.9183013599154,8.796441176264217,0.0313415,-0.0005782142857144734,0.02152775762142857,0.0665557,0.0016638924999999999,0.01986386512142857,0.019912278582910795,0.019960928613641394,0.007008443208124276,4.458655975771774,0.6138515884184703,4.45865192338979,1.0,0.02152775762142857,167574.21810096214,0.09382916551984194,1.0013232211466252,0.03667407990298227
12-01-2026,00.05,745,2793.75,3.52661,0.00115122,1.20351,0.143544,0.0,3063.367557895102,8.384258485203144,0.030087750000000003,-0.0017782142857147853,0.020274007621428572,0.0,0.0,0.020274007621428572,0.02032444351116051,0.020375130966640263,0.007008443208124276,4.458655975771774,0.6138515884184703,4.4586435132579405,1.0,0.020274007621428572,158239.42143867273,0.08860236994802961,1.0013232211466252,0.03667407990298227
12-01-2026,00.05,746,2797.5,3.52548,0.00115011,1.01964,0.130899,0.0,3065.341576023163,7.789517108610457,0.025491000000000003,-0.0029082142857146387,0.015677257621428575,0.0,0.0,0.015677257621428575,0.01570739849079137,0.01573765548020623,0.007008443208124276,4.458655975771774,0.6138515884184703,4.458635593717116,1.0,0.015677257621428575,122690.31612816016,0.06869750078580122,1.0013232211466252,0.03667407990298227
12-01-2026,00.05,747,2801.25,3.52556,0.00112149,1.15336,0.13876,0.0,3143.639265619845,8.311905448255981,0.028834,-0.0028282142857145587,0.019020257621428567,0.0,0.0,0.019020257621428567,0.019064641623393355,0.019109233251069602,0.007008443208124276,4.458655975771774,0.6138515884184703,4.458636154392572,1.0,0.019020257621428567,149251.9912745025,0.08357007391807662,1.0013232211466252,0.03667407990298227
12-01-2026,00.05,748,2805.0,3.52551,0.00114359,1.13665,0.136025,0.0,3082.8443760438618,8.35618452490351,0.028416249999999997,-0.002878214285714442,0.018602507621428566,0.0,0.0,0.018602507621428566,0.018644961208665985,0.018687609009461835,0.007008443208124276,4.458655975771774,0.6138515884184703,4.458635803970411,1.0,0.018602507621428566,146364.9950280905,0.08195356959104136,1.0013232211466252,0.03667407990298227
12-01-2026,00.05,749,2808.75,3.52449,0.00111934,1.00293,0.129873,0.0,3148.721568066897,7.7223903351735945,0.025073250000000002,-0.003898214285714463,0.015259507621428572,0.0,0.0,0.015259507621428572,0.015288062109382232,0.015316723663357979,0.007008443208124276,4.458655975771774,0.6138515884184703,4.458628655358339,1.0,0.015259507621428572,120383.42393150227,0.0674058118123445,1.0013232211466252,0.03667407990298227
12-01-2026,00.05,750,2812.5,3.5258,0.00113062,1.10322,0.133975,0.0,3118.465974421114,8.23452136592648,0.0275805,-0.0025882142857147628,0.01776675762142857,0.0,0.0,0.01776675762142857,0.01780547832503928,0.017844368172351018,0.007008443208124276,4.458655975771774,0.6138515884184703,4.458637836418942,1.0,0.01776675762142857,140537.82884137833,0.07869078760201711,1.0013232211466252,0.03667407990298227
12-01-2026,00.05,751,2816.25,3.52667,0.00113974,1.03636,0.136367,0.0,3094.27588748311,7.599785871948492,0.025908999999999998,-0.0017182142857143923,0.01609525762142857,0.0,0.0,0.01609525762142857,0.016127028828308534,0.01615892571271087,0.007008443208124276,4.458655975771774,0.6138515884184703,4.458643933764533,1.0,0.01609525762142857,127655.73834951565,0.07147776990334986,1.0013232211466252,0.03667407990298227
12-01-2026,00.05,752,2820.0,3.52524,0.00113727,1.13665,0.136025,0.0,3099.7388482946008,8.35618452490351,0.028416249999999997,-0.0031482142857144346,0.018602507621428566,0.0,0.0,0.018602507621428566,0.018644961208665985,0.018687609009461835,0.007008443208124276,4.458655975771774,0.6138515884184703,4.458633911690746,1.0,0.018602507621428566,147934.58160864853,0.0828324219630463,1.0013232211466252,0.03667407990298227
12-01-2026,00.05,753,2823.75,3.5258,0.00118994,1.10322,0.133975,0.0,2963.0065381447803,8.23452136592648,0.0275805,-0.0025882142857147628,0.01776675762142857,0.0,0.0,0.01776675762142857,0.01780547832503928,0.017844368172351018,0.007008443208124276,4.458655975771774,0.6138515884184703,4.458637836418942,1.0,0.01776675762142857,141664.38007737082,0.07932157295543488,1.0013232211466252,0.03667407990298227
12-01-2026,00.05,754,2827.5,3.52612,0.00117658,1.13665,0.138076,0.0,2996.92328613439,8.232060604304875,0.028416249999999997,-0.0022682142857144427,0.018602507621428566,0.0,0.0,0.018602507621428566,0.018644961208665985,0.018687609009461835,0.007008443208124276,4.458655975771774,0.6138515884184703,4.4586400791207685,1.0,0.018602507621428566,148722.51407208867,0.08327360585379279,1.0013232211466252,0.03667407990298227
12-01-2026,00.05,755,2831.25,3.52436,0.00111608,0.952779,0.124747,0.0,3157.802308078274,7.63769068594836,0.023819475,-0.0040282142857144265,0.01400573262142857,0.0,0.0,0.01400573262142857,0.01402978390344415,0.01405391793146896,0.007008443208124276,4.458655975771774,0.6138515884184703,4.458627744260722,1.0,0.01400573262142857,112269.62443401311,0.06286268432726778,1.0013232211466252,0.03667407990298227
12-01-2026,00.05,756,2835.0,3.52462,0.00113427,0.98621,0.131241,0.0,3107.39065654562,7.514496232122584,0.024655250000000004,-0.0037682142857144996,0.014841507621428574,0.0,0.0,0.014841507621428574,0.014868517778748327,0.014895626427238667,0.007008443208124276,4.458655975771774,0.6138515884184703,4.458629566455956,1.0,0.014841507621428574,119284.53609263626,0.06679051591486594,1.0013232211466252,0.03667407990298227
12-01-2026,00.05,757,2838.75,3.52563,0.00113375,1.17008,0.137734,0.0,3109.7067254685776,8.495215415220644,0.029252,-0.002758214285714544,0.01943825762142857,0.0,0.0,0.01943825762142857,0.01948461625305126,0.01953119653627466,0.007008443208124276,4.458655975771774,0.6138515884184703,4.458636644983597,1.0,0.01943825762142857,156643.22941455967,0.08770862049582138,1.0013232211466252,0.03667407990298227
12-01-2026,00.05,758,2842.5,3.52666,0.00114307,1.0865,0.135,0.0,3085.252871652655,8.048148148148147,0.027162500000000003,-0.0017282142857144578,0.017348757621428575,0.0,0.0,0.017348757621428575,0.01738567589439499,0.017422751627103418,0.007008443208124276,4.458655975771774,0.6138515884184703,4.458643863680101,1.0,0.017348757621428575,140174.60025935373,0.07848740646659812,1.0013232211466252,0.03667407990298227
12-01-2026,00.05,759,2846.25,3.5254,0.00115611,0.969494,0.130215,0.0,3049.363814861908,7.445332718964789,0.02423735,-0.0029882142857147187,0.014423607621428572,0.0,0.0,0.014423607621428572,0.01444911680852643,0.014474716385147511,0.007008443208124276,4.458655975771774,0.6138515884184703,4.458635033041658,1.0,0.014423607621428572,116847.65112412772,0.06542604060563166,1.0013232211466252,0.03667407990298227
12-01-2026,00.05,760,2850.0,3.52452,0.00116641,1.13665,0.136025,0.0,3021.6819128779757,8.35618452490351,0.028416249999999997,-0.0038682142857147106,0.018602507621428566,0.0,0.0,0.018602507621428566,0.018644961208665985,0.018687609009461835,0.007008443208124276,4.458655975771774,0.6138515884184703,4.458628865611636,1.0,0.018602507621428566,151098.86815505353,0.08460418834500824,1.0013232211466252,0.03667407990298227
12-01-2026,00.05,761,2853.75,3.52426,0.00112632,0.785625,0.113468,0.0,3129.0041906385395,6.923758240208693,0.019640625000000002,-0.0041282142857146376,0.009826882621428572,0.0,0.0,0.009826882621428572,0.009838716732560478,0.009850579380726336,0.007008443208124276,4.458655975771774,0.6138515884184703,4.458627043416401,1.0,0.009826882621428572,80029.04189912348,0.04481034316521813,1.0013232211466252,0.03667407990298227
12-01-2026,00.05,762,2857.5,3.52342,0.00113831,1.18679,0.13876,0.0,3095.3079565320522,8.552825021620064,0.02966975,-0.004968214285714367,0.01985600762142857,0.0,0.0,0.01985600762142857,0.019904382742261223,0.019952994151031418,0.007008443208124276,4.458655975771774,0.6138515884184703,4.4586211563241065,1.0,0.01985600762142857,162130.38313129835,0.09078102065471991,1.0013232211466252,0.03667407990298227
12-01-2026,00.05,763,2861.25,3.52421,0.00116269,1.11993,0.137051,0.0,3031.083091795749,8.171629539368556,0.027998250000000002,-0.004178214285714521,0.01818450762142857,0.0,0.0,0.01818450762142857,0.018225072691756126,0.01826581914768122,0.007008443208124276,4.458655975771774,0.6138515884184703,4.458626692994241,1.0,0.01818450762142857,148872.0461830235,0.08335733277399827,1.0013232211466252,0.03667407990298227
12-01-2026,00.05,764,2865.0,3.5235,0.0011415,0.98621,0.128848,0.0,3086.7279894875164,7.654057494101578,0.024655250000000004,-0.0048882142857147315,0.014841507621428574,0.0665557,0.0016638924999999999,0.013177615121428574,0.01319890416310871,0.01322026210294368,0.007008443208124276,4.458655975771774,0.6138515884184703,4.458621716999564,1.0,0.014841507621428574,121822.43389590055,0.06821155093894976,1.0013232211466252,0.03667407990298227
12-01-2026,00.05,765,2868.75,3.5224,0.00110858,0.952779,0.124747,0.0,3177.398112901189,7.63769068594836,0.023819475,-0.005988214285714388,0.01400573262142857,0.0,0.0,0.01400573262142857,0.01402978390344415,0.01405391793146896,0.007008443208124276,4.458655975771774,0.6138515884184703,4.458614007712034,1.0,0.01400573262142857,115263.34978184346,0.0645389490556121,1.0013232211466252,0.03667407990298227
12-01-2026,00.05,766,2872.5,3.52412,0.00115963,1.0865,0.141152,0.0,3039.003820184024,7.697375878485604,0.027162500000000003,-0.0042682142857146665,0.017348757621428575,0.0665557,0.0016638924999999999,0.015684865121428575,0.015715035278175495,0.015745321724426643,0.007008443208124276,4.458655975771774,0.6138515884184703,4.4586260622343525,1.0,0.017348757621428575,143149.04475354767,0.08015287534324331,1.0013232211466252,0.03667407990298227
12-01-2026,00.05,767,2876.25,3.52577,0.00112436,1.10322,0.133975,0.0,3135.801700522964,8.23452136592648,0.0275805,-0.002618214285714515,0.01776675762142857,0.0,0.0,0.01776675762142857,0.01780547832503928,0.017844368172351018,0.007008443208124276,4.458655975771774,0.6138515884184703,4.458637626165646,1.0,0.01776675762142857,146981.08229558333,0.08229853288462764,1.0013232211466252,0.03667407990298227
12-01-2026,00.05,768,2880.0,3.52359,0.00111497,0.919348,0.122696,0.0,3160.255432881602,7.492893003846906,0.022983700000000003,-0.004798214285714586,0.013169957621428573,0.0,0.0,0.013169957621428573,0.01319122190824977,0.01321255497299171,0.007008443208124276,4.458655975771774,0.6138515884184703,4.458622347759452,1.0,0.013169957621428573,109236.89649517716,0.06116458103325007,1.0013232211466252,0.03667407990298227
12-01-2026,00.05,769,2883.75,3.52269,0.00111061,1.03636,0.129873,0.0,3171.851505028768,7.979795646516212,0.025908999999999998,-0.005698214285714709,0.01609525762142857,0.0,0.0,0.01609525762142857,0.016127028828308534,0.01615892571271087,0.007008443208124276,4.458655975771774,0.6138515884184703,4.458616040160565,1.0,0.01609525762142857,133848.3887193603,0.0749451959975512,1.0013232211466252,0.03667407990298227
12-01-2026,00.05,770,2887.5,3.52403,0.00108746,0.819056,0.115861,0.0,3240.606551045556,7.069298556028344,0.020476400000000002,-0.004358214285714368,0.010662657621428573,0.0,0.0,0.010662657621428573,0.010676591740525236,0.010690562325903506,0.007008443208124276,4.458655975771774,0.6138515884184703,4.458625431474464,1.0,0.010662657621428573,88901.57395891407,0.04977830475652104,1.0013232211466252,0.03667407990298227
12-01-2026,00.05,771,2891.25,3.52205,0.00108577,0.885917,0.122696,0.0,3243.826961511186,7.2204228336702085,0.022147925,-0.006338214285714461,0.01233418262142857,0.0,0.0,0.01233418262142857,0.012352831740336004,0.012371537339076158,0.007008443208124276,4.458655975771774,0.6138515884184703,4.458611554756912,1.0,0.01233418262142857,103105.46041403372,0.05773143041227972,1.0013232211466252,0.03667407990298227
12-01-2026,00.05,772,2895.0,3.52165,0.00110063,1.05307,0.130899,0.0,3199.667463180179,8.044904850304434,0.026326749999999996,-0.006738214285714417,0.016513007621428565,0.0,0.0,0.016513007621428565,0.0165464511783771,0.016580030475748988,0.007008443208124276,4.458655975771774,0.6138515884184703,4.458608751379629,1.0,0.016513007621428565,138395.92970038333,0.07749148253406124,1.0013232211466252,0.03667407990298227
12-01-2026,00.05,773,2898.75,3.52335,0.0010655,0.98621,0.128848,0.0,3306.7573908962927,7.654057494101578,0.024655250000000004,-0.005038214285714382,0.014841507621428574,0.0,0.0,0.014841507621428574,0.014868517778748327,0.014895626427238667,0.007008443208124276,4.458655975771774,0.6138515884184703,4.458620665733082,1.0,0.014841507621428574,124709.5013558146,0.069828095140278,1.0013232211466252,0.03667407990298227
12-01-2026,00.05,774,2902.5,3.52419,0.0011608,1.0865,0.135,0.0,3036.0010337698136,8.048148148148147,0.027162500000000003,-0.004198214285714652,0.017348757621428575,0.0,0.0,0.017348757621428575,0.01738567589439499,0.017422751627103418,0.007008443208124276,4.458655975771774,0.6138515884184703,4.458626552825377,1.0,0.017348757621428575,146154.71701146016,0.08183582945743857,1.0013232211466252,0.03667407990298227
12-01-2026,00.05,775,2906.25,3.52312,0.0011799,1.11993,0.137051,0.0,2985.9479616916688,8.171629539368556,0.027998250000000002,-0.005268214285714556,0.01818450762142857,0.0,0.0,0.01818450762142857,0.018225072691756126,0.01826581914768122,0.007008443208124276,4.458655975771774,0.6138515884184703,4.4586190537911445,1.0,0.01818450762142857,153591.60782982002,0.08599993815779045,1.0013232211466252,0.03667407990298227
12-01-2026,00.05,776,2910.0,3.52119,0.00109913,0.852486,0.118253,0.0,3203.615586873254,7.209001040142745,0.02131215,-0.007198214285714766,0.011498407621428569,0.0,0.0,0.011498407621428569,0.011514613346895335,0.011530864817166154,0.007008443208124276,4.458655975771774,0.6138515884184703,4.458605527495752,1.0,0.011498407621428569,97369.66557901926,0.05451980962083927,1.0013232211466252,0.03667407990298227
12-01-2026,00.05,777,2913.75,3.52081,0.00108277,0.651901,0.103557,0.0,3251.669329589848,6.295093523373601,0.016297525,-0.007578214285714591,0.0064837826214285705,0.0,0.0,0.0064837826214285705,0.0064889323354176305,0.006494090236181446,0.007008443208124276,4.458655975771774,0.6138515884184703,4.458602864287333,1.0,0.0064837826214285705,55046.91935042507,0.030822202637260994,1.0013232211466252,0.03667407990298227
12-01-2026,00.05,778,2917.5,3.52184,0.00111582,1.0865,0.135,0.0,3156.279686687817,8.048148148148147,0.027162500000000003,-0.006548214285714504,0.017348757621428575,0.0,0.0,0.017348757621428575,0.01738567589439499,0.017422751627103418,0.007008443208124276,4.458655975771774,0.6138515884184703,4.458610082983838,1.0,0.017348757621428575,147669.26355181087,0.08268386347861748,1.0013232211466252,0.03667407990298227
12-01-2026,00.05,779,2921.25,3.52298,0.00115317,1.06979,0.131924,0.0,3055.0395865310406,8.109138594948606,0.02674475,-0.005408214285714585,0.016931007621428573,0.0,0.0,0.016931007621428573,0.01696616754922746,0.01700147381126719,0.007008443208124276,4.458655975771774,0.6138515884184703,4.458618072609095,1.0,0.016931007621428573,144484.16619368442,0.0809004445816103,1.0013232211466252,0.03667407990298227
12-01-2026,00.05,780,2925.0,3.52294,0.00112169,1.01964,0.130899,0.0,3140.742986030008,7.789517108610457,0.025491000000000003,-0.005448214285714403,0.015677257621428575,0.0665557,0.0016638924999999999,0.014013365121428575,0.01403744264687242,0.014061603053910843,0.007008443208124276,4.458655975771774,0.6138515884184703,4.458617792271367,1.0,0.015677257621428575,134128.73723733486,0.07510217042831017,1.0013232211466252,0.03667407990298227
12-01-2026,00.05,781,2928.75,3.52273,0.00107808,0.952779,0.126797,0.0,3267.596096764619,7.514207749394703,0.023819475,-0.005658214285714447,0.01400573262142857,0.0,0.0,0.01400573262142857,0.01402978390344415,0.01405391793146896,0.007008443208124276,4.458655975771774,0.6138515884184703,4.458616320498293,1.0,0.01400573262142857,120135.24387420739,0.06726684933984402,1.0013232211466252,0.03667407990298227
12-01-2026,00.05,782,2932.5,3.5225,0.00111289,0.735478,0.109709,0.0,3165.1825427490585,6.70389849510979,0.01838695,-0.005888214285714621,0.00857320762142857,0.0,0.0,0.00857320762142857,0.008582213458202788,0.008591238235468613,0.007008443208124276,4.458655975771774,0.6138515884184703,4.458614708556355,1.0,0.00857320762142857,73725.78118340368,0.04128098345993425,1.0013232211466252,0.03667407990298227
12-01-2026,00.05,783,2936.25,3.52198,0.00107058,0.98621,0.126797,0.0,3289.7868445141885,7.777865406910259,0.024655250000000004,-0.006408214285714475,0.014841507621428574,0.0,0.0,0.014841507621428574,0.014868517778748327,0.014895626427238667,0.007008443208124276,4.458655975771774,0.6138515884184703,4.458611064165887,1.0,0.014841507621428574,127957.00874222844,0.07164645903622736,1.0013232211466252,0.03667407990298227
12-01-2026,00.05,784,2940.0,3.522,0.00109542,0.80234,0.114494,0.0,3215.205126800679,7.007703460443342,0.020058500000000003,-0.006388214285714788,0.010244757621428574,0.0,0.0,0.010244757621428574,0.010257620249816173,0.010270515217708654,0.007008443208124276,4.458655975771774,0.6138515884184703,4.458611204334751,1.0,0.010244757621428574,88551.58697658002,0.049582337937356606,1.0013232211466252,0.03667407990298227
12-01-2026,00.05,785,2943.75,3.52261,0.00111752,1.20351,0.141835,0.0,3152.1672990192565,8.485282194098778,0.030087750000000003,-0.005778214285714789,0.020274007621428572,0.0,0.0,0.020274007621428572,0.02032444351116051,0.020375130966640263,0.007008443208124276,4.458655975771774,0.6138515884184703,4.458615479485108,1.0,0.020274007621428572,175687.7392478647,0.09837213714918165,1.0013232211466252,0.03667407990298227
12-01-2026,00.05,786,2947.5,3.52285,0.00112958,0.902633,0.121329,0.0,3118.7255440075073,7.439548665199581,0.022565825,-0.005538214285714549,0.012752082621428571,0.0,0.0,0.012752082621428571,0.012772017888296692,0.012792015582162244,0.007008443208124276,4.458655975771774,0.6138515884184703,4.458617161511478,1.0,0.012752082621428571,110786.98549483245,0.06203251620231953,1.0013232211466252,0.03667407990298227
12-01-2026,00.05,787,2951.25,3.52326,0.00110252,1.01964,0.128848,0.0,3195.642709429307,7.913510492983982,0.025491000000000003,-0.005128214285714527,0.015677257621428575,0.0,0.0,0.015677257621428575,0.01570739849079137,0.01573765548020623,0.007008443208124276,4.458655975771774,0.6138515884184703,4.458620034973193,1.0,0.015677257621428575,136546.97872115523,0.07645620676530579,1.0013232211466252,0.03667407990298227
12-01-2026,00.05,788,2955.0,3.52289,0.00114359,0.936064,0.123722,0.0,3080.553345167411,7.5658654079306835,0.0234016,-0.005498214285714731,0.013587857621428572,0.0,0.0,0.013587857621428572,0.01361049396581835,0.013633205856942953,0.007008443208124276,4.458655975771774,0.6138515884184703,4.458617441849206,1.0,0.013587857621428572,118649.51244675483,0.06643494965023611,1.0013232211466252,0.03667407990298227
12-01-2026,00.05,789,2958.75,3.52199,0.00113759,0.98621,0.126797,0.0,3096.0099860230844,7.777865406910259,0.024655250000000004,-0.00639821428571441,0.014841507621428574,0.0,0.0,0.014841507621428574,0.014868517778748327,0.014895626427238667,0.007008443208124276,4.458655975771774,0.6138515884184703,4.458611134250319,1.0,0.014841507621428574,129925.54920936568,0.07274869607135553,1.0013232211466252,0.03667407990298227
12-01-2026,00.05,790,2962.5,3.52159,0.00113081,0.835771,0.119278,0.0,3114.2190111512987,7.006916614966717,0.020894275,-0.006798214285714366,0.01108053262142857,0.0,0.0,0.01108053262142857,0.011095581083081493,0.011110670474926868,0.007008443208124276,4.458655975771774,0.6138515884184703,4.4586083308730355,1.0,0.01108053262142857,97247.25575203459,0.05445126917322411,1.0013232211466252,0.03667407990298227
12-01-2026,00.05,791,2966.25,3.52197,0.00114144,1.15336,0.136709,0.0,3085.549831791421,8.436606221975143,0.028834,-0.006418214285714541,0.019020257621428567,0.0,0.0,0.019020257621428567,0.019064641623393355,0.019109233251069602,0.007008443208124276,4.458655975771774,0.6138515884184703,4.458610994081455,1.0,0.019020257621428567,167352.38168671474,0.09370495353862769,1.0013232211466252,0.03667407990298227
12-01-2026,00.05,792,2970.0,3.52207,0.0011404,1.18679,0.142861,0.0,3088.4514205541914,8.307305702746026,0.02966975,-0.006318214285714774,0.01985600762142857,0.0,0.0,0.01985600762142857,0.019904382742261223,0.019952994151031418,0.007008443208124276,4.458655975771774,0.6138515884184703,4.458611694925776,1.0,0.01985600762142857,175147.85762785928,0.09806984338073281,1.0013232211466252,0.03667407990298227
12-01-2026,00.05,793,2973.75,3.52349,0.00119131,0.885917,0.125089,0.0,2957.66005489755,7.082293407094149,0.022147925,-0.004898214285714797,0.01233418262142857,0.0,0.0,0.01233418262142857,0.012352831740336004,0.012371537339076158,0.007008443208124276,4.458655975771774,0.6138515884184703,4.458621646915131,1.0,0.01233418262142857,109073.50885269471,0.061073096040366814,1.0013232211466252,0.03667407990298227
12-01-2026,00.05,794,2977.5,3.52109,0.00114405,0.768909,0.114835,0.0,3077.7413574581533,6.695772194888317,0.019222725,-0.007298214285714533,0.00940898262142857,0.0,0.0,0.00940898262142857,0.009419831059100551,0.009430704541871403,0.007008443208124276,4.458655975771774,0.6138515884184703,4.458604826651432,1.0,0.00940898262142857,83415.39423641637,0.04670644996234443,1.0013232211466252,0.03667407990298227
12-01-2026,00.05,795,2981.25,3.52108,0.00112377,1.01964,0.130899,0.0,3133.2746024542384,7.789517108610457,0.025491000000000003,-0.007308214285714598,0.015677257621428575,0.0,0.0,0.015677257621428575,0.01570739849079137,0.01573765548020623,0.007008443208124276,4.458655975771774,0.6138515884184703,4.4586047565669995,1.0,0.015677257621428575,139337.138646329,0.07801848991609589,1.0013232211466252,0.03667407990298227
12-01-2026,00.05,796,2985.0,3.52159,0.00109887,0.969494,0.125772,0.0,3204.7375940739125,7.708345259676239,0.02423735,-0.006798214285714366,0.014423607621428572,0.0665557,0.0016638924999999999,0.012759715121428572,0.012779674277811626,0.012799695973528183,0.007008443208124276,4.458655975771774,0.6138515884184703,4.4586083308730355,1.0,0.014423607621428572,128517.58921864339,0.07196034263302888,1.0013232211466252,0.03667407990298227
12-01-2026,00.05,797,2988.75,3.5211,0.00108935,0.98621,0.126797,0.0,3232.2944875384405,7.777865406910259,0.024655250000000004,-0.007288214285714467,0.014841507621428574,0.0,0.0,0.014841507621428574,0.014868517778748327,0.014895626427238667,0.007008443208124276,4.458655975771774,0.6138515884184703,4.458604896735864,1.0,0.014841507621428574,132573.64520671908,0.07423143393201143,1.0013232211466252,0.03667407990298227
12-01-2026,00.05,798,2992.5,3.52147,0.00112208,0.835771,0.116886,0.0,3138.341294738343,7.150308847937307,0.020894275,-0.006918214285714708,0.01108053262142857,0.0,0.0,0.01108053262142857,0.011095581083081493,0.011110670474926868,0.007008443208124276,4.458655975771774,0.6138515884184703,4.458607489859851,1.0,0.01108053262142857,99226.7929048528,0.055559663538833216,1.0013232211466252,0.03667407990298227
12-01-2026,00.05,799,2996.25,3.52199,0.00112475,0.902633,0.123722,0.0,3131.35363414092,7.295654774413605,0.022565825,-0.00639821428571441,0.012752082621428571,0.0,0.0,0.012752082621428571,0.012772017888296692,0.012792015582162244,0.007008443208124276,4.458655975771774,0.6138515884184703,4.458611134250319,1.0,0.012752082621428571,114482.00106003687,0.06410145157313579,1.0013232211466252,0.03667407990298227
12-01-2026,00.05,800,3000.0,3.52154,0.00113407,1.03636,0.129873,0.0,3105.2227816625073,7.979795646516212,0.025908999999999998,-0.006848214285714693,0.01609525762142857,0.0,0.0,0.01609525762142857,0.016127028828308534,0.01615892571271087,0.007008443208124276,4.458655975771774,0.6138515884184703,4.458607980450876,1.0,0.01609525762142857,144857.31859285713,0.08110938232049927,1.0013232211466252,0.03667407990298227
12-01-2026,00.05,801,3003.75,3.52122,0.00112977,0.885917,0.120304,0.0,3116.7582782336226,7.363986234871659,0.022147925,-0.007168214285714569,0.01233418262142857,0.0,0.0,0.01233418262142857,0.012352831740336004,0.012371537339076158,0.007008443208124276,4.458655975771774,0.6138515884184703,4.458605737749049,1.0,0.01233418262142857,111285.33615128238,0.06231155570350813,1.0013232211466252,0.03667407990298227
12-01-2026,00.05,802,3007.5,3.52118,0.00110663,0.702048,0.107316,0.0,3181.8945808445465,6.541876327854188,0.017551200000000003,-0.007208214285714387,0.007737457621428573,0.0,0.0,0.007737457621428573,0.00774479244183316,0.007752141181703647,0.007008443208124276,4.458655975771774,0.6138515884184703,4.458605457411321,1.0,0.007737457621428573,69985.73941781266,0.03918683674779901,1.0013232211466252,0.03667407990298227
12-01-2026,00.05,803,3011.25,3.52152,0.00113094,1.0865,0.132949,0.0,3113.79914053796,8.17230667398777,0.027162500000000003,-0.00686821428571438,0.017348757621428575,0.0,0.0,0.017348757621428575,0.01738567589439499,0.017422751627103418,0.007008443208124276,4.458655975771774,0.6138515884184703,4.458607840282011,1.0,0.017348757621428575,157312.05543444006,0.0880831135892967,1.0013232211466252,0.03667407990298227
12-01-2026,00.05,804,3015.0,3.52159,0.00112162,1.00293,0.129873,0.0,3139.735382749951,7.7223903351735945,0.025073250000000002,-0.006798214285714366,0.015259507621428572,0.0,0.0,0.015259507621428572,0.015288062109382232,0.015316723663357979,0.007008443208124276,4.458655975771774,0.6138515884184703,4.4586083308730355,1.0,0.015259507621428572,138712.35766800054,0.07766865878757521,1.0013232211466252,0.03667407990298227
12-01-2026,00.05,805,3018.75,3.52035,0.00113075,0.835771,0.119278,0.0,3113.2876409462747,7.006916614966717,0.020894275,-0.008038214285714496,0.01108053262142857,0.0,0.0,0.01108053262142857,0.011095581083081493,0.011110670474926868,0.007008443208124276,4.458655975771774,0.6138515884184703,4.458599640403458,1.0,0.01108053262142857,100975.24901251757,0.05653866961380958,1.0013232211466252,0.03667407990298227
12-01-2026,00.05,806,3022.5,3.51974,0.00109985,0.869202,0.119278,0.0,3200.2000272764467,7.2871946209695,0.021730050000000004,-0.008648214285714495,0.011916307621428575,0.0,0.0,0.011916307621428575,0.011933713611649978,0.011951170525646529,0.007008443208124276,4.458655975771774,0.6138515884184703,4.4585953652531005,1.0,0.011916307621428575,108861.50275248337,0.060954388307796877,1.0013232211466252,0.03667407990298227
12-01-2026,00.05,807,3026.25,3.52149,0.00111413,1.00293,0.127823,0.0,3160.753233464676,7.846240504447557,0.025073250000000002,-0.006898214285714577,0.015259507621428572,0.0,0.0,0.015259507621428572,0.015288062109382232,0.015316723663357979,0.007008443208124276,4.458655975771774,0.6138515884184703,4.458607630028715,1.0,0.015259507621428572,139749.45579770254,0.07824935701893142,1.0013232211466252,0.03667407990298227
12-01-2026,00.05,808,3030.0,3.52167,0.00112749,0.98621,0.126797,0.0,3123.4600750339246,7.777865406910259,0.024655250000000004,-0.00671821428571473,0.014841507621428574,0.0,0.0,0.014841507621428574,0.014868517778748327,0.014895626427238667,0.007008443208124276,4.458655975771774,0.6138515884184703,4.458608891548493,1.0,0.014841507621428574,136258.3973215736,0.07629462252988971,1.0013232211466252,0.03667407990298227
12-01-2026,00.05,809,3033.75,3.52039,0.00110363,0.651901,0.103557,0.0,3189.8281126826923,6.295093523373601,0.016297525,-0.007998214285714678,0.0064837826214285705,0.0,0.0,0.0064837826214285705,0.0064889323354176305,0.006494090236181446,0.007008443208124276,4.458655975771774,0.6138515884184703,4.458599920741186,1.0,0.0064837826214285705,59674.395007338644,0.03341324667895233,1.0013232211466252,0.03667407990298227
12-01-2026,00.05,810,3037.5,3.51993,0.00111686,0.919348,0.124747,0.0,3151.630463979371,7.369700273353268,0.022983700000000003,-0.008458214285714583,0.013169957621428573,0.0,0.0,0.013169957621428573,0.01319122190824977,0.01321255497299171,0.007008443208124276,4.458655975771774,0.6138515884184703,4.4585966968573105,1.0,0.013169957621428573,121511.37931058372,0.06803738338201798,1.0013232211466252,0.03667407990298227
12-01-2026,00.05,811,3041.25,3.52037,0.00109939,0.735478,0.109709,0.0,3202.112080335459,6.70389849510979,0.01838695,-0.008018214285714365,0.00857320762142857,0.0,0.0,0.00857320762142857,0.008582213458202788,0.008591238235468613,0.007008443208124276,4.458655975771774,0.6138515884184703,4.458599780572322,1.0,0.00857320762142857,79295.32532775404,0.04439951616330907,1.0013232211466252,0.03667407990298227
12-01-2026,00.05,812,3045.0,3.52113,0.00110682,0.919348,0.122696,0.0,3181.3031929311,7.492893003846906,0.022983700000000003,-0.007258214285714715,0.013169957621428573,0.0,0.0,0.013169957621428573,0.01319122190824977,0.01321255497299171,0.007008443208124276,4.458655975771774,0.6138515884184703,4.45860510698916,1.0,0.013169957621428573,122112.17631482627,0.06837378525930995,1.0013232211466252,0.03667407990298227
12-01-2026,00.05,813,3048.75,3.52206,0.00113166,0.919348,0.122696,0.0,3112.29521234293,7.492893003846906,0.022983700000000003,-0.006328214285714395,0.013169957621428573,0.133111,0.0033277750000000003,0.009842182621428573,0.009854053633828653,0.009865953316924232,0.007008443208124276,4.458655975771774,0.6138515884184703,4.458611624841343,1.0,0.013169957621428573,122413.1304245347,0.06854229729710264,1.0013232211466252,0.03667407990298227
12-01-2026,00.05,814,3052.5,3.5193,0.00107534,0.568324,0.0967215,0.0,3272.732345118753,5.875880750401928,0.014208100000000001,-0.009088214285714713,0.004394357621428572,0.0665557,0.0016638924999999999,0.0027304651214285717,0.00273137797234049,0.0027322914338263815,0.007008443208124276,4.458655975771774,0.6138515884184703,4.458592281538089,1.0,0.004394357621428572,40945.553191801206,0.02292648076340897,1.0013232211466252,0.03667407990298227
12-01-2026,00.05,815,3056.25,3.51996,0.00107801,0.785625,0.113468,0.0,3265.23872691348,6.923758240208693,0.019640625000000002,-0.008428214285714386,0.009826882621428572,0.0,0.0,0.009826882621428572,0.009838716732560478,0.009850579380726336,0.007008443208124276,4.458655975771774,0.6138515884184703,4.458596907110606,1.0,0.009826882621428572,91789.60934838366,0.051395390926795986,1.0013232211466252,0.03667407990298227
12-01-2026,00.05,816,3060.0,3.52149,0.00108955,0.785625,0.113468,0.0,3232.059106970768,6.923758240208693,0.019640625000000002,-0.006898214285714577,0.009826882621428572,0.0,0.0,0.009826882621428572,0.009838716732560478,0.009850579380726336,0.007008443208124276,4.458655975771774,0.6138515884184703,4.458607630028715,1.0,0.009826882621428572,92014.99811400857,0.051521591961989785,1.0013232211466252,0.03667407990298227
12-01-2026,00.05,817,3063.75,3.5198,0.00107938,0.869202,0.121671,0.0,3260.9460986862828,7.143871588135217,0.021730050000000004,-0.008588214285714546,0.011916307621428575,0.0,0.0,0.011916307621428575,0.011933713611649978,0.011951170525646529,0.007008443208124276,4.458655975771774,0.6138515884184703,4.458595785759694,1.0,0.011916307621428575,111853.18487699631,0.06262950898223471,1.0013232211466252,0.03667407990298227
12-01-2026,00.05,818,3067.5,3.51921,0.0010917,0.819056,0.115861,0.0,3223.6053860950815,7.069298556028344,0.020476400000000002,-0.009178214285714414,0.010662657621428573,0.0,0.0,0.010662657621428573,0.010676591740525236,0.010690562325903506,0.007008443208124276,4.458655975771774,0.6138515884184703,4.4585916507782,1.0,0.010662657621428573,100330.87666332336,0.05617786876691244,1.0013232211466252,0.03667407990298227
12-01-2026,00.05,819,3071.25,3.51901,0.0010741,0.80234,0.114494,0.0,3276.2405735033985,7.007703460443342,0.020058500000000003,-0.009378214285714392,0.010244757621428574,0.0,0.0,0.010244757621428574,0.010257620249816173,0.010270515217708654,0.007008443208124276,4.458655975771774,0.6138515884184703,4.458590249089559,1.0,0.010244757621428574,96634.46062838042,0.05410814923664498,1.0013232211466252,0.03667407990298227
12-01-2026,00.05,820,3075.0,3.52034,0.00108512,0.80234,0.114494,0.0,3244.1941905042763,7.007703460443342,0.020058500000000003,-0.008048214285714561,0.010244757621428574,0.0,0.0,0.010244757621428574,0.010257620249816173,0.010270515217708654,0.007008443208124276,4.458655975771774,0.6138515884184703,4.458599570319025,1.0,0.010244757621428574,96870.58628412055,0.05424036213602175,1.0013232211466252,0.03667407990298227
12-01-2026,00.05,821,3078.75,3.51989,0.00109626,0.735478,0.109709,0.0,3210.8167770419427,6.70389849510979,0.01838695,-0.0084982142857144,0.00857320762142857,0.0,0.0,0.00857320762142857,0.008582213458202788,0.008591238235468613,0.007008443208124276,4.458655975771774,0.6138515884184703,4.458596416519582,1.0,0.00857320762142857,81262.87647687188,0.04550119925353304,1.0013232211466252,0.03667407990298227
12-01-2026,00.05,822,3082.5,3.51822,0.00110018,0.919348,0.122696,0.0,3197.8585322401786,7.492893003846906,0.022983700000000003,-0.010168214285714683,0.013169957621428573,0.0,0.0,0.013169957621428573,0.01319122190824977,0.01321255497299171,0.007008443208124276,4.458655975771774,0.6138515884184703,4.458584712419424,1.0,0.013169957621428573,125138.38563952515,0.0700682386116376,1.0013232211466252,0.03667407990298227
12-01-2026,00.05,823,3086.25,3.52011,0.00108649,0.752194,0.111076,0.0,3239.8917615440546,6.771885915949441,0.01880485,-0.008278214285714736,0.008991107621428572,0.0,0.0,0.008991107621428572,0.00900101334077759,0.009010940910938315,0.007008443208124276,4.458655975771774,0.6138515884184703,4.458597958377088,1.0,0.008991107621428572,85639.75219848646,0.047951925870056596,1.0013232211466252,0.03667407990298227
12-01-2026,00.05,824,3090.0,3.52053,0.0010919,0.80234,0.114494,0.0,3224.2238300210643,7.007703460443342,0.020058500000000003,-0.007858214285714649,0.010244757621428574,0.0,0.0,0.010244757621428574,0.010257620249816173,0.010270515217708654,0.007008443208124276,4.458655975771774,0.6138515884184703,4.458600901923235,1.0,0.010244757621428574,97817.97024516217,0.05477082706970182,1.0013232211466252,0.03667407990298227
12-01-2026,00.05,825,3093.75,3.52046,0.00114411,0.902633,0.126114,0.0,3077.029306622615,7.1572783354742535,0.022565825,-0.007928214285714663,0.012752082621428571,0.0,0.0,0.012752082621428571,0.012772017888296692,0.012792015582162244,0.007008443208124276,4.458655975771774,0.6138515884184703,4.458600411332211,1.0,0.012752082621428571,122053.86891857561,0.06834113743080844,1.0013232211466252,0.03667407990298227
12-01-2026,00.05,826,3097.5,3.521,0.00114594,0.936064,0.125772,0.0,3072.586697383807,7.4425468307731455,0.0234016,-0.007388214285714678,0.013587857621428572,0.0,0.0,0.013587857621428572,0.01361049396581835,0.013633205856942953,0.007008443208124276,4.458655975771774,0.6138515884184703,4.458604195891543,1.0,0.013587857621428572,130368.78487290657,0.07299687525374993,1.0013232211466252,0.03667407990298227
12-01-2026,00.05,827,3101.25,3.52073,0.00113134,0.785625,0.118253,0.0,3111.9999292873936,6.643594665674444,0.019640625000000002,-0.007658214285714671,0.009826882621428572,0.0,0.0,0.009826882621428572,0.009838716732560478,0.009850579380726336,0.007008443208124276,4.458655975771774,0.6138515884184703,4.458602303611877,1.0,0.009826882621428572,94512.51568674874,0.05292001704418329,1.0013232211466252,0.03667407990298227
12-01-2026,00.05,828,3105.0,3.51861,0.00105728,0.601755,0.0994557,0.0,3327.9831265133166,6.050482777759345,0.015043875000000002,-0.009778214285714792,0.005230132621428572,0.0,0.0,0.005230132621428572,0.005233482930948195,0.005236837535490341,0.007008443208124276,4.458655975771774,0.6138515884184703,4.458587445712276,1.0,0.005230132621428572,50423.8393565084,0.028233619841670513,1.0013232211466252,0.03667407990298227
12-01-2026,00.05,829,3108.75,3.51899,0.00107632,0.718763,0.108684,0.0,3269.46447153263,6.613328548820434,0.017969075,-0.009398214285714523,0.008155332621428571,0.0,0.0,0.008155332621428571,0.008163481512455524,0.008171646704679842,0.007008443208124276,4.458655975771774,0.6138515884184703,4.458590108920695,1.0,0.008155332621428571,78815.7976792949,0.04413101615412804,1.0013232211466252,0.03667407990298227
12-01-2026,00.05,830,3112.5,3.52111,0.00107397,0.752194,0.111076,0.0,3278.592511895118,6.771885915949441,0.01880485,-0.007278214285714402,0.008991107621428572,0.0,0.0,0.008991107621428572,0.00900101334077759,0.009010940910938315,0.007008443208124276,4.458655975771774,0.6138515884184703,4.458604966820296,1.0,0.008991107621428572,87102.75994315514,0.04877110197833253,1.0013232211466252,0.03667407990298227
12-01-2026,00.05,831,3116.25,3.51937,0.00107149,0.735478,0.114835,0.0,3284.557018730926,6.4046501502155255,0.01838695,-0.009018214285714699,0.00857320762142857,0.0,0.0,0.00857320762142857,0.008582213458202788,0.008591238235468613,0.007008443208124276,4.458655975771774,0.6138515884184703,4.458592772129114,1.0,0.00857320762142857,83254.539772425,0.046616383362019564,1.0013232211466252,0.03667407990298227
12-01-2026,00.05,832,3120.0,3.51906,0.00108701,0.852486,0.118253,0.0,3237.3759211046818,7.209001040142745,0.02131215,-0.009328214285714509,0.011498407621428569,0.0,0.0,0.011498407621428569,0.011514613346895335,0.011530864817166154,0.007008443208124276,4.458655975771774,0.6138515884184703,4.458590599511719,1.0,0.011498407621428569,111930.09915003426,0.06267257528525853,1.0013232211466252,0.03667407990298227
12-01-2026,00.05,833,3123.75,3.5195,0.00108375,0.685332,0.106291,0.0,3247.5201845444058,6.447695477509856,0.0171333,-0.008888214285714735,0.007319557621428571,0.0,0.0,0.007319557621428571,0.007326121194894829,0.007332696550265015,0.007008443208124276,4.458655975771774,0.6138515884184703,4.458593683226731,1.0,0.007319557621428571,71422.88228965476,0.039991530440694485,1.0013232211466252,0.03667407990298227
12-01-2026,00.05,834,3127.5,3.51999,0.00108394,0.785625,0.113468,0.0,3247.4029927855786,6.923758240208693,0.019640625000000002,-0.008398214285714634,0.009826882621428572,0.0,0.0,0.009826882621428572,0.009838716732560478,0.009850579380726336,0.007008443208124276,4.458655975771774,0.6138515884184703,4.458597117363903,1.0,0.009826882621428572,96119.2570588646,0.0538196733508653,1.0013232211466252,0.03667407990298227
12-01-2026,00.05,835,3131.25,3.5193,0.00107612,0.785625,0.113468,0.0,3270.3601828792325,6.923758240208693,0.019640625000000002,-0.009088214285714713,0.009826882621428572,0.0,0.0,0.009826882621428572,0.009838716732560478,0.009850579380726336,0.007008443208124276,4.458655975771774,0.6138515884184703,4.458592281538089,1.0,0.009826882621428572,96349.89706489035,0.05394881469221322,1.0013232211466252,0.03667407990298227
12-01-2026,00.05,836,3135.0,3.51913,0.00110428,0.785625,0.115861,0.0,3186.80950483573,6.780754524818533,0.019640625000000002,-0.009258214285714494,0.009826882621428572,0.0,0.0,0.009826882621428572,0.009838716732560478,0.009850579380726336,0.007008443208124276,4.458655975771774,0.6138515884184703,4.458591090102744,1.0,0.009826882621428572,96580.81345198983,0.05407811078651663,1.0013232211466252,0.03667407990298227
12-01-2026,00.05,837,3138.75,3.5201,0.00110624,0.735478,0.109709,0.0,3182.0400636389927,6.70389849510979,0.01838695,-0.008288214285714801,0.00857320762142857,0.0,0.0,0.00857320762142857,0.008582213458202788,0.008591238235468613,0.007008443208124276,4.458655975771774,0.6138515884184703,4.458597888292656,1.0,0.00857320762142857,84461.11158004582,0.04729197431587751,1.0013232211466252,0.03667407990298227
12-01-2026,00.05,838,3142.5,3.51864,0.00109346,0.768909,0.112443,0.0,3217.895487717886,6.838211360422614,0.019222725,-0.009748214285714596,0.00940898262142857,0.0,0.0,0.00940898262142857,0.009419831059100551,0.009430704541871403,0.007008443208124276,4.458655975771774,0.6138515884184703,4.458587655965572,1.0,0.00940898262142857,92916.58488753493,0.05202641385859405,1.0013232211466252,0.03667407990298227
12-01-2026,00.05,839,3146.25,3.5188,0.00107886,0.835771,0.116886,0.0,3261.5909385833193,7.150308847937307,0.020894275,-0.009588214285714436,0.01108053262142857,0.0,0.0,0.01108053262142857,0.011095581083081493,0.011110670474926868,0.007008443208124276,4.458655975771774,0.6138515884184703,4.458588777316485,1.0,0.01108053262142857,109684.96317293373,0.061415465226221905,1.0013232211466252,0.03667407990298227
12-01-2026,00.05,840,3150.0,3.51967,0.00107221,0.936064,0.125772,0.0,3282.63120097742,7.4425468307731455,0.0234016,-0.00871821428571451,0.013587857621428572,0.0,0.0,0.013587857621428572,0.01361049396581835,0.013633205856942953,0.007008443208124276,4.458655975771774,0.6138515884184703,4.458594874662076,1.0,0.013587857621428572,134825.517248625,0.07549231568902606,1.0013232211466252,0.03667407990298227
12-01-2026,00.05,841,3153.75,3.51989,0.00108114,0.752194,0.111076,0.0,3255.72081321568,6.771885915949441,0.01880485,-0.0084982142857144,0.008991107621428572,0.0,0.0,0.008991107621428572,0.00900101334077759,0.009010940910938315,0.007008443208124276,4.458655975771774,0.6138515884184703,4.458596416519582,1.0,0.008991107621428572,89426.80672863217,0.050072396252485135,1.0013232211466252,0.03667407990298227
12-01-2026,00.05,842,3157.5,3.51842,0.00108746,0.718763,0.108684,0.0,3235.447740606551,6.613328548820434,0.017969075,-0.009968214285714705,0.008155332621428571,0.0,0.0,0.008155332621428571,0.008163481512455524,0.008171646704679842,0.007008443208124276,4.458655975771774,0.6138515884184703,4.458586114108066,1.0,0.008155332621428571,81307.08613994745,0.04552595339436272,1.0013232211466252,0.03667407990298227
12-01-2026,00.05,843,3161.25,3.51778,0.00106224,0.601755,0.0994557,0.0,3311.662147913842,6.050482777759345,0.015043875000000002,-0.010608214285714457,0.005230132621428572,0.0,0.0,0.005230132621428572,0.005233482930948195,0.005236837535490341,0.007008443208124276,4.458655975771774,0.6138515884184703,4.458581628704413,1.0,0.005230132621428572,52267.338524328654,0.029265842999345534,1.0013232211466252,0.03667407990298227
12-01-2026,00.05,844,3165.0,3.5188,0.00106713,0.80234,0.117228,0.0,3297.442673338769,6.84426928720101,0.020058500000000003,-0.009588214285714436,0.010244757621428574,0.0,0.0,0.010244757621428574,0.010257620249816173,0.010270515217708654,0.007008443208124276,4.458655975771774,0.6138515884184703,4.458588777316485,1.0,0.010244757621428574,102624.04216431484,0.057461871806254,1.0013232211466252,0.03667407990298227
12-01-2026,00.05,845,3168.75,3.51886,0.00108081,0.902633,0.123722,0.0,3255.761882291985,7.295654774413605,0.022565825,-0.009528214285714487,0.012752082621428571,0.0,0.0,0.012752082621428571,0.012772017888296692,0.012792015582162244,0.007008443208124276,4.458655975771774,0.6138515884184703,4.458589197823078,1.0,0.012752082621428571,128043.36272482785,0.0716948108782854,1.0013232211466252,0.03667407990298227
12-01-2026,00.05,846,3172.5,3.51847,0.00105344,0.80234,0.114494,0.0,3339.9813942891856,7.007703460443342,0.020058500000000003,-0.009918214285714377,0.010244757621428574,0.0,0.0,0.010244757621428574,0.010257620249816173,0.010270515217708654,0.007008443208124276,4.458655975771774,0.6138515884184703,4.458586464530226,1.0,0.010244757621428574,103110.98830000836,0.0577345256194898,1.0013232211466252,0.03667407990298227
12-01-2026,00.05,847,3176.25,3.5188,0.00108251,0.902633,0.126114,0.0,3250.59352800436,7.1572783354742535,0.022565825,-0.009588214285714436,0.012752082621428571,0.0,0.0,0.012752082621428571,0.012772017888296692,0.012792015582162244,0.007008443208124276,4.458655975771774,0.6138515884184703,4.458588777316485,1.0,0.012752082621428571,128650.20245657508,0.07203459623595791,1.0013232211466252,0.03667407990298227
12-01-2026,00.05,848,3180.0,3.51728,0.00111054,0.702048,0.107316,0.0,3167.179930484269,6.541876327854188,0.017551200000000003,-0.011108214285714624,0.007737457621428573,0.0,0.0,0.007737457621428573,0.00774479244183316,0.007752141181703647,0.007008443208124276,4.458655975771774,0.6138515884184703,4.458578124482809,1.0,0.007737457621428573,78244.2664509343,0.04381100094633936,1.0013232211466252,0.03667407990298227
12-01-2026,00.05,849,3183.75,3.51782,0.00108825,0.651901,0.106291,0.0,3232.547668274753,6.133172140632791,0.016297525,-0.010568214285714639,0.0064837826214285705,0.0,0.0,0.0064837826214285705,0.0064889323354176305,0.006494090236181446,0.007008443208124276,4.458655975771774,0.6138515884184703,4.458581909042141,1.0,0.0064837826214285705,65721.33277464846,0.036799084495096904,1.0013232211466252,0.03667407990298227
12-01-2026,00.05,850,3187.5,3.51791,0.00110415,0.651901,0.103557,0.0,3186.0797898836213,6.295093523373601,0.016297525,-0.010478214285714493,0.0064837826214285705,0.0,0.0,0.0064837826214285705,0.0064889323354176305,0.006494090236181446,0.007008443208124276,4.458655975771774,0.6138515884184703,4.45858253980203,1.0,0.0064837826214285705,65876.24452474888,0.03688582361526623,1.0013232211466252,0.03667407990298227
12-01-2026,00.05,851,3191.25,3.51943,0.00109659,0.785625,0.115861,0.0,3209.431054450615,6.780754524818533,0.019640625000000002,-0.00895821428571475,0.009826882621428572,0.0,0.0,0.009826882621428572,0.009838716732560478,0.009850579380726336,0.007008443208124276,4.458655975771774,0.6138515884184703,4.458593192635706,1.0,0.009826882621428572,100077.72498732927,0.0560361225557252,1.0013232211466252,0.03667407990298227
12-01-2026,00.05,852,3195.0,3.51949,0.00109327,0.551609,0.0984304,0.0,3219.232211622015,5.604051187438027,0.013790225,-0.0088982142857148,0.00397648262142857,0.0,0.0,0.00397648262142857,0.003978419003385564,0.0039803572721366,0.007008443208124276,4.458655975771774,0.6138515884184703,4.458593613142298,1.0,0.00397648262142857,40592.034011608375,0.022728536174744577,1.0013232211466252,0.03667407990298227
12-01-2026,00.05,853,3198.75,3.51778,0.00106856,0.752194,0.111076,0.0,3292.075316313543,6.771885915949441,0.01880485,-0.010608214285714457,0.008991107621428572,0.0,0.0,0.008991107621428572,0.00900101334077759,0.009010940910938315,0.007008443208124276,4.458655975771774,0.6138515884184703,4.458581628704413,1.0,0.008991107621428572,91997.0272310628,0.051511529596969884,1.0013232211466252,0.03667407990298227
12-01-2026,00.05,854,3202.5,3.51752,0.00105696,0.601755,0.0994557,0.0,3327.9594308204664,6.050482777759345,0.015043875000000002,-0.010868214285714384,0.005230132621428572,0.0,0.0,0.005230132621428572,0.005233482930948195,0.005236837535490341,0.007008443208124276,4.458655975771774,0.6138515884184703,4.458579806509179,1.0,0.005230132621428572,53640.27285370032,0.030034584658404764,1.0013232211466252,0.03667407990298227
12-01-2026,00.05,855,3206.25,3.5183,0.0010861,0.735478,0.109709,0.0,3239.3886382469386,6.70389849510979,0.01838695,-0.010088214285714603,0.00857320762142857,0.0,0.0,0.00857320762142857,0.008582213458202788,0.008591238235468613,0.007008443208124276,4.458655975771774,0.6138515884184703,4.458585273094881,1.0,0.00857320762142857,88132.9092392084,0.049347909376898424,1.0013232211466252,0.03667407990298227
12-01-2026,00.05,856,3210.0,3.51896,0.00107514,0.785625,0.113468,0.0,3273.024908384024,6.923758240208693,0.019640625000000002,-0.00942821428571472,0.009826882621428572,0.0665557,0.0016638924999999999,0.008162990121428572,0.008171154330202933,0.008179334886182157,0.007008443208124276,4.458655975771774,0.6138515884184703,4.458589898667398,1.0,0.009826882621428572,101257.18121946215,0.056696530793235396,1.0013232211466252,0.03667407990298227
12-01-2026,00.05,857,3213.75,3.5197,0.00109131,0.852486,0.118253,0.0,3225.206403313449,7.209001040142745,0.02131215,-0.008688214285714757,0.011498407621428569,0.0,0.0,0.011498407621428569,0.011514613346895335,0.011530864817166154,0.007008443208124276,4.458655975771774,0.6138515884184703,4.458595084915372,1.0,0.011498407621428569,118757.72783180518,0.06649554226042849,1.0013232211466252,0.03667407990298227
12-01-2026,00.05,858,3217.5,3.51857,0.00109333,0.668617,0.104924,0.0,3218.2140799209756,6.372393351378141,0.016715425,-0.00981821428571461,0.006901682621428569,0.0,0.0,0.006901682621428569,0.006907517857333237,0.006913362968740119,0.007008443208124276,4.458655975771774,0.6138515884184703,4.4585871653745475,1.0,0.006901682621428569,71448.33213733137,0.04000578047269322,1.0013232211466252,0.03667407990298227
12-01-2026,00.05,859,3221.25,3.51773,0.00108583,0.735478,0.109709,0.0,3239.669193151782,6.70389849510979,0.01838695,-0.010658214285714784,0.00857320762142857,0.0,0.0,0.00857320762142857,0.008582213458202788,0.008591238235468613,0.007008443208124276,4.458655975771774,0.6138515884184703,4.458581278282252,1.0,0.00857320762142857,88959.47361900938,0.0498107242829386,1.0013232211466252,0.03667407990298227
12-01-2026,00.05,860,3225.0,3.51816,0.00104998,0.518178,0.0926203,0.0,3350.6923941408404,5.5946482574554395,0.012954450000000001,-0.010228214285714632,0.0031407076214285713,0.0,0.0,0.0031407076214285713,0.003141915444773245,0.0031431241974616527,0.007008443208124276,4.458655975771774,0.6138515884184703,4.458584291912832,1.0,0.0031407076214285713,32665.322205120534,0.018290163956466196,1.0013232211466252,0.03667407990298227
12-01-2026,00.05,861,3228.75,3.51787,0.0010801,0.668617,0.104924,0.0,3256.9854643088597,6.372393351378141,0.016715425,-0.010518214285714755,0.006901682621428569,0.0,0.0,0.006901682621428569,0.006907517857333237,0.006913362968740119,0.007008443208124276,4.458655975771774,0.6138515884184703,4.458582259464301,1.0,0.006901682621428569,71948.84431781319,0.04028603026743689,1.0013232211466252,0.03667407990298227
12-01-2026,00.05,862,3232.5,3.51882,0.00106882,0.936064,0.125772,0.0,3292.2475253082835,7.4425468307731455,0.0234016,-0.009568214285714749,0.013587857621428572,0.0,0.0,0.013587857621428572,0.01361049396581835,0.013633205856942953,0.007008443208124276,4.458655975771774,0.6138515884184703,4.45858891748535,1.0,0.013587857621428572,141980.28860329837,0.07949845836002932,1.0013232211466252,0.03667407990298227
12-01-2026,00.05,863,3236.25,3.51883,0.00109274,0.735478,0.109709,0.0,3220.189615095997,6.70389849510979,0.01838695,-0.009558214285714683,0.00857320762142857,0.0,0.0,0.00857320762142857,0.008582213458202788,0.008591238235468613,0.007008443208124276,4.458655975771774,0.6138515884184703,4.458588987569781,1.0,0.00857320762142857,89789.89594224001,0.05027569935190077,1.0013232211466252,0.03667407990298227
12-01-2026,00.05,864,3240.0,3.51774,0.00108036,0.885917,0.120304,0.0,3256.081306231256,7.363986234871659,0.022147925,-0.010648214285714719,0.01233418262142857,0.0,0.0,0.01233418262142857,0.012352831740336004,0.012371537339076158,0.007008443208124276,4.458655975771774,0.6138515884184703,4.4585813483666845,1.0,0.01233418262142857,129479.31548670855,0.0724988381976431,1.0013232211466252,0.03667407990298227
12-01-2026,00.05,865,3243.75,3.51803,0.00106308,0.601755,0.0994557,0.0,3309.2805809534557,6.050482777759345,0.015043875000000002,-0.010358214285714595,0.005230132621428572,0.0665557,0.0016638924999999999,0.003566240121428572,0.003567797492830414,0.003569356225029753,0.007008443208124276,4.458655975771774,0.6138515884184703,4.458583380815215,1.0,0.005230132621428572,55031.00597814928,0.030813292326008074,1.0013232211466252,0.03667407990298227
12-01-2026,00.05,866,3247.5,3.51828,0.00107143,0.601755,0.10219,0.0,3283.7236217018376,5.888589881593111,0.015043875000000002,-0.010108214285714734,0.005230132621428572,0.0,0.0,0.005230132621428572,0.005233482930948195,0.005236837535490341,0.007008443208124276,4.458655975771774,0.6138515884184703,4.458585132926017,1.0,0.005230132621428572,55158.31884706996,0.030884578114395683,1.0013232211466252,0.03667407990298227
12-01-2026,00.05,867,3251.25,3.51883,0.00109053,0.835771,0.116886,0.0,3226.715450285641,7.150308847937307,0.020894275,-0.009558214285714683,0.01108053262142857,0.0,0.0,0.01108053262142857,0.011095581083081493,0.011110670474926868,0.007008443208124276,4.458655975771774,0.6138515884184703,4.458588987569781,1.0,0.01108053262142857,117128.17245472061,0.06558311179867275,1.0013232211466252,0.03667407990298227
12-01-2026,00.05,868,3255.0,3.51817,0.00106869,0.468032,0.0878354,0.0,3292.0397870289794,5.3285121943999805,0.0117008,-0.010218214285714566,0.001887057621428571,0.0,0.0,0.001887057621428571,0.0018874935868695712,0.0018879297537986283,0.007008443208124276,4.458655975771774,0.6138515884184703,4.458584361997264,1.0,0.001887057621428571,19993.422675476246,0.01119483764737107,1.0013232211466252,0.03667407990298227
12-01-2026,00.05,869,3258.75,3.51767,0.00110845,0.885917,0.122696,0.0,3173.5035409806487,7.2204228336702085,0.022147925,-0.010718214285714733,0.01233418262142857,0.0,0.0,0.01233418262142857,0.012352831740336004,0.012371537339076158,0.007008443208124276,4.458655975771774,0.6138515884184703,4.45858085777566,1.0,0.01233418262142857,130982.25491128996,0.07334037309264933,1.0013232211466252,0.03667407990298227
12-01-2026,00.05,870,3262.5,3.51872,0.00108297,0.601755,0.0994557,0.0,3249.1389419836196,6.050482777759345,0.015043875000000002,-0.009668214285714516,0.005230132621428572,0.0,0.0,0.005230132621428572,0.005233482930948195,0.005236837535490341,0.007008443208124276,4.458655975771774,0.6138515884184703,4.4585882166410284,1.0,0.005230132621428572,55669.04129755246,0.031170544905015883,1.0013232211466252,0.03667407990298227
12-01-2026,00.05,871,3266.25,3.51689,0.00104581,0.568324,0.0967215,0.0,3362.8383740832464,5.875880750401928,0.014208100000000001,-0.011498214285714514,0.004394357621428572,0.0,0.0,0.004394357621428572,0.004396722483793581,0.004399089892872264,0.007008443208124276,4.458655975771774,0.6138515884184703,4.4585753911899575,1.0,0.004394357621428572,46880.71678516209,0.026249733310846044,1.0013232211466252,0.03667407990298227
12-01-2026,00.05,872,3270.0,3.51739,0.00106745,0.635186,0.104924,0.0,3295.1332615110778,6.053772254203042,0.015879650000000002,-0.010998214285714791,0.006065907621428572,0.0,0.0,0.006065907621428572,0.006070414704586758,0.006074928490419835,0.007008443208124276,4.458655975771774,0.6138515884184703,4.458578895411562,1.0,0.006065907621428572,64862.14360517358,0.036318002120319284,1.0013232211466252,0.03667407990298227
12-01-2026,00.05,873,3273.75,3.51896,0.00108896,0.735478,0.112443,0.0,3231.486923302968,6.540896276335565,0.01838695,-0.00942821428571472,0.00857320762142857,0.0,0.0,0.00857320762142857,0.008582213458202788,0.008591238235468613,0.007008443208124276,4.458655975771774,0.6138515884184703,4.458589898667398,1.0,0.00857320762142857,91882.83025282127,0.05144758773709001,1.0013232211466252,0.03667407990298227
12-01-2026,00.05,874,3277.5,3.51748,0.00107997,0.668617,0.104924,0.0,3257.016398603665,6.372393351378141,0.016715425,-0.010908214285714646,0.006901682621428569,0.0,0.0,0.006901682621428569,0.006907517857333237,0.006913362968740119,0.007008443208124276,4.458655975771774,0.6138515884184703,4.458579526171451,1.0,0.006901682621428569,74137.91785490207,0.041511749507391026,1.0013232211466252,0.03667407990298227
12-01-2026,00.05,875,3281.25,3.51577,0.00105976,0.601755,0.0994557,0.0,3317.5152864799575,6.050482777759345,0.015043875000000002,-0.012618214285714746,0.005230132621428572,0.0,0.0,0.005230132621428572,0.005233482930948195,0.005236837535490341,0.007008443208124276,4.458655975771774,0.6138515884184703,4.458567541733564,1.0,0.005230132621428572,56310.75405395508,0.031529856576698094,1.0013232211466252,0.03667407990298227
12-01-2026,00.05,876,3285.0,3.51794,0.00106497,0.601755,0.0994557,0.0,3303.3230983032386,6.050482777759345,0.015043875000000002,-0.010448214285714741,0.005230132621428572,0.0665557,0.0016638924999999999,0.003566240121428572,0.003567797492830414,0.003569356225029753,0.007008443208124276,4.458655975771774,0.6138515884184703,4.458582750055326,1.0,0.005230132621428572,56439.53789767554,0.03160196600215546,1.0013232211466252,0.03667407990298227
12-01-2026,00.05,877,3288.75,3.5177,0.00109098,0.735478,0.112443,0.0,3224.34875066454,6.540896276335565,0.01838695,-0.010688214285714537,0.00857320762142857,0.0,0.0,0.00857320762142857,0.008582213458202788,0.008591238235468613,0.007008443208124276,4.458655975771774,0.6138515884184703,4.458581068028956,1.0,0.00857320762142857,92726.75537805563,0.051920123376279215,1.0013232211466252,0.03667407990298227
12-01-2026,00.05,878,3292.5,3.51803,0.00107521,0.635186,0.104924,0.0,3271.9468754940895,6.053772254203042,0.015879650000000002,-0.010358214285714595,0.006065907621428572,0.0,0.0,0.006065907621428572,0.006070414704586758,0.006074928490419835,0.007008443208124276,4.458655975771774,0.6138515884184703,4.458583380815215,1.0,0.006065907621428572,65757.81277740015,0.03681951059796131,1.0013232211466252,0.03667407990298227
12-01-2026,00.05,879,3296.25,3.51742,0.00108805,0.484747,0.0926203,0.0,3232.7742291255,5.2337014671729625,0.012118675,-0.010968214285714595,0.002304932621428571,0.0,0.0,0.002304932621428571,0.0023055830811799707,0.0023062339081588697,0.007008443208124276,4.458655975771774,0.6138515884184703,4.458579105664858,1.0,0.002304932621428571,25043.701578091768,0.014022620228993372,1.0013232211466252,0.03667407990298227
12-01-2026,00.05,880,3300.0,3.51633,0.001067,0.685332,0.106291,0.0,3295.5295220243675,6.447695477509856,0.0171333,-0.01205821428571463,0.007319557621428571,0.0,0.0,0.007319557621428571,0.007326121194894829,0.007332696550265015,0.007008443208124276,4.458655975771774,0.6138515884184703,4.458571466461761,1.0,0.007319557621428571,79709.98249735714,0.04463169350324592,1.0013232211466252,0.03667407990298227
12-01-2026,00.05,881,3303.75,3.51759,0.00105311,0.58504,0.0980886,0.0,3340.192382562126,5.964403610613262,0.014626,-0.01079821428571437,0.00481225762142857,0.0,0.0,0.00481225762142857,0.004815093809587059,0.004817933342831181,0.007008443208124276,4.458655975771774,0.6138515884184703,4.4585802971002035,1.0,0.00481225762142857,52524.65654586029,0.02940992205582058,1.0013232211466252,0.03667407990298227
12-01-2026,00.05,882,3307.5,3.51947,0.00105207,0.735478,0.109709,0.0,3345.281207524214,6.70389849510979,0.01838695,-0.008918214285714487,0.00857320762142857,0.0,0.0,0.00857320762142857,0.008582213458202788,0.008591238235468613,0.007008443208124276,4.458655975771774,0.6138515884184703,4.458593472973434,1.0,0.00857320762142857,93787.08701754654,0.052513830654374795,1.0013232211466252,0.03667407990298227
12-01-2026,00.05,883,3311.25,3.51968,0.00108994,0.80234,0.114494,0.0,3229.2419766225667,7.007703460443342,0.020058500000000003,-0.008708214285714444,0.010244757621428574,0.0,0.0,0.010244757621428574,0.010257620249816173,0.010270515217708654,0.007008443208124276,4.458655975771774,0.6138515884184703,4.458594944746508,1.0,0.010244757621428574,112327.3803528847,0.06289502336923358,1.0013232211466252,0.03667407990298227
12-01-2026,00.05,884,3315.0,3.51983,0.0010799,0.902633,0.121329,0.0,3259.4036484859707,7.439548665199581,0.022565825,-0.008558214285714794,0.012752082621428571,0.0,0.0,0.012752082621428571,0.012772017888296692,0.012792015582162244,0.007008443208124276,4.458655975771774,0.6138515884184703,4.458595996012989,1.0,0.012752082621428571,140135.5051454684,0.07846551609495662,1.0013232211466252,0.03667407990298227
12-01-2026,00.05,885,3318.75,3.51788,0.00105937,0.635186,0.10219,0.0,3320.728357419976,6.215735394852725,0.015879650000000002,-0.01050821428571469,0.006065907621428572,0.0,0.0,0.006065907621428572,0.006070414704586758,0.006074928490419835,0.007008443208124276,4.458655975771774,0.6138515884184703,4.458582329548734,1.0,0.006065907621428572,66810.5226111571,0.03740895022868323,1.0013232211466252,0.03667407990298227
12-01-2026,00.05,886,3322.5,3.51656,0.00104587,0.417885,0.0830506,0.0,3362.3299262814694,5.031691522999232,0.010447125,-0.011828214285714456,0.0006333826214285701,0.0,0.0,0.0006333826214285701,0.0006334317288775994,0.0006334808439420209,0.007008443208124276,4.458655975771774,0.6138515884184703,4.458573078403699,1.0,0.0006333826214285701,6991.914716591369,0.003914955001302217,1.0013232211466252,0.03667407990298227
12-01-2026,00.05,887,3326.25,3.51755,0.00103733,0.635186,0.104924,0.0,3390.9652665979006,6.053772254203042,0.015879650000000002,-0.010838214285714631,0.006065907621428572,0.0,0.0,0.006065907621428572,0.006070414704586758,0.006074928490419835,0.007008443208124276,4.458655975771774,0.6138515884184703,4.4585800167624745,1.0,0.006065907621428572,67112.83228224004,0.03757822128056545,1.0013232211466252,0.03667407990298227
12-01-2026,00.05,888,3330.0,3.51845,0.00105552,0.434601,0.0847595,0.0,3333.380703350008,5.127460638630478,0.010865025000000002,-0.009938214285714508,0.0010512826214285724,0.0,0.0,0.0010512826214285724,0.0010514179147240812,0.0010515532428468219,0.007008443208124276,4.458655975771774,0.6138515884184703,4.458586324361362,1.0,0.0010512826214285724,11657.567860759296,0.006527375611604858,1.0013232211466252,0.03667407990298227
12-01-2026,00.05,889,3333.75,3.51778,0.0010713,0.618471,0.100823,0.0,3283.6553719779704,6.134225325570554,0.015461775,-0.010608214285714457,0.005648032621428571,0.0,0.0,0.005648032621428571,0.005651939915969388,0.005655852620365495,0.007008443208124276,4.458655975771774,0.6138515884184703,4.458581628704413,1.0,0.005648032621428571,62771.6079759382,0.03514745681923679,1.0013232211466252,0.03667407990298227
12-01-2026,00.05,890,3337.5,3.5173,0.00107364,0.568324,0.0967215,0.0,3276.051562907492,5.875880750401928,0.014208100000000001,-0.011088214285714493,0.004394357621428572,0.0,0.0,0.004394357621428572,0.004396722483793581,0.004399089892872264,0.007008443208124276,4.458655975771774,0.6138515884184703,4.458578264651673,1.0,0.004394357621428572,48948.33757406585,0.027407447996511066,1.0013232211466252,0.03667407990298227
12-01-2026,00.05,891,3341.25,3.51796,0.0010696,0.819056,0.115861,0.0,3289.0426327599102,7.069298556028344,0.020476400000000002,-0.01042821428571461,0.010662657621428573,0.0,0.0,0.010662657621428573,0.010676591740525236,0.010690562325903506,0.007008443208124276,4.458655975771774,0.6138515884184703,4.45858289022419,1.0,0.010662657621428573,119037.39321315005,0.06665213418521113,1.0013232211466252,0.03667407990298227
12-01-2026,00.05,892,3345.0,3.51717,0.00103466,0.501463,0.0909114,0.0,3399.348578276922,5.515952894796472,0.012536575,-0.011218214285714456,0.0027228326214285697,0.0,0.0,0.0027228326214285697,0.002723740375220034,0.0027246487344778397,0.007008443208124276,4.458655975771774,0.6138515884184703,4.458577353554056,1.0,0.0027228326214285697,30465.842271979804,0.017058617904555675,1.0013232211466252,0.03667407990298227
12-01-2026,00.05,893,3348.75,3.51726,0.00104385,0.685332,0.108684,0.0,3369.507113090961,6.305730374296125,0.0171333,-0.011128214285714755,0.007319557621428571,0.0,0.0,0.007319557621428571,0.007326121194894829,0.007332696550265015,0.007008443208124276,4.458655975771774,0.6138515884184703,4.458577984313945,1.0,0.007319557621428571,82082.44554821146,0.04596009730432587,1.0013232211466252,0.03667407990298227
12-01-2026,00.05,894,3352.5,3.51849,0.00108068,0.735478,0.112443,0.0,3255.811155938853,6.540896276335565,0.01838695,-0.00989821428571469,0.00857320762142857,0.133111,0.0033277750000000003,0.00524543262142857,0.00524880256763048,0.005252176846683066,0.007008443208124276,4.458655975771774,0.6138515884184703,4.45858660469909,1.0,0.00857320762142857,96356.47734168869,0.05395249916043199,1.0013232211466252,0.03667407990298227
12-01-2026,00.05,895,3356.25,3.51837,0.00103277,0.518178,0.0926203,0.0,3406.7314116405396,5.5946482574554395,0.012954450000000001,-0.010018214285714588,0.0031407076214285713,0.0,0.0,0.0031407076214285713,0.003141915444773245,0.0031431241974616527,0.007008443208124276,4.458655975771774,0.6138515884184703,4.458585763685906,1.0,0.0031407076214285713,35378.23109702092,0.019809192243413105,1.0013232211466252,0.03667407990298227
12-01-2026,00.05,896,3360.0,3.51721,0.00104183,0.651901,0.103557,0.0,3375.992244416075,6.295093523373601,0.016297525,-0.011178214285714638,0.0064837826214285705,0.0,0.0,0.0064837826214285705,0.0064889323354176305,0.006494090236181446,0.007008443208124276,4.458655975771774,0.6138515884184703,4.458577633891784,1.0,0.0064837826214285705,73199.31228287998,0.040986199822164116,1.0013232211466252,0.03667407990298227
12-01-2026,00.05,897,3363.75,3.51754,0.00107169,0.668617,0.104924,0.0,3282.2364676352304,6.372393351378141,0.016715425,-0.010848214285714697,0.006901682621428569,0.0,0.0,0.006901682621428569,0.006907517857333237,0.006913362968740119,0.007008443208124276,4.458655975771774,0.6138515884184703,4.458579946678043,1.0,0.006901682621428569,78091.25557985184,0.043725326177799,1.0013232211466252,0.03667407990298227
12-01-2026,00.05,898,3367.5,3.51721,0.00106765,0.518178,0.0953544,0.0,3294.347398492015,5.434232715008432,0.012954450000000001,-0.011178214285714638,0.0031407076214285713,0.0,0.0,0.0031407076214285713,0.003141915444773245,0.0031431241974616527,0.007008443208124276,4.458655975771774,0.6138515884184703,4.458577633891784,1.0,0.0031407076214285713,35615.8010918037,0.019942213865806066,1.0013232211466252,0.03667407990298227
12-01-2026,00.05,899,3371.25,3.51641,0.00105611,0.651901,0.103557,0.0,3329.5868801545294,6.295093523373601,0.016297525,-0.01197821428571455,0.0064837826214285705,0.0,0.0,0.0064837826214285705,0.0064889323354176305,0.006494090236181446,0.007008443208124276,4.458655975771774,0.6138515884184703,4.458572027137218,1.0,0.0064837826214285705,73690.306852798,0.04126112045907513,1.0013232211466252,0.03667407990298227
12-01-2026,00.05,900,3375.0,3.51759,0.00103584,0.501463,0.0909114,0.0,3395.8816033364233,5.515952894796472,0.012536575,-0.01079821428571437,0.0027228326214285697,0.0,0.0,0.0027228326214285697,0.002723740375220034,0.0027246487344778397,0.007008443208124276,4.458655975771774,0.6138515884184703,4.4585802971002035,1.0,0.0027228326214285697,31014.765328459802,0.017365974208573085,1.0013232211466252,0.03667407990298227
12-01-2026,00.05,901,3378.75,3.51746,0.00104411,0.718763,0.111076,0.0,3368.8596029154014,6.47091180813137,0.017969075,-0.010928214285714777,0.008155332621428571,0.0,0.0,0.008155332621428571,0.008163481512455524,0.008171646704679842,0.007008443208124276,4.458655975771774,0.6138515884184703,4.458579386002587,1.0,0.008155332621428571,93100.88218230472,0.052129606709927515,1.0013232211466252,0.03667407990298227
12-01-2026,00.05,902,3382.5,3.51762,0.00105031,0.58504,0.0980886,0.0,3349.12549628205,5.964403610613262,0.014626,-0.010768214285714617,0.00481225762142857,0.0,0.0,0.00481225762142857,0.004815093809587059,0.004817933342831181,0.007008443208124276,4.458655975771774,0.6138515884184703,4.458580507353499,1.0,0.00481225762142857,55058.51320066084,0.030828694335716233,1.0013232211466252,0.03667407990298227
12-01-2026,00.05,903,3386.25,3.51679,0.00105735,0.601755,0.104924,0.0,3326.041518891568,5.7351511570279445,0.015043875000000002,-0.011598214285714725,0.005230132621428572,0.0,0.0,0.005230132621428572,0.005233482930948195,0.005236837535490341,0.007008443208124276,4.458655975771774,0.6138515884184703,4.458574690345637,1.0,0.005230132621428572,59972.30452555946,0.03358005397074131,1.0013232211466252,0.03667407990298227
12-01-2026,00.05,904,3390.0,3.51702,0.00109079,0.869202,0.121671,0.0,3224.2869846624926,7.143871588135217,0.021730050000000004,-0.01136821428571455,0.011916307621428575,0.0,0.0,0.011916307621428575,0.011933713611649978,0.011951170525646529,0.007008443208124276,4.458655975771774,0.6138515884184703,4.458576302287574,1.0,0.011916307621428575,136943.39881621933,0.07667817269262255,1.0013232211466252,0.03667407990298227
12-01-2026,00.05,905,3393.75,3.5181,0.00108095,0.768909,0.117228,0.0,3254.637124751376,6.559089978503429,0.019222725,-0.01028821428571458,0.00940898262142857,0.0,0.0,0.00940898262142857,0.009419831059100551,0.009430704541871403,0.007008443208124276,4.458655975771774,0.6138515884184703,4.45858387140624,1.0,0.00940898262142857,108368.3248806872,0.06067824518334795,1.0013232211466252,0.03667407990298227
12-01-2026,00.05,906,3397.5,3.51732,0.00108499,0.601755,0.10219,0.0,3241.7994635895257,5.888589881593111,0.015043875000000002,-0.011068214285714806,0.005230132621428572,0.0,0.0,0.005230132621428572,0.005233482930948195,0.005236837535490341,0.007008443208124276,4.458655975771774,0.6138515884184703,4.458578404820537,1.0,0.005230132621428572,60371.45353747889,0.03380354788962032,1.0013232211466252,0.03667407990298227
12-01-2026,00.05,907,3401.25,3.51707,0.00106126,0.618471,0.100823,0.0,3314.0512221321824,6.134225325570554,0.015461775,-0.011318214285714667,0.005648032621428571,0.0665557,0.0016638924999999999,0.003984140121428571,0.003986083970158293,0.003988029716608581,0.007008443208124276,4.458655975771774,0.6138515884184703,4.458576652709735,1.0,0.005648032621428571,65339.27420604739,0.036585159960178616,1.0013232211466252,0.03667407990298227
12-01-2026,00.05,908,3405.0,3.51836,0.00106719,0.58504,0.0980886,0.0,3296.844985429024,5.964403610613262,0.014626,-0.010028214285714654,0.00481225762142857,0.0,0.0,0.00481225762142857,0.004815093809587059,0.004817933342831181,0.007008443208124276,4.458655975771774,0.6138515884184703,4.458585693601473,1.0,0.00481225762142857,55793.43516928338,0.031240196270915514,1.0013232211466252,0.03667407990298227
12-01-2026,00.05,909,3408.75,3.51756,0.00105813,0.518178,0.0926203,0.0,3324.3174279152845,5.5946482574554395,0.012954450000000001,-0.010828214285714566,0.0031407076214285713,0.0,0.0,0.0031407076214285713,0.003141915444773245,0.0031431241974616527,0.007008443208124276,4.458655975771774,0.6138515884184703,4.458580086846907,1.0,0.0031407076214285713,36493.69266761655,0.020433768204587408,1.0013232211466252,0.03667407990298227
12-01-2026,00.05,910,3412.5,3.51663,0.00105259,0.635186,0.10219,0.0,3340.930466753437,6.215735394852725,0.015879650000000002,-0.011758214285714441,0.006065907621428572,0.0,0.0,0.006065907621428572,0.006070414704586758,0.006074928490419835,0.007008443208124276,4.458655975771774,0.6138515884184703,4.458573568994724,1.0,0.006065907621428572,70638.44204960157,0.03955230193670092,1.0013232211466252,0.03667407990298227
12-01-2026,00.05,911,3416.25,3.51825,0.00108003,0.735478,0.109709,0.0,3257.5484014332933,6.70389849510979,0.01838695,-0.010138214285714486,0.00857320762142857,0.0,0.0,0.00857320762142857,0.008582213458202788,0.008591238235468613,0.007008443208124276,4.458655975771774,0.6138515884184703,4.4585849226727206,1.0,0.00857320762142857,100055.88340851966,0.05602389288736353,1.0013232211466252,0.03667407990298227
12-01-2026,00.05,912,3420.0,3.51808,0.00109242,0.58504,0.0980886,0.0,3220.44634847403,5.964403610613262,0.014626,-0.010308214285714712,0.00481225762142857,0.0,0.0,0.00481225762142857,0.004815093809587059,0.004817933342831181,0.007008443208124276,4.458655975771774,0.6138515884184703,4.4585837312373755,1.0,0.00481225762142857,56286.09004327713,0.03151604655528483,1.0013232211466252,0.03667407990298227
12-01-2026,00.05,913,3423.75,3.51787,0.00105396,0.601755,0.0994557,0.0,3337.7642415271926,6.050482777759345,0.015043875000000002,-0.010518214285714755,0.005230132621428572,0.0,0.0,0.005230132621428572,0.005233482930948195,0.005236837535490341,0.007008443208124276,4.458655975771774,0.6138515884184703,4.458582259464301,1.0,0.005230132621428572,61307.94964375678,0.03432791643008216,1.0013232211466252,0.03667407990298227
12-01-2026,00.05,914,3427.5,3.51661,0.00105735,0.568324,0.0967215,0.0,3325.871281978531,5.875880750401928,0.014208100000000001,-0.011778214285714572,0.004394357621428572,0.0,0.0,0.004394357621428572,0.004396722483793581,0.004399089892872264,0.007008443208124276,4.458655975771774,0.6138515884184703,4.45857342882586,1.0,0.004394357621428572,51623.84221187264,0.028905532668215324,1.0013232211466252,0.03667407990298227
12-01-2026,00.05,915,3431.25,3.51611,0.00108916,0.58504,0.0980886,0.0,3228.2768371956367,5.964403610613262,0.014626,-0.01227821428571474,0.00481225762142857,0.0,0.0,0.00481225762142857,0.004815093809587059,0.004817933342831181,0.007008443208124276,4.458655975771774,0.6138515884184703,4.458569924604255,1.0,0.00481225762142857,56657.00231860127,0.03172372999053596,1.0013232211466252,0.03667407990298227
12-01-2026,00.05,916,3435.0,3.51875,0.0010711,0.668617,0.104924,0.0,3285.174120063486,6.372393351378141,0.016715425,-0.009638214285714763,0.006901682621428569,0.0,0.0,0.006901682621428569,0.006907517857333237,0.006913362968740119,0.007008443208124276,4.458655975771774,0.6138515884184703,4.458588426894325,1.0,0.006901682621428569,81434.50612882551,0.04559729916200206,1.0013232211466252,0.03667407990298227
12-01-2026,00.05,917,3438.75,3.51794,0.0010593,0.651901,0.106291,0.0,3321.0044368922872,6.133172140632791,0.016297525,-0.010448214285714741,0.0064837826214285705,0.0665557,0.0016638924999999999,0.004819890121428571,0.004822735316075896,0.004825583871760001,0.007008443208124276,4.458655975771774,0.6138515884184703,4.458582750055326,1.0,0.0064837826214285705,76670.73962930319,0.04292994233082022,1.0013232211466252,0.03667407990298227
12-01-2026,00.05,918,3442.5,3.5174,0.00107756,0.601755,0.0994557,0.0,3264.226585990571,6.050482777759345,0.015043875000000002,-0.010988214285714726,0.005230132621428572,0.0,0.0,0.005230132621428572,0.005233482930948195,0.005236837535490341,0.007008443208124276,4.458655975771774,0.6138515884184703,4.4585789654959935,1.0,0.005230132621428572,61981.288358354606,0.03470493629876418,1.0013232211466252,0.03667407990298227
12-01-2026,00.05,919,3446.25,3.51773,0.00107319,0.668617,0.107316,0.0,3277.8259208527847,6.230357076298036,0.016715425,-0.010658214285714784,0.006901682621428569,0.0,0.0,0.006901682621428569,0.006907517857333237,0.006913362968740119,0.007008443208124276,4.458655975771774,0.6138515884184703,4.458581278282252,1.0,0.006901682621428569,81968.79341863595,0.04589646051939277,1.0013232211466252,0.03667407990298227
12-01-2026,00.05,920,3450.0,3.51737,0.00106895,0.601755,0.0994557,0.0,3290.4906684129287,6.050482777759345,0.015043875000000002,-0.011018214285714478,0.005230132621428572,0.0,0.0,0.005230132621428572,0.005233482930948195,0.005236837535490341,0.007008443208124276,4.458655975771774,0.6138515884184703,4.458578755242698,1.0,0.005230132621428572,62251.65352655358,0.03485632079218582,1.0013232211466252,0.03667407990298227
12-01-2026,00.05,921,3453.75,3.51643,0.00106999,0.635186,0.104924,0.0,3286.413891718614,6.053772254203042,0.015879650000000002,-0.01195821428571442,0.006065907621428572,0.0,0.0,0.006065907621428572,0.006070414704586758,0.006074928490419835,0.007008443208124276,4.458655975771774,0.6138515884184703,4.458572167306082,1.0,0.006065907621428572,72356.50612558397,0.04051429072224264,1.0013232211466252,0.03667407990298227
12-01-2026,00.05,922,3457.5,3.51736,0.00105513,0.668617,0.104924,0.0,3333.5797484670134,6.372393351378141,0.016715425,-0.011028214285714544,0.006901682621428569,0.0,0.0,0.006901682621428569,0.006907517857333237,0.006913362968740119,0.007008443208124276,4.458655975771774,0.6138515884184703,4.458578685158265,1.0,0.006901682621428569,82504.82769685992,0.04619660006105833,1.0013232211466252,0.03667407990298227
12-01-2026,00.05,923,3461.25,3.51774,0.00107527,0.635186,0.104924,0.0,3271.494601355939,6.053772254203042,0.015879650000000002,-0.010648214285714719,0.006065907621428572,0.0,0.0,0.006065907621428572,0.006070414704586758,0.006074928490419835,0.007008443208124276,4.458655975771774,0.6138515884184703,4.4585813483666845,1.0,0.006065907621428572,72671.09925960032,0.04069043960467539,1.0013232211466252,0.03667407990298227
12-01-2026,00.05,924,3465.0,3.518,0.00105937,0.58504,0.0980886,0.0,3320.8416322908897,5.964403610613262,0.014626,-0.010388214285714792,0.00481225762142857,0.0,0.0,0.00481225762142857,0.004815093809587059,0.004817933342831181,0.007008443208124276,4.458655975771774,0.6138515884184703,4.458583170561918,1.0,0.00481225762142857,57777.047760836234,0.032350872580727795,1.0013232211466252,0.03667407990298227
12-01-2026,00.05,925,3468.75,3.51807,0.00106582,0.635186,0.10219,0.0,3300.8106434482365,6.215735394852725,0.015879650000000002,-0.010318214285714777,0.006065907621428572,0.0,0.0,0.006065907621428572,0.006070414704586758,0.006074928490419835,0.007008443208124276,4.458655975771774,0.6138515884184703,4.458583661152943,1.0,0.006065907621428572,72986.37480822406,0.040866970588805375,1.0013232211466252,0.03667407990298227
12-01-2026,00.05,926,3472.5,3.5185,0.00107234,0.635186,0.104924,0.0,3281.1421750564186,6.053772254203042,0.015879650000000002,-0.009888214285714625,0.006065907621428572,0.0,0.0,0.006065907621428572,0.006070414704586758,0.006074928490419835,0.007008443208124276,4.458655975771774,0.6138515884184703,4.458586674783523,1.0,0.006065907621428572,73144.26848801372,0.040955379369006846,1.0013232211466252,0.03667407990298227
12-01-2026,00.05,927,3476.25,3.51696,0.00105337,0.518178,0.0926203,0.0,3338.7698529481568,5.5946482574554395,0.012954450000000001,-0.0114282142857145,0.0031407076214285713,0.0,0.0,0.0031407076214285713,0.003141915444773245,0.0031431241974616527,0.007008443208124276,4.458655975771774,0.6138515884184703,4.458575881780982,1.0,0.0031407076214285713,37953.29727583021,0.02125103880820192,1.0013232211466252,0.03667407990298227
12-01-2026,00.05,928,3480.0,3.51658,0.00108375,0.484747,0.0895443,0.0,3244.8258362168394,5.4134880723842835,0.012118675,-0.011808214285714769,0.002304932621428571,0.0,0.0,0.002304932621428571,0.0023055830811799707,0.0023062339081588697,0.007008443208124276,4.458655975771774,0.6138515884184703,4.458573218572563,1.0,0.002304932621428571,27913.656018548565,0.01562958240539323,1.0013232211466252,0.03667407990298227
12-01-2026,00.05,929,3483.75,3.51799,0.00106367,0.685332,0.106291,0.0,3307.4073725873627,6.447695477509856,0.0171333,-0.010398214285714413,0.007319557621428571,0.0,0.0,0.007319557621428571,0.007326121194894829,0.007332696550265015,0.007008443208124276,4.458655975771774,0.6138515884184703,4.458583100477487,1.0,0.007319557621428571,88833.9140037469,0.04974042018689936,1.0013232211466252,0.03667407990298227
12-01-2026,00.05,930,3487.5,3.51713,0.00104574,0.551609,0.0953544,0.0,3363.2929791343927,5.784830065523982,0.013790225,-0.011258214285714718,0.00397648262142857,0.0,0.0,0.00397648262142857,0.003978419003385564,0.0039803572721366,0.007008443208124276,4.458655975771774,0.6138515884184703,4.458577073216327,1.0,0.00397648262142857,48364.59120853458,0.02708059321554446,1.0013232211466252,0.03667407990298227
12-01-2026,00.05,931,3491.25,3.51709,0.00105168,0.417885,0.0830506,0.0,3344.2587098737263,5.031691522999232,0.010447125,-0.011298214285714536,0.0006333826214285701,0.0,0.0,0.0006333826214285701,0.0006334317288775994,0.0006334808439420209,0.007008443208124276,4.458655975771774,0.6138515884184703,4.458576792878599,1.0,0.0006333826214285701,7720.190920294437,0.004322735799779503,1.0013232211466252,0.03667407990298227
12-01-2026,00.05,932,3495.0,3.51684,0.00102853,0.484747,0.0895443,0.0,3419.2877213109978,5.4134880723842835,0.012118675,-0.011548214285714398,0.002304932621428571,0.0,0.0,0.002304932621428571,0.0023055830811799707,0.0023062339081588697,0.007008443208124276,4.458655975771774,0.6138515884184703,4.458575040767797,1.0,0.002304932621428571,28154.80959406553,0.015764610567895233,1.0013232211466252,0.03667407990298227
12-01-2026,00.05,933,3498.75,3.51727,0.00106934,0.551609,0.0953544,0.0,3289.197074831204,5.784830065523982,0.013790225,-0.01111821428571469,0.00397648262142857,0.0,0.0,0.00397648262142857,0.003978419003385564,0.0039803572721366,0.007008443208124276,4.458655975771774,0.6138515884184703,4.458578054398377,1.0,0.00397648262142857,48677.124102816575,0.02725558851613606,1.0013232211466252,0.03667407990298227
12-01-2026,00.05,934,3502.5,3.51693,0.00107801,0.518178,0.0926203,0.0,3262.4279923191807,5.5946482574554395,0.012954450000000001,-0.011458214285714696,0.0031407076214285713,0.0,0.0,0.0031407076214285713,0.003141915444773245,0.0031431241974616527,0.007008443208124276,4.458655975771774,0.6138515884184703,4.458575671527686,1.0,0.0031407076214285713,38528.650375297635,0.021573193981080346,1.0013232211466252,0.03667407990298227
12-01-2026,00.05,935,3506.25,3.51791,0.0010241,0.534893,0.0939873,0.0,3435.123523093448,5.6911199704640945,0.013372325,-0.010478214285714493,0.0035585826214285694,0.0665557,0.0016638924999999999,0.0018946901214285695,0.001895129621073287,0.001895569324661385,0.007008443208124276,4.458655975771774,0.6138515884184703,4.45858253980203,1.0,0.0035585826214285694,43748.464109321125,0.024495903526634374,1.0013232211466252,0.03667407990298227
12-01-2026,00.05,936,3510.0,3.51824,0.00104679,0.635186,0.10219,0.0,3360.979757162373,6.215735394852725,0.015879650000000002,-0.010148214285714552,0.006065907621428572,0.0,0.0,0.006065907621428572,0.006070414704586758,0.006074928490419835,0.007008443208124276,4.458655975771774,0.6138515884184703,4.458584852588289,1.0,0.006065907621428572,74732.58848676215,0.041844721069358694,1.0013232211466252,0.03667407990298227
12-01-2026,00.05,937,3513.75,3.51785,0.00103896,0.484747,0.0895443,0.0,3385.934010934011,5.4134880723842835,0.012118675,-0.010538214285714442,0.002304932621428571,0.0,0.0,0.002304932621428571,0.0023055830811799707,0.0023062339081588697,0.007008443208124276,4.458655975771774,0.6138515884184703,4.458582119295437,1.0,0.002304932621428571,28457.71015363623,0.015934212473618516,1.0013232211466252,0.03667407990298227
12-01-2026,00.05,938,3517.5,3.51693,0.00105109,0.635186,0.10219,0.0,3345.9836931185723,6.215735394852725,0.015879650000000002,-0.011458214285714696,0.006065907621428572,0.0665557,0.0016638924999999999,0.0044020151214285725,0.004404388235102628,0.004406763908834297,0.007008443208124276,4.458655975771774,0.6138515884184703,4.458575671527686,1.0,0.006065907621428572,75052.29973033407,0.04202373571452082,1.0013232211466252,0.03667407990298227
12-01-2026,00.05,939,3521.25,3.51641,0.0010387,0.568324,0.0967215,0.0,3385.3952055453933,5.875880750401928,0.014208100000000001,-0.01197821428571455,0.004394357621428572,0.0,0.0,0.004394357621428572,0.004396722483793581,0.004399089892872264,0.007008443208124276,4.458655975771774,0.6138515884184703,4.458572027137218,1.0,0.004394357621428572,54486.525885800926,0.03050842375322779,1.0013232211466252,0.03667407990298227
12-01-2026,00.05,940,3525.0,3.51769,0.00104346,0.651901,0.103557,0.0,3371.178578958465,6.295093523373601,0.016297525,-0.010698214285714602,0.0064837826214285705,0.0,0.0,0.0064837826214285705,0.0064889323354176305,0.006494090236181446,0.007008443208124276,4.458655975771774,0.6138515884184703,4.458580997944524,1.0,0.0064837826214285705,80565.05143538838,0.04511046885321694,1.0013232211466252,0.03667407990298227
12-01-2026,00.05,941,3528.75,3.51804,0.00103192,0.484747,0.0895443,0.0,3409.2177688192883,5.4134880723842835,0.012118675,-0.01034821428571453,0.002304932621428571,0.0,0.0,0.002304932621428571,0.0023055830811799707,0.0023062339081588697,0.007008443208124276,4.458655975771774,0.6138515884184703,4.458583450899647,1.0,0.002304932621428571,28701.197473432392,0.016070547360273763,1.0013232211466252,0.03667407990298227
12-01-2026,00.05,942,3532.5,3.51756,0.0010404,0.568324,0.0967215,0.0,3380.968858131488,5.875880750401928,0.014208100000000001,-0.010828214285714566,0.004394357621428572,0.0,0.0,0.004394357621428572,0.004396722483793581,0.004399089892872264,0.007008443208124276,4.458655975771774,0.6138515884184703,4.458580086846907,1.0,0.004394357621428572,54835.238761612636,0.030703677166994122,1.0013232211466252,0.03667407990298227
12-01-2026,00.05,943,3536.25,3.51703,0.00102065,0.451316,0.0864684,0.0,3445.8727281634256,5.219432763876745,0.0112829,-0.011358214285714485,0.0014691576214285705,0.0,0.0,0.0014691576214285705,0.0014694218600571256,0.001469686193753238,0.007008443208124276,4.458655975771774,0.6138515884184703,4.458576372372007,1.0,0.0014691576214285705,18371.910173874396,0.01028691060089888,1.0013232211466252,0.03667407990298227
12-01-2026,00.05,944,3540.0,3.51677,0.00102723,0.58504,0.0980886,0.0,3423.5468200889773,5.964403610613262,0.014626,-0.011618214285714412,0.00481225762142857,0.0665557,0.0016638924999999999,0.0031483651214285705,0.0031495788427876913,0.0031507935003073904,0.007008443208124276,4.458655975771774,0.6138515884184703,4.458574550176772,1.0,0.00481225762142857,60305.28760869427,0.03376649986424946,1.0013232211466252,0.03667407990298227
12-01-2026,00.05,945,3543.75,3.51714,0.00104451,0.468032,0.0878354,0.0,3367.2631185914925,5.3285121943999805,0.0117008,-0.011248214285714653,0.001887057621428571,0.0,0.0,0.001887057621428571,0.0018874935868695712,0.0018879297537986283,0.007008443208124276,4.458655975771774,0.6138515884184703,4.45857714330076,1.0,0.001887057621428571,23697.979205291012,0.013269115252558389,1.0013232211466252,0.03667407990298227
12-01-2026,00.05,946,3547.5,3.51797,0.00103916,0.518178,0.0926203,0.0,3385.397821317218,5.5946482574554395,0.012954450000000001,-0.010418214285714544,0.0031407076214285713,0.0,0.0,0.0031407076214285713,0.003141915444773245,0.0031431241974616527,0.007008443208124276,4.458655975771774,0.6138515884184703,4.458582960308623,1.0,0.0031407076214285713,39525.03986819585,0.022131098387324095,1.0013232211466252,0.03667407990298227
12-01-2026,00.05,947,3551.25,3.51676,0.00104359,0.468032,0.0878354,0.0,3369.8674766910376,5.3285121943999805,0.0117008,-0.011628214285714478,0.001887057621428571,0.0,0.0,0.001887057621428571,0.0018874935868695712,0.0018879297537986283,0.007008443208124276,4.458655975771774,0.6138515884184703,4.458574480092341,1.0,0.001887057621428571,23798.39425897128,0.013325340254227635,1.0013232211466252,0.03667407990298227
12-01-2026,00.05,948,3555.0,3.51697,0.00103981,0.685332,0.106291,0.0,3382.319846895106,6.447695477509856,0.0171333,-0.011418214285714434,0.007319557621428571,0.0,0.0,0.007319557621428571,0.007326121194894829,0.007332696550265015,0.007008443208124276,4.458655975771774,0.6138515884184703,4.458575951865415,1.0,0.007319557621428571,92504.75220855481,0.05179581802445909,1.0013232211466252,0.03667407990298227
12-01-2026,00.05,949,3558.75,3.51835,0.00104261,0.501463,0.0909114,0.0,3374.5599984653895,5.515952894796472,0.012536575,-0.01003821428571472,0.0027228326214285697,0.0,0.0,0.0027228326214285697,0.002723740375220034,0.0027246487344778397,0.007008443208124276,4.458655975771774,0.6138515884184703,4.458585623517042,1.0,0.0027228326214285697,34483.86255503238,0.019308412022487814,1.0013232211466252,0.03667407990298227
12-01-2026,00.05,950,3562.5,3.5177,0.00107945,0.551609,0.0984304,0.0,3258.7891982027886,5.604051187438027,0.013790225,-0.010688214285714537,0.00397648262142857,0.0,0.0,0.00397648262142857,0.003978419003385564,0.0039803572721366,0.007008443208124276,4.458655975771774,0.6138515884184703,4.458581068028956,1.0,0.00397648262142857,50467.15639461494,0.028257874178551138,1.0013232211466252,0.03667407990298227
12-01-2026,00.05,951,3566.25,3.51793,0.00105396,0.501463,0.0909114,0.0,3337.8211696838584,5.515952894796472,0.012536575,-0.010458214285714806,0.0027228326214285697,0.0,0.0,0.0027228326214285697,0.002723740375220034,0.0027246487344778397,0.007008443208124276,4.458655975771774,0.6138515884184703,4.458582679970894,1.0,0.0027228326214285697,34629.363923239966,0.019389882024947784,1.0013232211466252,0.03667407990298227
12-01-2026,00.05,952,3570.0,3.51742,0.00104027,0.58504,0.100823,0.0,3381.256789102829,5.802644237921903,0.014626,-0.010968214285714595,0.00481225762142857,0.0,0.0,0.00481225762142857,0.004815093809587059,0.004817933342831181,0.007008443208124276,4.458655975771774,0.6138515884184703,4.458579105664858,1.0,0.00481225762142857,61331.74215934498,0.03434123847871564,1.0013232211466252,0.03667407990298227
12-01-2026,00.05,953,3573.75,3.51771,0.00108857,0.601755,0.0994557,0.0,3231.496366793132,6.050482777759345,0.015043875000000002,-0.010678214285714471,0.005230132621428572,0.0,0.0,0.005230132621428572,0.005233482930948195,0.005236837535490341,0.007008443208124276,4.458655975771774,0.6138515884184703,4.458581138113388,1.0,0.005230132621428572,66797.62759652374,0.03740172997442142,1.0013232211466252,0.03667407990298227
12-01-2026,00.05,954,3577.5,3.5177,0.00105057,0.40117,0.0813418,0.0,3348.3727881055047,4.931904629600034,0.010029250000000002,-0.010688214285714537,0.000215507621428572,0.0,0.0,0.000215507621428572,0.00021551330626719842,0.0002155189914057515,0.007008443208124276,4.458655975771774,0.6138515884184703,4.458581068028956,1.0,0.000215507621428572,2758.1756397762124,0.0015443743170649009,1.0013232211466252,0.03667407990298227
12-01-2026,00.05,955,3581.25,3.51639,0.00104568,0.468032,0.0909114,0.0,3362.778287812715,5.1482212351806265,0.0117008,-0.011998214285714681,0.001887057621428571,0.0,0.0,0.001887057621428571,0.0018874935868695712,0.0018879297537986283,0.007008443208124276,4.458655975771774,0.6138515884184703,4.458571886968354,1.0,0.001887057621428571,24202.177413516456,0.01355142895015768,1.0013232211466252,0.03667407990298227
12-01-2026,00.05,956,3585.0,3.51741,0.00105435,0.534893,0.0967215,0.0,3336.0933276426235,5.530238881737772,0.013372325,-0.01097821428571466,0.0035585826214285694,0.0,0.0,0.0035585826214285694,0.0035601333105204926,0.0035616853516591256,0.007008443208124276,4.458655975771774,0.6138515884184703,4.458579035580426,1.0,0.0035585826214285694,45735.70453168979,0.02560861115332793,1.0013232211466252,0.03667407990298227
12-01-2026,00.05,957,3588.75,3.51781,0.00102593,0.451316,0.0864684,0.0,3428.898657803164,5.219432763876745,0.0112829,-0.010578214285714704,0.0014691576214285705,0.0,0.0,0.0014691576214285705,0.0014694218600571256,0.001469686193753238,0.007008443208124276,4.458655975771774,0.6138515884184703,4.458581838957709,1.0,0.0014691576214285705,18921.466946640023,0.010594621739155896,1.0013232211466252,0.03667407990298227
12-01-2026,00.05,958,3592.5,3.51656,0.00104183,0.534893,0.0939873,0.0,3375.368342243936,5.6911199704640945,0.013372325,-0.011828214285714456,0.0035585826214285694,0.0,0.0,0.0035585826214285694,0.0035601333105204926,0.0035616853516591256,0.007008443208124276,4.458655975771774,0.6138515884184703,4.458573078403699,1.0,0.0035585826214285694,45927.267482429575,0.02571587223451408,1.0013232211466252,0.03667407990298227
12-01-2026,00.05,959,3596.25,3.51615,0.00105702,0.635186,0.10219,0.0,3326.4744281092126,6.215735394852725,0.015879650000000002,-0.012238214285714477,0.006065907621428572,0.0,0.0,0.006065907621428572,0.006070414704586758,0.006074928490419835,0.007008443208124276,4.458655975771774,0.6138515884184703,4.458570204941983,1.0,0.006065907621428572,78450.46856976165,0.04392645887869466,1.0013232211466252,0.03667407990298227
12-01-2026,00.05,960,3600.0,3.51743,0.00101517,0.384455,0.0796329,0.0,3464.867953150704,4.827841256566067,0.009611374999999998,-0.01095821428571453,-0.00020236737857143132,0.0,0.0,-0.00020236737857143132,-0.00020236236610274562,-0.000202357353882363,0.007008443208124276,4.458655975771774,0.6138515884184703,4.45857917574929,1.0,-0.00020236737857143132,-2622.6812262857497,-0.0014685074689632983,1.0013232211466252,0.03667407990298227
12-01-2026,00.05,961,3603.75,3.5175,0.00103225,0.635186,0.10219,0.0,3407.6047469120854,6.215735394852725,0.015879650000000002,-0.010888214285714515,0.006065907621428572,0.0,0.0,0.006065907621428572,0.006070414704586758,0.006074928490419835,0.007008443208124276,4.458655975771774,0.6138515884184703,4.458579666340315,1.0,0.006065907621428572,78778.02758131879,0.04410986769337517,1.0013232211466252,0.03667407990298227
12-01-2026,00.05,962,3607.5,3.51816,0.00104072,0.468032,0.0878354,0.0,3380.5058036743794,5.3285121943999805,0.0117008,-0.010228214285714632,0.001887057621428571,0.0,0.0,0.001887057621428571,0.0018874935868695712,0.0018879297537986283,0.007008443208124276,4.458655975771774,0.6138515884184703,4.458584291912832,1.0,0.001887057621428571,24558.27403226263,0.013750816713741098,1.0013232211466252,0.03667407990298227
12-01-2026,00.05,963,3611.25,3.51864,0.00104659,0.635186,0.10219,0.0,3362.0042232392816,6.215735394852725,0.015879650000000002,-0.009748214285714596,0.006065907621428572,0.0,0.0,0.006065907621428572,0.006070414704586758,0.006074928490419835,0.007008443208124276,4.458655975771774,0.6138515884184703,4.458587655965572,1.0,0.006065907621428572,79106.26900748335,0.044293658609752935,1.0013232211466252,0.03667407990298227
12-01-2026,00.05,964,3615.0,3.51949,0.00107736,0.518178,0.0926203,0.0,3266.772480879186,5.5946482574554395,0.012954450000000001,-0.0088982142857148,0.0031407076214285713,0.0,0.0,0.0031407076214285713,0.003141915444773245,0.0031431241974616527,0.007008443208124276,4.458655975771774,0.6138515884184703,4.458593613142298,1.0,0.0031407076214285713,41043.47385604339,0.022981309091520023,1.0013232211466252,0.03667407990298227
12-01-2026,00.05,965,3618.75,3.51809,0.00107065,0.668617,0.104924,0.0,3285.9384486059867,6.372393351378141,0.016715425,-0.010298214285714646,0.006901682621428569,0.0,0.0,0.006901682621428569,0.006907517857333237,0.006913362968740119,0.007008443208124276,4.458655975771774,0.6138515884184703,4.458583801321807,1.0,0.006901682621428569,90379.9603004037,0.0506060917413562,1.0013232211466252,0.03667407990298227
12-01-2026,00.05,966,3622.5,3.51874,0.00108473,0.451316,0.0895443,0.0,3243.8855752122654,5.040142141934216,0.0112829,-0.009648214285714385,0.0014691576214285705,0.0,0.0,0.0014691576214285705,0.0014694218600571256,0.001469686193753238,0.007008443208124276,4.458655975771774,0.6138515884184703,4.4585883568098925,1.0,0.0014691576214285705,19279.030069431552,0.010794830636517328,1.0013232211466252,0.03667407990298227
12-01-2026,00.05,967,3626.25,3.51835,0.00104392,0.58504,0.0980886,0.0,3370.325312284466,5.964403610613262,0.014626,-0.01003821428571472,0.00481225762142857,0.0,0.0,0.00481225762142857,0.004815093809587059,0.004817933342831181,0.007008443208124276,4.458655975771774,0.6138515884184703,4.458585623517042,1.0,0.00481225762142857,63279.69141043154,0.03543194595612922,1.0013232211466252,0.03667407990298227
12-01-2026,00.05,968,3630.0,3.5164,0.00103323,0.334308,0.0745063,0.0,3403.308072742758,4.486976269120866,0.0083577,-0.011988214285714616,-0.0014560423785714306,0.0,0.0,-0.0014560423785714306,-0.0014557829295387668,-0.001455523572950951,0.007008443208124276,4.458655975771774,0.6138515884184703,4.4585719570527855,1.0,-0.0014560423785714306,-19186.124818197884,-0.010742810568666472,1.0013232211466252,0.03667407990298227
12-01-2026,00.05,969,3633.75,3.51623,0.00102743,0.417885,0.0830506,0.0,3422.354807626797,5.031691522999232,0.010447125,-0.012158214285714397,0.0006333826214285701,0.0,0.0,0.0006333826214285701,0.0006334317288775994,0.0006334808439420209,0.007008443208124276,4.458655975771774,0.6138515884184703,4.4585707656174405,1.0,0.0006333826214285701,8363.272213113632,0.004682813750614948,1.0013232211466252,0.03667407990298227
12-01-2026,00.05,970,3637.5,3.5178,0.00103186,0.40117,0.0813418,0.0,3409.183416354932,4.931904629600034,0.010029250000000002,-0.01058821428571477,0.000215507621428572,0.0,0.0,0.000215507621428572,0.00021551330626719842,0.0002155189914057515,0.007008443208124276,4.458655975771774,0.6138515884184703,4.458581768873277,1.0,0.000215507621428572,2851.4688890926413,0.001596611635139219,1.0013232211466252,0.03667407990298227
12-01-2026,00.05,971,3641.25,3.51766,0.00104281,0.501463,0.0909114,0.0,3373.2511195711586,5.515952894796472,0.012536575,-0.010728214285714799,0.0027228326214285697,0.0,0.0,0.0027228326214285697,0.002723740375220034,0.0027246487344778397,0.007008443208124276,4.458655975771774,0.6138515884184703,4.458580787691228,1.0,0.0027228326214285697,36101.22513216095,0.020214015418253406,1.0013232211466252,0.03667407990298227
12-01-2026,00.05,972,3645.0,3.51793,0.00104731,0.551609,0.0953544,0.0,3359.015000334189,5.784830065523982,0.013790225,-0.010458214285714806,0.00397648262142857,0.0,0.0,0.00397648262142857,0.003978419003385564,0.0039803572721366,0.007008443208124276,4.458655975771774,0.6138515884184703,4.458582679970894,1.0,0.00397648262142857,52831.64752036551,0.029581814291311084,1.0013232211466252,0.03667407990298227
12-01-2026,00.05,973,3648.75,3.5184,0.00104033,0.518178,0.0926203,0.0,3382.0037872598123,5.5946482574554395,0.012954450000000001,-0.009988214285714392,0.0031407076214285713,0.0,0.0,0.0031407076214285713,0.003141915444773245,0.0031431241974616527,0.007008443208124276,4.458655975771774,0.6138515884184703,4.4585859739392015,1.0,0.0031407076214285713,41813.42323679227,0.023412423786291624,1.0013232211466252,0.03667407990298227
12-01-2026,00.05,974,3652.5,3.5174,0.00103355,0.501463,0.0909114,0.0,3403.2219050844174,5.515952894796472,0.012536575,-0.010988214285714726,0.0027228326214285697,0.0,0.0,0.0027228326214285697,0.002723740375220034,0.0027246487344778397,0.007008443208124276,4.458655975771774,0.6138515884184703,4.4585789654959935,1.0,0.0027228326214285697,36324.64631202708,0.020339114750978125,1.0013232211466252,0.03667407990298227
12-01-2026,00.05,975,3656.25,3.51902,0.00105696,0.685332,0.108684,0.0,3329.3785952164694,6.305730374296125,0.0171333,-0.009368214285714771,0.007319557621428571,0.0,0.0,0.007319557621428571,0.007326121194894829,0.007332696550265015,0.007008443208124276,4.458655975771774,0.6138515884184703,4.458590319173991,1.0,0.007319557621428571,97849.04714817941,0.05478822783641936,1.0013232211466252,0.03667407990298227
12-01-2026,00.05,976,3660.0,3.51915,0.00107984,0.551609,0.0953544,0.0,3258.9550303748697,5.784830065523982,0.013790225,-0.009238214285714808,0.00397648262142857,0.0,0.0,0.00397648262142857,0.003978419003385564,0.0039803572721366,0.007008443208124276,4.458655975771774,0.6138515884184703,4.458591230271608,1.0,0.00397648262142857,53267.37060360855,0.029825786984495874,1.0013232211466252,0.03667407990298227
12-01-2026,00.05,977,3663.75,3.51732,0.00106139,0.484747,0.0895443,0.0,3313.880854351369,5.4134880723842835,0.012118675,-0.011068214285714806,0.002304932621428571,0.0665557,0.0016638924999999999,0.000641040121428571,0.0006410904235057617,0.0006411407334779264,0.007008443208124276,4.458655975771774,0.6138515884184703,4.458578404820537,1.0,0.002304932621428571,30939.258237181766,0.017323695823235907,1.0013232211466252,0.03667407990298227
12-01-2026,00.05,978,3667.5,3.51756,0.0010402,0.434601,0.0847595,0.0,3381.6189194385693,5.127460638630478,0.010865025000000002,-0.010828214285714566,0.0010512826214285724,0.0,0.0,0.0010512826214285724,0.0010514179147240812,0.0010515532428468219,0.007008443208124276,4.458655975771774,0.6138515884184703,4.458580086846907,1.0,0.0010512826214285724,14140.33603417247,0.007917542121289695,1.0013232211466252,0.03667407990298227
12-01-2026,00.05,979,3671.25,3.51867,0.001067,0.468032,0.0909114,0.0,3297.7225866916588,5.1482212351806265,0.0117008,-0.0097182142857144,0.001887057621428571,0.0,0.0,0.001887057621428571,0.0018874935868695712,0.0018879297537986283,0.007008443208124276,4.458655975771774,0.6138515884184703,4.458587866218868,1.0,0.001887057621428571,25433.90709946342,0.014241106454777093,1.0013232211466252,0.03667407990298227
12-01-2026,00.05,980,3675.0,3.51875,0.00104555,0.635186,0.10219,0.0,3365.453589020133,6.215735394852725,0.015879650000000002,-0.009638214285714763,0.006065907621428572,0.0,0.0,0.006065907621428572,0.006070414704586758,0.006074928490419835,0.007008443208124276,4.458655975771774,0.6138515884184703,4.458588426894325,1.0,0.006065907621428572,81923.87361965627,0.04587130875499043,1.0013232211466252,0.03667407990298227
12-01-2026,00.05,981,3678.75,3.51786,0.00103225,0.501463,0.0909114,0.0,3407.953499636716,5.515952894796472,0.012536575,-0.010528214285714377,0.0027228326214285697,0.0,0.0,0.0027228326214285697,0.002723740375220034,0.0027246487344778397,0.007008443208124276,4.458655975771774,0.6138515884184703,4.45858218937987,1.0,0.0027228326214285697,36848.64268674309,0.020632513957205684,1.0013232211466252,0.03667407990298227
12-01-2026,00.05,982,3682.5,3.5177,0.00104072,0.451316,0.0864684,0.0,3380.0638019832427,5.219432763876745,0.0112829,-0.010688214285714537,0.0014691576214285705,0.0,0.0,0.0014691576214285705,0.0014694218600571256,0.001469686193753238,0.007008443208124276,4.458655975771774,0.6138515884184703,4.458581068028956,1.0,0.0014691576214285705,19922.961854903693,0.011155384800321636,1.0013232211466252,0.03667407990298227
12-01-2026,00.05,983,3686.25,3.5183,0.0010595,0.601755,0.0994557,0.0,3320.7173194903257,6.050482777759345,0.015043875000000002,-0.010088214285714603,0.005230132621428572,0.0,0.0,0.005230132621428572,0.005233482930948195,0.005236837535490341,0.007008443208124276,4.458655975771774,0.6138515884184703,4.458585273094881,1.0,0.005230132621428572,71069.33841507553,0.03979357202500052,1.0013232211466252,0.03667407990298227
12-01-2026,00.05,984,3690.0,3.51798,0.00105898,0.501463,0.0909114,0.0,3322.045742129219,5.515952894796472,0.012536575,-0.010408214285714479,0.0027228326214285697,0.0,0.0,0.0027228326214285697,0.002723740375220034,0.0027246487344778397,0.007008443208124276,4.458655975771774,0.6138515884184703,4.458583030393054,1.0,0.0027228326214285697,37074.36125663355,0.020758899658390298,1.0013232211466252,0.03667407990298227
12-01-2026,00.05,985,3693.75,3.51743,0.00105304,0.518178,0.0926203,0.0,3340.262478158474,5.5946482574554395,0.012954450000000001,-0.01095821428571453,0.0031407076214285713,0.0,0.0,0.0031407076214285713,0.003141915444773245,0.0031431241974616527,0.007008443208124276,4.458655975771774,0.6138515884184703,4.45857917574929,1.0,0.0031407076214285713,42851.152293757536,0.023993475290241234,1.0013232211466252,0.03667407990298227
12-01-2026,00.05,986,3697.5,3.51826,0.00105819,0.484747,0.0926203,0.0,3324.79044406014,5.2337014671729625,0.012118675,-0.01012821428571442,0.002304932621428571,0.0,0.0,0.002304932621428571,0.0023055830811799707,0.0023062339081588697,0.007008443208124276,4.458655975771774,0.6138515884184703,4.458584992757153,1.0,0.002304932621428571,31511.90073968959,0.017644333262338448,1.0013232211466252,0.03667407990298227
12-01-2026,00.05,987,3701.25,3.51905,0.00102612,0.518178,0.0926203,0.0,3429.4721864889098,5.5946482574554395,0.012954450000000001,-0.009338214285714574,0.0031407076214285713,0.0665557,0.0016638924999999999,0.0014768151214285714,0.0014770821219994867,0.0014773492191325172,0.007008443208124276,4.458655975771774,0.6138515884184703,4.458590529427287,1.0,0.0031407076214285713,43025.343790211016,0.024091009642112922,1.0013232211466252,0.03667407990298227
12-01-2026,00.05,988,3705.0,3.5194,0.0010314,0.58504,0.0980886,0.0,3412.255187124297,5.964403610613262,0.014626,-0.008988214285714502,0.00481225762142857,0.0,0.0,0.00481225762142857,0.004815093809587059,0.004817933342831181,0.007008443208124276,4.458655975771774,0.6138515884184703,4.45859298238241,1.0,0.00481225762142857,66057.98067579052,0.036987582415577334,1.0013232211466252,0.03667407990298227
12-01-2026,00.05,989,3708.75,3.51885,0.00103499,0.501463,0.0909114,0.0,3399.8879216224313,5.515952894796472,0.012536575,-0.009538214285714552,0.0027228326214285697,0.0,0.0,0.0027228326214285697,0.002723740375220034,0.0027246487344778397,0.007008443208124276,4.458655975771774,0.6138515884184703,4.458589127738645,1.0,0.0027228326214285697,37452.0904664672,0.020970400072671255,1.0013232211466252,0.03667407990298227
12-01-2026,00.05,990,3712.5,3.51874,0.00103903,0.651901,0.103557,0.0,3386.5624669162585,6.295093523373601,0.016297525,-0.009648214285714385,0.0064837826214285705,0.0,0.0,0.0064837826214285705,0.0064889323354176305,0.006494090236181446,0.007008443208124276,4.458655975771774,0.6138515884184703,4.4585883568098925,1.0,0.0064837826214285705,89363.74707087387,0.05003708750909679,1.0013232211466252,0.03667407990298227
12-01-2026,00.05,991,3716.25,3.51935,0.00105181,0.534893,0.0939873,0.0,3345.994048354741,5.6911199704640945,0.013372325,-0.009038214285714385,0.0035585826214285694,0.0,0.0,0.0035585826214285694,0.0035601333105204926,0.0035616853516591256,0.007008443208124276,4.458655975771774,0.6138515884184703,4.45859263196025,1.0,0.0035585826214285694,49145.85533580737,0.027518043331339885,1.0013232211466252,0.03667407990298227
12-01-2026,00.05,992,3720.0,3.51889,0.00104952,0.551609,0.0953544,0.0,3352.856543943898,5.784830065523982,0.013790225,-0.009498214285714734,0.00397648262142857,0.0665557,0.0016638924999999999,0.00231259012142857,0.0023132449109176927,0.002313900071307566,0.007008443208124276,4.458655975771774,0.6138515884184703,4.4585894080763735,1.0,0.00397648262142857,55028.15710837712,0.030811697169686143,1.0013232211466252,0.03667407990298227
12-01-2026,00.05,993,3723.75,3.51857,0.0010389,0.601755,0.0994557,0.0,3386.822600827799,6.050482777759345,0.015043875000000002,-0.00981821428571461,0.005230132621428572,0.0,0.0,0.005230132621428572,0.005233482930948195,0.005236837535490341,0.007008443208124276,4.458655975771774,0.6138515884184703,4.4585871653745475,1.0,0.005230132621428572,72522.661517255,0.04060732544992206,1.0013232211466252,0.03667407990298227
12-01-2026,00.05,994,3727.5,3.51898,0.00101882,0.58504,0.0980886,0.0,3453.9761685086673,5.964403610613262,0.014626,-0.009408214285714589,0.00481225762142857,0.0,0.0,0.00481225762142857,0.004815093809587059,0.004817933342831181,0.007008443208124276,4.458655975771774,0.6138515884184703,4.458590038836262,1.0,0.00481225762142857,66862.74053314405,0.03743818840207733,1.0013232211466252,0.03667407990298227
12-01-2026,00.05,995,3731.25,3.51839,0.00105565,0.484747,0.0895443,0.0,3332.9133709089188,5.4134880723842835,0.012118675,-0.009998214285714457,0.002304932621428571,0.0,0.0,0.002304932621428571,0.0023055830811799707,0.0023062339081588697,0.007008443208124276,4.458655975771774,0.6138515884184703,4.45858590385477,1.0,0.002304932621428571,32089.794166825606,0.01796791083078579,1.0013232211466252,0.03667407990298227
12-01-2026,00.05,996,3735.0,3.51785,0.00106537,0.484747,0.0895443,0.0,3301.9983667645984,5.4134880723842835,0.012118675,-0.010538214285714442,0.002304932621428571,0.0665557,0.0016638924999999999,0.000641040121428571,0.0006410904235057617,0.0006411407334779264,0.007008443208124276,4.458655975771774,0.6138515884184703,4.458582119295437,1.0,0.002304932621428571,32154.328678768386,0.018004045383412336,1.0013232211466252,0.03667407990298227
12-01-2026,00.05,997,3738.75,3.51927,0.00105507,0.618471,0.100823,0.0,3335.5796297875972,6.134225325570554,0.015461775,-0.009118214285714465,0.005648032621428571,0.0,0.0,0.005648032621428571,0.005651939915969388,0.005655852620365495,0.007008443208124276,4.458655975771774,0.6138515884184703,4.458592071284793,1.0,0.005648032621428571,78949.62081553489,0.04420594721060524,1.0013232211466252,0.03667407990298227
12-01-2026,00.05,998,3742.5,3.51942,0.00107228,0.534893,0.0939873,0.0,3282.1837579736634,5.6911199704640945,0.013372325,-0.008968214285714371,0.0035585826214285694,0.0,0.0,0.0035585826214285694,0.0035601333105204926,0.0035616853516591256,0.007008443208124276,4.458655975771774,0.6138515884184703,4.4585931225512745,1.0,0.0035585826214285694,49842.59801165636,0.02790816768697068,1.0013232211466252,0.03667407990298227
12-01-2026,00.05,999,3746.25,3.51766,0.00106862,0.534893,0.0967215,0.0,3291.778181205667,5.530238881737772,0.013372325,-0.010728214285714799,0.0035585826214285694,0.0,0.0,0.0035585826214285694,0.0035601333105204926,0.0035616853516591256,0.007008443208124276,4.458655975771774,0.6138515884184703,4.458580787691228,1.0,0.0035585826214285694,49942.53302017969,0.027964123898864286,1.0013232211466252,0.03667407990298227
12-01-2026,00.05,1000,3750.0,3.51671,0.00103675,0.384455,0.0796329,0.0,3392.0520858451896,4.827841256566067,0.009611374999999998,-0.011678214285714805,-0.00020236737857143132,0.0,0.0,-0.00020236737857143132,-0.00020236236610274562,-0.000202357353882363,0.007008443208124276,4.458655975771774,0.6138515884184703,4.45857412967018,1.0,-0.00020236737857143132,-2845.791261160753,-0.0015934325835105234,1.0013232211466252,0.03667407990298227
12-01-2026,00.05,1001,3753.75,3.51822,0.00103597,0.468032,0.0878354,0.0,3396.0635925750744,5.3285121943999805,0.0117008,-0.010168214285714683,0.001887057621428571,0.0,0.0,0.001887057621428571,0.0018874935868695712,0.0018879297537986283,0.007008443208124276,4.458655975771774,0.6138515884184703,4.458584712419424,1.0,0.001887057621428571,26589.84783368976,0.014888347753062631,1.0013232211466252,0.03667407990298227
12-01-2026,00.05,1002,3757.5,3.51877,0.00102586,0.367739,0.0779241,0.0,3430.0684303901116,4.719194703564109,0.009193475,-0.009618214285714632,-0.0006202673785714301,0.0,0.0,-0.0006202673785714301,-0.0006202202909959525,-0.0006201732105692353,0.007008443208124276,4.458655975771774,0.6138515884184703,4.458588567063189,1.0,-0.0006202673785714301,-8757.434941245425,-0.004903515719442563,1.0013232211466252,0.03667407990298227
12-01-2026,00.05,1003,3761.25,3.51765,0.00102371,0.468032,0.0909114,0.0,3436.178214533413,5.1482212351806265,0.0117008,-0.01073821428571442,0.001887057621428571,0.0,0.0,0.001887057621428571,0.0018874935868695712,0.0018879297537986283,0.007008443208124276,4.458655975771774,0.6138515884184703,4.458580717606796,1.0,0.001887057621428571,26696.20711887753,0.014947901084640421,1.0013232211466252,0.03667407990298227
12-01-2026,00.05,1004,3765.0,3.51896,0.00105513,0.518178,0.0926203,0.0,3335.096149289661,5.5946482574554395,0.012954450000000001,-0.00942821428571472,0.0031407076214285713,0.0,0.0,0.0031407076214285713,0.003141915444773245,0.0031431241974616527,0.007008443208124276,4.458655975771774,0.6138515884184703,4.458589898667398,1.0,0.0031407076214285713,44520.23719296482,0.024928039360115235,1.0013232211466252,0.03667407990298227
12-01-2026,00.05,1005,3768.75,3.51919,0.00105982,0.58504,0.0980886,0.0,3320.554433771773,5.964403610613262,0.014626,-0.009198214285714545,0.00481225762142857,0.0,0.0,0.00481225762142857,0.004815093809587059,0.004817933342831181,0.007008443208124276,4.458655975771774,0.6138515884184703,4.458591510609336,1.0,0.00481225762142857,68350.7883386727,0.038271385092049436,1.0013232211466252,0.03667407990298227
12-01-2026,00.05,1006,3772.5,3.51888,0.0010578,0.534893,0.0939873,0.0,3326.6023823028927,5.6911199704640945,0.013372325,-0.0095082142857148,0.0035585826214285694,0.0,0.0,0.0035585826214285694,0.0035601333105204926,0.0035616853516591256,0.007008443208124276,4.458655975771774,0.6138515884184703,4.458589337991942,1.0,0.0035585826214285694,50644.88046365743,0.028357386509743995,1.0013232211466252,0.03667407990298227
12-01-2026,00.05,1007,3776.25,3.51885,0.00107351,0.635186,0.10219,0.0,3277.892148186789,6.215735394852725,0.015879650000000002,-0.009538214285714552,0.006065907621428572,0.0,0.0,0.006065907621428572,0.006070414704586758,0.006074928490419835,0.007008443208124276,4.458655975771774,0.6138515884184703,4.458589127738645,1.0,0.006065907621428572,86500.23127877845,0.04843373049946823,1.0013232211466252,0.03667407990298227
12-01-2026,00.05,1008,3780.0,3.51898,0.00105194,0.351024,0.0799747,0.0,3345.228815331673,4.3891880807305315,0.008775600000000001,-0.009408214285714589,-0.0010381423785714283,0.0,0.0,-0.0010381423785714283,-0.00103801048000478,-0.0010378786149499548,0.007008443208124276,4.458655975771774,0.6138515884184703,4.458590038836262,1.0,-0.0010381423785714283,-14833.393561979996,-0.008305603066633003,1.0013232211466252,0.03667407990298227
12-01-2026,00.05,1009,3783.75,3.51815,0.00103251,0.635186,0.10219,0.0,3407.3761997462493,6.215735394852725,0.015879650000000002,-0.010238214285714697,0.006065907621428572,0.0,0.0,0.006065907621428572,0.006070414704586758,0.006074928490419835,0.007008443208124276,4.458655975771774,0.6138515884184703,4.4585842218284,1.0,0.006065907621428572,86844.16824091344,0.04862630975488277,1.0013232211466252,0.03667407990298227
12-01-2026,00.05,1010,3787.5,3.51847,0.00105233,0.468032,0.0878354,0.0,3343.5044140146156,5.3285121943999805,0.0117008,-0.009918214285714377,0.001887057621428571,0.0,0.0,0.001887057621428571,0.0018874935868695712,0.0018879297537986283,0.007008443208124276,4.458655975771774,0.6138515884184703,4.458586464530226,1.0,0.001887057621428571,27070.1364321462,0.015157273837949454,1.0013232211466252,0.03667407990298227
12-01-2026,00.05,1011,3791.25,3.51822,0.00101954,0.40117,0.0813418,0.0,3450.791533436648,4.931904629600034,0.010029250000000002,-0.010168214285714683,0.000215507621428572,0.0665557,0.0016638924999999999,-0.001448384878571428,-0.00144812815106888,-0.0014478715145605577,0.007008443208124276,4.458655975771774,0.6138515884184703,4.458584712419424,1.0,0.000215507621428572,3097.615296405845,0.0017344354140930317,1.0013232211466252,0.03667407990298227
12-01-2026,00.05,1012,3795.0,3.5192,0.00102162,0.501463,0.0939873,0.0,3444.725044537108,5.335433617095076,0.012536575,-0.00918821428571448,0.0027228326214285697,0.0,0.0,0.0027228326214285697,0.002723740375220034,0.0027246487344778397,0.007008443208124276,4.458655975771774,0.6138515884184703,4.458591580693768,1.0,0.0027228326214285697,39214.303484629796,0.021957108999833178,1.0013232211466252,0.03667407990298227
12-01-2026,00.05,1013,3798.75,3.51922,0.00102906,0.351024,0.0762152,0.0,3419.8394651429458,4.605695451825882,0.008775600000000001,-0.009168214285714793,-0.0010381423785714283,0.0,0.0,-0.0010381423785714283,-0.00103801048000478,-0.0010378786149499548,0.007008443208124276,4.458655975771774,0.6138515884184703,4.458591720862633,1.0,-0.0010381423785714283,-14980.915216072462,-0.008388204279734074,1.0013232211466252,0.03667407990298227
12-01-2026,00.05,1014,3802.5,3.51944,0.00105076,0.551609,0.0984304,0.0,3349.4232745822073,5.604051187438027,0.013790225,-0.008948214285714684,0.00397648262142857,0.0665557,0.0016638924999999999,0.00231259012142857,0.0023132449109176927,0.002313900071307566,0.007008443208124276,4.458655975771774,0.6138515884184703,4.458593262720139,1.0,0.00397648262142857,57495.98707625208,0.032193499389351315,1.0013232211466252,0.03667407990298227
12-01-2026,00.05,1015,3806.25,3.5189,0.00101895,0.468032,0.0878354,0.0,3453.456990038765,5.3285121943999805,0.0117008,-0.009488214285714669,0.001887057621428571,0.0,0.0,0.001887057621428571,0.0018874935868695712,0.0018879297537986283,0.007008443208124276,4.458655975771774,0.6138515884184703,4.458589478160806,1.0,0.001887057621428571,27338.82100363476,0.01530771732153855,1.0013232211466252,0.03667407990298227
12-01-2026,00.05,1016,3810.0,3.51841,0.00102717,0.551609,0.0953544,0.0,3425.343419297682,5.784830065523982,0.013790225,-0.00997821428571477,0.00397648262142857,0.0,0.0,0.00397648262142857,0.003978419003385564,0.0039803572721366,0.007008443208124276,4.458655975771774,0.6138515884184703,4.458586044023634,1.0,0.00397648262142857,57723.019380919264,0.032320620684824906,1.0013232211466252,0.03667407990298227
12-01-2026,00.05,1017,3813.75,3.51866,0.0010344,0.417885,0.0830506,0.0,3401.6434648105183,5.031691522999232,0.010447125,-0.009728214285714465,0.0006333826214285701,0.0,0.0,0.0006333826214285701,0.0006334317288775994,0.0006334808439420209,0.007008443208124276,4.458655975771774,0.6138515884184703,4.458587796134436,1.0,0.0006333826214285701,9212.353286269701,0.005158236339219396,1.0013232211466252,0.03667407990298227
12-01-2026,00.05,1018,3817.5,3.51837,0.00105754,0.468032,0.0878354,0.0,3326.937988161204,5.3285121943999805,0.0117008,-0.010018214285714588,0.001887057621428571,0.0,0.0,0.001887057621428571,0.0018874935868695712,0.0018879297537986283,0.007008443208124276,4.458655975771774,0.6138515884184703,4.458585763685906,1.0,0.001887057621428571,27500.66862847513,0.015398340018467925,1.0013232211466252,0.03667407990298227
12-01-2026,00.05,1019,3821.25,3.51965,0.00103218,0.40117,0.0813418,0.0,3409.918812610204,4.931904629600034,0.010029250000000002,-0.00873821428571464,0.000215507621428572,0.0,0.0,0.000215507621428572,0.00021551330626719842,0.0002155189914057515,0.007008443208124276,4.458655975771774,0.6138515884184703,4.458594734493212,1.0,0.000215507621428572,3146.831849449595,0.001761993042910824,1.0013232211466252,0.03667407990298227
12-01-2026,00.05,1020,3825.0,3.5195,0.00103851,0.534893,0.0939873,0.0,3388.9899952817013,5.6911199704640945,0.013372325,-0.008888214285714735,0.0035585826214285694,0.0,0.0,0.0035585826214285694,0.0035601333105204926,0.0035616853516591256,0.007008443208124276,4.458655975771774,0.6138515884184703,4.458593683226731,1.0,0.0035585826214285694,52064.28786563836,0.029152149651531813,1.0013232211466252,0.03667407990298227
12-01-2026,00.05,1021,3828.75,3.51806,0.0010316,0.351024,0.0762152,0.0,3410.2946878635134,4.605695451825882,0.008775600000000001,-0.010328214285714399,-0.0010381423785714283,0.0,0.0,-0.0010381423785714283,-0.00103801048000478,-0.0010378786149499548,0.007008443208124276,4.458655975771774,0.6138515884184703,4.458583591068511,1.0,-0.0010381423785714283,-15218.468145849069,-0.00852121634698599,1.0013232211466252,0.03667407990298227
12-01-2026,00.05,1022,3832.5,3.51778,0.00101022,0.334308,0.0745063,0.0,3482.191997782661,4.486976269120866,0.0083577,-0.010608214285714457,-0.0014560423785714306,0.0,0.0,-0.0014560423785714306,-0.0014557829295387668,-0.001455523572950951,0.007008443208124276,4.458655975771774,0.6138515884184703,4.458581628704413,1.0,-0.0014560423785714306,-21386.432358840968,-0.011974820019554496,1.0013232211466252,0.03667407990298227
12-01-2026,00.05,1023,3836.25,3.51726,0.00103075,0.468032,0.0878354,0.0,3412.330827067669,5.3285121943999805,0.0117008,-0.011128214285714755,0.001887057621428571,0.0,0.0,0.001887057621428571,0.0018874935868695712,0.0018879297537986283,0.007008443208124276,4.458655975771774,0.6138515884184703,4.458577984313945,1.0,0.001887057621428571,27771.476139787796,0.01554997219131007,1.0013232211466252,0.03667407990298227
12-01-2026,00.05,1024,3840.0,3.51933,0.00103121,0.367739,0.0779241,0.0,3412.816012257445,4.719194703564109,0.009193475,-0.009058214285714516,-0.0006202673785714301,0.0,0.0,-0.0006202673785714301,-0.0006202202909959525,-0.0006201732105692353,0.007008443208124276,4.458655975771774,0.6138515884184703,4.458592491791386,1.0,-0.0006202673785714301,-9146.21465746288,-0.005121203599816538,1.0013232211466252,0.03667407990298227
12-01-2026,00.05,1025,3843.75,3.51888,0.00103857,0.618471,0.100823,0.0,3388.19723273347,6.134225325570554,0.015461775,-0.0095082142857148,0.005648032621428571,0.0,0.0,0.005648032621428571,0.005651939915969388,0.005655852620365495,0.007008443208124276,4.458655975771774,0.6138515884184703,4.458589337991942,1.0,0.005648032621428571,83446.37258749301,0.046723795547265794,1.0013232211466252,0.03667407990298227
12-01-2026,00.05,1026,3847.5,3.51883,0.00105259,0.518178,0.0926203,0.0,3343.020549311698,5.5946482574554395,0.012954450000000001,-0.009558214285714683,0.0031407076214285713,0.0,0.0,0.0031407076214285713,0.003141915444773245,0.0031431241974616527,0.007008443208124276,4.458655975771774,0.6138515884184703,4.458588987569781,1.0,0.0031407076214285713,46492.69972633513,0.026032472462191734,1.0013232211466252,0.03667407990298227
12-01-2026,00.05,1027,3851.25,3.51888,0.00100344,0.484747,0.0895443,0.0,3506.8165510643385,5.4134880723842835,0.012118675,-0.0095082142857148,0.002304932621428571,0.0,0.0,0.002304932621428571,0.0023055830811799707,0.0023062339081588697,0.007008443208124276,4.458655975771774,0.6138515884184703,4.458589337991942,1.0,0.002304932621428571,34187.05235906346,0.019142220269835475,1.0013232211466252,0.03667407990298227
12-01-2026,00.05,1028,3855.0,3.51825,0.00101106,0.384455,0.0833924,0.0,3479.7638122366625,4.610192295700807,0.009611374999999998,-0.010138214285714486,-0.00020236737857143132,0.0,0.0,-0.00020236737857143132,-0.00020236236610274562,-0.000202357353882363,0.007008443208124276,4.458655975771774,0.6138515884184703,4.4585849226727206,1.0,-0.00020236737857143132,-3007.3866721345053,-0.001683914059332585,1.0013232211466252,0.03667407990298227
12-01-2026,00.05,1029,3858.75,3.5202,0.00104509,0.367739,0.0779241,0.0,3368.322345443933,4.719194703564109,0.009193475,-0.00818821428571459,-0.0006202673785714301,0.0,0.0,-0.0006202673785714301,-0.0006202202909959525,-0.0006201732105692353,0.007008443208124276,4.458655975771774,0.6138515884184703,4.458598589136977,1.0,-0.0006202673785714301,-9235.751222727446,-0.0051713374527295524,1.0013232211466252,0.03667407990298227
12-01-2026,00.05,1030,3862.5,3.52011,0.00101895,0.501463,0.0909114,0.0,3454.6444869718825,5.515952894796472,0.012536575,-0.008278214285714736,0.0027228326214285697,0.0,0.0,0.0027228326214285697,0.002723740375220034,0.0027246487344778397,0.007008443208124276,4.458655975771774,0.6138515884184703,4.458597958377088,1.0,0.0027228326214285697,40621.68461353457,0.022745138318364427,1.0013232211466252,0.03667407990298227
12-01-2026,00.05,1031,3866.25,3.5203,0.00102501,0.484747,0.0895443,0.0,3434.4055179949464,5.4134880723842835,0.012118675,-0.008088214285714379,0.002304932621428571,0.0,0.0,0.002304932621428571,0.0023055830811799707,0.0023062339081588697,0.007008443208124276,4.458655975771774,0.6138515884184703,4.458599289981297,1.0,0.002304932621428571,34453.87712165159,0.019291622398023178,1.0013232211466252,0.03667407990298227
12-01-2026,00.05,1032,3870.0,3.51883,0.00103707,0.434601,0.0847595,0.0,3393.049649493284,5.127460638630478,0.010865025000000002,-0.009558214285714683,0.0010512826214285724,0.0,0.0,0.0010512826214285724,0.0010514179147240812,0.0010515532428468219,0.007008443208124276,4.458655975771774,0.6138515884184703,4.458588987569781,1.0,0.0010512826214285724,15744.954692873585,0.008816009865491149,1.0013232211466252,0.03667407990298227
12-01-2026,00.05,1033,3873.75,3.51916,0.00105057,0.501463,0.0909114,0.0,3349.762509875591,5.515952894796472,0.012536575,-0.009228214285714742,0.0027228326214285697,0.0,0.0,0.0027228326214285697,0.002723740375220034,0.0027246487344778397,0.007008443208124276,4.458655975771774,0.6138515884184703,4.45859130035604,1.0,0.0027228326214285697,40858.66039454425,0.022877827225002523,1.0013232211466252,0.03667407990298227
12-01-2026,00.05,1034,3877.5,3.52097,0.00104392,0.501463,0.0939873,0.0,3372.835083148134,5.335433617095076,0.012536575,-0.007418214285714431,0.0027228326214285697,0.0,0.0,0.0027228326214285697,0.002723740375220034,0.0027246487344778397,0.007008443208124276,4.458655975771774,0.6138515884184703,4.458603985638247,1.0,0.0027228326214285697,40937.80548088243,0.022922142618445884,1.0013232211466252,0.03667407990298227
12-01-2026,00.05,1035,3881.25,3.51943,0.001002,0.417885,0.0830506,0.0,3512.405189620758,5.031691522999232,0.010447125,-0.00895821428571475,0.0006333826214285701,0.0,0.0,0.0006333826214285701,0.0006334317288775994,0.0006334808439420209,0.007008443208124276,4.458655975771774,0.6138515884184703,4.458593192635706,1.0,0.0006333826214285701,9541.340137122468,0.00534244463827837,1.0013232211466252,0.03667407990298227
12-01-2026,00.05,1036,3885.0,3.51852,0.00102417,0.40117,0.0813418,0.0,3435.4843434195495,4.931904629600034,0.010029250000000002,-0.009868214285714494,0.000215507621428572,0.0,0.0,0.000215507621428572,0.00021551330626719842,0.0002155189914057515,0.007008443208124276,4.458655975771774,0.6138515884184703,4.458586814952387,1.0,0.000215507621428572,3252.7050194362587,0.001821274185937276,1.0013232211466252,0.03667407990298227
12-01-2026,00.05,1037,3888.75,3.51976,0.00103082,0.484747,0.0895443,0.0,3414.5243592479774,5.4134880723842835,0.012118675,-0.008628214285714364,0.002304932621428571,0.0,0.0,0.002304932621428571,0.0023055830811799707,0.0023062339081588697,0.007008443208124276,4.458655975771774,0.6138515884184703,4.458595505421965,1.0,0.002304932621428571,34856.059052433106,0.019516814527099097,1.0013232211466252,0.03667407990298227
12-01-2026,00.05,1038,3892.5,3.51958,0.00102065,0.284162,0.0727975,0.0,3448.3711360407588,3.903458223153268,0.007104050000000001,-0.008808214285714655,-0.002709692378571429,0.0,0.0,-0.002709692378571429,-0.002708793962772649,-0.0027078961425273914,0.007008443208124276,4.458655975771774,0.6138515884184703,4.458594243902187,1.0,-0.002709692378571429,-41056.0564941213,-0.02298835443801943,1.0013232211466252,0.03667407990298227
12-01-2026,00.05,1039,3896.25,3.51961,0.00102052,0.451316,0.0864684,0.0,3448.8398071571355,5.219432763876745,0.0112829,-0.008778214285714458,0.0014691576214285705,0.0,0.0,0.0014691576214285705,0.0014694218600571256,0.001469686193753238,0.007008443208124276,4.458655975771774,0.6138515884184703,4.458594454155484,1.0,0.0014691576214285705,22302.935221530824,0.012487993822644684,1.0013232211466252,0.03667407990298227
12-01-2026,00.05,1040,3900.0,3.51998,0.00102847,0.417885,0.0864684,0.0,3422.540278277441,4.832805973049114,0.010447125,-0.008408214285714699,0.0006333826214285701,0.0,0.0,0.0006333826214285701,0.0006334317288775994,0.0006334808439420209,0.007008443208124276,4.458655975771774,0.6138515884184703,4.45859704727947,1.0,0.0006333826214285701,9633.749671928552,0.005394187141601331,1.0013232211466252,0.03667407990298227
12-01-2026,00.05,1041,3903.75,3.51965,0.00102906,0.2173,0.0601519,0.0,3420.2573222163915,3.6125209677499797,0.0054325,-0.00873821428571464,-0.00438124237857143,0.0,0.0,-0.00438124237857143,-0.004378894134993035,-0.004376548407273616,0.007008443208124276,4.458655975771774,0.6138515884184703,4.458594734493212,1.0,-0.00438124237857143,-66766.90952886561,-0.03738453012895946,1.0013232211466252,0.03667407990298227
12-01-2026,00.05,1042,3907.5,3.51814,0.00102743,0.351024,0.0762152,0.0,3424.2138150530936,4.605695451825882,0.008775600000000001,-0.010248214285714763,-0.0010381423785714283,0.0,0.0,-0.0010381423785714283,-0.00103801048000478,-0.0010378786149499548,0.007008443208124276,4.458655975771774,0.6138515884184703,4.458584151743968,1.0,-0.0010381423785714283,-15850.935302726646,-0.008875351166894719,1.0013232211466252,0.03667407990298227
12-01-2026,00.05,1043,3911.25,3.51914,0.00102651,0.58504,0.0980886,0.0,3428.2569093335674,5.964403610613262,0.014626,-0.009248214285714429,0.00481225762142857,0.0,0.0,0.00481225762142857,0.004815093809587059,0.004817933342831181,0.007008443208124276,4.458655975771774,0.6138515884184703,4.458591160187176,1.0,0.00481225762142857,73617.32307956413,0.0412202549451755,1.0013232211466252,0.03667407990298227
12-01-2026,00.05,1044,3915.0,3.52001,0.00101941,0.40117,0.0813418,0.0,3452.9875123846145,4.931904629600034,0.010029250000000002,-0.008378214285714503,0.000215507621428572,0.0,0.0,0.000215507621428572,0.00021551330626719842,0.0002155189914057515,0.007008443208124276,4.458655975771774,0.6138515884184703,4.458597257532767,1.0,0.000215507621428572,3303.1338028505443,0.001849510574085556,1.0013232211466252,0.03667407990298227
12-01-2026,00.05,1045,3918.75,3.52067,0.00105565,0.568324,0.0967215,0.0,3335.0731776630514,5.875880750401928,0.014208100000000001,-0.00771821428571462,0.004394357621428572,0.0665557,0.0016638924999999999,0.0027304651214285717,0.00273137797234049,0.0027322914338263815,0.007008443208124276,4.458655975771774,0.6138515884184703,4.458601883105285,1.0,0.004394357621428572,67482.39911541379,0.03778515136774397,1.0013232211466252,0.03667407990298227
12-01-2026,00.05,1046,3922.5,3.52008,0.00103173,0.501463,0.0909114,0.0,3411.8228606321422,5.515952894796472,0.012536575,-0.008308214285714488,0.0027228326214285697,0.0,0.0,0.0027228326214285697,0.002723740375220034,0.0027246487344778397,0.007008443208124276,4.458655975771774,0.6138515884184703,4.4585977481237915,1.0,0.0027228326214285697,41893.51973100386,0.02345727189776191,1.0013232211466252,0.03667407990298227
12-01-2026,00.05,1047,3926.25,3.51954,0.00104235,0.468032,0.0878354,0.0,3376.5433875377753,5.3285121943999805,0.0117008,-0.008848214285714473,0.001887057621428571,0.0,0.0,0.001887057621428571,0.0018874935868695712,0.0018879297537986283,0.007008443208124276,4.458655975771774,0.6138515884184703,4.458593963564459,1.0,0.001887057621428571,29089.82177055833,0.016288148217453908,1.0013232211466252,0.03667407990298227
12-01-2026,00.05,1048,3930.0,3.51952,0.00104157,0.317593,0.0762152,0.0,3379.052776097622,4.167055915355467,0.007939825000000001,-0.008868214285714604,-0.0018739173785714287,0.0,0.0,-0.0018739173785714287,-0.0018734876614143474,-0.0018730581412931678,0.007008443208124276,4.458655975771774,0.6138515884184703,4.458593823395595,1.0,-0.0018739173785714287,-28942.466520297858,-0.016205640178188718,1.0013232211466252,0.03667407990298227
12-01-2026,00.05,1049,3933.75,3.52061,0.00103134,0.518178,0.0926203,0.0,3413.6269319526054,5.5946482574554395,0.012954450000000001,-0.007778214285714569,0.0031407076214285713,0.0,0.0,0.0031407076214285713,0.003141915444773245,0.0031431241974616527,0.007008443208124276,4.458655975771774,0.6138515884184703,4.458601462598692,1.0,0.0031407076214285713,48600.53166554467,0.027212702417332823,1.0013232211466252,0.03667407990298227
12-01-2026,00.05,1050,3937.5,3.51961,0.00101608,0.451316,0.0864684,0.0,3463.9103220218885,5.219432763876745,0.0112829,-0.008778214285714458,0.0014691576214285705,0.0,0.0,0.0014691576214285705,0.0014694218600571256,0.001469686193753238,0.007008443208124276,4.458655975771774,0.6138515884184703,4.458594454155484,1.0,0.0014691576214285705,22777.682029101547,0.012753816914599867,1.0013232211466252,0.03667407990298227
12-01-2026,00.05,1051,3941.25,3.51887,0.00102065,0.334308,0.0745063,0.0,3447.675500906286,4.486976269120866,0.0083577,-0.009518214285714421,-0.0014560423785714306,0.0,0.0,-0.0014560423785714306,-0.0014557829295387668,-0.001455523572950951,0.007008443208124276,4.458655975771774,0.6138515884184703,4.458589267907509,1.0,-0.0014560423785714306,-22617.363760486605,-0.01266405054401974,1.0013232211466252,0.03667407990298227
12-01-2026,00.05,1052,3945.0,3.51942,0.00105989,0.518178,0.0926203,0.0,3320.552132768495,5.5946482574554395,0.012954450000000001,-0.008968214285714371,0.0031407076214285713,0.0,0.0,0.0031407076214285713,0.003141915444773245,0.0031431241974616527,0.007008443208124276,4.458655975771774,0.6138515884184703,4.4585931225512745,1.0,0.0031407076214285713,48878.911229983394,0.027368574379768747,1.0013232211466252,0.03667407990298227
12-01-2026,00.05,1053,3948.75,3.51841,0.00103095,0.18387,0.0553671,0.0,3412.784325137009,3.320925242607975,0.00459675,-0.00997821428571477,-0.00521699237857143,0.0,0.0,-0.00521699237857143,-0.005213663142527839,-0.005210338152894126,0.007008443208124276,4.458655975771774,0.6138515884184703,4.458586044023634,1.0,-0.00521699237857143,-81346.61393847293,-0.04554808603739404,1.0013232211466252,0.03667407990298227
12-01-2026,00.05,1054,3952.5,3.5177,0.00102039,0.300878,0.0707468,0.0,3447.4073638510768,4.252884936138454,0.0075219499999999995,-0.010688214285714537,-0.0022917923785714302,0.0,0.0,-0.0022917923785714302,-0.0022911496758331244,-0.002290507333468653,0.007008443208124276,4.458655975771774,0.6138515884184703,4.458581068028956,1.0,-0.0022917923785714302,-35802.967809839894,-0.02004701338189775,1.0013232211466252,0.03667407990298227
12-01-2026,00.05,1055,3956.25,3.51916,0.00104151,0.468032,0.0878354,0.0,3378.9017868287388,5.3285121943999805,0.0117008,-0.009228214285714742,0.001887057621428571,0.0,0.0,0.001887057621428571,0.0018874935868695712,0.0018879297537986283,0.007008443208124276,4.458655975771774,0.6138515884184703,4.45859130035604,1.0,0.001887057621428571,29536.06372158565,0.016538010698444947,1.0013232211466252,0.03667407990298227
12-01-2026,00.05,1056,3960.0,3.51949,0.00100494,0.367739,0.0779241,0.0,3502.1891854240052,4.719194703564109,0.009193475,-0.0088982142857148,-0.0006202673785714301,0.0,0.0,-0.0006202673785714301,-0.0006202202909959525,-0.0006201732105692353,0.007008443208124276,4.458655975771774,0.6138515884184703,4.458593613142298,1.0,-0.0006202673785714301,-9726.784923805739,-0.005446280000195518,1.0013232211466252,0.03667407990298227
12-01-2026,00.05,1057,3963.75,3.51881,0.00102097,0.317593,0.0724557,0.0,3446.5361372028565,4.3832714334414,0.007939825000000001,-0.00957821428571437,-0.0018739173785714287,0.0,0.0,-0.0018739173785714287,-0.0018734876614143474,-0.0018730581412931678,0.007008443208124276,4.458655975771774,0.6138515884184703,4.458588847400917,1.0,-0.0018739173785714287,-29441.704461912424,-0.016485176493430936,1.0013232211466252,0.03667407990298227
12-01-2026,00.05,1058,3967.5,3.52053,0.00103147,0.518178,0.0926203,0.0,3413.119140643935,5.5946482574554395,0.012954450000000001,-0.007858214285714649,0.0031407076214285713,0.0,0.0,0.0031407076214285713,0.003141915444773245,0.0031431241974616527,0.007008443208124276,4.458655975771774,0.6138515884184703,4.458600901923235,1.0,0.0031407076214285713,49438.05533371084,0.027681653714123615,1.0013232211466252,0.03667407990298227
12-01-2026,00.05,1059,3971.25,3.52073,0.0010183,0.367739,0.0779241,0.0,3457.4585092801726,4.719194703564109,0.009193475,-0.007658214285714671,-0.0006202673785714301,0.0,0.0,-0.0006202673785714301,-0.0006202202909959525,-0.0006201732105692353,0.007008443208124276,4.458655975771774,0.6138515884184703,4.458602303611877,1.0,-0.0006202673785714301,-9782.129249826554,-0.0054772687285669815,1.0013232211466252,0.03667407990298227
12-01-2026,00.05,1060,3975.0,3.51992,0.00100507,0.484747,0.0895443,0.0,3502.1640283761326,5.4134880723842835,0.012118675,-0.008468214285714648,0.002304932621428571,0.0,0.0,0.002304932621428571,0.0023055830811799707,0.0023062339081588697,0.007008443208124276,4.458655975771774,0.6138515884184703,4.458596626772878,1.0,0.002304932621428571,36419.376001459816,0.020392156369254226,1.0013232211466252,0.03667407990298227
12-01-2026,00.05,1061,3978.75,3.51976,0.00100089,0.284162,0.0686962,0.0,3516.630199122781,4.13650245573991,0.007104050000000001,-0.008628214285714364,-0.002709692378571429,0.0,0.0,-0.002709692378571429,-0.002708793962772649,-0.0027078961425273914,0.007008443208124276,4.458655975771774,0.6138515884184703,4.458595505421965,1.0,-0.002709692378571429,-42895.65394825042,-0.024018392924663994,1.0013232211466252,0.03667407990298227
12-01-2026,00.05,1062,3982.5,3.52078,0.00102651,0.351024,0.0799747,0.0,3429.8545557276593,4.3891880807305315,0.008775600000000001,-0.007608214285714787,-0.0010381423785714283,0.0,0.0,-0.0010381423785714283,-0.00103801048000478,-0.0010378786149499548,0.007008443208124276,4.458655975771774,0.6138515884184703,4.4586026540340375,1.0,-0.0010381423785714283,-16465.25605524629,-0.009219325342777258,1.0013232211466252,0.03667407990298227
12-01-2026,00.05,1063,3986.25,3.52094,0.00103303,0.367739,0.0779241,0.0,3408.361809434382,4.719194703564109,0.009193475,-0.007448214285714627,-0.0006202673785714301,0.0,0.0,-0.0006202673785714301,-0.0006202202909959525,-0.0006201732105692353,0.007008443208124276,4.458655975771774,0.6138515884184703,4.45860377538495,1.0,-0.0006202673785714301,-9856.165914801286,-0.0055187237839518484,1.0013232211466252,0.03667407990298227
12-01-2026,00.05,1064,3990.0,3.52183,0.00104235,0.568324,0.0997975,0.0,3378.7403463328055,5.694771913124077,0.014208100000000001,-0.00655821428571457,0.004394357621428572,0.0,0.0,0.004394357621428572,0.004396722483793581,0.004399089892872264,0.007008443208124276,4.458655975771774,0.6138515884184703,4.458610012899405,1.0,0.004394357621428572,69958.612768905,0.0391716478311554,1.0013232211466252,0.03667407990298227
12-01-2026,00.05,1065,3993.75,3.52121,0.00104059,0.451316,0.0864684,0.0,3383.8591568244933,5.219432763876745,0.0112829,-0.007178214285714635,0.0014691576214285705,0.0,0.0,0.0014691576214285705,0.0014694218600571256,0.001469686193753238,0.007008443208124276,4.458655975771774,0.6138515884184703,4.458605667664616,1.0,0.0014691576214285705,23433.121450755287,0.013120814503366926,1.0013232211466252,0.03667407990298227
12-01-2026,00.05,1066,3997.5,3.52037,0.0010299,0.434601,0.0847595,0.0,3418.166812311875,5.127460638630478,0.010865025000000002,-0.008018214285714365,0.0010512826214285724,0.0,0.0,0.0010512826214285724,0.0010514179147240812,0.0010515532428468219,0.007008443208124276,4.458655975771774,0.6138515884184703,4.458599780572322,1.0,0.0010512826214285724,16799.50286094497,0.00940647882743493,1.0013232211466252,0.03667407990298227
12-01-2026,00.05,1067,4001.25,3.52068,0.00104926,0.384455,0.0796329,0.0,3355.3933248193966,4.827841256566067,0.009611374999999998,-0.007708214285714554,-0.00020236737857143132,0.0,0.0,-0.00020236737857143132,-0.00020236236610274562,-0.000202357353882363,0.007008443208124276,4.458655975771774,0.6138515884184703,4.458601953189716,1.0,-0.00020236737857143132,-3239.9020471276444,-0.0018141054685683123,1.0013232211466252,0.03667407990298227
12-01-2026,00.05,1068,4005.0,3.52078,0.0010269,0.468032,0.0878354,0.0,3428.551952478332,5.3285121943999805,0.0117008,-0.007608214285714787,0.001887057621428571,0.0,0.0,0.001887057621428571,0.0018874935868695712,0.0018879297537986283,0.007008443208124276,4.458655975771774,0.6138515884184703,4.4586026540340375,1.0,0.001887057621428571,30268.451424154817,0.016948093632131418,1.0013232211466252,0.03667407990298227
12-01-2026,00.05,1069,4008.75,3.52209,0.00105728,0.568324,0.0967215,0.0,3331.274591404358,5.875880750401928,0.014208100000000001,-0.006298214285714643,0.004394357621428572,0.0,0.0,0.004394357621428572,0.004396722483793581,0.004399089892872264,0.007008443208124276,4.458655975771774,0.6138515884184703,4.45861183509464,1.0,0.004394357621428572,70617.66341936254,0.03954066744090516,1.0013232211466252,0.03667407990298227
12-01-2026,00.05,1070,4012.5,3.52065,0.00103329,0.551609,0.0953544,0.0,3407.2235287286235,5.784830065523982,0.013790225,-0.007738214285714751,0.00397648262142857,0.0,0.0,0.00397648262142857,0.003978419003385564,0.0039803572721366,0.007008443208124276,4.458655975771774,0.6138515884184703,4.45860174293642,1.0,0.00397648262142857,64021.99153040958,0.03584757911027501,1.0013232211466252,0.03667407990298227
12-01-2026,00.05,1071,4016.25,3.52013,0.00102919,0.351024,0.0762152,0.0,3420.291685694576,4.605695451825882,0.008775600000000001,-0.008258214285714605,-0.0010381423785714283,0.0,0.0,-0.0010381423785714283,-0.00103801048000478,-0.0010378786149499548,0.007008443208124276,4.458655975771774,0.6138515884184703,4.458598098545952,1.0,-0.0010381423785714283,-16745.510700828978,-0.009376247211941162,1.0013232211466252,0.03667407990298227
12-01-2026,00.05,1072,4020.0,3.52146,0.00102677,0.300878,0.0707468,0.0,3429.6483146176843,4.252884936138454,0.0075219499999999995,-0.006928214285714773,-0.0022917923785714302,0.0665557,0.0016638924999999999,-0.00395568487857143,-0.0039537705584330824,-0.003951858090236485,0.007008443208124276,4.458655975771774,0.6138515884184703,4.458607419775419,1.0,-0.0022917923785714302,-37036.281554665744,-0.020737577842305614,1.0013232211466252,0.03667407990298227
12-01-2026,00.05,1073,4023.75,3.52134,0.00102651,0.367739,0.0816836,0.0,3430.4000935207646,4.501993056133667,0.009193475,-0.007048214285714671,-0.0006202673785714301,0.0665557,0.0016638924999999999,-0.00228415987857143,-0.002283521448974976,-0.002282883376164806,0.007008443208124276,4.458655975771774,0.6138515884184703,4.458606578762233,1.0,-0.0006202673785714301,-10042.47872863968,-0.005623045176861931,1.0013232211466252,0.03667407990298227
12-01-2026,00.05,1074,4027.5,3.52108,0.00105572,0.417885,0.0830506,0.0,3335.240404652749,5.031691522999232,0.010447125,-0.007308214285714598,0.0006333826214285701,0.0,0.0,0.0006333826214285701,0.0006334317288775994,0.0006334808439420209,0.007008443208124276,4.458655975771774,0.6138515884184703,4.4586047565669995,1.0,0.0006333826214285701,10273.945115178862,0.005752649230164327,1.0013232211466252,0.03667407990298227
12-01-2026,00.05,1075,4031.25,3.52105,0.00106608,0.367739,0.0779241,0.0,3302.8009155035265,4.719194703564109,0.009193475,-0.007338214285714795,-0.0006202673785714301,0.0,0.0,-0.0006202673785714301,-0.0006202202909959525,-0.0006201732105692353,0.007008443208124276,4.458655975771774,0.6138515884184703,4.458604546313703,1.0,-0.0006202673785714301,-10079.950631647625,-0.005644026670492159,1.0013232211466252,0.03667407990298227
12-01-2026,00.05,1076,4035.0,3.52145,0.00101543,0.334308,0.0745063,0.0,3467.939690574437,4.486976269120866,0.0083577,-0.006938214285714395,-0.0014560423785714306,0.0,0.0,-0.0014560423785714306,-0.0014557829295387668,-0.001455523572950951,0.007008443208124276,4.458655975771774,0.6138515884184703,4.458607349690987,1.0,-0.0014560423785714306,-23706.15357505664,-0.013273692294912823,1.0013232211466252,0.03667407990298227
12-01-2026,00.05,1077,4038.75,3.52114,0.00104666,0.40117,0.0813418,0.0,3364.1679246364624,4.931904629600034,0.010029250000000002,-0.007248214285714649,0.000215507621428572,0.0,0.0,0.000215507621428572,0.00021551330626719842,0.0002155189914057515,0.007008443208124276,4.458655975771774,0.6138515884184703,4.458605177073592,1.0,0.000215507621428572,3515.2529036628107,0.0019682815786325847,1.0013232211466252,0.03667407990298227
12-01-2026,00.05,1078,4042.5,3.52088,0.00102508,0.351024,0.0762152,0.0,3434.7368010301634,4.605695451825882,0.008775600000000001,-0.007508214285714576,-0.0010381423785714283,0.0,0.0,-0.0010381423785714283,-0.00103801048000478,-0.0010378786149499548,0.007008443208124276,4.458655975771774,0.6138515884184703,4.458603354878358,1.0,-0.0010381423785714283,-16965.121610528433,-0.00949921307524442,1.0013232211466252,0.03667407990298227
12-01-2026,00.05,1079,4046.25,3.52089,0.00104966,0.468032,0.0878354,0.0,3354.314730484157,5.3285121943999805,0.0117008,-0.007498214285714511,0.001887057621428571,0.0665557,0.0016638924999999999,0.0002231651214285712,0.00022317121744206837,0.00022317731378861398,0.007008443208124276,4.458655975771774,0.6138515884184703,4.45860342496279,1.0,0.001887057621428571,30895.169796979044,0.017299009558247338,1.0013232211466252,0.03667407990298227
12-01-2026,00.05,1080,4050.0,3.52079,0.00104196,0.534893,0.0967215,0.0,3379.006871664939,5.530238881737772,0.013372325,-0.007598214285714722,0.0035585826214285694,0.0,0.0,0.0035585826214285694,0.0035601333105204926,0.0035616853516591256,0.007008443208124276,4.458655975771774,0.6138515884184703,4.458602724118469,1.0,0.0035585826214285694,58369.65144798211,0.032682686806561626,1.0013232211466252,0.03667407990298227
12-01-2026,00.05,1081,4053.75,3.52039,0.00102782,0.334308,0.0745063,0.0,3425.103617364908,4.486976269120866,0.0083577,-0.007998214285714678,-0.0014560423785714306,0.0,0.0,-0.0014560423785714306,-0.0014557829295387668,-0.001455523572950951,0.007008443208124276,4.458655975771774,0.6138515884184703,4.458599920741186,1.0,-0.0014560423785714306,-23926.982877362945,-0.013397340367943041,1.0013232211466252,0.03667407990298227
12-01-2026,00.05,1082,4057.5,3.52084,0.00102638,0.367739,0.0779241,0.0,3430.3474346733183,4.719194703564109,0.009193475,-0.007548214285714394,-0.0006202673785714301,0.0,0.0,-0.0006202673785714301,-0.0006202202909959525,-0.0006201732105692353,0.007008443208124276,4.458655975771774,0.6138515884184703,4.45860307454063,1.0,-0.0006202673785714301,-10211.651810306143,-0.0057177695876995255,1.0013232211466252,0.03667407990298227
12-01-2026,00.05,1083,4061.25,3.52179,0.00104066,0.367739,0.0779241,0.0,3384.188880133762,4.719194703564109,0.009193475,-0.006598214285714388,-0.0006202673785714301,0.0,0.0,-0.0006202673785714301,-0.0006202202909959525,-0.0006201732105692353,0.007008443208124276,4.458655975771774,0.6138515884184703,4.458609732561677,1.0,-0.0006202673785714301,-10230.536044480305,-0.005728343361840457,1.0013232211466252,0.03667407990298227
12-01-2026,00.05,1084,4065.0,3.52229,0.00101582,0.40117,0.0813418,0.0,3467.435175523223,4.931904629600034,0.010029250000000002,-0.006098214285714665,0.000215507621428572,0.0,0.0,0.000215507621428572,0.00021551330626719842,0.0002155189914057515,0.007008443208124276,4.458655975771774,0.6138515884184703,4.458613236783282,1.0,0.000215507621428572,3561.096425700545,0.0019939505596132958,1.0013232211466252,0.03667407990298227
12-01-2026,00.05,1085,4068.75,3.52088,0.00100924,0.267447,0.0666456,0.0,3488.644920930601,4.012973099499442,0.006686175,-0.007508214285714576,-0.0031275673785714298,0.0,0.0,-0.0031275673785714298,-0.0031263705593794692,-0.0031251746558053615,0.007008443208124276,4.458655975771774,0.6138515884184703,4.458603354878358,1.0,-0.0031275673785714298,-51776.02275804494,-0.028990742516230836,1.0013232211466252,0.03667407990298227
12-01-2026,00.05,1086,4072.5,3.52121,0.00101556,0.417885,0.0830506,0.0,3467.2594430658946,5.031691522999232,0.010447125,-0.007178214285714635,0.0006333826214285701,0.0,0.0,0.0006333826214285701,0.0006334317288775994,0.0006334808439420209,0.007008443208124276,4.458655975771774,0.6138515884184703,4.458605667664616,1.0,0.0006333826214285701,10504.813080689577,0.0058819182119600995,1.0013232211466252,0.03667407990298227
12-01-2026,00.05,1087,4076.25,3.5219,0.00101745,0.351024,0.0762152,0.0,3461.4968794535357,4.605695451825882,0.008775600000000001,-0.006488214285714555,-0.0010381423785714283,0.0,0.0,-0.0010381423785714283,-0.00103801048000478,-0.0010378786149499548,0.007008443208124276,4.458655975771774,0.6138515884184703,4.45861050349043,1.0,-0.0010381423785714283,-17249.580732744336,-0.00965848914028889,1.0013232211466252,0.03667407990298227
12-01-2026,00.05,1088,4080.0,3.52244,0.00106093,0.568324,0.0967215,0.0,3320.143647554504,5.875880750401928,0.014208100000000001,-0.00594821428571457,0.004394357621428572,0.0,0.0,0.004394357621428572,0.004396722483793581,0.004399089892872264,0.007008443208124276,4.458655975771774,0.6138515884184703,4.458614288049763,1.0,0.004394357621428572,73150.23470934857,0.04095872001159196,1.0013232211466252,0.03667407990298227
12-01-2026,00.05,1089,4083.75,3.52257,0.00101856,0.250731,0.0645949,0.0,3458.382422243167,3.8815912711375047,0.006268274999999999,-0.005818214285714607,-0.0035454673785714303,0.0,0.0,-0.0035454673785714303,-0.0035439294364994402,-0.003542392828096618,0.007008443208124276,4.458655975771774,0.6138515884184703,4.4586151991473795,1.0,-0.0035454673785714303,-59127.80933057075,-0.033107199134661654,1.0013232211466252,0.03667407990298227
12-01-2026,00.05,1090,4087.5,3.52189,0.00103486,0.434601,0.0847595,0.0,3403.252613880138,5.127460638630478,0.010865025000000002,-0.006498214285714621,0.0010512826214285724,0.0,0.0,0.0010512826214285724,0.0010514179147240812,0.0010515532428468219,0.007008443208124276,4.458655975771774,0.6138515884184703,4.458610433405998,1.0,0.0010512826214285724,17564.468660427472,0.009834803085367123,1.0013232211466252,0.03667407990298227
12-01-2026,00.05,1091,4091.25,3.52355,0.00105259,0.417885,0.0864684,0.0,3347.5047264366945,4.832805973049114,0.010447125,-0.004838214285714404,0.0006333826214285701,0.0,0.0,0.0006333826214285701,0.0006334317288775994,0.0006334808439420209,0.007008443208124276,4.458655975771774,0.6138515884184703,4.458622067421723,1.0,0.0006333826214285701,10601.765156483716,0.005936204202193393,1.0013232211466252,0.03667407990298227
12-01-2026,00.05,1092,4095.0,3.52223,0.00103075,0.40117,0.0813418,0.0,3417.152558816396,4.931904629600034,0.010029250000000002,-0.006158214285714614,0.000215507621428572,0.0,0.0,0.000215507621428572,0.00021551330626719842,0.0002155189914057515,0.007008443208124276,4.458655975771774,0.6138515884184703,4.458612816276689,1.0,0.000215507621428572,3613.8526914262593,0.0020234901656761115,1.0013232211466252,0.03667407990298227
12-01-2026,00.05,1093,4098.75,3.52102,0.00101784,0.267447,0.0666456,0.0,3459.30598129372,4.012973099499442,0.006686175,-0.007368214285714547,-0.0031275673785714298,0.0,0.0,-0.0031275673785714298,-0.0031263705593794692,-0.0031251746558053615,0.007008443208124276,4.458655975771774,0.6138515884184703,4.458604336060407,1.0,-0.0031275673785714298,-52542.354954979404,-0.029419831855654312,1.0013232211466252,0.03667407990298227
12-01-2026,00.05,1094,4102.5,3.52173,0.00100767,0.451316,0.0864684,0.0,3494.923933430587,5.219432763876745,0.0112829,-0.006658214285714781,0.0014691576214285705,0.0,0.0,0.0014691576214285705,0.0014694218600571256,0.001469686193753238,0.007008443208124276,4.458655975771774,0.6138515884184703,4.458609312055085,1.0,0.0014691576214285705,24726.66652968869,0.013845104055149248,1.0013232211466252,0.03667407990298227
12-01-2026,00.05,1095,4106.25,3.5224,0.00102612,0.434601,0.0847595,0.0,3432.736911862161,5.127460638630478,0.010865025000000002,-0.005988214285714388,0.0010512826214285724,0.0,0.0,0.0010512826214285724,0.0010514179147240812,0.0010515532428468219,0.007008443208124276,4.458655975771774,0.6138515884184703,4.458614007712034,1.0,0.0010512826214285724,17725.980166289915,0.00992523758053389,1.0013232211466252,0.03667407990298227
12-01-2026,00.05,1096,4110.0,3.52124,0.00105872,0.417885,0.0830506,0.0,3325.9407586519574,5.031691522999232,0.010447125,-0.007148214285714438,0.0006333826214285701,0.0,0.0,0.0006333826214285701,0.0006334317288775994,0.0006334808439420209,0.007008443208124276,4.458655975771774,0.6138515884184703,4.458605877917913,1.0,0.0006333826214285701,10699.162579433549,0.005990739553888484,1.0013232211466252,0.03667407990298227
12-01-2026,00.05,1097,4113.75,3.52079,0.00103518,0.468032,0.0909114,0.0,3401.1379663440175,5.1482212351806265,0.0117008,-0.007598214285714722,0.001887057621428571,0.0,0.0,0.001887057621428571,0.0018874935868695712,0.0018879297537986283,0.007008443208124276,4.458655975771774,0.6138515884184703,4.458602724118469,1.0,0.001887057621428571,31934.561134861902,0.017880991816540452,1.0013232211466252,0.03667407990298227
12-01-2026,00.05,1098,4117.5,3.52132,0.00102436,0.284162,0.0727975,0.0,3437.580538092077,3.903458223153268,0.007104050000000001,-0.007068214285714802,-0.002709692378571429,0.0,0.0,-0.002709692378571429,-0.002708793962772649,-0.0027078961425273914,0.007008443208124276,4.458655975771774,0.6138515884184703,4.458606438593369,1.0,-0.002709692378571429,-45939.59958340166,-0.025722777298768172,1.0013232211466252,0.03667407990298227
12-01-2026,00.05,1099,4121.25,3.52068,0.00102632,0.367739,0.0779241,0.0,3430.3920804427466,4.719194703564109,0.009193475,-0.007708214285714554,-0.0006202673785714301,0.0,0.0,-0.0006202673785714301,-0.0006202202909959525,-0.0006201732105692353,0.007008443208124276,4.458655975771774,0.6138515884184703,4.458601953189716,1.0,-0.0006202673785714301,-10535.056313989948,-0.0058988521853084695,1.0013232211466252,0.03667407990298227
12-01-2026,00.05,1100,4125.0,3.52199,0.0010402,0.334308,0.0745063,0.0,3385.87771582388,4.486976269120866,0.0083577,-0.00639821428571441,-0.0014560423785714306,0.0,0.0,-0.0014560423785714306,-0.0014557829295387668,-0.001455523572950951,0.007008443208124276,4.458655975771774,0.6138515884184703,4.458611134250319,1.0,-0.0014560423785714306,-24775.471097879497,-0.013872431002926745,1.0013232211466252,0.03667407990298227
12-01-2026,00.05,1101,4128.75,3.52204,0.00102508,0.434601,0.0847595,0.0,3435.868420025754,5.127460638630478,0.010865025000000002,-0.006348214285714526,0.0010512826214285724,0.0665557,0.0016638924999999999,-0.0006126098785714275,-0.0006125639464139083,-0.0006125180211436595,0.007008443208124276,4.458655975771774,0.6138515884184703,4.458611484672479,1.0,0.0010512826214285724,17920.769695007864,0.010034305306695659,1.0013232211466252,0.03667407990298227
12-01-2026,00.05,1102,4132.5,3.52174,0.00104268,0.317593,0.0724557,0.0,3377.584685617831,4.3832714334414,0.007939825000000001,-0.006648214285714715,-0.0018739173785714287,0.0,0.0,-0.0018739173785714287,-0.0018734876614143474,-0.0018730581412931678,0.007008443208124276,4.458655975771774,0.6138515884184703,4.458609382139517,1.0,-0.0018739173785714287,-32001.92944040612,-0.01791871308394861,1.0013232211466252,0.03667407990298227
12-01-2026,00.05,1103,4136.25,3.52186,0.0010243,0.300878,0.0707468,0.0,3438.3090891340435,4.252884936138454,0.0075219499999999995,-0.006528214285714373,-0.0022917923785714302,0.0,0.0,-0.0022917923785714302,-0.0022911496758331244,-0.002290507333468653,0.007008443208124276,4.458655975771774,0.6138515884184703,4.458610223152702,1.0,-0.0022917923785714302,-39209.276726738564,-0.021954294387277917,1.0013232211466252,0.03667407990298227
12-01-2026,00.05,1104,4140.0,3.52057,0.00101602,0.200585,0.0577595,0.0,3465.0597429184463,3.472762056458245,0.005014625000000001,-0.007818214285714387,-0.004799117378571429,0.0,0.0,-0.004799117378571429,-0.004796299974568387,-0.004793485876634951,0.007008443208124276,4.458655975771774,0.6138515884184703,4.4586011822609635,1.0,-0.004799117378571429,-82254.95222176287,-0.04605668828001033,1.0013232211466252,0.03667407990298227
12-01-2026,00.05,1105,4143.75,3.52207,0.00100872,0.568324,0.0967215,0.0,3491.6230470298988,5.875880750401928,0.014208100000000001,-0.006318214285714774,0.004394357621428572,0.0,0.0,0.004394357621428572,0.004396722483793581,0.004399089892872264,0.007008443208124276,4.458655975771774,0.6138515884184703,4.458611694925776,1.0,0.004394357621428572,75454.03848803656,0.042248679699457045,1.0013232211466252,0.03667407990298227
12-01-2026,00.05,1106,4147.5,3.52385,0.000999982,0.451316,0.0864684,0.0,3523.913430441748,5.219432763876745,0.0112829,-0.004538214285714659,0.0014691576214285705,0.0,0.0,0.0014691576214285705,0.0014694218600571256,0.001469686193753238,0.007008443208124276,4.458655975771774,0.6138515884184703,4.458624169954686,1.0,0.0014691576214285705,25272.09129664405,0.014150501575825383,1.0013232211466252,0.03667407990298227
12-01-2026,00.05,1107,4151.25,3.5232,0.00103512,0.434601,0.0847595,0.0,3403.6633433804777,5.127460638630478,0.010865025000000002,-0.005188214285714476,0.0010512826214285724,0.0,0.0,0.0010512826214285724,0.0010514179147240812,0.0010515532428468219,0.007008443208124276,4.458655975771774,0.6138515884184703,4.458619614466601,1.0,0.0010512826214285724,18116.623647380005,0.010143969031361043,1.0013232211466252,0.03667407990298227
12-01-2026,00.05,1108,4155.0,3.52298,0.00101367,0.367739,0.0779241,0.0,3475.470320715815,4.719194703564109,0.009193475,-0.005408214285714585,-0.0006202673785714301,0.0,0.0,-0.0006202673785714301,-0.0006202202909959525,-0.0006201732105692353,0.007008443208124276,4.458655975771774,0.6138515884184703,4.458618072609095,1.0,-0.0006202673785714301,-10708.311530341634,-0.00599586228958623,1.0013232211466252,0.03667407990298227
12-01-2026,00.05,1109,4158.75,3.5216,0.000997114,0.250731,0.0645949,0.0,3531.79275388772,3.8815912711375047,0.006268274999999999,-0.006788214285714744,-0.0035454673785714303,0.0,0.0,-0.0035454673785714303,-0.0035439294364994402,-0.003542392828096618,0.007008443208124276,4.458655975771774,0.6138515884184703,4.458608400957468,1.0,-0.0035454673785714303,-61319.572945661384,-0.0343344246192932,1.0013232211466252,0.03667407990298227
12-01-2026,00.05,1110,4162.5,3.52219,0.00104157,0.417885,0.0830506,0.0,3381.6162139846583,5.031691522999232,0.010447125,-0.006198214285714432,0.0006333826214285701,0.0,0.0,0.0006333826214285701,0.0006334317288775994,0.0006334808439420209,0.007008443208124276,4.458655975771774,0.6138515884184703,4.45861253593896,1.0,0.0006333826214285701,10974.244610561362,0.006144765141611502,1.0013232211466252,0.03667407990298227
12-01-2026,00.05,1111,4166.25,3.52262,0.0010226,0.40117,0.0813418,0.0,3444.768237825151,4.931904629600034,0.010029250000000002,-0.005768214285714723,0.000215507621428572,0.0665557,0.0016638924999999999,-0.001448384878571428,-0.00144812815106888,-0.0014478715145605577,0.007008443208124276,4.458655975771774,0.6138515884184703,4.45861554956954,1.0,0.000215507621428572,3740.703507975043,0.0020945172389166497,1.0013232211466252,0.03667407990298227
12-01-2026,00.05,1112,4170.0,3.52175,0.00102358,0.384455,0.0796329,0.0,3440.6201762441624,4.827841256566067,0.009611374999999998,-0.00663821428571465,-0.00020236737857143132,0.0,0.0,-0.00020236737857143132,-0.00020236236610274562,-0.000202357353882363,0.007008443208124276,4.458655975771774,0.6138515884184703,4.458609452223949,1.0,-0.00020236737857143132,-3518.946109240762,-0.0019703495005444363,1.0013232211466252,0.03667407990298227
12-01-2026,00.05,1113,4173.75,3.52301,0.00104046,0.40117,0.0847595,0.0,3386.0119562501204,4.733038774414668,0.010029250000000002,-0.005378214285714389,0.000215507621428572,0.0,0.0,0.000215507621428572,0.00021551330626719842,0.0002155189914057515,0.007008443208124276,4.458655975771774,0.6138515884184703,4.458618282862392,1.0,0.000215507621428572,3754.1835096954005,0.0021020650426716706,1.0013232211466252,0.03667407990298227
12-01-2026,00.05,1114,4177.5,3.52263,0.00101458,0.434601,0.0847595,0.0,3472.008121587258,5.127460638630478,0.010865025000000002,-0.005758214285714658,0.0010512826214285724,0.0,0.0,0.0010512826214285724,0.0010514179147240812,0.0010515532428468219,0.007008443208124276,4.458655975771774,0.6138515884184703,4.458615619653973,1.0,0.0010512826214285724,18346.465238377114,0.010272663319357172,1.0013232211466252,0.03667407990298227
12-01-2026,00.05,1115,4181.25,3.52248,0.00102149,0.367739,0.0779241,0.0,3448.374433425682,4.719194703564109,0.009193475,-0.005908214285714752,-0.0006202673785714301,0.0,0.0,-0.0006202673785714301,-0.0006202202909959525,-0.0006201732105692353,0.007008443208124276,4.458655975771774,0.6138515884184703,4.458614568387491,1.0,-0.0006202673785714301,-10844.042508625307,-0.006071861596471707,1.0013232211466252,0.03667407990298227
12-01-2026,00.05,1116,4185.0,3.52352,0.00103297,0.234016,0.0622025,0.0,3411.057436324385,3.762163900164784,0.0058504,-0.0048682142857146005,-0.003963342378571429,0.0,0.0,-0.003963342378571429,-0.003961420641495357,-0.00395950076713172,0.007008443208124276,4.458655975771774,0.6138515884184703,4.458621857168428,1.0,-0.003963342378571429,-69414.8701703352,-0.03886719220033361,1.0013232211466252,0.03667407990298227
12-01-2026,00.05,1117,4188.75,3.52404,0.00102247,0.468032,0.0878354,0.0,3446.5950101225462,5.3285121943999805,0.0117008,-0.0043482142857147466,0.001887057621428571,0.0,0.0,0.001887057621428571,0.0018874935868695712,0.0018879297537986283,0.007008443208124276,4.458655975771774,0.6138515884184703,4.458625501558895,1.0,0.001887057621428571,33109.60832750521,0.018538931318103438,1.0013232211466252,0.03667407990298227
12-01-2026,00.05,1118,4192.5,3.52291,0.00100324,0.351024,0.0762152,0.0,3511.532634264981,4.605695451825882,0.008775600000000001,-0.0054782142857146,-0.0010381423785714283,0.0,0.0,-0.0010381423785714283,-0.00103801048000478,-0.0010378786149499548,0.007008443208124276,4.458655975771774,0.6138515884184703,4.4586175820180705,1.0,-0.0010381423785714283,-18247.48698365879,-0.010217242818816717,1.0013232211466252,0.03667407990298227
12-01-2026,00.05,1119,4196.25,3.5223,0.00101172,0.417885,0.0864684,0.0,3481.4968568378604,4.832805973049114,0.010447125,-0.006088214285714599,0.0006333826214285701,0.0,0.0,0.0006333826214285701,0.0006334317288775994,0.0006334808439420209,0.007008443208124276,4.458655975771774,0.6138515884184703,4.458613306867713,1.0,0.0006333826214285701,11152.92679636809,0.006244813947313853,1.0013232211466252,0.03667407990298227
12-01-2026,00.05,1120,4200.0,3.52324,0.00103584,0.434601,0.0847595,0.0,3401.3361136855115,5.127460638630478,0.010865025000000002,-0.0051482142857146584,0.0010512826214285724,0.0,0.0,0.0010512826214285724,0.0010514179147240812,0.0010515532428468219,0.007008443208124276,4.458655975771774,0.6138515884184703,4.458619894804329,1.0,0.0010512826214285724,18544.62544200002,0.010383618374113727,1.0013232211466252,0.03667407990298227
12-01-2026,00.05,1121,4203.75,3.52479,0.001058,0.468032,0.0878354,0.0,3331.5595463137997,5.3285121943999805,0.0117008,-0.003598214285714718,0.001887057621428571,0.0,0.0,0.001887057621428571,0.0018874935868695712,0.0018879297537986283,0.007008443208124276,4.458655975771774,0.6138515884184703,4.458630757891302,1.0,0.001887057621428571,33347.16529382279,0.018671945645519692,1.0013232211466252,0.03667407990298227
12-01-2026,00.05,1122,4207.5,3.52319,0.00103681,0.284162,0.0686962,0.0,3398.105728146912,4.13650245573991,0.007104050000000001,-0.005198214285714542,-0.002709692378571429,0.0,0.0,-0.002709692378571429,-0.002708793962772649,-0.0027078961425273914,0.007008443208124276,4.458655975771774,0.6138515884184703,4.458619544382168,1.0,-0.002709692378571429,-47969.836598046306,-0.026859559836382822,1.0013232211466252,0.03667407990298227
12-01-2026,00.05,1123,4211.25,3.52179,0.00103069,0.468032,0.0878354,0.0,3416.924584501645,5.3285121943999805,0.0117008,-0.006598214285714388,0.001887057621428571,0.0,0.0,0.001887057621428571,0.0018874935868695712,0.0018879297537986283,0.007008443208124276,4.458655975771774,0.6138515884184703,4.458609732561677,1.0,0.001887057621428571,33466.262217955205,0.01873863111261578,1.0013232211466252,0.03667407990298227
12-01-2026,00.05,1124,4215.0,3.52294,0.00104418,0.417885,0.0830506,0.0,3373.881897757092,5.031691522999232,0.010447125,-0.005448214285714403,0.0006333826214285701,0.0,0.0,0.0006333826214285701,0.0006334317288775994,0.0006334808439420209,0.007008443208124276,4.458655975771774,0.6138515884184703,4.458617792271367,1.0,0.0006333826214285701,11252.818163389798,0.006300745723195011,1.0013232211466252,0.03667407990298227
12-01-2026,00.05,1125,4218.75,3.52307,0.00102893,0.334308,0.0745063,0.0,3424.013295365088,4.486976269120866,0.0083577,-0.00531821428571444,-0.0014560423785714306,0.0,0.0,-0.0014560423785714306,-0.0014557829295387668,-0.001455523572950951,0.007008443208124276,4.458655975771774,0.6138515884184703,4.458618703368984,1.0,-0.0014560423785714306,-25914.426122523753,-0.014510161560396003,1.0013232211466252,0.03667407990298227
12-01-2026,00.05,1126,4222.5,3.52262,0.00100135,0.334308,0.0745063,0.0,3517.870874319668,4.486976269120866,0.0083577,-0.005768214285714723,-0.0014560423785714306,0.0,0.0,-0.0014560423785714306,-0.0014557829295387668,-0.001455523572950951,0.007008443208124276,4.458655975771774,0.6138515884184703,4.45861554956954,1.0,-0.0014560423785714306,-25960.516689004187,-0.01453596886798905,1.0013232211466252,0.03667407990298227
12-01-2026,00.05,1127,4226.25,3.52251,0.00101387,0.284162,0.0686962,0.0,3474.321165435411,4.13650245573991,0.007104050000000001,-0.005878214285714556,-0.002709692378571429,0.0,0.0,-0.002709692378571429,-0.002708793962772649,-0.0027078961425273914,0.007008443208124276,4.458655975771774,0.6138515884184703,4.458614778640787,1.0,-0.002709692378571429,-48398.327874879615,-0.02709948325296459,1.0013232211466252,0.03667407990298227
12-01-2026,00.05,1128,4230.0,3.52305,0.00103825,0.468032,0.0878354,0.0,3393.2578858656398,5.3285121943999805,0.0117008,-0.005338214285714571,0.001887057621428571,0.0,0.0,0.001887057621428571,0.0018874935868695712,0.0018879297537986283,0.007008443208124276,4.458655975771774,0.6138515884184703,4.45861856320012,1.0,0.001887057621428571,33764.93331445928,0.018905864831904203,1.0013232211466252,0.03667407990298227
12-01-2026,00.05,1129,4233.75,3.52394,0.00102703,0.267447,0.0666456,0.0,3431.1948044360925,4.012973099499442,0.006686175,-0.0044482142857145135,-0.0031275673785714298,0.0,0.0,-0.0031275673785714298,-0.0031263705593794692,-0.0031251746558053615,0.007008443208124276,4.458655975771774,0.6138515884184703,4.458624800714575,1.0,-0.0031275673785714298,-56060.51640454218,-0.03138974200482574,1.0013232211466252,0.03667407990298227
12-01-2026,00.05,1130,4237.5,3.52399,0.0010316,0.40117,0.0813418,0.0,3416.0430399379607,4.931904629600034,0.010029250000000002,-0.00439821428571463,0.000215507621428572,0.0,0.0,0.000215507621428572,0.00021551330626719842,0.0002155189914057515,0.007008443208124276,4.458655975771774,0.6138515884184703,4.458625151136736,1.0,0.000215507621428572,3869.742400342644,0.002166769472748718,1.0013232211466252,0.03667407990298227
12-01-2026,00.05,1131,4241.25,3.52348,0.0010093,0.434601,0.0847595,0.0,3491.013573763995,5.127460638630478,0.010865025000000002,-0.004908214285714418,0.0010512826214285724,0.0,0.0,0.0010512826214285724,0.0010514179147240812,0.0010515532428468219,0.007008443208124276,4.458655975771774,0.6138515884184703,4.458621576830699,1.0,0.0010512826214285724,18910.68369341054,0.010588583915058744,1.0013232211466252,0.03667407990298227
12-01-2026,00.05,1132,4245.0,3.52386,0.00103786,0.434601,0.0847595,0.0,3395.3134334110573,5.127460638630478,0.010865025000000002,-0.0045282142857145935,0.0010512826214285724,0.0,0.0,0.0010512826214285724,0.0010514179147240812,0.0010515532428468219,0.007008443208124276,4.458655975771774,0.6138515884184703,4.458624240039118,1.0,0.0010512826214285724,18944.13912020841,0.010607316479137681,1.0013232211466252,0.03667407990298227
12-01-2026,00.05,1133,4248.75,3.52403,0.00101152,0.234016,0.0622025,0.0,3483.8955235684916,3.762163900164784,0.0058504,-0.004358214285714368,-0.003963342378571429,0.0,0.0,-0.003963342378571429,-0.003961420641495357,-0.00395950076713172,0.007008443208124276,4.458655975771774,0.6138515884184703,4.458625431474464,1.0,-0.003963342378571429,-71545.76739289658,-0.04006033700785419,1.0013232211466252,0.03667407990298227
12-01-2026,00.05,1134,4252.5,3.52354,0.0010125,0.40117,0.0813418,0.0,3480.03950617284,4.931904629600034,0.010029250000000002,-0.0048482142857144694,0.000215507621428572,0.0,0.0,0.000215507621428572,0.00021551330626719842,0.0002155189914057515,0.007008443208124276,4.458655975771774,0.6138515884184703,4.458621997337292,1.0,0.000215507621428572,3897.187295931573,0.002182136583990955,1.0013232211466252,0.03667407990298227
12-01-2026,00.05,1135,4256.25,3.52368,0.00100076,0.367739,0.0779241,0.0,3521.0040369319318,4.719194703564109,0.009193475,-0.0047082142857144405,-0.0006202673785714301,0.0,0.0,-0.0006202673785714301,-0.0006202202909959525,-0.0006201732105692353,0.007008443208124276,4.458655975771774,0.6138515884184703,4.45862297851934,1.0,-0.0006202673785714301,-11236.55545912754,-0.006291639811872158,1.0013232211466252,0.03667407990298227
12-01-2026,00.05,1136,4260.0,3.52372,0.00101387,0.267447,0.0666456,0.0,3475.5146123270238,4.012973099499442,0.006686175,-0.0046682142857146225,-0.0031275673785714298,0.0,0.0,-0.0031275673785714298,-0.0031263705593794692,-0.0031251746558053615,0.007008443208124276,4.458655975771774,0.6138515884184703,4.458623258857069,1.0,-0.0031275673785714298,-56757.84175936288,-0.031780192617575934,1.0013232211466252,0.03667407990298227
12-01-2026,00.05,1137,4263.75,3.5234,0.0010301,0.234016,0.0622025,0.0,3420.444617027473,3.762163900164784,0.0058504,-0.004988214285714498,-0.003963342378571429,0.0,0.0,-0.003963342378571429,-0.003961420641495357,-0.00395950076713172,0.007008443208124276,4.458655975771774,0.6138515884184703,4.458621016155242,1.0,-0.003963342378571429,-72051.83667286043,-0.04034369836721095,1.0013232211466252,0.03667407990298227
12-01-2026,00.05,1138,4267.5,3.52319,0.00101608,0.384455,0.0796329,0.0,3467.4336666404224,4.827841256566067,0.009611374999999998,-0.005198214285714542,-0.00020236737857143132,0.0,0.0,-0.00020236737857143132,-0.00020236236610274562,-0.000202357353882363,0.007008443208124276,4.458655975771774,0.6138515884184703,4.458619544382168,1.0,-0.00020236737857143132,-3685.424898018666,-0.0020635653066798025,1.0013232211466252,0.03667407990298227
12-01-2026,00.05,1139,4271.25,3.52352,0.00101126,0.417885,0.0830506,0.0,3484.286929177462,5.031691522999232,0.010447125,-0.0048682142857146005,0.0006333826214285701,0.0,0.0,0.0006333826214285701,0.0006334317288775994,0.0006334808439420209,0.007008443208124276,4.458655975771774,0.6138515884184703,4.458621857168428,1.0,0.0006333826214285701,11555.164347389073,0.0064700372196092645,1.0013232211466252,0.03667407990298227
12-01-2026,00.05,1140,4275.0,3.52389,0.000988183,0.234016,0.0622025,0.0,3566.0297738374375,3.762163900164784,0.0058504,-0.004498214285714397,-0.003963342378571429,0.0,0.0,-0.003963342378571429,-0.003961420641495357,-0.00395950076713172,0.007008443208124276,4.458655975771774,0.6138515884184703,4.458624450292414,1.0,-0.003963342378571429,-72432.55905737948,-0.04055687473789003,1.0013232211466252,0.03667407990298227
12-01-2026,00.05,1141,4278.75,3.52349,0.000984858,0.284162,0.0686962,0.0,3577.662972733125,4.13650245573991,0.007104050000000001,-0.004898214285714797,-0.002709692378571429,0.0,0.0,-0.002709692378571429,-0.002708793962772649,-0.0027078961425273914,0.007008443208124276,4.458655975771774,0.6138515884184703,4.458621646915131,1.0,-0.002709692378571429,-49608.23939306649,-0.027776944197678184,1.0013232211466252,0.03667407990298227
12-01-2026,00.05,1142,4282.5,3.52478,0.00100663,0.451316,0.0864684,0.0,3501.564626526132,5.219432763876745,0.0112829,-0.0036082142857147836,0.0014691576214285705,0.0,0.0,0.0014691576214285705,0.0014694218600571256,0.001469686193753238,0.007008443208124276,4.458655975771774,0.6138515884184703,4.4586306878068696,1.0,0.0014691576214285705,26944.06612771083,0.015086683793752581,1.0013232211466252,0.03667407990298227
12-01-2026,00.05,1143,4286.25,3.52533,0.00101595,0.451316,0.0864684,0.0,3469.98375904326,5.219432763876745,0.0112829,-0.003058214285714733,0.0014691576214285705,0.0,0.0,0.0014691576214285705,0.0014694218600571256,0.001469686193753238,0.007008443208124276,4.458655975771774,0.6138515884184703,4.458634542450634,1.0,0.0014691576214285705,26991.274294093142,0.015113116874614134,1.0013232211466252,0.03667407990298227
12-01-2026,00.05,1144,4290.0,3.52382,0.00103851,0.300878,0.0707468,0.0,3393.149801157427,4.252884936138454,0.0075219499999999995,-0.0045682142857144115,-0.0022917923785714302,0.0,0.0,-0.0022917923785714302,-0.0022911496758331244,-0.002290507333468653,0.007008443208124276,4.458655975771774,0.6138515884184703,4.45862395970139,1.0,-0.0022917923785714302,-42178.37611446646,-0.02361677039971639,1.0013232211466252,0.03667407990298227
12-01-2026,00.05,1145,4293.75,3.52491,0.0010183,0.351024,0.0762152,0.0,3461.563389963665,4.605695451825882,0.008775600000000001,-0.003478214285714376,-0.0010381423785714283,0.0,0.0,-0.0010381423785714283,-0.00103801048000478,-0.0010378786149499548,0.007008443208124276,4.458655975771774,0.6138515884184703,4.4586315989044865,1.0,-0.0010381423785714283,-19139.492979374158,-0.010716700188602817,1.0013232211466252,0.03667407990298227
12-01-2026,00.05,1146,4297.5,3.52514,0.00101569,0.267447,0.0666456,0.0,3470.684953086079,4.012973099499442,0.006686175,-0.0032482142857146457,-0.0031275673785714298,0.0,0.0,-0.0031275673785714298,-0.0031263705593794692,-0.0031251746558053615,0.007008443208124276,4.458655975771774,0.6138515884184703,4.458633210846425,1.0,-0.0031275673785714298,-57761.49767844257,-0.03234216568493382,1.0013232211466252,0.03667407990298227
12-01-2026,00.05,1147,4301.25,3.52489,0.00101582,0.317593,0.0724557,0.0,3469.9946840975767,4.3832714334414,0.007939825000000001,-0.003498214285714507,-0.0018739173785714287,0.0,0.0,-0.0018739173785714287,-0.0018734876614143474,-0.0018730581412931678,0.007008443208124276,4.458655975771774,0.6138515884184703,4.458631458735622,1.0,-0.0018739173785714287,-34668.87986960126,-0.019412008031643953,1.0013232211466252,0.03667407990298227
12-01-2026,00.05,1148,4305.0,3.52401,0.00100963,0.18387,0.0553671,0.0,3490.3974723413526,3.320925242607975,0.00459675,-0.004378214285714499,-0.00521699237857143,0.0,0.0,-0.00521699237857143,-0.005213663142527839,-0.005210338152894126,0.007008443208124276,4.458655975771774,0.6138515884184703,4.4586252913056,1.0,-0.00521699237857143,-96686.65017687377,-0.05413737152298165,1.0013232211466252,0.03667407990298227
12-01-2026,00.05,1149,4308.75,3.52383,0.00102638,0.501463,0.0909114,0.0,3433.260585747969,5.515952894796472,0.012536575,-0.00455821428571479,0.0027228326214285697,0.0,0.0,0.0027228326214285697,0.002723740375220034,0.0027246487344778397,0.007008443208124276,4.458655975771774,0.6138515884184703,4.458624029785822,1.0,0.0027228326214285697,50550.276791849334,0.028304415452015303,1.0013232211466252,0.03667407990298227
12-01-2026,00.05,1150,4312.5,3.52463,0.00103192,0.300878,0.0707468,0.0,3415.6039227847123,4.252884936138454,0.0075219499999999995,-0.003758214285714434,-0.0022917923785714302,0.0,0.0,-0.0022917923785714302,-0.0022911496758331244,-0.002290507333468653,0.007008443208124276,4.458655975771774,0.6138515884184703,4.458629636540389,1.0,-0.0022917923785714302,-42621.966853041326,-0.02386514839786246,1.0013232211466252,0.03667407990298227
12-01-2026,00.05,1151,4316.25,3.52294,0.00100324,0.317593,0.0724557,0.0,3511.562537378892,4.3832714334414,0.007939825000000001,-0.005448214285714403,-0.0018739173785714287,0.0,0.0,-0.0018739173785714287,-0.0018734876614143474,-0.0018730581412931678,0.007008443208124276,4.458655975771774,0.6138515884184703,4.458617792271367,1.0,-0.0018739173785714287,-34911.107114748855,-0.01954763736971239,1.0013232211466252,0.03667407990298227
12-01-2026,00.05,1152,4320.0,3.52369,0.00103062,0.300878,0.0707468,0.0,3419.0002134637402,4.252884936138454,0.0075219499999999995,-0.004698214285714375,-0.0022917923785714302,0.0,0.0,-0.0022917923785714302,-0.0022911496758331244,-0.002290507333468653,0.007008443208124276,4.458655975771774,0.6138515884184703,4.458623048603773,1.0,-0.0022917923785714302,-42770.34608585146,-0.023948229791604433,1.0013232211466252,0.03667407990298227
12-01-2026,00.05,1153,4323.75,3.52519,0.00100715,0.300878,0.0707468,0.0,3500.1638286253287,4.252884936138454,0.0075219499999999995,-0.003198214285714762,-0.0022917923785714302,0.0,0.0,-0.0022917923785714302,-0.0022911496758331244,-0.002290507333468653,0.007008443208124276,4.458655975771774,0.6138515884184703,4.458633561268585,1.0,-0.0022917923785714302,-42844.6323872475,-0.02398982462491791,1.0013232211466252,0.03667407990298227
12-01-2026,00.05,1154,4327.5,3.5244,0.00100448,0.300878,0.0707468,0.0,3508.6811086333223,4.252884936138454,0.0075219499999999995,-0.0039882142857146086,-0.0022917923785714302,0.0,0.0,-0.0022917923785714302,-0.0022911496758331244,-0.002290507333468653,0.007008443208124276,4.458655975771774,0.6138515884184703,4.45862802459845,1.0,-0.0022917923785714302,-42918.983145304184,-0.024031455549193045,1.0013232211466252,0.03667407990298227
12-01-2026,00.05,1155,4331.25,3.52467,0.00101765,0.317593,0.0724557,0.0,3463.5385446862874,4.3832714334414,0.007939825000000001,-0.003718214285714616,-0.0018739173785714287,0.0,0.0,-0.0018739173785714287,-0.0018734876614143474,-0.0018730581412931678,0.007008443208124276,4.458655975771774,0.6138515884184703,4.458629916878117,1.0,-0.0018739173785714287,-35154.1776227168,-0.019683738872578273,1.0013232211466252,0.03667407990298227
12-01-2026,00.05,1156,4335.0,3.52472,0.00099053,0.334308,0.0745063,0.0,3558.4182205485945,4.486976269120866,0.0083577,-0.0036682142857147326,-0.0014560423785714306,0.0,0.0,-0.0014560423785714306,-0.0014557829295387668,-0.001455523572950951,0.007008443208124276,4.458655975771774,0.6138515884184703,4.458630267300277,1.0,-0.0014560423785714306,-27362.2759876495,-0.015320850377460424,1.0013232211466252,0.03667407990298227
12-01-2026,00.05,1157,4338.75,3.52441,0.000996853,0.300878,0.0707468,0.0,3535.5363328394455,4.252884936138454,0.0075219499999999995,-0.003978214285714543,-0.0022917923785714302,0.0,0.0,-0.0022917923785714302,-0.0022911496758331244,-0.002290507333468653,0.007008443208124276,4.458655975771774,0.6138515884184703,4.458628094682883,1.0,-0.0022917923785714302,-43142.42215943812,-0.02415656486778842,1.0013232211466252,0.03667407990298227
12-01-2026,00.05,1158,4342.5,3.52472,0.00101921,0.317593,0.0724557,0.0,3458.2863197967054,4.3832714334414,0.007939825000000001,-0.0036682142857147326,-0.0018739173785714287,0.0,0.0,-0.0018739173785714287,-0.0018734876614143474,-0.0018730581412931678,0.007008443208124276,4.458655975771774,0.6138515884184703,4.458630267300277,1.0,-0.0018739173785714287,-35337.03389491862,-0.019786124857876015,1.0013232211466252,0.03667407990298227
12-01-2026,00.05,1159,4346.25,3.52601,0.00101282,0.267447,0.0666456,0.0,3481.378724748721,4.012973099499442,0.006686175,-0.0023782142857147193,-0.0031275673785714298,0.0,0.0,-0.0031275673785714298,-0.0031263705593794692,-0.0031251746558053615,0.007008443208124276,4.458655975771774,0.6138515884184703,4.458639308192016,1.0,-0.0031275673785714298,-59079.40081670825,-0.03308009394800915,1.0013232211466252,0.03667407990298227
12-01-2026,00.05,1160,4350.0,3.52656,0.000995093,0.451316,0.0864684,0.0,3543.950163452059,5.219432763876745,0.0112829,-0.0018282142857146688,0.0014691576214285705,0.0,0.0,0.0014691576214285705,0.0014694218600571256,0.001469686193753238,0.007008443208124276,4.458655975771774,0.6138515884184703,4.45864316283578,1.0,0.0014691576214285705,27800.135091482127,0.015566019084159258,1.0013232211466252,0.03667407990298227
12-01-2026,00.05,1161,4353.75,3.5256,0.00102795,0.234016,0.0666456,0.0,3429.7388005253174,3.5113495864693243,0.0058504,-0.0027882142857147407,-0.003963342378571429,0.0,0.0,-0.003963342378571429,-0.003961420641495357,-0.00395950076713172,0.007008443208124276,4.458655975771774,0.6138515884184703,4.4586364347303,1.0,-0.003963342378571429,-75125.70593812097,-0.04206483776051975,1.0013232211466252,0.03667407990298227
12-01-2026,00.05,1162,4357.5,3.52481,0.00101654,0.267447,0.0666456,0.0,3467.458240698841,4.012973099499442,0.006686175,-0.003578214285714587,-0.0031275673785714298,0.0,0.0,-0.0031275673785714298,-0.0031263705593794692,-0.0031251746558053615,0.007008443208124276,4.458655975771774,0.6138515884184703,4.458630898060166,1.0,-0.0031275673785714298,-59385.643418134714,-0.03325156714993785,1.0013232211466252,0.03667407990298227
12-01-2026,00.05,1163,4361.25,3.52516,0.00101106,0.284162,0.0686962,0.0,3486.59822364647,4.13650245573991,0.007104050000000001,-0.0032282142857145146,-0.002709692378571429,0.0,0.0,-0.002709692378571429,-0.002708793962772649,-0.0027078961425273914,0.007008443208124276,4.458655975771774,0.6138515884184703,4.458633351015289,1.0,-0.002709692378571429,-51539.70812051221,-0.028858423801030497,1.0013232211466252,0.03667407990298227
12-01-2026,00.05,1164,4365.0,3.52559,0.00101687,0.40117,0.0813418,0.0,3467.100022618427,4.931904629600034,0.010029250000000002,-0.0027982142857148062,0.000215507621428572,0.0665557,0.0016638924999999999,-0.001448384878571428,-0.00144812815106888,-0.0014478715145605577,0.007008443208124276,4.458655975771774,0.6138515884184703,4.458636364645868,1.0,0.000215507621428572,4106.115200293403,0.002299120754600475,1.0013232211466252,0.03667407990298227
12-01-2026,00.05,1165,4368.75,3.52557,0.00100487,0.317593,0.0724557,0.0,3508.483684456696,4.3832714334414,0.007939825000000001,-0.002818214285714493,-0.0018739173785714287,0.0,0.0,-0.0018739173785714287,-0.0018734876614143474,-0.0018730581412931678,0.007008443208124276,4.458655975771774,0.6138515884184703,4.458636224477004,1.0,-0.0018739173785714287,-35765.54316747573,-0.020026058350731842,1.0013232211466252,0.03667407990298227
12-01-2026,00.05,1166,4372.5,3.52507,0.00101771,0.317593,0.0724557,0.0,3463.7273879592417,4.3832714334414,0.007939825000000001,-0.00331821428571466,-0.0018739173785714287,0.0,0.0,-0.0018739173785714287,-0.0018734876614143474,-0.0018730581412931678,0.007008443208124276,4.458655975771774,0.6138515884184703,4.4586327202554,1.0,-0.0018739173785714287,-35826.96959354612,-0.020060452605196323,1.0013232211466252,0.03667407990298227
12-01-2026,00.05,1167,4376.25,3.52569,0.00100546,0.434601,0.0847595,0.0,3506.544268295109,5.127460638630478,0.010865025000000002,-0.002698214285714595,0.0010512826214285724,0.0,0.0,0.0010512826214285724,0.0010514179147240812,0.0010515532428468219,0.007008443208124276,4.458655975771774,0.6138515884184703,4.458637065490189,1.0,0.0010512826214285724,20133.706472082238,0.011273386195713782,1.0013232211466252,0.03667407990298227
12-01-2026,00.05,1168,4380.0,3.52669,0.00101889,0.417885,0.0830506,0.0,3461.3059309640885,5.031691522999232,0.010447125,-0.0016982142857147053,0.0006333826214285701,0.0,0.0,0.0006333826214285701,0.0006334317288775994,0.0006334808439420209,0.007008443208124276,4.458655975771774,0.6138515884184703,4.458644073933397,1.0,0.0006333826214285701,12151.06556253426,0.006803697817181892,1.0013232211466252,0.03667407990298227
12-01-2026,00.05,1169,4383.75,3.5265,0.00101732,0.367739,0.0779241,0.0,3466.460897259466,4.719194703564109,0.009193475,-0.0018882142857146178,-0.0006202673785714301,0.0,0.0,-0.0006202673785714301,-0.0006202202909959525,-0.0006201732105692353,0.007008443208124276,4.458655975771774,0.6138515884184703,4.458642742329188,1.0,-0.0006202673785714301,-11919.842003361828,-0.006674229729241265,1.0013232211466252,0.03667407990298227
12-01-2026,00.05,1170,4387.5,3.52508,0.00101726,0.300878,0.0707468,0.0,3465.2694493049953,4.252884936138454,0.0075219499999999995,-0.0033082142857145946,-0.0022917923785714302,0.0,0.0,-0.0022917923785714302,-0.0022911496758331244,-0.002290507333468653,0.007008443208124276,4.458655975771774,0.6138515884184703,4.458632790339832,1.0,-0.0022917923785714302,-44117.361380059185,-0.024702458708381038,1.0013232211466252,0.03667407990298227
12-01-2026,00.05,1171,4391.25,3.52518,0.00100148,0.234016,0.0622025,0.0,3519.9704437432606,3.762163900164784,0.0058504,-0.0032082142857143836,-0.003963342378571429,0.0,0.0,-0.003963342378571429,-0.003961420641495357,-0.00395950076713172,0.007008443208124276,4.458655975771774,0.6138515884184703,4.458633491184153,1.0,-0.003963342378571429,-76425.43452939374,-0.04279258962177521,1.0013232211466252,0.03667407990298227
12-01-2026,00.05,1172,4395.0,3.52584,0.00100161,0.367739,0.0779241,0.0,3520.172522239195,4.719194703564109,0.009193475,-0.0025482142857145007,-0.0006202673785714301,0.0,0.0,-0.0006202673785714301,-0.0006202202909959525,-0.0006201732105692353,0.007008443208124276,4.458655975771774,0.6138515884184703,4.458638116756671,1.0,-0.0006202673785714301,-11981.10019117021,-0.006708529782724762,1.0013232211466252,0.03667407990298227
12-01-2026,00.05,1173,4398.75,3.52612,0.00101061,0.40117,0.0813418,0.0,3489.1006421864026,4.931904629600034,0.010029250000000002,-0.0022682142857144427,0.000215507621428572,0.0,0.0,0.000215507621428572,0.00021551330626719842,0.0002155189914057515,0.007008443208124276,4.458655975771774,0.6138515884184703,4.4586400791207685,1.0,0.000215507621428572,4169.857303752098,0.002334811617095834,1.0013232211466252,0.03667407990298227
12-01-2026,00.05,1174,4402.5,3.52455,0.00100363,0.18387,0.0553671,0.0,3511.802158165858,3.320925242607975,0.00459675,-0.003838214285714514,-0.00521699237857143,0.0,0.0,-0.00521699237857143,-0.005213663142527839,-0.005210338152894126,0.007008443208124276,4.458655975771774,0.6138515884184703,4.458629075864931,1.0,-0.00521699237857143,-101115.77888767382,-0.056617355947936314,1.0013232211466252,0.03667407990298227
12-01-2026,00.05,1175,4406.25,3.52507,0.0010181,0.267447,0.0707468,0.0,3462.4005500441995,3.7803405949103,0.006686175,-0.00331821428571466,-0.0031275673785714298,0.0,0.0,-0.0031275673785714298,-0.0031263705593794692,-0.0031251746558053615,0.007008443208124276,4.458655975771774,0.6138515884184703,4.4586327202554,1.0,-0.0031275673785714298,-60721.842825565036,-0.0339997399702446,1.0013232211466252,0.03667407990298227
12-01-2026,00.05,1176,4410.0,3.52611,0.00101113,0.334308,0.0745063,0.0,3487.2963911663187,4.486976269120866,0.0083577,-0.0022782142857145082,-0.0014560423785714306,0.0,0.0,-0.0014560423785714306,-0.0014557829295387668,-0.001455523572950951,0.007008443208124276,4.458655975771774,0.6138515884184703,4.458640009036336,1.0,-0.0014560423785714306,-28317.25778269504,-0.015855569536118694,1.0013232211466252,0.03667407990298227
12-01-2026,00.05,1177,4413.75,3.52565,0.00100344,0.200585,0.0577595,0.0,3513.5633421031653,3.472762056458245,0.005014625000000001,-0.002738214285714413,-0.004799117378571429,0.0,0.0,-0.004799117378571429,-0.004796299974568387,-0.004793485876634951,0.007008443208124276,4.458655975771774,0.6138515884184703,4.458636785152461,1.0,-0.004799117378571429,-93492.51298507939,-0.05234889098785906,1.0013232211466252,0.03667407990298227
12-01-2026,00.05,1178,4417.5,3.52712,0.00102769,0.334308,0.0745063,0.0,3432.0855510903098,4.486976269120866,0.0083577,-0.0012682142857145529,-0.0014560423785714306,0.0,0.0,-0.0014560423785714306,-0.0014557829295387668,-0.001455523572950951,0.007008443208124276,4.458655975771774,0.6138515884184703,4.4586470875639765,1.0,-0.0014560423785714306,-28413.656888421334,-0.01590954590402099,1.0013232211466252,0.03667407990298227
12-01-2026,00.05,1179,4421.25,3.5272,0.000993463,0.234016,0.0622025,0.0,3550.4090237885057,3.762163900164784,0.0058504,-0.0011882142857144729,-0.003963342378571429,0.0,0.0,-0.003963342378571429,-0.003961420641495357,-0.00395950076713172,0.007008443208124276,4.458655975771774,0.6138515884184703,4.458647648239434,1.0,-0.003963342378571429,-77473.24317072856,-0.04337928494731563,1.0013232211466252,0.03667407990298227
12-01-2026,00.05,1180,4425.0,3.52665,0.00100226,0.267447,0.0666456,0.0,3518.6977431005926,4.012973099499442,0.006686175,-0.0017382142857145233,-0.0031275673785714298,0.0,0.0,-0.0031275673785714298,-0.0031263705593794692,-0.0031251746558053615,0.007008443208124276,4.458655975771774,0.6138515884184703,4.458643793595669,1.0,-0.0031275673785714298,-61239.7240020402,-0.03428971511784053,1.0013232211466252,0.03667407990298227
12-01-2026,00.05,1181,4428.75,3.5268,0.00101054,0.40117,0.0813418,0.0,3490.0152393769667,4.931904629600034,0.010029250000000002,-0.0015882142857144288,0.000215507621428572,0.0,0.0,0.000215507621428572,0.00021551330626719842,0.0002155189914057515,0.007008443208124276,4.458655975771774,0.6138515884184703,4.4586448448621505,1.0,0.000215507621428572,4226.929109596919,0.0023667676063751854,1.0013232211466252,0.03667407990298227
12-01-2026,00.05,1182,4432.5,3.52784,0.00102384,0.367739,0.0779241,0.0,3445.6946397874667,4.719194703564109,0.009193475,-0.000548214285714721,-0.0006202673785714301,0.0,0.0,-0.0006202673785714301,-0.0006202202909959525,-0.0006201732105692353,0.007008443208124276,4.458655975771774,0.6138515884184703,4.458652133643087,1.0,-0.0006202673785714301,-12186.428076832934,-0.0068234982091809095,1.0013232211466252,0.03667407990298227
12-01-2026,00.05,1183,4436.25,3.52745,0.00101602,0.250731,0.0645949,0.0,3471.8312631641106,3.8815912711375047,0.006268274999999999,-0.0009382142857146114,-0.0035454673785714303,0.0,0.0,-0.0035454673785714303,-0.0035439294364994402,-0.003542392828096618,0.007008443208124276,4.458655975771774,0.6138515884184703,4.458649400350235,1.0,-0.0035454673785714303,-69775.91150863434,-0.039069348641071804,1.0013232211466252,0.03667407990298227
12-01-2026,00.05,1184,4440.0,3.52643,0.00101889,0.18387,0.0553671,0.0,3461.050751307796,3.320925242607975,0.00459675,-0.0019582142857146323,-0.00521699237857143,0.0,0.0,-0.00521699237857143,-0.005213663142527839,-0.005210338152894126,0.007008443208124276,4.458655975771774,0.6138515884184703,4.458642251738163,1.0,-0.00521699237857143,-102845.70095420573,-0.05758598433096869,1.0013232211466252,0.03667407990298227
12-01-2026,00.05,1185,4443.75,3.5274,0.00100917,0.367739,0.0779241,0.0,3495.3476619400103,4.719194703564109,0.009193475,-0.0009882142857144949,-0.0006202673785714301,0.0,0.0,-0.0006202673785714301,-0.0006202202909959525,-0.0006201732105692353,0.007008443208124276,4.458655975771774,0.6138515884184703,4.458649049928075,1.0,-0.0006202673785714301,-12248.366620422184,-0.0068581792115711,1.0013232211466252,0.03667407990298227
12-01-2026,00.05,1186,4447.5,3.52796,0.00104072,0.334308,0.0745063,0.0,3389.922361442079,4.486976269120866,0.0083577,-0.0004282142857143789,-0.0014560423785714306,0.0,0.0,-0.0014560423785714306,-0.0014557829295387668,-0.001455523572950951,0.007008443208124276,4.458655975771774,0.6138515884184703,4.458652974656271,1.0,-0.0014560423785714306,-28800.891359002406,-0.01612636856115103,1.0013232211466252,0.03667407990298227
12-01-2026,00.05,1187,4451.25,3.52697,0.00101628,0.234016,0.0666456,0.0,3470.470736411225,3.5113495864693243,0.0058504,-0.0014182142857146474,-0.003963342378571429,0.0,0.0,-0.003963342378571429,-0.003961420641495357,-0.00395950076713172,0.007008443208124276,4.458655975771774,0.6138515884184703,4.458646036297496,1.0,-0.003963342378571429,-78528.18582834481,-0.043969974794221434,1.0013232211466252,0.03667407990298227
12-01-2026,00.05,1188,4455.0,3.52689,0.00100259,0.284162,0.0686962,0.0,3517.778952512991,4.13650245573991,0.007104050000000001,-0.0014982142857147274,-0.002709692378571429,0.0,0.0,-0.002709692378571429,-0.002708793962772649,-0.0027078961425273914,0.007008443208124276,4.458655975771774,0.6138515884184703,4.458645475622038,1.0,-0.002709692378571429,-53779.33237981662,-0.03011244770584095,1.0013232211466252,0.03667407990298227
12-01-2026,00.05,1189,4458.75,3.52644,0.00101224,0.367739,0.0779241,0.0,3483.7983087014936,4.719194703564109,0.009193475,-0.0019482142857145668,-0.0006202673785714301,0.0,0.0,-0.0006202673785714301,-0.0006202202909959525,-0.0006201732105692353,0.007008443208124276,4.458655975771774,0.6138515884184703,4.4586423218225955,1.0,-0.0006202673785714301,-12331.195575488167,-0.0069045572989809385,1.0013232211466252,0.03667407990298227
12-01-2026,00.05,1190,4462.5,3.52587,0.00101674,0.250731,0.0645949,0.0,3467.81871471566,3.8815912711375047,0.006268274999999999,-0.0025182142857147483,-0.0035454673785714303,0.0,0.0,-0.0035454673785714303,-0.0035439294364994402,-0.003542392828096618,0.007008443208124276,4.458655975771774,0.6138515884184703,4.458638327009966,1.0,-0.0035454673785714303,-70604.10498930472,-0.039533075723083046,1.0013232211466252,0.03667407990298227
12-01-2026,00.05,1191,4466.25,3.52714,0.00105011,0.40117,0.0847595,0.0,3358.829075049281,4.733038774414668,0.010029250000000002,-0.0012482142857144218,0.000215507621428572,0.0,0.0,0.000215507621428572,0.00021551330626719842,0.0002155189914057515,0.007008443208124276,4.458655975771774,0.6138515884184703,4.458647227732841,1.0,0.000215507621428572,4298.8143705696875,0.002407018034673094,1.0013232211466252,0.03667407990298227
12-01-2026,00.05,1192,4470.0,3.52838,0.0010492,0.334308,0.0782658,0.0,3362.9241326725123,4.2714442323466955,0.0083577,-8.214285714736036e-06,-0.0014560423785714306,0.0,0.0,-0.0014560423785714306,-0.0014557829295387668,-0.001455523572950951,0.007008443208124276,4.458655975771774,0.6138515884184703,4.458655918202419,1.0,-0.0014560423785714306,-29093.037161997898,-0.01628994859879546,1.0013232211466252,0.03667407990298227
12-01-2026,00.05,1193,4473.75,3.52756,0.00101771,0.284162,0.0686962,0.0,3466.17405744269,4.13650245573991,0.007104050000000001,-0.000828214285714779,-0.002709692378571429,0.0,0.0,-0.002709692378571429,-0.002708793962772649,-0.0027078961425273914,0.007008443208124276,4.458655975771774,0.6138515884184703,4.458650171278988,1.0,-0.002709692378571429,-54232.97298903855,-0.03036645288809137,1.0013232211466252,0.03667407990298227
12-01-2026,00.05,1194,4477.5,3.52684,0.000999982,0.451316,0.0864684,0.0,3526.903484262717,5.219432763876745,0.0112829,-0.0015482142857146108,0.0014691576214285705,0.0,0.0,0.0014691576214285705,0.0014694218600571256,0.001469686193753238,0.007008443208124276,4.458655975771774,0.6138515884184703,4.458645125199879,1.0,0.0014691576214285705,29453.681176635117,0.016491882567675736,1.0013232211466252,0.03667407990298227
12-01-2026,00.05,1195,4481.25,3.52744,0.00101289,0.267447,0.0666456,0.0,3482.5499313844543,4.012973099499442,0.006686175,-0.0009482142857146769,-0.0031275673785714298,0.0,0.0,-0.0031275673785714298,-0.0031263705593794692,-0.0031251746558053615,0.007008443208124276,4.458655975771774,0.6138515884184703,4.4586493302658035,1.0,-0.0031275673785714298,-62806.561956344056,-0.03516702846247789,1.0013232211466252,0.03667407990298227
12-01-2026,00.05,1196,4485.0,3.52721,0.00102045,0.284162,0.0686962,0.0,3456.524082512617,4.13650245573991,0.007104050000000001,-0.0011782142857144073,-0.002709692378571429,0.0,0.0,-0.002709692378571429,-0.002708793962772649,-0.0027078961425273914,0.007008443208124276,4.458655975771774,0.6138515884184703,4.458647718323865,1.0,-0.002709692378571429,-54506.071875749476,-0.030519368061647754,1.0013232211466252,0.03667407990298227
12-01-2026,00.05,1197,4488.75,3.52796,0.00100057,0.451316,0.0864684,0.0,3525.9502083812226,5.219432763876745,0.0112829,-0.0004282142857143789,0.0014691576214285705,0.0,0.0,0.0014691576214285705,0.0014694218600571256,0.001469686193753238,0.007008443208124276,4.458655975771774,0.6138515884184703,4.458652974656271,1.0,0.0014691576214285705,29601.87556502037,0.016574860462213986,1.0013232211466252,0.03667407990298227
12-01-2026,00.05,1198,4492.5,3.52926,0.00103642,0.384455,0.0796329,0.0,3405.241118465487,4.827841256566067,0.009611374999999998,0.0008717857142852559,-0.00020236737857143132,0.0,0.0,-0.00020236737857143132,-0.00020236236610274562,-0.000202357353882363,0.007008443208124276,4.458655975771774,0.6138515884184703,4.458662085632442,1.0,-0.00020236737857143132,-4084.291001182957,-0.0022869008175846373,1.0013232211466252,0.03667407990298227
12-01-2026,00.05,1199,4496.25,3.52875,0.00102703,0.417885,0.0830506,0.0,3435.878211931492,5.031691522999232,0.010447125,0.00036178571428546746,0.0006333826214285701,0.0,0.0,0.0006333826214285701,0.0006334317288775994,0.0006334808439420209,0.007008443208124276,4.458655975771774,0.6138515884184703,4.458658511326406,1.0,0.0006333826214285701,12804.630327398445,0.007169645736828047,1.0013232211466252,0.03667407990298227
12-01-2026,00.05,1200,4500.0,3.52783,0.00101771,0.334308,0.0745063,0.0,3466.439358952943,4.486976269120866,0.0083577,-0.0005582142857147865,-0.0014560423785714306,0.0,0.0,-0.0014560423785714306,-0.0014557829295387668,-0.001455523572950951,0.007008443208124276,4.458655975771774,0.6138515884184703,4.458652063558654,1.0,-0.0014560423785714306,-29484.85816607147,-0.016509339375383895,1.0013232211466252,0.03667407990298227
12-01-2026,00.05,1201,4503.75,3.52861,0.00101419,0.334308,0.0745063,0.0,3479.239590214851,4.486976269120866,0.0083577,0.00022178571428543847,-0.0014560423785714306,0.0,0.0,-0.0014560423785714306,-0.0014557829295387668,-0.001455523572950951,0.007008443208124276,4.458655975771774,0.6138515884184703,4.4586575301443565,1.0,-0.0014560423785714306,-29534.020071944204,-0.016536866405828545,1.0013232211466252,0.03667407990298227
12-01-2026,00.05,1202,4507.5,3.5282,0.00104131,0.40117,0.0813418,0.0,3388.2321306815456,4.931904629600034,0.010029250000000002,-0.00018821428571458299,0.000215507621428572,0.0665557,0.0016638924999999999,-0.001448384878571428,-0.00144812815106888,-0.0014478715145605577,0.007008443208124276,4.458655975771774,0.6138515884184703,4.458654656682642,1.0,0.000215507621428572,4378.588220678716,0.0024516854893141503,1.0013232211466252,0.03667407990298227
12-01-2026,00.05,1203,4511.25,3.52802,0.00101511,0.267447,0.0666456,0.0,3475.505117671976,4.012973099499442,0.006686175,-0.00036821428571442993,-0.0031275673785714298,0.0,0.0,-0.0031275673785714298,-0.0031263705593794692,-0.0031251746558053615,0.007008443208124276,4.458655975771774,0.6138515884184703,4.458653395162864,1.0,-0.0031275673785714298,-63650.30144589816,-0.0356394601594189,1.0013232211466252,0.03667407990298227
12-01-2026,00.05,1204,4515.0,3.52798,0.00101876,0.267447,0.0666456,0.0,3463.01385998665,4.012973099499442,0.006686175,-0.000408214285714692,-0.0031275673785714298,0.0,0.0,-0.0031275673785714298,-0.0031263705593794692,-0.0031251746558053615,0.007008443208124276,4.458655975771774,0.6138515884184703,4.458653114825136,1.0,-0.0031275673785714298,-63756.16471483877,-0.035698735758592004,1.0013232211466252,0.03667407990298227
12-01-2026,00.05,1205,4518.75,3.52863,0.00101954,0.417885,0.0830506,0.0,3461.0020205190576,5.031691522999232,0.010447125,0.0002417857142855695,0.0006333826214285701,0.0,0.0,0.0006333826214285701,0.0006334317288775994,0.0006334808439420209,0.007008443208124276,4.458655975771774,0.6138515884184703,4.458657670313221,1.0,0.0006333826214285701,12933.104074872463,0.00724158153132736,1.0013232211466252,0.03667407990298227
12-01-2026,00.05,1206,4522.5,3.5286,0.00102769,0.317593,0.0724557,0.0,3433.5256740845975,4.3832714334414,0.007939825000000001,0.00021178571428537296,-0.0018739173785714287,0.0,0.0,-0.0018739173785714287,-0.0018734876614143474,-0.0018730581412931678,0.007008443208124276,4.458655975771774,0.6138515884184703,4.458657460059925,1.0,-0.0018739173785714287,-38327.24385590505,-0.02146042122964506,1.0013232211466252,0.03667407990298227
12-01-2026,00.05,1207,4526.25,3.52844,0.00100924,0.267447,0.0666456,0.0,3496.1357060758587,4.012973099499442,0.006686175,5.178571428521295e-05,-0.0031275673785714298,0.0665557,0.0016638924999999999,-0.00479145987857143,-0.0047886514556975636,-0.004785846323102231,0.007008443208124276,4.458655975771774,0.6138515884184703,4.4586563387090115,1.0,-0.0031275673785714298,-64074.28229865575,-0.03587685807218533,1.0013232211466252,0.03667407990298227
12-01-2026,00.05,1208,4530.0,3.52854,0.000990856,0.334308,0.0782658,0.0,3561.102723301872,4.2714442323466955,0.0083577,0.00015178571428542398,-0.0014560423785714306,0.0,0.0,-0.0014560423785714306,-0.0014557829295387668,-0.001455523572950951,0.007008443208124276,4.458655975771774,0.6138515884184703,4.458657039553332,1.0,-0.0014560423785714306,-29879.30004642647,-0.0167301976488057,1.0013232211466252,0.03667407990298227
12-01-2026,00.05,1209,4533.75,3.52976,0.00101693,0.367739,0.0779241,0.0,3470.9960370920317,4.719194703564109,0.009193475,0.0013717857142854228,-0.0006202673785714301,0.0,0.0,-0.0006202673785714301,-0.0006202202909959525,-0.0006201732105692353,0.007008443208124276,4.458655975771774,0.6138515884184703,4.458665589854046,1.0,-0.0006202673785714301,-12749.527155623437,-0.007138792036994398,1.0013232211466252,0.03667407990298227
12-01-2026,00.05,1210,4537.5,3.52902,0.00100455,0.234016,0.0622025,0.0,3513.0356876213227,3.762163900164784,0.0058504,0.0006317857142854599,-0.003963342378571429,0.0,0.0,-0.003963342378571429,-0.003961420641495357,-0.00395950076713172,0.007008443208124276,4.458655975771774,0.6138515884184703,4.458660403606072,1.0,-0.003963342378571429,-81600.88466905916,-0.045690458836368714,1.0013232211466252,0.03667407990298227
12-01-2026,00.05,1211,4541.25,3.52878,0.000982186,0.250731,0.0645949,0.0,3592.781815256988,3.8815912711375047,0.006268274999999999,0.0003917857142852199,-0.0035454673785714303,0.0,0.0,-0.0035454673785714303,-0.0035439294364994402,-0.003542392828096618,0.007008443208124276,4.458655975771774,0.6138515884184703,4.4586587215797024,1.0,-0.0035454673785714303,-73118.00201470246,-0.0409406720870641,1.0013232211466252,0.03667407990298227
12-01-2026,00.05,1212,4545.0,3.52834,0.00101087,0.367739,0.0816836,0.0,3490.399358968017,4.501993056133667,0.009193475,-4.8214285714553995e-05,-0.0006202673785714301,0.0,0.0,-0.0006202673785714301,-0.0006202202909959525,-0.0006201732105692353,0.007008443208124276,4.458655975771774,0.6138515884184703,4.45865563786469,1.0,-0.0006202673785714301,-12812.878745834498,-0.007174264240960031,1.0013232211466252,0.03667407990298227
12-01-2026,00.05,1213,4548.75,3.52824,0.00102312,0.2173,0.0601519,0.0,3448.510438658222,3.6125209677499797,0.0054325,-0.00014821428571476503,-0.00438124237857143,0.0,0.0,-0.00438124237857143,-0.004378894134993035,-0.004376548407273616,0.007008443208124276,4.458655975771774,0.6138515884184703,4.45865493702037,1.0,-0.00438124237857143,-90652.84055601,-0.050758884497667627,1.0013232211466252,0.03667407990298227
12-01-2026,00.05,1214,4552.5,3.52862,0.0010007,0.40117,0.0813418,0.0,3526.15169381433,4.931904629600034,0.010029250000000002,0.00023178571428550399,0.000215507621428572,0.0,0.0,0.000215507621428572,0.00021551330626719842,0.0002155189914057515,0.007008443208124276,4.458655975771774,0.6138515884184703,4.458657600228789,1.0,0.000215507621428572,4466.450677935146,0.0025008819655878843,1.0013232211466252,0.03667407990298227
12-01-2026,00.05,1215,4556.25,3.52966,0.00101621,0.317593,0.0724557,0.0,3473.356884895838,4.3832714334414,0.007939825000000001,0.0012717857142852118,-0.0018739173785714287,0.0,0.0,-0.0018739173785714287,-0.0018734876614143474,-0.0018730581412931678,0.007008443208124276,4.458655975771774,0.6138515884184703,4.458664889009725,1.0,-0.0018739173785714287,-38901.426780678856,-0.02178192119126093,1.0013232211466252,0.03667407990298227
12-01-2026,00.05,1216,4560.0,3.52935,0.00100585,0.384455,0.0796329,0.0,3508.823383208232,4.827841256566067,0.009611374999999998,0.0009617857142854014,-0.00020236737857143132,0.0665557,0.0016638924999999999,-0.0018662598785714312,-0.001865833665796938,-0.0018654076476532723,0.007008443208124276,4.458655975771774,0.6138515884184703,4.458662716392331,1.0,-0.00020236737857143132,-4207.946323062914,-0.0023561386502033367,1.0013232211466252,0.03667407990298227
12-01-2026,00.05,1217,4563.75,3.52908,0.00100207,0.300878,0.0707468,0.0,3521.7898949175205,4.252884936138454,0.0075219499999999995,0.0006917857142854089,-0.0022917923785714302,0.0,0.0,-0.0022917923785714302,-0.0022911496758331244,-0.002290507333468653,0.007008443208124276,4.458655975771774,0.6138515884184703,4.458660824112664,1.0,-0.0022917923785714302,-47733.02553074036,-0.02672696315723381,1.0013232211466252,0.03667407990298227
12-01-2026,00.05,1218,4567.5,3.529,0.000994115,0.367739,0.0779241,0.0,3549.8911091775094,4.719194703564109,0.009193475,0.0006117857142853289,-0.0006202673785714301,0.0,0.0,-0.0006202673785714301,-0.0006202202909959525,-0.0006201732105692353,0.007008443208124276,4.458655975771774,0.6138515884184703,4.458660263437208,1.0,-0.0006202673785714301,-12940.052941797221,-0.007245472382749777,1.0013232211466252,0.03667407990298227
12-01-2026,00.05,1219,4571.25,3.52896,0.00100709,0.234016,0.0622025,0.0,3504.1158188443933,3.762163900164784,0.0058504,0.000571785714285511,-0.003963342378571429,0.0,0.0,-0.003963342378571429,-0.003961420641495357,-0.00395950076713172,0.007008443208124276,4.458655975771774,0.6138515884184703,4.45865998309948,1.0,-0.003963342378571429,-82819.29662162409,-0.04637267939549846,1.0013232211466252,0.03667407990298227
12-01-2026,00.05,1220,4575.0,3.52911,0.00100943,0.317593,0.0724557,0.0,3496.1413867232004,4.3832714334414,0.007939825000000001,0.0007217857142856055,-0.0018739173785714287,0.0,0.0,-0.0018739173785714287,-0.0018734876614143474,-0.0018730581412931678,0.007008443208124276,4.458655975771774,0.6138515884184703,4.458661034365961,1.0,-0.0018739173785714287,-39222.26193186161,-0.02196156514154195,1.0013232211466252,0.03667407990298227
12-01-2026,00.05,1221,4578.75,3.52955,0.00100833,0.284162,0.0686962,0.0,3500.3917368321877,4.13650245573991,0.007104050000000001,0.0011617857142853794,-0.002709692378571429,0.0665557,0.0016638924999999999,-0.004373584878571429,-0.004371244834109853,-0.00436890729234573,0.007008443208124276,4.458655975771774,0.6138515884184703,4.458664118080972,1.0,-0.002709692378571429,-56808.56946602542,-0.03180859638062983,1.0013232211466252,0.03667407990298227
12-01-2026,00.05,1222,4582.5,3.5295,0.00099933,0.117008,0.0440886,0.0,3531.8663504548044,2.6539286799762296,0.0029252,0.0011117857142854959,-0.0068885423785714295,0.0,0.0,-0.0068885423785714295,-0.006882739144841172,-0.006876945680717376,0.007008443208124276,4.458655975771774,0.6138515884184703,4.458663767658812,1.0,-0.0068885423785714295,-144654.6110237249,-0.08099588107745738,1.0013232211466252,0.03667407990298227
12-01-2026,00.05,1223,4586.25,3.52919,0.000985445,0.267447,0.0666456,0.0,3581.3160551831916,4.012973099499442,0.006686175,0.0008017857142852414,-0.0031275673785714298,0.0665557,0.0016638924999999999,-0.00479145987857143,-0.0047886514556975636,-0.004785846323102231,0.007008443208124276,4.458655975771774,0.6138515884184703,4.458661595041417,1.0,-0.0031275673785714298,-65784.27976288968,-0.03683433015189062,1.0013232211466252,0.03667407990298227
12-01-2026,00.05,1224,4590.0,3.5288,0.000970843,0.267447,0.0666456,0.0,3634.779258850298,4.012973099499442,0.006686175,0.00041178571428535093,-0.0031275673785714298,0.0,0.0,-0.0031275673785714298,-0.0031263705593794692,-0.0031251746558053615,0.007008443208124276,4.458655975771774,0.6138515884184703,4.4586588617485665,1.0,-0.0031275673785714298,-65891.90228848073,-0.03689459080464367,1.0013232211466252,0.03667407990298227
12-01-2026,00.05,1225,4593.75,3.52937,0.00098877,0.250731,0.0645949,0.0,3569.4549794188742,3.8815912711375047,0.006268274999999999,0.0009817857142855324,-0.0035454673785714303,0.0,0.0,-0.0035454673785714303,-0.0035439294364994402,-0.003542392828096618,0.007008443208124276,4.458655975771774,0.6138515884184703,4.458662856561195,1.0,-0.0035454673785714303,-74818.36385112308,-0.04189274892800755,1.0013232211466252,0.03667407990298227
12-01-2026,00.05,1226,4597.5,3.52899,0.000993463,0.2173,0.0601519,0.0,3552.210802012757,3.6125209677499797,0.0054325,0.0006017857142852634,-0.00438124237857143,0.0,0.0,-0.00438124237857143,-0.004378894134993035,-0.004376548407273616,0.007008443208124276,4.458655975771774,0.6138515884184703,4.458660193352776,1.0,-0.00438124237857143,-92606.34753862918,-0.05185270389359588,1.0013232211466252,0.03667407990298227
12-01-2026,00.05,1227,4601.25,3.53016,0.0010067,0.484747,0.0895443,0.0,3506.665342207212,5.4134880723842835,0.012118675,0.0017717857142853788,0.002304932621428571,0.0,0.0,0.002304932621428571,0.0023055830811799707,0.0023062339081588697,0.007008443208124276,4.458655975771774,0.6138515884184703,4.45866839323133,1.0,0.002304932621428571,48798.88459603221,0.027323765384876242,1.0013232211466252,0.03667407990298227
12-01-2026,00.05,1228,4605.0,3.53144,0.00102743,0.518178,0.0953544,0.0,3437.1587358749503,5.434232715008432,0.012954450000000001,0.0030517857142853266,0.0031407076214285713,0.0,0.0,0.0031407076214285713,0.003141915444773245,0.0031431241974616527,0.007008443208124276,4.458655975771774,0.6138515884184703,4.4586773640386355,1.0,0.0031407076214285713,66601.92433770483,0.037292150626998,1.0013232211466252,0.03667407990298227
12-01-2026,00.05,1229,4608.75,3.53115,0.00105096,0.384455,0.0796329,0.0,3359.92806576844,4.827841256566067,0.009611374999999998,0.002761785714285203,-0.00020236737857143132,0.0665557,0.0016638924999999999,-0.0018662598785714312,-0.001865833665796938,-0.0018654076476532723,0.007008443208124276,4.458655975771774,0.6138515884184703,4.458675331590105,1.0,-0.00020236737857143132,-4298.3997982989085,-0.002406785904870218,1.0013232211466252,0.03667407990298227
12-01-2026,00.05,1230,4612.5,3.53052,0.00100507,0.150439,0.0498987,0.0,3512.710557473609,3.014888163419087,0.0037609749999999997,0.0021317857142855168,-0.00605276737857143,0.0,0.0,-0.00605276737857143,-0.006048286452768671,-0.006043812156608628,0.007008443208124276,4.458655975771774,0.6138515884184703,4.458670916270885,1.0,-0.00605276737857143,-128773.57172401008,-0.07210367389924885,1.0013232211466252,0.03667407990298227
12-01-2026,00.05,1231,4616.25,3.52989,0.00100774,0.2173,0.0601519,0.0,3502.778494452934,3.6125209677499797,0.0054325,0.0015017857142853863,-0.00438124237857143,0.0,0.0,-0.00438124237857143,-0.004378894134993035,-0.004376548407273616,0.007008443208124276,4.458655975771774,0.6138515884184703,4.458666500951663,1.0,-0.00438124237857143,-93363.24138798348,-0.05227650845659391,1.0013232211466252,0.03667407990298227
12-01-2026,00.05,1232,4620.0,3.52949,0.00101074,0.284162,0.0686962,0.0,3491.9860696123633,4.13650245573991,0.007104050000000001,0.0011017857142854304,-0.002709692378571429,0.0,0.0,-0.002709692378571429,-0.002708793962772649,-0.0027078961425273914,0.007008443208124276,4.458655975771774,0.6138515884184703,4.45866369757438,1.0,-0.002709692378571429,-57836.75800518001,-0.03238430590038313,1.0013232211466252,0.03667407990298227
12-01-2026,00.05,1233,4623.75,3.52919,0.000993137,0.234016,0.0622025,0.0,3553.578207236262,3.762163900164784,0.0058504,0.0008017857142852414,-0.003963342378571429,0.0,0.0,-0.003963342378571429,-0.003961420641495357,-0.00395950076713172,0.007008443208124276,4.458655975771774,0.6138515884184703,4.458661595041417,1.0,-0.003963342378571429,-84732.55061309971,-0.047443960094176736,1.0013232211466252,0.03667407990298227
12-01-2026,00.05,1234,4627.5,3.5302,0.0010123,0.40117,0.0847595,0.0,3487.306134545095,4.733038774414668,0.010029250000000002,0.0018117857142851967,0.000215507621428572,0.0,0.0,0.000215507621428572,0.00021551330626719842,0.0002155189914057515,0.007008443208124276,4.458655975771774,0.6138515884184703,4.458668673569058,1.0,0.000215507621428572,4614.827675288718,0.0025839621076395544,1.0013232211466252,0.03667407990298227
12-01-2026,00.05,1235,4631.25,3.5313,0.00101445,0.367739,0.0816836,0.0,3480.9995564098767,4.501993056133667,0.009193475,0.0029117857142852976,-0.0006202673785714301,0.0,0.0,-0.0006202673785714301,-0.0006202202909959525,-0.0006201732105692353,0.007008443208124276,4.458655975771774,0.6138515884184703,4.458676382856587,1.0,-0.0006202673785714301,-13303.790331772634,-0.007449138412981204,1.0013232211466252,0.03667407990298227
12-01-2026,00.05,1236,4635.0,3.53011,0.00101263,0.18387,0.0553671,0.0,3486.080799502286,3.320925242607975,0.00459675,0.0017217857142854953,-0.00521699237857143,0.0,0.0,-0.00521699237857143,-0.005213663142527839,-0.005210338152894126,0.007008443208124276,4.458655975771774,0.6138515884184703,4.458668042809169,1.0,-0.00521699237857143,-112077.8210921352,-0.06275528864482767,1.0013232211466252,0.03667407990298227
12-01-2026,00.05,1237,4638.75,3.52934,0.00100168,0.234016,0.0622025,0.0,3523.4206533024517,3.762163900164784,0.0058504,0.0009517857142853359,-0.003963342378571429,0.0,0.0,-0.003963342378571429,-0.003961420641495357,-0.00395950076713172,0.007008443208124276,4.458655975771774,0.6138515884184703,4.458662646307899,1.0,-0.003963342378571429,-85283.20749482248,-0.04775228721206713,1.0013232211466252,0.03667407990298227
12-01-2026,00.05,1238,4642.5,3.5305,0.000999721,0.234016,0.0622025,0.0,3531.485284394346,3.762163900164784,0.0058504,0.0021117857142853858,-0.003963342378571429,0.0,0.0,-0.003963342378571429,-0.003961420641495357,-0.00395950076713172,0.007008443208124276,4.458655975771774,0.6138515884184703,4.458670776102021,1.0,-0.003963342378571429,-85421.15038776417,-0.047829525027530566,1.0013232211466252,0.03667407990298227
12-01-2026,00.05,1239,4646.25,3.53071,0.000990464,0.300878,0.0745063,0.0,3564.703007883174,4.038289379555823,0.0075219499999999995,0.0023217857142854292,-0.0022917923785714302,0.0,0.0,-0.0022917923785714302,-0.0022911496758331244,-0.002290507333468653,0.007008443208124276,4.458655975771774,0.6138515884184703,4.458672247875094,1.0,-0.0022917923785714302,-49474.386674788395,-0.027701996577448026,1.0013232211466252,0.03667407990298227
12-01-2026,00.05,1240,4650.0,3.52977,0.00100989,0.234016,0.0622025,0.0,3495.2024477913437,3.762163900164784,0.0058504,0.0013817857142854884,-0.003963342378571429,0.0665557,0.0016638924999999999,-0.005627234878571429,-0.0056233616558056775,-0.005619493761246853,0.007008443208124276,4.458655975771774,0.6138515884184703,4.458665659938478,1.0,-0.003963342378571429,-85697.37058066073,-0.047984187901646436,1.0013232211466252,0.03667407990298227
12-01-2026,00.05,1241,4653.75,3.53142,0.00101093,0.384455,0.0833924,0.0,3493.2388988357256,4.610192295700807,0.009611374999999998,0.0030317857142851956,-0.00020236737857143132,0.0,0.0,-0.00020236737857143132,-0.00020236236610274562,-0.000202357353882363,0.007008443208124276,4.458655975771774,0.6138515884184703,4.458677223869771,1.0,-0.00020236737857143132,-4382.749051279714,-0.0024540152466454705,1.0013232211466252,0.03667407990298227
12-01-2026,00.05,1242,4657.5,3.53159,0.0010095,0.317593,0.0762152,0.0,3498.355621594849,4.167055915355467,0.007939825000000001,0.003201785714285421,-0.0018739173785714287,0.0,0.0,-0.0018739173785714287,-0.0018734876614143474,-0.0018730581412931678,0.007008443208124276,4.458655975771774,0.6138515884184703,4.458678415305117,1.0,-0.0018739173785714287,-40649.58966316862,-0.022760763081831174,1.0013232211466252,0.03667407990298227
12-01-2026,00.05,1243,4661.25,3.53096,0.00101374,0.334308,0.0745063,0.0,3483.102176100381,4.486976269120866,0.0083577,0.0025717857142852907,-0.0014560423785714306,0.0,0.0,-0.0014560423785714306,-0.0014557829295387668,-0.001455523572950951,0.007008443208124276,4.458655975771774,0.6138515884184703,4.458673999985896,1.0,-0.0014560423785714306,-31635.79904488233,-0.01771370714763716,1.0013232211466252,0.03667407990298227
12-01-2026,00.05,1244,4665.0,3.53109,0.00101224,0.2173,0.0601519,0.0,3488.3920809294236,3.6125209677499797,0.0054325,0.002701785714285254,-0.00438124237857143,0.0,0.0,-0.00438124237857143,-0.004378894134993035,-0.004376548407273616,0.007008443208124276,4.458655975771774,0.6138515884184703,4.458674911083513,1.0,-0.00438124237857143,-95345.58242200664,-0.05338647278825541,1.0013232211466252,0.03667407990298227
12-01-2026,00.05,1245,4668.75,3.53051,0.00102182,0.317593,0.0724557,0.0,3455.1192969407525,4.3832714334414,0.007939825000000001,0.0021217857142854513,-0.0018739173785714287,0.0,0.0,-0.0018739173785714287,-0.0018734876614143474,-0.0018730581412931678,0.007008443208124276,4.458655975771774,0.6138515884184703,4.458670846186452,1.0,-0.0018739173785714287,-40846.20166012751,-0.02287085125538737,1.0013232211466252,0.03667407990298227
12-01-2026,00.05,1246,4672.5,3.53113,0.00103994,0.334308,0.0745063,0.0,3395.51320268477,4.486976269120866,0.0083577,0.002741785714285516,-0.0014560423785714306,0.0,0.0,-0.0014560423785714306,-0.0014557829295387668,-0.001455523572950951,0.007008443208124276,4.458655975771774,0.6138515884184703,4.458675191421241,1.0,-0.0014560423785714306,-31788.69031983098,-0.017799314951189932,1.0013232211466252,0.03667407990298227
12-01-2026,00.05,1247,4676.25,3.53085,0.00102123,0.317593,0.0724557,0.0,3457.448371081931,4.3832714334414,0.007939825000000001,0.0024617857142854582,-0.0018739173785714287,0.0,0.0,-0.0018739173785714287,-0.0018734876614143474,-0.0018730581412931678,0.007008443208124276,4.458655975771774,0.6138515884184703,4.458673229057143,1.0,-0.0018739173785714287,-40977.53984439814,-0.022944390922590707,1.0013232211466252,0.03667407990298227
12-01-2026,00.05,1248,4680.0,3.53077,0.00101322,0.167154,0.0526329,0.0,3484.702236434338,3.175846286258215,0.00417885,0.0023817857142853782,-0.00563489237857143,0.0,0.0,-0.00563489237857143,-0.005631008610964746,-0.0056271301933313285,0.007008443208124276,4.458655975771774,0.6138515884184703,4.458672668381686,1.0,-0.00563489237857143,-123417.6668324229,-0.06910476337305747,1.0013232211466252,0.03667407990298227
12-01-2026,00.05,1249,4683.75,3.5303,0.000984206,0.18387,0.0553671,0.0,3586.9523250213874,3.320925242607975,0.00459675,0.0019117857142854078,-0.00521699237857143,0.0,0.0,-0.00521699237857143,-0.005213663142527839,-0.005210338152894126,0.007008443208124276,4.458655975771774,0.6138515884184703,4.458669374413379,1.0,-0.00521699237857143,-114447.84366886606,-0.06408232596093713,1.0013232211466252,0.03667407990298227
12-01-2026,00.05,1250,4687.5,3.53012,0.000989226,0.234016,0.0622025,0.0,3568.567748926939,3.762163900164784,0.0058504,0.0017317857142855608,-0.003963342378571429,0.0,0.0,-0.003963342378571429,-0.003961420641495357,-0.00395950076713172,0.007008443208124276,4.458655975771774,0.6138515884184703,4.458668112893601,1.0,-0.003963342378571429,-87085.15968540739,-0.048761247136005825,1.0013232211466252,0.03667407990298227
12-01-2026,00.05,1251,4691.25,3.5318,0.00102104,0.267447,0.0666456,0.0,3459.022173470187,4.012973099499442,0.006686175,0.0034117857142854646,-0.0031275673785714298,0.0,0.0,-0.0031275673785714298,-0.0031263705593794692,-0.0031251746558053615,0.007008443208124276,4.458655975771774,0.6138515884184703,4.4586798870781905,1.0,-0.0031275673785714298,-68830.9604301328,-0.03854024594163713,1.0013232211466252,0.03667407990298227
12-01-2026,00.05,1252,4695.0,3.53172,0.000986749,0.250731,0.0645949,0.0,3579.1472806154347,3.8815912711375047,0.006268274999999999,0.0033317857142853846,-0.0035454673785714303,0.0,0.0,-0.0035454673785714303,-0.0035439294364994402,-0.003542392828096618,0.007008443208124276,4.458655975771774,0.6138515884184703,4.458679326402734,1.0,-0.0035454673785714303,-78152.8260625345,-0.04375980109330949,1.0013232211466252,0.03667407990298227
12-01-2026,00.05,1253,4698.75,3.53015,0.000987792,0.250731,0.0645949,0.0,3573.778690250579,3.8815912711375047,0.006268274999999999,0.0017617857142853133,-0.0035454673785714303,0.0,0.0,-0.0035454673785714303,-0.0035439294364994402,-0.003542392828096618,0.007008443208124276,4.458655975771774,0.6138515884184703,4.458668323146897,1.0,-0.0035454673785714303,-78277.72069073746,-0.04382973284578907,1.0013232211466252,0.03667407990298227
12-01-2026,00.05,1254,4702.5,3.53222,0.00102006,0.384455,0.0796329,0.0,3462.7570927200363,4.827841256566067,0.009611374999999998,0.0038317857142855516,-0.00020236737857143132,0.0,0.0,-0.00020236737857143132,-0.00020236236610274562,-0.000202357353882363,0.007008443208124276,4.458655975771774,0.6138515884184703,4.458682830624338,1.0,-0.00020236737857143132,-4475.052290835462,-0.0025056982324916342,1.0013232211466252,0.03667407990298227
12-01-2026,00.05,1255,4706.25,3.53139,0.0010067,0.2173,0.0601519,0.0,3507.8871560544358,3.6125209677499797,0.0054325,0.003001785714285443,-0.00438124237857143,0.0,0.0,-0.00438124237857143,-0.004378894134993035,-0.004376548407273616,0.007008443208124276,4.458655975771774,0.6138515884184703,4.458677013616476,1.0,-0.00438124237857143,-97039.21327466438,-0.05433478077622878,1.0013232211466252,0.03667407990298227
12-01-2026,00.05,1256,4710.0,3.53047,0.00099581,0.300878,0.0707468,0.0,3545.324911378677,4.252884936138454,0.0075219499999999995,0.0020817857142856333,-0.0022917923785714302,0.0,0.0,-0.0022917923785714302,-0.0022911496758331244,-0.002290507333468653,0.007008443208124276,4.458655975771774,0.6138515884184703,4.458670565848724,1.0,-0.0022917923785714302,-50841.351305466465,-0.02846739564685849,1.0013232211466252,0.03667407990298227
12-01-2026,00.05,1257,4713.75,3.53166,0.00100428,0.267447,0.0666456,0.0,3516.6089138487278,4.012973099499442,0.006686175,0.0032717857142854356,-0.0031275673785714298,0.0,0.0,-0.0031275673785714298,-0.0031263705593794692,-0.0031251746558053615,0.007008443208124276,4.458655975771774,0.6138515884184703,4.458678905896142,1.0,-0.0031275673785714298,-69492.79278203075,-0.038910823098411956,1.0013232211466252,0.03667407990298227
12-01-2026,00.05,1258,4717.5,3.53229,0.000969995,0.234016,0.0622025,0.0,3641.554853375533,3.762163900164784,0.0058504,0.003901785714285566,-0.003963342378571429,0.0,0.0,-0.003963342378571429,-0.003961420641495357,-0.00395950076713172,0.007008443208124276,4.458655975771774,0.6138515884184703,4.4586833212153625,1.0,-0.003963342378571429,-88203.41673752131,-0.04938738836002939,1.0013232211466252,0.03667407990298227
12-01-2026,00.05,1259,4721.25,3.53115,0.00100265,0.334308,0.0745063,0.0,3521.817184461178,4.486976269120866,0.0083577,0.002761785714285203,-0.0014560423785714306,0.0,0.0,-0.0014560423785714306,-0.0014557829295387668,-0.001455523572950951,0.007008443208124276,4.458655975771774,0.6138515884184703,4.458675331590105,1.0,-0.0014560423785714306,-32455.478101899116,-0.018172666782272834,1.0013232211466252,0.03667407990298227
12-01-2026,00.05,1260,4725.0,3.53307,0.00101439,0.417885,0.0830506,0.0,3482.95034454204,5.031691522999232,0.010447125,0.004681785714285347,0.0006333826214285701,0.0,0.0,0.0006333826214285701,0.0006334317288775994,0.0006334808439420209,0.007008443208124276,4.458655975771774,0.6138515884184703,4.458688787801065,1.0,0.0006333826214285701,14140.66288753122,0.007917725134991007,1.0013232211466252,0.03667407990298227
12-01-2026,00.05,1261,4728.75,3.53269,0.00101048,0.2173,0.0601519,0.0,3496.051381521653,3.6125209677499797,0.0054325,0.004301785714285522,-0.00438124237857143,0.0,0.0,-0.00438124237857143,-0.004378894134993035,-0.004376548407273616,0.007008443208124276,4.458655975771774,0.6138515884184703,4.458686124592646,1.0,-0.00438124237857143,-97969.29626610535,-0.05485555844680413,1.0013232211466252,0.03667407990298227
12-01-2026,00.05,1262,4732.5,3.53197,0.00102156,0.351024,0.0762152,0.0,3457.427855436783,4.605695451825882,0.008775600000000001,0.003581785714285246,-0.0010381423785714283,0.0,0.0,-0.0010381423785714283,-0.00103801048000478,-0.0010378786149499548,0.007008443208124276,4.458655975771774,0.6138515884184703,4.4586810785135365,1.0,-0.0010381423785714283,-23250.814177183787,-0.01301873591668896,1.0013232211466252,0.03667407990298227
12-01-2026,00.05,1263,4736.25,3.53303,0.001005,0.334308,0.0745063,0.0,3515.452736318408,4.486976269120866,0.0083577,0.004641785714285529,-0.0014560423785714306,0.0,0.0,-0.0014560423785714306,-0.0014557829295387668,-0.001455523572950951,0.007008443208124276,4.458655975771774,0.6138515884184703,4.458688507463337,1.0,-0.0014560423785714306,-32662.035913829208,-0.018288323876452607,1.0013232211466252,0.03667407990298227
12-01-2026,00.05,1264,4740.0,3.53175,0.0010067,0.267447,0.0666456,0.0,3508.2447601072818,4.012973099499442,0.006686175,0.003361785714285581,-0.0031275673785714298,0.0,0.0,-0.0031275673785714298,-0.0031263705593794692,-0.0031251746558053615,0.007008443208124276,4.458655975771774,0.6138515884184703,4.45867953665603,1.0,-0.0031275673785714298,-70268.93283479146,-0.03934540411154362,1.0013232211466252,0.03667407990298227
12-01-2026,00.05,1265,4743.75,3.53145,0.000988378,0.2173,0.0601519,0.0,3572.9751168075372,3.6125209677499797,0.0054325,0.003061785714285392,-0.00438124237857143,0.0,0.0,-0.00438124237857143,-0.004378894134993035,-0.004376548407273616,0.007008443208124276,4.458655975771774,0.6138515884184703,4.458677434123068,1.0,-0.00438124237857143,-98591.81604257062,-0.05520412346955806,1.0013232211466252,0.03667407990298227
12-01-2026,00.05,1266,4747.5,3.53215,0.00102195,0.317593,0.0724557,0.0,3456.2845540388475,4.3832714334414,0.007939825000000001,0.003761785714285537,-0.0018739173785714287,0.0,0.0,-0.0018739173785714287,-0.0018734876614143474,-0.0018730581412931678,0.007008443208124276,4.458655975771774,0.6138515884184703,4.458682340033314,1.0,-0.0018739173785714287,-42235.7670282604,-0.02364890506584064,1.0013232211466252,0.03667407990298227
12-01-2026,00.05,1267,4751.25,3.53272,0.000990269,0.234016,0.0622025,0.0,3567.4347071351317,3.762163900164784,0.0058504,0.0043317857142852745,-0.003963342378571429,0.0,0.0,-0.003963342378571429,-0.003961420641495357,-0.00395950076713172,0.007008443208124276,4.458655975771774,0.6138515884184703,4.458686334845942,1.0,-0.003963342378571429,-89469.98329998588,-0.05009657193837546,1.0013232211466252,0.03667407990298227
12-01-2026,00.05,1268,4755.0,3.53215,0.000989813,0.2173,0.0645949,0.0,3568.5023332690116,3.3640426720995,0.0054325,0.003761785714285537,-0.00438124237857143,0.0,0.0,-0.00438124237857143,-0.004378894134993035,-0.004376548407273616,0.007008443208124276,4.458655975771774,0.6138515884184703,4.458682340033314,1.0,-0.00438124237857143,-99059.9997105595,-0.05546627168886796,1.0013232211466252,0.03667407990298227
12-01-2026,00.05,1269,4758.75,3.53227,0.000976449,0.200585,0.0577595,0.0,3617.4649162424253,3.472762056458245,0.005014625000000001,0.003881785714285435,-0.004799117378571429,0.0,0.0,-0.004799117378571429,-0.004796299974568387,-0.004793485876634951,0.007008443208124276,4.458655975771774,0.6138515884184703,4.458683181046498,1.0,-0.004799117378571429,-108679.37991853591,-0.060852412993664104,1.0013232211466252,0.03667407990298227
12-01-2026,00.05,1270,4762.5,3.53148,0.000998483,0.18387,0.0553671,0.0,3536.8453944634007,3.320925242607975,0.00459675,0.0030917857142855887,-0.00521699237857143,0.0,0.0,-0.00521699237857143,-0.005213663142527839,-0.005210338152894126,0.007008443208124276,4.458655975771774,0.6138515884184703,4.4586776443763645,1.0,-0.00521699237857143,-118328.7235415324,-0.06625533159427174,1.0013232211466252,0.03667407990298227
12-01-2026,00.05,1271,4766.25,3.5315,0.000999134,0.267447,0.0666456,0.0,3534.5609297651763,4.012973099499442,0.006686175,0.0031117857142852756,-0.0031275673785714298,0.0,0.0,-0.0031275673785714298,-0.0031263705593794692,-0.0031251746558053615,0.007008443208124276,4.458655975771774,0.6138515884184703,4.458677784545229,1.0,-0.0031275673785714298,-71049.38306634575,-0.03978239850594615,1.0013232211466252,0.03667407990298227
12-01-2026,00.05,1272,4770.0,3.5319,0.000979448,0.18387,0.0553671,0.0,3606.0107325759,3.320925242607975,0.00459675,0.0035117857142852316,-0.00521699237857143,0.0,0.0,-0.00521699237857143,-0.005213663142527839,-0.005210338152894126,0.007008443208124276,4.458655975771774,0.6138515884184703,4.458680587922512,1.0,-0.00521699237857143,-118701.70589039788,-0.06646417411756846,1.0013232211466252,0.03667407990298227
12-01-2026,00.05,1273,4773.75,3.5315,0.000962825,0.2173,0.0601519,0.0,3667.852413470776,3.6125209677499797,0.0054325,0.0031117857142852756,-0.00438124237857143,0.0,0.0,-0.00438124237857143,-0.004378894134993035,-0.004376548407273616,0.007008443208124276,4.458655975771774,0.6138515884184703,4.458677784545229,1.0,-0.00438124237857143,-99842.77027271222,-0.055904565296754805,1.0013232211466252,0.03667407990298227
12-01-2026,00.05,1274,4777.5,3.53287,0.00100787,0.367739,0.0779241,0.0,3505.283419488625,4.719194703564109,0.009193475,0.004481785714285369,-0.0006202673785714301,0.0,0.0,-0.0006202673785714301,-0.0006202202909959525,-0.0006201732105692353,0.007008443208124276,4.458655975771774,0.6138515884184703,4.458687386112423,1.0,-0.0006202673785714301,-14157.296658874724,-0.007927038816428974,1.0013232211466252,0.03667407990298227
12-01-2026,00.05,1275,4781.25,3.53309,0.0009977,0.167154,0.0526329,0.0,3541.2348401323043,3.175846286258215,0.00417885,0.004701785714285478,-0.00563489237857143,0.0,0.0,-0.00563489237857143,-0.005631008610964746,-0.0056271301933313285,0.007008443208124276,4.458655975771774,0.6138515884184703,4.458688927969929,1.0,-0.00563489237857143,-128815.62079099474,-0.07212721826610177,1.0013232211466252,0.03667407990298227
12-01-2026,00.05,1276,4785.0,3.53268,0.000995614,0.300878,0.0707468,0.0,3548.2425920085498,4.252884936138454,0.0075219499999999995,0.0042917857142854565,-0.0022917923785714302,0.0,0.0,-0.0022917923785714302,-0.0022911496758331244,-0.002290507333468653,0.007008443208124276,4.458655975771774,0.6138515884184703,4.458686054508214,1.0,-0.0022917923785714302,-52473.39395305664,-0.029381218796096866,1.0013232211466252,0.03667407990298227
12-01-2026,00.05,1277,4788.75,3.53381,0.00101198,0.300878,0.0707468,0.0,3491.9761260103955,4.252884936138454,0.0075219499999999995,0.00542178571428531,-0.0022917923785714302,0.0,0.0,-0.0022917923785714302,-0.0022911496758331244,-0.002290507333468653,0.007008443208124276,4.458655975771774,0.6138515884184703,4.458693974049039,1.0,-0.0022917923785714302,-52555.67288037295,-0.02942728890865622,1.0013232211466252,0.03667407990298227
12-01-2026,00.05,1278,4792.5,3.53349,0.000997374,0.284162,0.0686962,0.0,3542.79337540381,4.13650245573991,0.007104050000000001,0.005101785714285434,-0.002709692378571429,0.0,0.0,-0.002709692378571429,-0.002708793962772649,-0.0027078961425273914,0.007008443208124276,4.458655975771774,0.6138515884184703,4.458691731347212,1.0,-0.002709692378571429,-62236.36697122488,-0.034847761452053316,1.0013232211466252,0.03667407990298227
12-01-2026,00.05,1279,4796.25,3.53353,0.00102749,0.334308,0.0745063,0.0,3438.992106979143,4.486976269120866,0.0083577,0.005141785714285252,-0.0014560423785714306,0.0,0.0,-0.0014560423785714306,-0.0014557829295387668,-0.001455523572950951,0.007008443208124276,4.458655975771774,0.6138515884184703,4.458692011684941,1.0,-0.0014560423785714306,-33494.81935225314,-0.018754620995255114,1.0013232211466252,0.03667407990298227
12-01-2026,00.05,1280,4800.0,3.53429,0.00100591,0.18387,0.0553671,0.0,3513.5250668548874,3.320925242607975,0.00459675,0.005901785714285346,-0.00521699237857143,0.0,0.0,-0.00521699237857143,-0.005213663142527839,-0.005210338152894126,0.007008443208124276,4.458655975771774,0.6138515884184703,4.458697338101779,1.0,-0.00521699237857143,-120199.50440228573,-0.06730283048177495,1.0013232211466252,0.03667407990298227
12-01-2026,00.05,1281,4803.75,3.53399,0.00102084,0.250731,0.0645949,0.0,3461.845147133733,3.8815912711375047,0.006268274999999999,0.005601785714285601,-0.0035454673785714303,0.0,0.0,-0.0035454673785714303,-0.0035439294364994402,-0.003542392828096618,0.007008443208124276,4.458655975771774,0.6138515884184703,4.4586952355688165,1.0,-0.0035454673785714303,-81815.25508604934,-0.045810490411430045,1.0013232211466252,0.03667407990298227
12-01-2026,00.05,1282,4807.5,3.53422,0.00100252,0.2173,0.0601519,0.0,3525.3361528947053,3.6125209677499797,0.0054325,0.005831785714285331,-0.00438124237857143,0.0,0.0,-0.00438124237857143,-0.004378894134993035,-0.004376548407273616,0.007008443208124276,4.458655975771774,0.6138515884184703,4.458696847510755,1.0,-0.00438124237857143,-101259.52029842668,-0.056697840504417785,1.0013232211466252,0.03667407990298227
12-01-2026,00.05,1283,4811.25,3.53331,0.00100305,0.150439,0.0498987,0.0,3522.5661731718264,3.014888163419087,0.0037609749999999997,0.004921785714285587,-0.00605276737857143,0.0,0.0,-0.00605276737857143,-0.006048286452768671,-0.006043812156608628,0.007008443208124276,4.458655975771774,0.6138515884184703,4.4586904698274346,1.0,-0.00605276737857143,-140110.22533254282,-0.07845136126983981,1.0013232211466252,0.03667407990298227
12-01-2026,00.05,1284,4815.0,3.53402,0.00101322,0.200585,0.0577595,0.0,3487.9098320206863,3.472762056458245,0.005014625000000001,0.005631785714285353,-0.004799117378571429,0.0,0.0,-0.004799117378571429,-0.004796299974568387,-0.004793485876634951,0.007008443208124276,4.458655975771774,0.6138515884184703,4.458695445822113,1.0,-0.004799117378571429,-111263.81710621019,-0.06229950663017938,1.0013232211466252,0.03667407990298227
12-01-2026,00.05,1285,4818.75,3.5352,0.00100435,0.451316,0.0864684,0.0,3519.8884850898594,5.219432763876745,0.0112829,0.006811785714285534,0.0014691576214285705,0.0,0.0,0.0014691576214285705,0.0014694218600571256,0.001469686193753238,0.007008443208124276,4.458655975771774,0.6138515884184703,4.458703715785099,1.0,0.0014691576214285705,34114.35647029769,0.01910151594994119,1.0013232211466252,0.03667407990298227
12-01-2026,00.05,1286,4822.5,3.53367,0.000994962,0.367739,0.0779241,0.0,3551.5627732516414,4.719194703564109,0.009193475,0.005281785714285281,-0.0006202673785714301,0.0,0.0,-0.0006202673785714301,-0.0006202202909959525,-0.0006201732105692353,0.007008443208124276,4.458655975771774,0.6138515884184703,4.45869299286699,1.0,-0.0006202673785714301,-14425.252166417582,-0.008077074078142349,1.0013232211466252,0.03667407990298227
12-01-2026,00.05,1287,4826.25,3.53377,0.00100102,0.200585,0.0577595,0.0,3530.169227388064,3.472762056458245,0.005014625000000001,0.005381785714285492,-0.004799117378571429,0.0,0.0,-0.004799117378571429,-0.004796299974568387,-0.004793485876634951,0.007008443208124276,4.458655975771774,0.6138515884184703,4.458693693711311,1.0,-0.004799117378571429,-111784.3488735044,-0.06259096591255155,1.0013232211466252,0.03667407990298227
12-01-2026,00.05,1288,4830.0,3.53394,0.000967192,0.18387,0.0553671,0.0,3653.81434089612,3.320925242607975,0.00459675,0.005551785714285273,-0.00521699237857143,0.0,0.0,-0.00521699237857143,-0.005213663142527839,-0.005210338152894126,0.007008443208124276,4.458655975771774,0.6138515884184703,4.458694885146656,1.0,-0.00521699237857143,-121706.69350045502,-0.06814674487961282,1.0013232211466252,0.03667407990298227
12-01-2026,00.05,1289,4833.75,3.53409,0.000983555,0.2173,0.0601519,0.0,3593.179842510078,3.6125209677499797,0.0054325,0.005701785714285368,-0.00438124237857143,0.0,0.0,-0.00438124237857143,-0.004378894134993035,-0.004376548407273616,0.007008443208124276,4.458655975771774,0.6138515884184703,4.458695936413137,1.0,-0.00438124237857143,-102368.33744183973,-0.05731869607790379,1.0013232211466252,0.03667407990298227
12-01-2026,00.05,1290,4837.5,3.53448,0.000984467,0.267447,0.0666456,0.0,3590.247311489364,4.012973099499442,0.006686175,0.006091785714285258,-0.0031275673785714298,0.0,0.0,-0.0031275673785714298,-0.0031263705593794692,-0.0031251746558053615,0.007008443208124276,4.458655975771774,0.6138515884184703,4.4586986697059885,1.0,-0.0031275673785714298,-73189.47480019757,-0.04098069155960817,1.0013232211466252,0.03667407990298227
12-01-2026,00.05,1291,4841.25,3.53463,0.00101393,0.40117,0.0813418,0.0,3486.069058021757,4.931904629600034,0.010029250000000002,0.006241785714285353,0.000215507621428572,0.0,0.0,0.000215507621428572,0.00021551330626719842,0.0002155189914057515,0.007008443208124276,4.458655975771774,0.6138515884184703,4.4586997209724695,1.0,0.000215507621428572,5051.003315487101,0.0028281881992405873,1.0013232211466252,0.03667407990298227
12-01-2026,00.05,1292,4845.0,3.53471,0.00100683,0.267447,0.0666456,0.0,3510.7317024721156,4.012973099499442,0.006686175,0.006321785714285433,-0.0031275673785714298,0.0,0.0,-0.0031275673785714298,-0.0031263705593794692,-0.0031251746558053615,0.007008443208124276,4.458655975771774,0.6138515884184703,4.458700281647927,1.0,-0.0031275673785714298,-73416.59483377021,-0.04110786197677891,1.0013232211466252,0.03667407990298227
12-01-2026,00.05,1293,4848.75,3.53495,0.00100748,0.284162,0.0686962,0.0,3508.704887441934,4.13650245573991,0.007104050000000001,0.006561785714285229,-0.002709692378571429,0.0,0.0,-0.002709692378571429,-0.002708793962772649,-0.0027078961425273914,0.007008443208124276,4.458655975771774,0.6138515884184703,4.458701963674296,1.0,-0.002709692378571429,-63705.88818875061,-0.03567058462328283,1.0013232211466252,0.03667407990298227
12-01-2026,00.05,1294,4852.5,3.53463,0.00100363,0.351024,0.0762152,0.0,3521.845700108606,4.605695451825882,0.008775600000000001,0.006241785714285353,-0.0010381423785714283,0.0665557,0.0016638924999999999,-0.002702034878571428,-0.0027011415325467612,-0.0027002487770424882,0.007008443208124276,4.458655975771774,0.6138515884184703,4.4586997209724695,1.0,-0.0010381423785714283,-24444.885541016643,-0.013687327546769395,1.0013232211466252,0.03667407990298227
12-01-2026,00.05,1295,4856.25,3.53482,0.000982446,0.167154,0.0526329,0.0,3597.97892199673,3.175846286258215,0.00417885,0.006431785714285265,-0.00563489237857143,0.0,0.0,-0.00563489237857143,-0.005631008610964746,-0.0056271301933313285,0.007008443208124276,4.458655975771774,0.6138515884184703,4.4587010525766795,1.0,-0.00563489237857143,-132888.59143838088,-0.07440778052300456,1.0013232211466252,0.03667407990298227
12-01-2026,00.05,1296,4860.0,3.53458,0.000991051,0.300878,0.0707468,0.0,3566.496577875407,4.252884936138454,0.0075219499999999995,0.006191785714285469,-0.0022917923785714302,0.0,0.0,-0.0022917923785714302,-0.0022911496758331244,-0.002290507333468653,0.007008443208124276,4.458655975771774,0.6138515884184703,4.45869937055031,1.0,-0.0022917923785714302,-54131.219264905754,-0.03030947832999936,1.0013232211466252,0.03667407990298227
12-01-2026,00.05,1297,4863.75,3.53367,0.00101445,0.250731,0.0645949,0.0,3483.335797722904,3.8815912711375047,0.006268274999999999,0.005281785714285281,-0.0035454673785714303,0.0,0.0,-0.0035454673785714303,-0.0035439294364994402,-0.003542392828096618,0.007008443208124276,4.458655975771774,0.6138515884184703,4.45869299286699,1.0,-0.0035454673785714303,-83871.8034389897,-0.04696200535205975,1.0013232211466252,0.03667407990298227
12-01-2026,00.05,1298,4867.5,3.53463,0.00101732,0.300878,0.0707468,0.0,3474.452482994535,4.252884936138454,0.0075219499999999995,0.006241785714285353,-0.0022917923785714302,0.0,0.0,-0.0022917923785714302,-0.0022911496758331244,-0.002290507333468653,0.007008443208124276,4.458655975771774,0.6138515884184703,4.4586997209724695,1.0,-0.0022917923785714302,-54298.419842624906,-0.030403098284546137,1.0013232211466252,0.03667407990298227
12-01-2026,00.05,1299,4871.25,3.53397,0.00100689,0.18387,0.0553671,0.0,3509.787563686202,3.320925242607975,0.00459675,0.00558178571428547,-0.00521699237857143,0.0,0.0,-0.00521699237857143,-0.005213663142527839,-0.005210338152894126,0.007008443208124276,4.458655975771774,0.6138515884184703,4.4586950953999525,1.0,-0.00521699237857143,-123794.41157710044,-0.06931571255967867,1.0013232211466252,0.03667407990298227
12-01-2026,00.05,1300,4875.0,3.53452,0.000990139,0.2173,0.0601519,0.0,3569.7210189680445,3.6125209677499797,0.0054325,0.00613178571428552,-0.00438124237857143,0.0,0.0,-0.00438124237857143,-0.004378894134993035,-0.004376548407273616,0.007008443208124276,4.458655975771774,0.6138515884184703,4.458698950043717,1.0,-0.00438124237857143,-104122.96340323664,-0.05830115681454367,1.0013232211466252,0.03667407990298227
12-01-2026,00.05,1301,4878.75,3.53539,0.00100878,0.284162,0.0686962,0.0,3504.6194413053395,4.13650245573991,0.007104050000000001,0.007001785714285447,-0.002709692378571429,0.0,0.0,-0.002709692378571429,-0.002708793962772649,-0.0027078961425273914,0.007008443208124276,4.458655975771774,0.6138515884184703,4.458705047389308,1.0,-0.002709692378571429,-64496.64416712721,-0.03611334947351893,1.0013232211466252,0.03667407990298227
12-01-2026,00.05,1302,4882.5,3.53573,0.001017,0.200585,0.0577595,0.0,3476.627335299902,3.472762056458245,0.005014625000000001,0.007341785714285454,-0.004799117378571429,0.0,0.0,-0.004799117378571429,-0.004796299974568387,-0.004793485876634951,0.007008443208124276,4.458655975771774,0.6138515884184703,4.458707430259999,1.0,-0.004799117378571429,-114405.2293587722,-0.06405846509975799,1.0013232211466252,0.03667407990298227
12-01-2026,00.05,1303,4886.25,3.535,0.00100239,0.250731,0.0645949,0.0,3526.571494129032,3.8815912711375047,0.006268274999999999,0.006611785714285556,-0.0035454673785714303,0.0,0.0,-0.0035454673785714303,-0.0035439294364994402,-0.003542392828096618,0.007008443208124276,4.458655975771774,0.6138515884184703,4.458702314096457,1.0,-0.0035454673785714303,-84649.5903451638,-0.04739750848127386,1.0013232211466252,0.03667407990298227
12-01-2026,00.05,1304,4890.0,3.53421,0.00099568,0.150439,0.0498987,0.0,3549.544030210509,3.014888163419087,0.0037609749999999997,0.005821785714285266,-0.00605276737857143,0.0665557,0.0016638924999999999,-0.00771665987857143,-0.007709378223057624,-0.007702110296934903,0.007008443208124276,4.458655975771774,0.6138515884184703,4.458696777426322,1.0,-0.00605276737857143,-144734.3788331379,-0.08104054514975552,1.0013232211466252,0.03667407990298227
12-01-2026,00.05,1305,4893.75,3.53501,0.000982446,0.18387,0.0553671,0.0,3598.1723168499843,3.320925242607975,0.00459675,0.006621785714285622,-0.00521699237857143,0.0,0.0,-0.00521699237857143,-0.005213663142527839,-0.005210338152894126,0.007008443208124276,4.458655975771774,0.6138515884184703,4.458702384180889,1.0,-0.00521699237857143,-124940.6500150773,-0.06995752128981005,1.0013232211466252,0.03667407990298227
12-01-2026,00.05,1306,4897.5,3.53599,0.00097495,0.18387,0.0553671,0.0,3626.8424021744704,3.320925242607975,0.00459675,0.007601785714285381,-0.00521699237857143,0.0,0.0,-0.00521699237857143,-0.005213663142527839,-0.005210338152894126,0.007008443208124276,4.458655975771774,0.6138515884184703,4.4587092524552325,1.0,-0.00521699237857143,-125132.20330242738,-0.07006477696021282,1.0013232211466252,0.03667407990298227
12-01-2026,00.05,1307,4901.25,3.53513,0.00103688,0.334308,0.0782658,0.0,3409.391636447805,4.2714442323466955,0.0083577,0.00674178571428552,-0.0014560423785714306,0.0,0.0,-0.0014560423785714306,-0.0014557829295387668,-0.001455523572950951,0.007008443208124276,4.458655975771774,0.6138515884184703,4.458703225194074,1.0,-0.0014560423785714306,-34977.416303703765,-0.01958476561018067,1.0013232211466252,0.03667407990298227
12-01-2026,00.05,1308,4905.0,3.53507,0.000996657,0.267447,0.0666456,0.0,3546.9273782254077,4.012973099499442,0.006686175,0.006681785714285571,-0.0031275673785714298,0.0,0.0,-0.0031275673785714298,-0.0031263705593794692,-0.0031251746558053615,0.007008443208124276,4.458655975771774,0.6138515884184703,4.458702804687482,1.0,-0.0031275673785714298,-75246.22175023449,-0.04213231769992036,1.0013232211466252,0.03667407990298227
12-01-2026,00.05,1309,4908.75,3.5357,0.000990139,0.284162,0.0686962,0.0,3570.912770833186,4.13650245573991,0.007104050000000001,0.007311785714285257,-0.002709692378571429,0.0,0.0,-0.002709692378571429,-0.002708793962772649,-0.0027078961425273914,0.007008443208124276,4.458655975771774,0.6138515884184703,4.458707220006702,1.0,-0.002709692378571429,-65292.27759178525,-0.036558845332854396,1.0013232211466252,0.03667407990298227
12-01-2026,00.05,1310,4912.5,3.53684,0.00101556,0.267447,0.0666456,0.0,3482.6499665209344,4.012973099499442,0.006686175,0.00845178571428562,-0.0031275673785714298,0.0,0.0,-0.0031275673785714298,-0.0031263705593794692,-0.0031251746558053615,0.007008443208124276,4.458655975771774,0.6138515884184703,4.4587152096319596,1.0,-0.0031275673785714298,-75476.50844577793,-0.042261261213535,1.0013232211466252,0.03667407990298227
12-01-2026,00.05,1311,4916.25,3.53496,0.0010166,0.234016,0.0622025,0.0,3477.2378516624035,3.762163900164784,0.0058504,0.006571785714285294,-0.003963342378571429,0.0,0.0,-0.003963342378571429,-0.003961420641495357,-0.00395950076713172,0.007008443208124276,4.458655975771774,0.6138515884184703,4.458702033758728,1.0,-0.003963342378571429,-95792.05935338436,-0.05363646684085956,1.0013232211466252,0.03667407990298227
12-01-2026,00.05,1312,4920.0,3.5346,0.00101211,0.284162,0.0686962,0.0,3492.308148323799,4.13650245573991,0.007104050000000001,0.0062117857142856,-0.002709692378571429,0.0,0.0,-0.002709692378571429,-0.002708793962772649,-0.0027078961425273914,0.007008443208124276,4.458655975771774,0.6138515884184703,4.458699510719174,1.0,-0.002709692378571429,-65591.89759265144,-0.03672661036838863,1.0013232211466252,0.03667407990298227
12-01-2026,00.05,1313,4923.75,3.53621,0.00101048,0.2173,0.0601519,0.0,3499.534874515082,3.6125209677499797,0.0054325,0.00782178571428549,-0.00438124237857143,0.0,0.0,-0.00438124237857143,-0.004378894134993035,-0.004376548407273616,0.007008443208124276,4.458655975771774,0.6138515884184703,4.458710794312738,1.0,-0.00438124237857143,-106215.8349676417,-0.059473010066515994,1.0013232211466252,0.03667407990298227
12-01-2026,00.05,1314,4927.5,3.53603,0.0010007,0.367739,0.0779241,0.0,3533.55651044269,4.719194703564109,0.009193475,0.007641785714285199,-0.0006202673785714301,0.0,0.0,-0.0006202673785714301,-0.0006202202909959525,-0.0006201732105692353,0.007008443208124276,4.458655975771774,0.6138515884184703,4.458709532792961,1.0,-0.0006202673785714301,-15060.250895230083,-0.008432626391056857,1.0013232211466252,0.03667407990298227
12-01-2026,00.05,1315,4931.25,3.53616,0.000995223,0.317593,0.0762152,0.0,3553.133317859415,4.167055915355467,0.007939825000000001,0.007771785714285606,-0.0018739173785714287,0.0,0.0,-0.0018739173785714287,-0.0018734876614143474,-0.0018730581412931678,0.007008443208124276,4.458655975771774,0.6138515884184703,4.4587104438905785,1.0,-0.0018739173785714287,-45568.47345412751,-0.025514974121125286,1.0013232211466252,0.03667407990298227
12-01-2026,00.05,1316,4935.0,3.53515,0.000985184,0.167154,0.0526329,0.0,3588.3144671452233,3.175846286258215,0.00417885,0.006761785714285207,-0.00563489237857143,0.0,0.0,-0.00563489237857143,-0.005631008610964746,-0.0056271301933313285,0.007008443208124276,4.458655975771774,0.6138515884184703,4.458703365362938,1.0,-0.00563489237857143,-137233.4368385138,-0.07684057252900142,1.0013232211466252,0.03667407990298227
12-01-2026,00.05,1317,4938.75,3.53366,0.000975993,0.0501463,0.0290506,0.0,3620.5792459577065,1.726170888036736,0.0012536575,0.005271785714285215,-0.00856008487857143,0.0665557,0.0016638924999999999,-0.01022397737857143,-0.010211198932783253,-0.010198452389421894,0.007008443208124276,4.458655975771774,0.6138515884184703,4.458692922782558,1.0,-0.00856008487857143,-208791.183669588,-0.1169076171360337,1.0013232211466252,0.03667407990298227
12-01-2026,00.05,1318,4942.5,3.53517,0.000985184,0.2173,0.0601519,0.0,3588.334767921525,3.6125209677499797,0.0054325,0.006781785714285338,-0.00438124237857143,0.0,0.0,-0.00438124237857143,-0.004378894134993035,-0.004376548407273616,0.007008443208124276,4.458655975771774,0.6138515884184703,4.458703505531802,1.0,-0.00438124237857143,-107026.33057922132,-0.05992682765106943,1.0013232211466252,0.03667407990298227
12-01-2026,00.05,1319,4946.25,3.53586,0.000996397,0.167154,0.0526329,0.0,3548.645770711875,3.175846286258215,0.00417885,0.007471785714285417,-0.00563489237857143,0.0,0.0,-0.00563489237857143,-0.005631008610964746,-0.0056271301933313285,0.007008443208124276,4.458655975771774,0.6138515884184703,4.458708341357616,1.0,-0.00563489237857143,-137859.83436706607,-0.07719130880606011,1.0013232211466252,0.03667407990298227
12-01-2026,00.05,1320,4950.0,3.53593,0.00100044,0.234016,0.0622025,0.0,3534.3748750549757,3.762163900164784,0.0058504,0.007541785714285432,-0.003963342378571429,0.0,0.0,-0.003963342378571429,-0.003961420641495357,-0.00395950076713172,0.007008443208124276,4.458655975771774,0.6138515884184703,4.45870883194864,1.0,-0.003963342378571429,-97111.79663094645,-0.054375422086256994,1.0013232211466252,0.03667407990298227
12-01-2026,00.05,1321,4953.75,3.53592,0.000994637,0.18387,0.0553671,0.0,3554.9853866284884,3.320925242607975,0.00459675,0.007531785714285366,-0.00521699237857143,0.0,0.0,-0.00521699237857143,-0.005213663142527839,-0.005210338152894126,0.007008443208124276,4.458655975771774,0.6138515884184703,4.458708761864208,1.0,-0.00521699237857143,-128023.10996195624,-0.07168347082931338,1.0013232211466252,0.03667407990298227
12-01-2026,00.05,1322,4957.5,3.5365,0.00100631,0.234016,0.0622025,0.0,3514.3246117001718,3.762163900164784,0.0058504,0.008111785714285613,-0.003963342378571429,0.0,0.0,-0.003963342378571429,-0.003961420641495357,-0.00395950076713172,0.007008443208124276,4.458655975771774,0.6138515884184703,4.458712826761269,1.0,-0.003963342378571429,-97406.29774056417,-0.05454032092137165,1.0013232211466252,0.03667407990298227
12-01-2026,00.05,1323,4961.25,3.53651,0.00100787,0.284162,0.0686962,0.0,3508.894996378501,4.13650245573991,0.007104050000000001,0.008121785714285235,-0.002709692378571429,0.0,0.0,-0.002709692378571429,-0.002708793962772649,-0.0027078961425273914,0.007008443208124276,4.458655975771774,0.6138515884184703,4.458712896845701,1.0,-0.002709692378571429,-66696.37244005149,-0.03734503457733684,1.0013232211466252,0.03667407990298227
12-01-2026,00.05,1324,4965.0,3.53755,0.00101256,0.284162,0.0686962,0.0,3493.6695109425614,4.13650245573991,0.007104050000000001,0.009161785714285386,-0.002709692378571429,0.0,0.0,-0.002709692378571429,-0.002708793962772649,-0.0027078961425273914,0.007008443208124276,4.458655975771774,0.6138515884184703,4.458720185626637,1.0,-0.002709692378571429,-66797.23650494948,-0.03740151099207156,1.0013232211466252,0.03667407990298227
12-01-2026,00.05,1325,4968.75,3.53872,0.00104125,0.284162,0.0686962,0.0,3398.530612244898,4.13650245573991,0.007104050000000001,0.010331785714285502,-0.002709692378571429,0.0,0.0,-0.002709692378571429,-0.002708793962772649,-0.0027078961425273914,0.007008443208124276,4.458655975771774,0.6138515884184703,4.458728385505191,1.0,-0.002709692378571429,-66898.1767799456,-0.03745803007882346,1.0013232211466252,0.03667407990298227
12-01-2026,00.05,1326,4972.5,3.53777,0.00102371,0.234016,0.0622025,0.0,3455.832218108644,3.762163900164784,0.0058504,0.009381785714285495,-0.003963342378571429,0.0,0.0,-0.003963342378571429,-0.003961420641495357,-0.00395950076713172,0.007008443208124276,4.458655975771774,0.6138515884184703,4.458721727484143,1.0,-0.003963342378571429,-97996.63758785238,-0.054870867564356975,1.0013232211466252,0.03667407990298227
12-01-2026,00.05,1327,4976.25,3.53661,0.00101719,0.2173,0.0601519,0.0,3476.843067666807,3.6125209677499797,0.0054325,0.008221785714285446,-0.00438124237857143,0.0,0.0,-0.00438124237857143,-0.004378894134993035,-0.004376548407273616,0.007008443208124276,4.458655975771774,0.6138515884184703,4.458713597690021,1.0,-0.00438124237857143,-108492.9856939042,-0.06074804601673228,1.0013232211466252,0.03667407990298227
12-01-2026,00.05,1328,4980.0,3.53693,0.00100265,0.234016,0.0622025,0.0,3527.581907943949,3.762163900164784,0.0058504,0.008541785714285322,-0.003963342378571429,0.0,0.0,-0.003963342378571429,-0.003961420641495357,-0.00395950076713172,0.007008443208124276,4.458655975771774,0.6138515884184703,4.458715840391848,1.0,-0.003963342378571429,-98292.47632552288,-0.055036515372227646,1.0013232211466252,0.03667407990298227
12-01-2026,00.05,1329,4983.75,3.53723,0.000997309,0.200585,0.0625443,0.0,3546.77436982921,3.207086816864207,0.005014625000000001,0.00884178571428551,-0.004799117378571429,0.0,0.0,-0.004799117378571429,-0.004796299974568387,-0.004793485876634951,0.007008443208124276,4.458655975771774,0.6138515884184703,4.458717942924811,1.0,-0.004799117378571429,-119199.34515720065,-0.06674281529318103,1.0013232211466252,0.03667407990298227
12-01-2026,00.05,1330,4987.5,3.53602,0.00102052,0.167154,0.0526329,0.0,3464.9198447850117,3.175846286258215,0.00417885,0.007631785714285577,-0.00563489237857143,0.0,0.0,-0.00563489237857143,-0.005631008610964746,-0.0056271301933313285,0.007008443208124276,4.458655975771774,0.6138515884184703,4.458709462708529,1.0,-0.00563489237857143,-140168.82836889848,-0.07848417463492958,1.0013232211466252,0.03667407990298227
12-01-2026,00.05,1331,4991.25,3.53676,0.00100409,0.167154,0.0526329,0.0,3522.3535738828195,3.175846286258215,0.00417885,0.00837178571428554,-0.00563489237857143,0.0,0.0,-0.00563489237857143,-0.005631008610964746,-0.0056271301933313285,0.007008443208124276,4.458655975771774,0.6138515884184703,4.458714648956503,1.0,-0.00563489237857143,-140379.68780260847,-0.07860224031908558,1.0013232211466252,0.03667407990298227
12-01-2026,00.05,1332,4995.0,3.53706,0.000985901,0.300878,0.0707468,0.0,3587.642166911282,4.252884936138454,0.0075219499999999995,0.008671785714285285,-0.0022917923785714302,0.0,0.0,-0.0022917923785714302,-0.0022911496758331244,-0.002290507333468653,0.007008443208124276,4.458655975771774,0.6138515884184703,4.458716751489465,1.0,-0.0022917923785714302,-57180.27714016665,-0.03201672518037741,1.0013232211466252,0.03667407990298227
12-01-2026,00.05,1333,4998.75,3.53614,0.000972016,0.100293,0.0410127,0.0,3637.944231370677,2.4454132500420602,0.002507325,0.007751785714285475,-0.00730641737857143,0.0,0.0,-0.00730641737857143,-0.007299889047740544,-0.007293372372706139,0.007008443208124276,4.458655975771774,0.6138515884184703,4.458710303721714,1.0,-0.00730641737857143,-182569.11566333077,-0.1022251988791316,1.0013232211466252,0.03667407990298227
12-01-2026,00.05,1334,5002.5,3.53622,0.000990595,0.200585,0.0577595,0.0,3569.793911739914,3.472762056458245,0.005014625000000001,0.007831785714285555,-0.004799117378571429,0.0,0.0,-0.004799117378571429,-0.004796299974568387,-0.004793485876634951,0.007008443208124276,4.458655975771774,0.6138515884184703,4.458710864397171,1.0,-0.004799117378571429,-120097.94239323362,-0.06724596326994564,1.0013232211466252,0.03667407990298227
12-01-2026,00.05,1335,5006.25,3.53802,0.000986814,0.250731,0.0645949,0.0,3585.295709221799,3.8815912711375047,0.006268274999999999,0.009631785714285357,-0.0035454673785714303,0.0,0.0,-0.0035454673785714303,-0.0035439294364994402,-0.003542392828096618,0.007008443208124276,4.458655975771774,0.6138515884184703,4.458723479594945,1.0,-0.0035454673785714303,-88858.41467026595,-0.04975413874766732,1.0013232211466252,0.03667407990298227
12-01-2026,00.05,1336,5010.0,3.53742,0.000989291,0.250731,0.0645949,0.0,3575.712303053399,3.8815912711375047,0.006268274999999999,0.009031785714285423,-0.0035454673785714303,0.0,0.0,-0.0035454673785714303,-0.0035439294364994402,-0.003542392828096618,0.007008443208124276,4.458655975771774,0.6138515884184703,4.45871927452902,1.0,-0.0035454673785714303,-88991.58574888075,-0.0498287047001116,1.0013232211466252,0.03667407990298227
12-01-2026,00.05,1337,5013.75,3.53699,0.000997374,0.200585,0.0577595,0.0,3546.302590602923,3.472762056458245,0.005014625000000001,0.00860178571428527,-0.004799117378571429,0.0,0.0,-0.004799117378571429,-0.004796299974568387,-0.004793485876634951,0.007008443208124276,4.458655975771774,0.6138515884184703,4.4587162608984405,1.0,-0.004799117378571429,-120638.72043696868,-0.06754875896936846,1.0013232211466252,0.03667407990298227
12-01-2026,00.05,1338,5017.5,3.53858,0.000987401,0.167154,0.0526329,0.0,3583.731432315746,3.175846286258215,0.00417885,0.010191785714285473,-0.00563489237857143,0.0,0.0,-0.00563489237857143,-0.005631008610964746,-0.0056271301933313285,0.007008443208124276,4.458655975771774,0.6138515884184703,4.458727404323142,1.0,-0.00563489237857143,-141860.14131632668,-0.0794311847674458,1.0013232211466252,0.03667407990298227
12-01-2026,00.05,1339,5021.25,3.53857,0.000985249,0.234016,0.0622025,0.0,3591.548938390193,3.762163900164784,0.0058504,0.010181785714285407,-0.003963342378571429,0.0,0.0,-0.003963342378571429,-0.003961420641495357,-0.00395950076713172,0.007008443208124276,4.458655975771774,0.6138515884184703,4.45872733423871,1.0,-0.003963342378571429,-99927.55941652498,-0.0559520409448542,1.0013232211466252,0.03667407990298227
12-01-2026,00.05,1340,5025.0,3.53807,0.00099405,0.284162,0.0686962,0.0,3559.247522760424,4.13650245573991,0.007104050000000001,0.00968178571428524,-0.002709692378571429,0.0,0.0,-0.002709692378571429,-0.002708793962772649,-0.0027078961425273914,0.007008443208124276,4.458655975771774,0.6138515884184703,4.458723830017106,1.0,-0.002709692378571429,-68421.42611666518,-0.038310937022163274,1.0013232211466252,0.03667407990298227
12-01-2026,00.05,1341,5028.75,3.53777,0.000994832,0.267447,0.0666456,0.0,3556.1481737620024,4.012973099499442,0.006686175,0.009381785714285495,-0.0031275673785714298,0.0,0.0,-0.0031275673785714298,-0.0031263705593794692,-0.0031251746558053615,0.007008443208124276,4.458655975771774,0.6138515884184703,4.458721727484143,1.0,-0.0031275673785714298,-79090.94521553638,-0.04428507841986885,1.0013232211466252,0.03667407990298227
12-01-2026,00.05,1342,5032.5,3.53855,0.000996527,0.18387,0.0553671,0.0,3550.882213928975,3.320925242607975,0.00459675,0.010161785714285276,-0.00521699237857143,0.0,0.0,-0.00521699237857143,-0.005213663142527839,-0.005210338152894126,0.007008443208124276,4.458655975771774,0.6138515884184703,4.458727194069845,1.0,-0.00521699237857143,-132125.8424355213,-0.07398069750718952,1.0013232211466252,0.03667407990298227
12-01-2026,00.05,1343,5036.25,3.53778,0.000970256,0.0835771,0.0372532,0.0,3646.2335713461193,2.2434878077587967,0.0020894275,0.009391785714285561,-0.0077243148785714295,0.0,0.0,-0.0077243148785714295,-0.007717018775778599,-0.007709736443237814,0.007008443208124276,4.458655975771774,0.6138515884184703,4.458721797568575,1.0,-0.0077243148785714295,-195918.086340288,-0.1096996349431155,1.0013232211466252,0.03667407990298227
12-01-2026,00.05,1344,5040.0,3.538,0.000971821,0.200585,0.0577595,0.0,3640.588132999801,3.472762056458245,0.005014625000000001,0.009611785714285226,-0.004799117378571429,0.0,0.0,-0.004799117378571429,-0.004796299974568387,-0.004793485876634951,0.007008443208124276,4.458655975771774,0.6138515884184703,4.458723339426081,1.0,-0.004799117378571429,-121905.26000352,-0.06825792743200018,1.0013232211466252,0.03667407990298227
12-01-2026,00.05,1345,5043.75,3.53812,0.00100741,0.167154,0.0526329,0.0,3512.0953732839657,3.175846286258215,0.00417885,0.009731785714285568,-0.00563489237857143,0.0,0.0,-0.00563489237857143,-0.005631008610964746,-0.0056271301933313285,0.007008443208124276,4.458655975771774,0.6138515884184703,4.458724180439266,1.0,-0.00563489237857143,-143348.36041610411,-0.08026447736952541,1.0013232211466252,0.03667407990298227
12-01-2026,00.05,1346,5047.5,3.53769,0.000987531,0.167154,0.0526329,0.0,3582.3584272291196,3.175846286258215,0.00417885,0.009301785714285415,-0.00563489237857143,0.0665557,0.0016638924999999999,-0.00729878487857143,-0.007292270173911271,-0.007285767088590286,0.007008443208124276,4.458655975771774,0.6138515884184703,4.458721166808687,1.0,-0.00563489237857143,-143561.59707003634,-0.08038387412114653,1.0013232211466252,0.03667407990298227
12-01-2026,00.05,1347,5051.25,3.53856,0.000988639,0.250731,0.0645949,0.0,3579.223558852119,3.8815912711375047,0.006268274999999999,0.010171785714285342,-0.0035454673785714303,0.0,0.0,-0.0035454673785714303,-0.0035439294364994402,-0.003542392828096618,0.007008443208124276,4.458655975771774,0.6138515884184703,4.458727264154278,1.0,-0.0035454673785714303,-90463.04888746515,-0.05065261520347673,1.0013232211466252,0.03667407990298227
12-01-2026,00.05,1348,5055.0,3.53854,0.000983359,0.234016,0.0622025,0.0,3598.421329341573,3.762163900164784,0.0058504,0.01015178571428521,-0.003963342378571429,0.0,0.0,-0.003963342378571429,-0.003961420641495357,-0.00395950076713172,0.007008443208124276,4.458655975771774,0.6138515884184703,4.458727123985414,1.0,-0.003963342378571429,-101275.3868831952,-0.05670672461812783,1.0013232211466252,0.03667407990298227
12-01-2026,00.05,1349,5058.75,3.53844,0.00100011,0.200585,0.0577595,0.0,3538.0508144104147,3.472762056458245,0.005014625000000001,0.010051785714285444,-0.004799117378571429,0.0,0.0,-0.004799117378571429,-0.004796299974568387,-0.004793485876634951,0.007008443208124276,4.458655975771774,0.6138515884184703,4.458726423141092,1.0,-0.004799117378571429,-122813.9803777734,-0.06876674361729011,1.0013232211466252,0.03667407990298227
12-01-2026,00.05,1350,5062.5,3.53939,0.00102501,0.200585,0.0577595,0.0,3453.0297265392533,3.472762056458245,0.005014625000000001,0.01100178571428545,-0.004799117378571429,0.0,0.0,-0.004799117378571429,-0.004796299974568387,-0.004793485876634951,0.007008443208124276,4.458655975771774,0.6138515884184703,4.458733081162141,1.0,-0.004799117378571429,-122996.12937815291,-0.06886873358268912,1.0013232211466252,0.03667407990298227
12-01-2026,00.05,1351,5066.25,3.53837,0.00100109,0.234016,0.0622025,0.0,3534.517376060094,3.762163900164784,0.0058504,0.00998178571428543,-0.003963342378571429,0.0,0.0,-0.003963342378571429,-0.003961420641495357,-0.00395950076713172,0.007008443208124276,4.458655975771774,0.6138515884184703,4.458725932550068,1.0,-0.003963342378571429,-101726.66914749776,-0.05695940930168638,1.0013232211466252,0.03667407990298227
12-01-2026,00.05,1352,5070.0,3.53885,0.000999721,0.200585,0.0577595,0.0,3539.8376146944997,3.472762056458245,0.005014625000000001,0.010461785714285465,-0.004799117378571429,0.0,0.0,-0.004799117378571429,-0.004796299974568387,-0.004793485876634951,0.007008443208124276,4.458655975771774,0.6138515884184703,4.458729296602808,1.0,-0.004799117378571429,-123360.83230444072,-0.06907294024182813,1.0013232211466252,0.03667407990298227
12-01-2026,00.05,1353,5073.75,3.53888,0.000993789,0.284162,0.0686962,0.0,3560.9973545692296,4.13650245573991,0.007104050000000001,0.010491785714285218,-0.002709692378571429,0.0,0.0,-0.002709692378571429,-0.002708793962772649,-0.0027078961425273914,0.007008443208124276,4.458655975771774,0.6138515884184703,4.458729506856105,1.0,-0.002709692378571429,-69755.44577968497,-0.039057889346850796,1.0013232211466252,0.03667407990298227
12-01-2026,00.05,1354,5077.5,3.53901,0.000984598,0.234016,0.0622025,0.0,3594.3704943540415,3.762163900164784,0.0058504,0.010621785714285625,-0.003963342378571429,0.0,0.0,-0.003963342378571429,-0.003961420641495357,-0.00395950076713172,0.007008443208124276,4.458655975771774,0.6138515884184703,4.4587304179537215,1.0,-0.003963342378571429,-102178.95463283989,-0.05721265571481194,1.0013232211466252,0.03667407990298227
12-01-2026,00.05,1355,5081.25,3.53903,0.00100285,0.40117,0.0813418,0.0,3528.972428578551,4.931904629600034,0.010029250000000002,0.010641785714285312,0.000215507621428572,0.0665557,0.0016638924999999999,-0.001448384878571428,-0.00144812815106888,-0.0014478715145605577,0.007008443208124276,4.458655975771774,0.6138515884184703,4.458730558122586,1.0,0.000215507621428572,5564.213165157102,0.003115547749395775,1.0013232211466252,0.03667407990298227
12-01-2026,00.05,1356,5085.0,3.53908,0.000997309,0.117008,0.0440886,0.0,3548.629361612098,2.6539286799762296,0.0029252,0.010691785714285196,-0.0068885423785714295,0.0,0.0,-0.0068885423785714295,-0.006882739144841172,-0.006876945680717376,0.007008443208124276,4.458655975771774,0.6138515884184703,4.458730908544746,1.0,-0.0068885423785714295,-178118.59020475662,-0.09973323385828795,1.0013232211466252,0.03667407990298227
12-01-2026,00.05,1357,5088.75,3.5401,0.000986423,0.2173,0.0601519,0.0,3588.825483590711,3.6125209677499797,0.0054325,0.011711785714285217,-0.00438124237857143,0.0,0.0,-0.00438124237857143,-0.004378894134993035,-0.004376548407273616,0.007008443208124276,4.458655975771774,0.6138515884184703,4.458738057156818,1.0,-0.00438124237857143,-113453.92120469036,-0.06352580290827492,1.0013232211466252,0.03667407990298227
12-01-2026,00.05,1358,5092.5,3.53912,0.000984011,0.150439,0.0498987,0.0,3596.62646047656,3.014888163419087,0.0037609749999999997,0.010731785714285458,-0.00605276737857143,0.0,0.0,-0.00605276737857143,-0.006048286452768671,-0.006043812156608628,0.007008443208124276,4.458655975771774,0.6138515884184703,4.458731188882474,1.0,-0.00605276737857143,-156969.7832803472,-0.08789146650322847,1.0013232211466252,0.03667407990298227
12-01-2026,00.05,1359,5096.25,3.53898,0.00098212,0.0835771,0.0372532,0.0,3603.4089520628845,2.2434878077587967,0.0020894275,0.010591785714285429,-0.0077243148785714295,0.0665557,0.0016638924999999999,-0.00938820737857143,-0.009377431616393797,-0.009366680562644464,0.007008443208124276,4.458655975771774,0.6138515884184703,4.458730207700425,1.0,-0.0077243148785714295,-200614.0835707155,-0.11232904599696289,1.0013232211466252,0.03667407990298227
12-01-2026,00.05,1360,5100.0,3.54011,0.000982772,0.200585,0.0577595,0.0,3602.1681529388297,3.472762056458245,0.005014625000000001,0.011721785714285282,-0.004799117378571429,0.0,0.0,-0.004799117378571429,-0.004796299974568387,-0.004793485876634951,0.007008443208124276,4.458655975771774,0.6138515884184703,4.45873812724125,1.0,-0.004799117378571429,-124825.04301664287,-0.06989278992293103,1.0013232211466252,0.03667407990298227
12-01-2026,00.05,1361,5103.75,3.54019,0.000975211,0.167154,0.0526329,0.0,3630.1784947052483,3.175846286258215,0.00417885,0.011801785714285362,-0.00563489237857143,0.0,0.0,-0.00563489237857143,-0.005631008610964746,-0.0056271301933313285,0.007008443208124276,4.458655975771774,0.6138515884184703,4.458738687916707,1.0,-0.00563489237857143,-146779.16464079733,-0.08218547393518424,1.0013232211466252,0.03667407990298227
12-01-2026,00.05,1362,5107.5,3.53909,0.00100076,0.0668617,0.0334937,0.0,3536.402334225988,1.9962470554163916,0.0016715425,0.010701785714285261,-0.00814219987857143,0.0,0.0,-0.00814219987857143,-0.008134093398263603,-0.008126003043735614,0.007008443208124276,4.458655975771774,0.6138515884184703,4.458730978629178,1.0,-0.00814219987857143,-212401.9551310968,-0.11892938204089579,1.0013232211466252,0.03667407990298227
12-01-2026,00.05,1363,5111.25,3.53992,0.000983359,0.18387,0.0553671,0.0,3599.8246825421843,3.320925242607975,0.00459675,0.01153178571428537,-0.00521699237857143,0.0,0.0,-0.00521699237857143,-0.005213663142527839,-0.005210338152894126,0.007008443208124276,4.458655975771774,0.6138515884184703,4.458736795637041,1.0,-0.00521699237857143,-136293.28191768186,-0.07631415532305698,1.0013232211466252,0.03667407990298227
12-01-2026,00.05,1364,5115.0,3.54064,0.000959696,0.18387,0.0553671,0.0,3689.334956069422,3.320925242607975,0.00459675,0.012251785714285202,-0.00521699237857143,0.0,0.0,-0.00521699237857143,-0.005213663142527839,-0.005210338152894126,0.007008443208124276,4.458655975771774,0.6138515884184703,4.458741841716151,1.0,-0.00521699237857143,-136493.3454238495,-0.07642617608643822,1.0013232211466252,0.03667407990298227
12-01-2026,00.05,1365,5118.75,3.53922,0.000968366,0.100293,0.0410127,0.0,3654.837117370911,2.4454132500420602,0.002507325,0.010831785714285225,-0.00730641737857143,0.0,0.0,-0.00730641737857143,-0.007299889047740544,-0.007293372372706139,0.007008443208124276,4.458655975771774,0.6138515884184703,4.458731889726795,1.0,-0.00730641737857143,-191439.83700265433,-0.10719214660092441,1.0013232211466252,0.03667407990298227
12-01-2026,00.05,1366,5122.5,3.53996,0.000982316,0.284162,0.0686962,0.0,3603.6876117257584,4.13650245573991,0.007104050000000001,0.011571785714285632,-0.002709692378571429,0.0,0.0,-0.002709692378571429,-0.002708793962772649,-0.0027078961425273914,0.007008443208124276,4.458655975771774,0.6138515884184703,4.458737075974769,1.0,-0.002709692378571429,-71102.34494929167,-0.03981205324244136,1.0013232211466252,0.03667407990298227
12-01-2026,00.05,1367,5126.25,3.54094,0.000982903,0.284162,0.0686962,0.0,3602.532498120364,4.13650245573991,0.007104050000000001,0.01255178571428539,-0.002709692378571429,0.0,0.0,-0.002709692378571429,-0.002708793962772649,-0.0027078961425273914,0.007008443208124276,4.458655975771774,0.6138515884184703,4.458743944249113,1.0,-0.002709692378571429,-71206.48604840998,-0.03987036455391472,1.0013232211466252,0.03667407990298227
12-01-2026,00.05,1368,5130.0,3.54092,0.000992355,0.250731,0.0645949,0.0,3568.1988804409707,3.8815912711375047,0.006268274999999999,0.01253178571428526,-0.0035454673785714303,0.0,0.0,-0.0035454673785714303,-0.0035439294364994402,-0.003542392828096618,0.007008443208124276,4.458655975771774,0.6138515884184703,4.458743804080249,1.0,-0.0035454673785714303,-93305.71045512648,-0.05224429539015252,1.0013232211466252,0.03667407990298227
12-01-2026,00.05,1369,5133.75,3.54084,0.000984924,0.18387,0.0553671,0.0,3595.03880502455,3.320925242607975,0.00459675,0.012451785714285624,-0.00521699237857143,0.0,0.0,-0.00521699237857143,-0.005213663142527839,-0.005210338152894126,0.007008443208124276,4.458655975771774,0.6138515884184703,4.4587432434047924,1.0,-0.00521699237857143,-137495.86387334732,-0.0769875122549767,1.0013232211466252,0.03667407990298227
12-01-2026,00.05,1370,5137.5,3.54069,0.000997114,0.200585,0.0577595,0.0,3550.9380070884577,3.472762056458245,0.005014625000000001,0.01230178571428553,-0.004799117378571429,0.0,0.0,-0.004799117378571429,-0.004796299974568387,-0.004793485876634951,0.007008443208124276,4.458655975771774,0.6138515884184703,4.458742192138311,1.0,-0.004799117378571429,-126667.45417276006,-0.07092440387454003,1.0013232211466252,0.03667407990298227
12-01-2026,00.05,1371,5141.25,3.54003,0.000983555,0.200585,0.0577595,0.0,3599.219159070921,3.472762056458245,0.005014625000000001,0.011641785714285202,-0.004799117378571429,0.0,0.0,-0.004799117378571429,-0.004796299974568387,-0.004793485876634951,0.007008443208124276,4.458655975771774,0.6138515884184703,4.458737566565794,1.0,-0.004799117378571429,-126852.43765184128,-0.07102798093832613,1.0013232211466252,0.03667407990298227
12-01-2026,00.05,1372,5145.0,3.54064,0.000984728,0.234016,0.0622025,0.0,3595.5512588247716,3.762163900164784,0.0058504,0.012251785714285202,-0.003963342378571429,0.0,0.0,-0.003963342378571429,-0.003961420641495357,-0.00395950076713172,0.007008443208124276,4.458655975771774,0.6138515884184703,4.458741841716151,1.0,-0.003963342378571429,-104913.73518672377,-0.058743930514472444,1.0013232211466252,0.03667407990298227
12-01-2026,00.05,1373,5148.75,3.54038,0.000972147,0.284162,0.0727975,0.0,3641.8154867525177,3.903458223153268,0.007104050000000001,0.011991785714285275,-0.002709692378571429,0.0,0.0,-0.002709692378571429,-0.002708793962772649,-0.0027078961425273914,0.007008443208124276,4.458655975771774,0.6138515884184703,4.458740019520916,1.0,-0.002709692378571429,-71832.93305518097,-0.04022112853511564,1.0013232211466252,0.03667407990298227
12-01-2026,00.05,1374,5152.5,3.5407,0.000971951,0.234016,0.0622025,0.0,3642.8791163340543,3.762163900164784,0.0058504,0.012311785714285595,-0.003963342378571429,0.0,0.0,-0.003963342378571429,-0.003961420641495357,-0.00395950076713172,0.007008443208124276,4.458655975771774,0.6138515884184703,4.458742262222743,1.0,-0.003963342378571429,-105219.82907279882,-0.05891532044680584,1.0013232211466252,0.03667407990298227
12-01-2026,00.05,1375,5156.25,3.54104,0.00100448,0.267447,0.0666456,0.0,3525.2468939152595,4.012973099499442,0.006686175,0.012651785714285602,-0.0031275673785714298,0.0,0.0,-0.0031275673785714298,-0.0031263705593794692,-0.0031251746558053615,0.007008443208124276,4.458655975771774,0.6138515884184703,4.458744645093434,1.0,-0.0031275673785714298,-83152.365118757,-0.04655917311452689,1.0013232211466252,0.03667407990298227
12-01-2026,00.05,1376,5160.0,3.54191,0.000985901,0.117008,0.0440886,0.0,3592.561524940131,2.6539286799762296,0.0029252,0.013521785714285528,-0.0068885423785714295,0.0,0.0,-0.0068885423785714295,-0.006882739144841172,-0.006876945680717376,0.007008443208124276,4.458655975771774,0.6138515884184703,4.458750742439025,1.0,-0.0068885423785714295,-183411.57395489144,-0.1026969131999753,1.0013232211466252,0.03667407990298227
12-01-2026,00.05,1377,5163.75,3.54166,0.00100702,0.284162,0.0686962,0.0,3516.9708645309925,4.13650245573991,0.007104050000000001,0.013271785714285222,-0.002709692378571429,0.0,0.0,-0.002709692378571429,-0.002708793962772649,-0.0027078961425273914,0.007008443208124276,4.458655975771774,0.6138515884184703,4.458748990328223,1.0,-0.002709692378571429,-72252.08859499123,-0.040455824629593136,1.0013232211466252,0.03667407990298227
12-01-2026,00.05,1378,5167.5,3.54261,0.00101341,0.234016,0.0622025,0.0,3495.732230785171,3.762163900164784,0.0058504,0.014221785714285229,-0.003963342378571429,0.0,0.0,-0.003963342378571429,-0.003961420641495357,-0.00395950076713172,0.007008443208124276,4.458655975771774,0.6138515884184703,4.45875564834927,1.0,-0.003963342378571429,-105833.35447300167,-0.059258849284228664,1.0013232211466252,0.03667407990298227
12-01-2026,00.05,1379,5171.25,3.54168,0.000989487,0.167154,0.0526329,0.0,3579.3092784442847,3.175846286258215,0.00417885,0.013291785714285353,-0.00563489237857143,0.0,0.0,-0.00563489237857143,-0.005631008610964746,-0.0056271301933313285,0.007008443208124276,4.458655975771774,0.6138515884184703,4.458749130497087,1.0,-0.00563489237857143,-150687.31468611027,-0.08437374884783884,1.0013232211466252,0.03667407990298227
12-01-2026,00.05,1380,5175.0,3.54046,0.00101908,0.250731,0.0645949,0.0,3474.1727832947367,3.8815912711375047,0.006268274999999999,0.012071785714285355,-0.0035454673785714303,0.0,0.0,-0.0035454673785714303,-0.0035439294364994402,-0.003542392828096618,0.007008443208124276,4.458655975771774,0.6138515884184703,4.458740580196373,1.0,-0.0035454673785714303,-94949.8323152545,-0.05316488200482971,1.0013232211466252,0.03667407990298227
12-01-2026,00.05,1381,5178.75,3.5416,0.000996853,0.284162,0.0686962,0.0,3552.7806005499306,4.13650245573991,0.007104050000000001,0.013211785714285273,-0.002709692378571429,0.0,0.0,-0.002709692378571429,-0.002708793962772649,-0.0027078961425273914,0.007008443208124276,4.458655975771774,0.6138515884184703,4.458748569821631,1.0,-0.002709692378571429,-72672.46349637186,-0.04069120347634548,1.0013232211466252,0.03667407990298227
12-01-2026,00.05,1382,5182.5,3.54079,0.000980034,0.150439,0.0498987,0.0,3612.925674007228,3.014888163419087,0.0037609749999999997,0.012401785714285296,-0.00605276737857143,0.0,0.0,-0.00605276737857143,-0.006048286452768671,-0.006043812156608628,0.007008443208124276,4.458655975771774,0.6138515884184703,4.458742892982632,1.0,-0.00605276737857143,-162567.07991368114,-0.09102553854739173,1.0013232211466252,0.03667407990298227
12-01-2026,00.05,1383,5186.25,3.54036,0.000968887,0.167154,0.0526329,0.0,3654.048408121897,3.175846286258215,0.00417885,0.011971785714285588,-0.00563489237857143,0.0,0.0,-0.00563489237857143,-0.005631008610964746,-0.0056271301933313285,0.007008443208124276,4.458655975771774,0.6138515884184703,4.458739879352052,1.0,-0.00563489237857143,-151562.7656532761,-0.08486393662632644,1.0013232211466252,0.03667407990298227
12-01-2026,00.05,1384,5190.0,3.54131,0.00100409,0.284162,0.0727975,0.0,3526.8850401856407,3.903458223153268,0.007104050000000001,0.012921785714285594,-0.002709692378571429,0.0,0.0,-0.002709692378571429,-0.002708793962772649,-0.0027078961425273914,0.007008443208124276,4.458655975771774,0.6138515884184703,4.4587465373731,1.0,-0.002709692378571429,-72988.54487843787,-0.040868185667590096,1.0013232211466252,0.03667407990298227
12-01-2026,00.05,1385,5193.75,3.54229,0.000991703,0.150439,0.0498987,0.0,3571.9262722811163,3.014888163419087,0.0037609749999999997,0.013901785714285353,-0.00605276737857143,0.0,0.0,-0.00605276737857143,-0.006048286452768671,-0.006043812156608628,0.007008443208124276,4.458655975771774,0.6138515884184703,4.458753405647444,1.0,-0.00605276737857143,-163273.63647319004,-0.09142115795187165,1.0013232211466252,0.03667407990298227
12-01-2026,00.05,1386,5197.5,3.54159,0.000996657,0.200585,0.0577595,0.0,3553.4692476950445,3.472762056458245,0.005014625000000001,0.013201785714285208,-0.004799117378571429,0.0,0.0,-0.004799117378571429,-0.004796299974568387,-0.004793485876634951,0.007008443208124276,4.458655975771774,0.6138515884184703,4.458748499737198,1.0,-0.004799117378571429,-129643.3868592122,-0.07259070602875801,1.0013232211466252,0.03667407990298227
12-01-2026,00.05,1387,5201.25,3.54277,0.00100435,0.150439,0.0498987,0.0,3527.4256982127745,3.014888163419087,0.0037609749999999997,0.014381785714285389,-0.00605276737857143,0.0,0.0,-0.00605276737857143,-0.006048286452768671,-0.006043812156608628,0.007008443208124276,4.458655975771774,0.6138515884184703,4.458756769700184,1.0,-0.00605276737857143,-163745.52534994192,-0.09168538081398907,1.0013232211466252,0.03667407990298227
12-01-2026,00.05,1388,5205.0,3.54224,0.000996005,0.2173,0.0601519,0.0,3556.448009799148,3.6125209677499797,0.0054325,0.01385178571428547,-0.00438124237857143,0.0,0.0,-0.00438124237857143,-0.004378894134993035,-0.004376548407273616,0.007008443208124276,4.458655975771774,0.6138515884184703,4.458753055225284,1.0,-0.00438124237857143,-118696.72805131665,-0.06646138689592794,1.0013232211466252,0.03667407990298227
12-01-2026,00.05,1389,5208.75,3.5427,0.00100363,0.334308,0.0745063,0.0,3529.88651196158,4.486976269120866,0.0083577,0.014311785714285374,-0.0014560423785714306,0.0,0.0,-0.0014560423785714306,-0.0014557829295387668,-0.001455523572950951,0.007008443208124276,4.458655975771774,0.6138515884184703,4.458756279109159,1.0,-0.0014560423785714306,-39503.99725126609,-0.022119316078510438,1.0013232211466252,0.03667407990298227
12-01-2026,00.05,1390,5212.5,3.54152,0.000992094,0.18387,0.0553671,0.0,3569.742383282229,3.320925242607975,0.00459675,0.013131785714285193,-0.00521699237857143,0.0,0.0,-0.00521699237857143,-0.005213663142527839,-0.005210338152894126,0.007008443208124276,4.458655975771774,0.6138515884184703,4.4587480091461735,1.0,-0.00521699237857143,-141746.4980808449,-0.07936755296254723,1.0013232211466252,0.03667407990298227
12-01-2026,00.05,1391,5216.25,3.54148,0.000970582,0.18387,0.0553671,0.0,3648.8210166683493,3.320925242607975,0.00459675,0.013091785714285376,-0.00521699237857143,0.0,0.0,-0.00521699237857143,-0.005213663142527839,-0.005210338152894126,0.007008443208124276,4.458655975771774,0.6138515884184703,4.458747728808445,1.0,-0.00521699237857143,-141950.52324059999,-0.07948179195886669,1.0013232211466252,0.03667407990298227
12-01-2026,00.05,1392,5220.0,3.54174,0.00097495,0.18387,0.0553671,0.0,3632.740140520026,3.320925242607975,0.00459675,0.013351785714285302,-0.00521699237857143,0.0,0.0,-0.00521699237857143,-0.005213663142527839,-0.005210338152894126,0.007008443208124276,4.458655975771774,0.6138515884184703,4.458749551003679,1.0,-0.00521699237857143,-142154.69512826574,-0.07959611311196164,1.0013232211466252,0.03667407990298227
12-01-2026,00.05,1393,5223.75,3.54335,0.000996592,0.267447,0.0666456,0.0,3555.467031643843,4.012973099499442,0.006686175,0.014961785714285636,-0.0031275673785714298,0.0,0.0,-0.0031275673785714298,-0.0031263705593794692,-0.0031251746558053615,0.007008443208124276,4.458655975771774,0.6138515884184703,4.4587608345972445,1.0,-0.0031275673785714298,-85343.69520255308,-0.04778615585370478,1.0013232211466252,0.03667407990298227
12-01-2026,00.05,1394,5227.5,3.54339,0.000993268,0.234016,0.0622025,0.0,3567.40577568189,3.762163900164784,0.0058504,0.015001785714285454,-0.003963342378571429,0.0,0.0,-0.003963342378571429,-0.003961420641495357,-0.00395950076713172,0.007008443208124276,4.458655975771774,0.6138515884184703,4.458761114934973,1.0,-0.003963342378571429,-108305.29111451667,-0.060642950937333386,1.0013232211466252,0.03667407990298227
12-01-2026,00.05,1395,5231.25,3.54393,0.000974689,0.18387,0.0553671,0.0,3635.959777939425,3.320925242607975,0.00459675,0.015541785714285439,-0.00521699237857143,0.0,0.0,-0.00521699237857143,-0.005213663142527839,-0.005210338152894126,0.007008443208124276,4.458655975771774,0.6138515884184703,4.458764899494305,1.0,-0.00521699237857143,-142768.09115872686,-0.07993956951189947,1.0013232211466252,0.03667407990298227
12-01-2026,00.05,1396,5235.0,3.54277,0.00100578,0.133723,0.0471646,0.0,3522.4104674978626,2.8352408374077167,0.0033430750000000005,0.014381785714285389,-0.006470667378571429,0.0,0.0,-0.006470667378571429,-0.0064655466030291925,-0.006460433926066321,0.007008443208124276,4.458655975771774,0.6138515884184703,4.458756769700184,1.0,-0.006470667378571429,-177330.0954099102,-0.09929173510355346,1.0013232211466252,0.03667407990298227
12-01-2026,00.05,1397,5238.75,3.54175,0.00100155,0.167154,0.0526329,0.0,3536.268783385752,3.175846286258215,0.00417885,0.013361785714285368,-0.00563489237857143,0.0,0.0,-0.00563489237857143,-0.005631008610964746,-0.0056271301933313285,0.007008443208124276,4.458655975771774,0.6138515884184703,4.458749621088112,1.0,-0.00563489237857143,-154646.81268822297,-0.08659077481774001,1.0013232211466252,0.03667407990298227
12-01-2026,00.05,1398,5242.5,3.54228,0.000988248,0.200585,0.0577595,0.0,3584.4039148068096,3.472762056458245,0.005014625000000001,0.013891785714285287,-0.004799117378571429,0.0,0.0,-0.004799117378571429,-0.004796299974568387,-0.004793485876634951,0.007008443208124276,4.458655975771774,0.6138515884184703,4.458753335563012,1.0,-0.004799117378571429,-131898.01220366504,-0.07385312943151821,1.0013232211466252,0.03667407990298227
12-01-2026,00.05,1399,5246.25,3.54269,0.000980165,0.18387,0.0553671,0.0,3614.3812521361197,3.320925242607975,0.00459675,0.014301785714285309,-0.00521699237857143,0.0,0.0,-0.00521699237857143,-0.005213663142527839,-0.005210338152894126,0.007008443208124276,4.458655975771774,0.6138515884184703,4.4587562090247275,1.0,-0.00521699237857143,-143588.0067234241,-0.0803986615733401,1.0013232211466252,0.03667407990298227
12-01-2026,00.05,1400,5250.0,3.5413,0.00099581,0.2173,0.0601519,0.0,3556.2004800112472,3.6125209677499797,0.0054325,0.012911785714285529,-0.00438124237857143,0.0665557,0.0016638924999999999,-0.00604513487857143,-0.006040665242307154,-0.006036202210655886,0.007008443208124276,4.458655975771774,0.6138515884184703,4.458746467288668,1.0,-0.00438124237857143,-120757.99305937503,-0.06761554281450034,1.0013232211466252,0.03667407990298227
12-01-2026,00.05,1401,5253.75,3.54248,0.000966997,0.200585,0.0577595,0.0,3663.382616492088,3.472762056458245,0.005014625000000001,0.014091785714285265,-0.004799117378571429,0.0,0.0,-0.004799117378571429,-0.004796299974568387,-0.004793485876634951,0.007008443208124276,4.458655975771774,0.6138515884184703,4.458754737251653,1.0,-0.004799117378571429,-132464.7054812444,-0.07417043574476587,1.0013232211466252,0.03667407990298227
12-01-2026,00.05,1402,5257.5,3.54298,0.000992355,0.2173,0.0645949,0.0,3570.2747504673225,3.3640426720995,0.0054325,0.014591785714285432,-0.00438124237857143,0.0,0.0,-0.00438124237857143,-0.004378894134993035,-0.004376548407273616,0.007008443208124276,4.458655975771774,0.6138515884184703,4.458758241473258,1.0,-0.00438124237857143,-121103.26234157133,-0.06780886807058834,1.0013232211466252,0.03667407990298227
12-01-2026,00.05,1403,5261.25,3.54269,0.0010035,0.200585,0.0577595,0.0,3530.3338315894366,3.472762056458245,0.005014625000000001,0.014301785714285309,-0.004799117378571429,0.0,0.0,-0.004799117378571429,-0.004796299974568387,-0.004793485876634951,0.007008443208124276,4.458655975771774,0.6138515884184703,4.4587562090247275,1.0,-0.004799117378571429,-132843.17587551198,-0.07438235116749932,1.0013232211466252,0.03667407990298227
12-01-2026,00.05,1404,5265.0,3.5435,0.000984272,0.300878,0.0707468,0.0,3600.122730302193,4.252884936138454,0.0075219499999999995,0.015111785714285286,-0.0022917923785714302,0.0,0.0,-0.0022917923785714302,-0.0022911496758331244,-0.002290507333468653,0.007008443208124276,4.458655975771774,0.6138515884184703,4.4587618858637255,1.0,-0.0022917923785714302,-63529.000387285225,-0.03557154054006869,1.0013232211466252,0.03667407990298227
12-01-2026,00.05,1405,5268.75,3.5442,0.000982707,0.267447,0.0666456,0.0,3606.568387118439,4.012973099499442,0.006686175,0.01581178571428543,-0.0031275673785714298,0.0,0.0,-0.0031275673785714298,-0.0031263705593794692,-0.0031251746558053615,0.007008443208124276,4.458655975771774,0.6138515884184703,4.4587667917739715,1.0,-0.0031275673785714298,-86820.41523493781,-0.04861300982870953,1.0013232211466252,0.03667407990298227
12-01-2026,00.05,1406,5272.5,3.5444,0.00100246,0.267447,0.0666456,0.0,3535.7021726552684,4.012973099499442,0.006686175,0.01601178571428541,-0.0031275673785714298,0.0,0.0,-0.0031275673785714298,-0.0031263705593794692,-0.0031251746558053615,0.007008443208124276,4.458655975771774,0.6138515884184703,4.458768193462613,1.0,-0.0031275673785714298,-86944.04699604794,-0.048682234469040075,1.0013232211466252,0.03667407990298227
12-01-2026,00.05,1407,5276.25,3.54398,0.000994767,0.234016,0.0622025,0.0,3562.6232072435055,3.762163900164784,0.0058504,0.015591785714285322,-0.003963342378571429,0.0,0.0,-0.003963342378571429,-0.003961420641495357,-0.00395950076713172,0.007008443208124276,4.458655975771774,0.6138515884184703,4.458765249916466,1.0,-0.003963342378571429,-110334.7515430765,-0.06177929864418995,1.0013232211466252,0.03667407990298227
12-01-2026,00.05,1408,5280.0,3.5433,0.00100213,0.133723,0.0471646,0.0,3535.768812429525,2.8352408374077167,0.0033430750000000005,0.014911785714285308,-0.006470667378571429,0.0,0.0,-0.006470667378571429,-0.0064655466030291925,-0.006460433926066321,0.007008443208124276,4.458655975771774,0.6138515884184703,4.458760484175084,1.0,-0.006470667378571429,-180391.85344676572,-0.10100609310490626,1.0013232211466252,0.03667407990298227
12-01-2026,00.05,1409,5283.75,3.54419,0.00096967,0.200585,0.0577595,0.0,3655.0475935111945,3.472762056458245,0.005014625000000001,0.015801785714285366,-0.004799117378571429,0.0,0.0,-0.004799117378571429,-0.004796299974568387,-0.004793485876634951,0.007008443208124276,4.458655975771774,0.6138515884184703,4.458766721689539,1.0,-0.004799117378571429,-133981.8264625453,-0.07501991126242778,1.0013232211466252,0.03667407990298227
12-01-2026,00.05,1410,5287.5,3.54409,0.000971886,0.150439,0.0498987,0.0,3646.6108164949387,3.014888163419087,0.0037609749999999997,0.0157017857142856,-0.00605276737857143,0.0,0.0,-0.00605276737857143,-0.006048286452768671,-0.006043812156608628,0.007008443208124276,4.458655975771774,0.6138515884184703,4.458766020845219,1.0,-0.00605276737857143,-169221.18973131364,-0.09475134779502718,1.0013232211466252,0.03667407990298227
12-01-2026,00.05,1411,5291.25,3.54324,0.000988965,0.133723,0.0471646,0.0,3582.7759324141903,2.8352408374077167,0.0033430750000000005,0.01485178571428536,-0.006470667378571429,0.0,0.0,-0.006470667378571429,-0.0064655466030291925,-0.006460433926066321,0.007008443208124276,4.458655975771774,0.6138515884184703,4.458760063668492,1.0,-0.006470667378571429,-181161.3876751801,-0.10143697534508221,1.0013232211466252,0.03667407990298227
12-01-2026,00.05,1412,5295.0,3.54303,0.000985901,0.167154,0.0526329,0.0,3593.6975416395762,3.175846286258215,0.00417885,0.014641785714285316,-0.00563489237857143,0.0,0.0,-0.00563489237857143,-0.005631008610964746,-0.0056271301933313285,0.007008443208124276,4.458655975771774,0.6138515884184703,4.458758591895418,1.0,-0.00563489237857143,-157985.61849031664,-0.08846025907249876,1.0013232211466252,0.03667407990298227
12-01-2026,00.05,1413,5298.75,3.54458,0.00100546,0.234016,0.0622025,0.0,3525.3316889781795,3.762163900164784,0.0058504,0.016191785714285256,-0.003963342378571429,0.0,0.0,-0.003963342378571429,-0.003961420641495357,-0.00395950076713172,0.007008443208124276,4.458655975771774,0.6138515884184703,4.458769454982391,1.0,-0.003963342378571429,-111277.77932027784,-0.06230732443717633,1.0013232211466252,0.03667407990298227
12-01-2026,00.05,1414,5302.5,3.54466,0.000963672,0.250731,0.0645949,0.0,3678.284727583659,3.8815912711375047,0.006268274999999999,0.016271785714285336,-0.0035454673785714303,0.0,0.0,-0.0035454673785714303,-0.0035439294364994402,-0.003542392828096618,0.007008443208124276,4.458655975771774,0.6138515884184703,4.458770015657847,1.0,-0.0035454673785714303,-99686.15570877474,-0.055816872726805564,1.0013232211466252,0.03667407990298227
12-01-2026,00.05,1415,5306.25,3.54383,0.00100461,0.334308,0.0782658,0.0,3527.5679119260208,4.2714442323466955,0.0083577,0.015441785714285228,-0.0014560423785714306,0.0,0.0,-0.0014560423785714306,-0.0014557829295387668,-0.001455523572950951,0.007008443208124276,4.458655975771774,0.6138515884184703,4.458764198649985,1.0,-0.0014560423785714306,-40996.75009830725,-0.02295514724366529,1.0013232211466252,0.03667407990298227
12-01-2026,00.05,1416,5310.0,3.54455,0.0009801,0.150439,0.0498987,0.0,3616.518722579329,3.014888163419087,0.0037609749999999997,0.016161785714285504,-0.00605276737857143,0.0,0.0,-0.00605276737857143,-0.006048286452768671,-0.006043812156608628,0.007008443208124276,4.458655975771774,0.6138515884184703,4.458769244729094,1.0,-0.00605276737857143,-170664.4342829379,-0.09555945797721747,1.0013232211466252,0.03667407990298227
12-01-2026,00.05,1417,5313.75,3.54398,0.000969604,0.267447,0.0707468,0.0,3655.0798057763786,3.7803405949103,0.006686175,0.015591785714285322,-0.0031275673785714298,0.0,0.0,-0.0031275673785714298,-0.0031263705593794692,-0.0031251746558053615,0.007008443208124276,4.458655975771774,0.6138515884184703,4.458765249916466,1.0,-0.0031275673785714298,-88309.80191520575,-0.04944695618948987,1.0013232211466252,0.03667407990298227
12-01-2026,00.05,1418,5317.5,3.54423,0.000988704,0.234016,0.0622025,0.0,3584.7230313622686,3.762163900164784,0.0058504,0.015841785714285628,-0.003963342378571429,0.0,0.0,-0.003963342378571429,-0.003961420641495357,-0.00395950076713172,0.007008443208124276,4.458655975771774,0.6138515884184703,4.458767002027268,1.0,-0.003963342378571429,-112066.70119889989,-0.06274906232723083,1.0013232211466252,0.03667407990298227
12-01-2026,00.05,1419,5321.25,3.54403,0.000993659,0.133723,0.0471646,0.0,3566.646102938734,2.8352408374077167,0.0033430750000000005,0.015641785714285206,-0.006470667378571429,0.0,0.0,-0.006470667378571429,-0.0064655466030291925,-0.006460433926066321,0.007008443208124276,4.458655975771774,0.6138515884184703,4.4587656003386265,1.0,-0.006470667378571429,-183221.48640183278,-0.10259047823234528,1.0013232211466252,0.03667407990298227
12-01-2026,00.05,1420,5325.0,3.54386,0.000988053,0.167154,0.0526329,0.0,3586.7104295012514,3.175846286258215,0.00417885,0.015471785714285424,-0.00563489237857143,0.0,0.0,-0.00563489237857143,-0.005631008610964746,-0.0056271301933313285,0.007008443208124276,4.458655975771774,0.6138515884184703,4.4587644089032805,1.0,-0.00563489237857143,-159780.8952021295,-0.08946548122215614,1.0013232211466252,0.03667407990298227
12-01-2026,00.05,1421,5328.75,3.5454,0.000983424,0.167154,0.0526329,0.0,3605.1591175322133,3.175846286258215,0.00417885,0.0170117857142853,-0.00563489237857143,0.0,0.0,-0.00563489237857143,-0.005631008610964746,-0.0056271301933313285,0.007008443208124276,4.458655975771774,0.6138515884184703,4.458775201905821,1.0,-0.00563489237857143,-160006.0179571728,-0.08959153331110287,1.0013232211466252,0.03667407990298227
12-01-2026,00.05,1422,5332.5,3.54451,0.000995875,0.2173,0.0601519,0.0,3559.191665620685,3.6125209677499797,0.0054325,0.01612178571428524,-0.00438124237857143,0.0665557,0.0016638924999999999,-0.00604513487857143,-0.006040665242307154,-0.006036202210655886,0.007008443208124276,4.458655975771774,0.6138515884184703,4.458768964391366,1.0,-0.00438124237857143,-124583.06410075168,-0.06975729963087557,1.0013232211466252,0.03667407990298227
12-01-2026,00.05,1423,5336.25,3.54484,0.000993528,0.234016,0.0622025,0.0,3567.931653662504,3.762163900164784,0.0058504,0.016451785714285627,-0.003963342378571429,0.0,0.0,-0.003963342378571429,-0.003961420641495357,-0.00395950076713172,0.007008443208124276,4.458655975771774,0.6138515884184703,4.4587712771776244,1.0,-0.003963342378571429,-112858.40980263187,-0.06319236057719368,1.0013232211466252,0.03667407990298227
12-01-2026,00.05,1424,5340.0,3.54574,0.00100748,0.284162,0.0686962,0.0,3519.414777464565,4.13650245573991,0.007104050000000001,0.017351785714285306,-0.002709692378571429,0.0,0.0,-0.002709692378571429,-0.002708793962772649,-0.0027078961425273914,0.007008443208124276,4.458655975771774,0.6138515884184703,4.458777584776512,1.0,-0.002709692378571429,-77268.50399039144,-0.043264646152291246,1.0013232211466252,0.03667407990298227
12-01-2026,00.05,1425,5343.75,3.54519,0.00100526,0.250731,0.0645949,0.0,3526.639874261385,3.8815912711375047,0.006268274999999999,0.016801785714285256,-0.0035454673785714303,0.0,0.0,-0.0035454673785714303,-0.0035439294364994402,-0.003542392828096618,0.007008443208124276,4.458655975771774,0.6138515884184703,4.458773730132748,1.0,-0.0035454673785714303,-101243.17540703827,-0.056688688574384236,1.0013232211466252,0.03667407990298227
12-01-2026,00.05,1426,5347.5,3.5445,0.00098362,0.117008,0.0440886,0.0,3603.5257518147255,2.6539286799762296,0.0029252,0.01611178571428562,-0.0068885423785714295,0.0,0.0,-0.0068885423785714295,-0.006882739144841172,-0.006876945680717376,0.007008443208124276,4.458655975771774,0.6138515884184703,4.4587688943069335,1.0,-0.0068885423785714295,-196983.0787754238,-0.11029595192198115,1.0013232211466252,0.03667407990298227
12-01-2026,00.05,1427,5351.25,3.54514,0.000956176,0.133723,0.0471646,0.0,3707.6228644098996,2.8352408374077167,0.0033430750000000005,0.016751785714285372,-0.006470667378571429,0.0,0.0,-0.006470667378571429,-0.0064655466030291925,-0.006460433926066321,0.007008443208124276,4.458655975771774,0.6138515884184703,4.458773379710587,1.0,-0.006470667378571429,-185293.2323297669,-0.10375050269070242,1.0013232211466252,0.03667407990298227
12-01-2026,00.05,1428,5355.0,3.54538,0.000974493,0.2173,0.0601519,0.0,3638.1790325841234,3.6125209677499797,0.0054325,0.016991785714285612,-0.00438124237857143,0.0,0.0,-0.00438124237857143,-0.004378894134993035,-0.004376548407273616,0.007008443208124276,4.458655975771774,0.6138515884184703,4.458775061736957,1.0,-0.00438124237857143,-125636.61597897379,-0.07034721074420616,1.0013232211466252,0.03667407990298227
12-01-2026,00.05,1429,5358.75,3.54528,0.000981599,0.100293,0.0410127,0.0,3611.7396207616343,2.4454132500420602,0.002507325,0.0168917857142854,-0.00730641737857143,0.0665557,0.0016638924999999999,-0.00897030987857143,-0.008960471586060934,-0.008950654850432947,0.007008443208124276,4.458655975771774,0.6138515884184703,4.458774360892636,1.0,-0.00730641737857143,-209812.55414281006,-0.11747950904324399,1.0013232211466252,0.03667407990298227
12-01-2026,00.05,1430,5362.5,3.54488,0.000967518,0.167154,0.0526329,0.0,3663.890490926267,3.175846286258215,0.00417885,0.016491785714285445,-0.00563489237857143,0.133111,0.0033277750000000003,-0.00896266737857143,-0.008952845833745173,-0.008943045790810665,0.007008443208124276,4.458655975771774,0.6138515884184703,4.458771557515353,1.0,-0.00563489237857143,-162039.25441322883,-0.0907299953140186,1.0013232211466252,0.03667407990298227
12-01-2026,00.05,1431,5366.25,3.54619,0.000971104,0.200585,0.0577595,0.0,3651.7098065706664,3.472762056458245,0.005014625000000001,0.01780178571428559,-0.004799117378571429,0.0,0.0,-0.004799117378571429,-0.004796299974568387,-0.004793485876634951,0.007008443208124276,4.458655975771774,0.6138515884184703,4.458780738575956,1.0,-0.004799117378571429,-138198.4509692926,-0.0773809090535095,1.0013232211466252,0.03667407990298227
12-01-2026,00.05,1432,5370.0,3.54577,0.000978274,0.150439,0.0498987,0.0,3624.51623982647,3.014888163419087,0.0037609749999999997,0.017381785714285503,-0.00605276737857143,0.0,0.0,-0.00605276737857143,-0.006048286452768671,-0.006043812156608628,0.007008443208124276,4.458655975771774,0.6138515884184703,4.458777795029809,1.0,-0.00605276737857143,-174543.04761912648,-0.09773119451779581,1.0013232211466252,0.03667407990298227
12-01-2026,00.05,1433,5373.75,3.5461,0.000974493,0.18387,0.0553671,0.0,3638.917878322369,3.320925242607975,0.00459675,0.017711785714285444,-0.00521699237857143,0.0,0.0,-0.00521699237857143,-0.005213663142527839,-0.005210338152894126,0.007008443208124276,4.458655975771774,0.6138515884184703,4.458780107816067,1.0,-0.00521699237857143,-150652.07525362875,-0.08435401737255221,1.0013232211466252,0.03667407990298227
12-01-2026,00.05,1434,5377.5,3.54616,0.000971495,0.250731,0.0645949,0.0,3650.209213634656,3.8815912711375047,0.006268274999999999,0.017771785714285393,-0.0035454673785714303,0.0,0.0,-0.0035454673785714303,-0.0035439294364994402,-0.003542392828096618,0.007008443208124276,4.458655975771774,0.6138515884184703,4.458780528322659,1.0,-0.0035454673785714303,-102526.07507901045,-0.0574070174857822,1.0013232211466252,0.03667407990298227
12-01-2026,00.05,1435,5381.25,3.54686,0.000972864,0.117008,0.0440886,0.0,3645.792217617262,2.6539286799762296,0.0029252,0.018471785714285538,-0.0068885423785714295,0.0,0.0,-0.0068885423785714295,-0.006882739144841172,-0.006876945680717376,0.007008443208124276,4.458655975771774,0.6138515884184703,4.458785434232905,1.0,-0.0068885423785714295,-199477.38768066213,-0.11169258038774081,1.0013232211466252,0.03667407990298227
12-01-2026,00.05,1436,5385.0,3.54694,0.000977753,0.2173,0.0601519,0.0,3627.6442005291724,3.6125209677499797,0.0054325,0.018551785714285618,-0.00438124237857143,0.0,0.0,-0.00438124237857143,-0.004378894134993035,-0.004376548407273616,0.007008443208124276,4.458655975771774,0.6138515884184703,4.458785994908362,1.0,-0.00438124237857143,-127048.2522733495,-0.07113762264061729,1.0013232211466252,0.03667407990298227
12-01-2026,00.05,1437,5388.75,3.54707,0.000983424,0.234016,0.0666456,0.0,3606.8572660419104,3.5113495864693243,0.0058504,0.01868178571428558,-0.003963342378571429,0.0,0.0,-0.003963342378571429,-0.003961420641495357,-0.00395950076713172,0.007008443208124276,4.458655975771774,0.6138515884184703,4.458786906005979,1.0,-0.003963342378571429,-115090.01927066623,-0.06444189679180211,1.0013232211466252,0.03667407990298227
12-01-2026,00.05,1438,5392.5,3.54637,0.000974885,0.18387,0.0553671,0.0,3637.7316298845503,3.320925242607975,0.00459675,0.017981785714285436,-0.00521699237857143,0.0,0.0,-0.00521699237857143,-0.005213663142527839,-0.005210338152894126,0.007008443208124276,4.458655975771774,0.6138515884184703,4.4587820000957334,1.0,-0.00521699237857143,-151705.21483229988,-0.0849436976286349,1.0013232211466252,0.03667407990298227
12-01-2026,00.05,1439,5396.25,3.5467,0.00099594,0.0835771,0.0372532,0.0,3561.1583027089982,2.2434878077587967,0.0020894275,0.018311785714285378,-0.0077243148785714295,0.0,0.0,-0.0077243148785714295,-0.007717018775778599,-0.007709736443237814,0.007008443208124276,4.458655975771774,0.6138515884184703,4.458784312881992,1.0,-0.0077243148785714295,-224928.29572973872,-0.12594320611662418,1.0013232211466252,0.03667407990298227
12-01-2026,00.05,1440,5400.0,3.54638,0.000994245,0.167154,0.0526329,0.0,3566.9075529673273,3.175846286258215,0.00417885,0.017991785714285502,-0.00563489237857143,0.0,0.0,-0.00563489237857143,-0.005631008610964746,-0.0056271301933313285,0.007008443208124276,4.458655975771774,0.6138515884184703,4.458782070180165,1.0,-0.00563489237857143,-164313.4617591429,-0.09200338318898184,1.0013232211466252,0.03667407990298227
12-01-2026,00.05,1441,5403.75,3.54642,0.000977427,0.117008,0.0440886,0.0,3628.3221151042485,2.6539286799762296,0.0029252,0.01803178571428532,-0.0068885423785714295,0.0665557,0.0016638924999999999,-0.008552434878571429,-0.00854349139774449,-0.008534566602191335,0.007008443208124276,4.458655975771774,0.6138515884184703,4.458782350517893,1.0,-0.0068885423785714295,-201148.97859560224,-0.112628547641038,1.0013232211466252,0.03667407990298227
12-01-2026,00.05,1442,5407.5,3.54731,0.000971495,0.167154,0.0526329,0.0,3651.3929562169646,3.175846286258215,0.00417885,0.018921785714285377,-0.00563489237857143,0.0,0.0,-0.00563489237857143,-0.005631008610964746,-0.0056271301933313285,0.007008443208124276,4.458655975771774,0.6138515884184703,4.458788588032348,1.0,-0.00563489237857143,-164770.20500450348,-0.0922591256179466,1.0013232211466252,0.03667407990298227
12-01-2026,00.05,1443,5411.25,3.54725,0.000985901,0.234016,0.0622025,0.0,3597.977890274987,3.762163900164784,0.0058504,0.01886178571428543,-0.003963342378571429,0.0,0.0,-0.003963342378571429,-0.003961420641495357,-0.00395950076713172,0.007008443208124276,4.458655975771774,0.6138515884184703,4.458788167525756,1.0,-0.003963342378571429,-116053.1114686591,-0.06498115717612864,1.0013232211466252,0.03667407990298227
12-01-2026,00.05,1444,5415.0,3.54673,0.000978014,0.100293,0.0410127,0.0,3626.461379898448,2.4454132500420602,0.002507325,0.018341785714285574,-0.00730641737857143,0.0,0.0,-0.00730641737857143,-0.007299889047740544,-0.007293372372706139,0.007008443208124276,4.458655975771774,0.6138515884184703,4.458784523135288,1.0,-0.00730641737857143,-214240.41431838166,-0.119958783182313,1.0013232211466252,0.03667407990298227
12-01-2026,00.05,1445,5418.75,3.54738,0.000992876,0.250731,0.0645949,0.0,3572.8328613039293,3.8815912711375047,0.006268274999999999,0.018991785714285392,-0.0035454673785714303,0.0,0.0,-0.0035454673785714303,-0.0035439294364994402,-0.003542392828096618,0.007008443208124276,4.458655975771774,0.6138515884184703,4.458789078623373,1.0,-0.0035454673785714303,-104105.0323566789,-0.05829111675495409,1.0013232211466252,0.03667407990298227
12-01-2026,00.05,1446,5422.5,3.54852,0.00100063,0.200585,0.0577595,0.0,3546.28583992085,3.472762056458245,0.005014625000000001,0.02013178571428531,-0.004799117378571429,0.0,0.0,-0.004799117378571429,-0.004796299974568387,-0.004793485876634951,0.007008443208124276,4.458655975771774,0.6138515884184703,4.45879706824863,1.0,-0.004799117378571429,-141110.87783530864,-0.07901165264624528,1.0013232211466252,0.03667407990298227
12-01-2026,00.05,1447,5426.25,3.54786,0.000952786,0.167154,0.0526329,0.0,3723.6693234367426,3.175846286258215,0.00417885,0.019471785714285428,-0.00563489237857143,0.0,0.0,-0.00563489237857143,-0.005631008610964746,-0.0056271301933313285,0.007008443208124276,4.458655975771774,0.6138515884184703,4.458792442676113,1.0,-0.00563489237857143,-165914.83654149753,-0.0929000346024011,1.0013232211466252,0.03667407990298227
12-01-2026,00.05,1448,5430.0,3.54674,0.00096804,0.100293,0.0410127,0.0,3663.836205115491,2.4454132500420602,0.002507325,0.018351785714285196,-0.00730641737857143,0.0,0.0,-0.00730641737857143,-0.007299889047740544,-0.007293372372706139,0.007008443208124276,4.458655975771774,0.6138515884184703,4.45878459321972,1.0,-0.00730641737857143,-215428.98576544077,-0.12062429526586678,1.0013232211466252,0.03667407990298227
12-01-2026,00.05,1449,5433.75,3.54694,0.000989813,0.117008,0.0440886,0.0,3583.444549627051,2.6539286799762296,0.0029252,0.018551785714285618,-0.0068885423785714295,0.0,0.0,-0.0068885423785714295,-0.006882739144841172,-0.006876945680717376,0.007008443208124276,4.458655975771774,0.6138515884184703,4.458785994908362,1.0,-0.0068885423785714295,-203388.61593643526,-0.11388257887053674,1.0013232211466252,0.03667407990298227
12-01-2026,00.05,1450,5437.5,3.54738,0.000973776,0.234016,0.0622025,0.0,3642.911716863016,3.762163900164784,0.0058504,0.018991785714285392,-0.003963342378571429,0.0,0.0,-0.003963342378571429,-0.003961420641495357,-0.00395950076713172,0.007008443208124276,4.458655975771774,0.6138515884184703,4.458789078623373,1.0,-0.003963342378571429,-117181.79087268417,-0.06561313414620944,1.0013232211466252,0.03667407990298227
12-01-2026,00.05,1451,5441.25,3.54684,0.000992681,0.150439,0.0498987,0.0,3572.9907190728945,3.014888163419087,0.0037609749999999997,0.018451785714285407,-0.00605276737857143,0.0,0.0,-0.00605276737857143,-0.006048286452768671,-0.006043812156608628,0.007008443208124276,4.458655975771774,0.6138515884184703,4.458785294064041,1.0,-0.00605276737857143,-179205.50378828906,-0.10034182505859768,1.0013232211466252,0.03667407990298227
12-01-2026,00.05,1452,5445.0,3.54683,0.000988835,0.150439,0.0498987,0.0,3586.8774871439623,3.014888163419087,0.0037609749999999997,0.01844178571428534,-0.00605276737857143,0.0,0.0,-0.00605276737857143,-0.006048286452768671,-0.006043812156608628,0.007008443208124276,4.458655975771774,0.6138515884184703,4.458785223979609,1.0,-0.00605276737857143,-179452.59855907023,-0.10048017985093659,1.0013232211466252,0.03667407990298227
12-01-2026,00.05,1453,5448.75,3.54743,0.00100565,0.267447,0.0666456,0.0,3527.4996271068458,4.012973099499442,0.006686175,0.019041785714285275,-0.0031275673785714298,0.0,0.0,-0.0031275673785714298,-0.0031263705593794692,-0.0031251746558053615,0.007008443208124276,4.458655975771774,0.6138515884184703,4.458789429045534,1.0,-0.0031275673785714298,-92853.96184330889,-0.05199134958648448,1.0013232211466252,0.03667407990298227
12-01-2026,00.05,1454,5452.5,3.54792,0.000994897,0.167154,0.0526329,0.0,3566.1178996418726,3.175846286258215,0.00417885,0.019531785714285377,-0.00563489237857143,0.0665557,0.0016638924999999999,-0.00729878487857143,-0.007292270173911271,-0.007285767088590286,0.007008443208124276,4.458655975771774,0.6138515884184703,4.458792863182706,1.0,-0.00563489237857143,-167523.97690991135,-0.09380103416953972,1.0013232211466252,0.03667407990298227
12-01-2026,00.05,1455,5456.25,3.54845,0.000996723,0.18387,0.0553671,0.0,3560.116501776321,3.320925242607975,0.00459675,0.020061785714285296,-0.00521699237857143,0.0,0.0,-0.00521699237857143,-0.005213663142527839,-0.005210338152894126,0.007008443208124276,4.458655975771774,0.6138515884184703,4.458796577657606,1.0,-0.00521699237857143,-155313.32751907286,-0.08696397381633277,1.0013232211466252,0.03667407990298227
12-01-2026,00.05,1456,5460.0,3.54867,0.000981403,0.18387,0.0553671,0.0,3615.9151745001795,3.320925242607975,0.00459675,0.020281785714285405,-0.00521699237857143,0.0,0.0,-0.00521699237857143,-0.005213663142527839,-0.005210338152894126,0.007008443208124276,4.458655975771774,0.6138515884184703,4.458798119515111,1.0,-0.00521699237857143,-155526.88999302004,-0.08708355300305912,1.0013232211466252,0.03667407990298227
12-01-2026,00.05,1457,5463.75,3.548,0.000983033,0.150439,0.0498987,0.0,3609.237940130189,3.014888163419087,0.0037609749999999997,0.019611785714285457,-0.00605276737857143,0.0,0.0,-0.00605276737857143,-0.006048286452768671,-0.006043812156608628,0.007008443208124276,4.458655975771774,0.6138515884184703,4.458793423858162,1.0,-0.00605276737857143,-180690.6259242138,-0.10117338359002348,1.0013232211466252,0.03667407990298227
12-01-2026,00.05,1458,5467.5,3.54774,0.000977622,0.167154,0.0526329,0.0,3628.948612040236,3.175846286258215,0.00417885,0.01935178571428553,-0.00563489237857143,0.0,0.0,-0.00563489237857143,-0.005631008610964746,-0.0056271301933313285,0.007008443208124276,4.458655975771774,0.6138515884184703,4.458791601662928,1.0,-0.00563489237857143,-168446.97228152133,-0.09431784329732966,1.0013232211466252,0.03667407990298227
12-01-2026,00.05,1459,5471.25,3.54818,0.00098701,0.18387,0.0553671,0.0,3594.8774581817815,3.320925242607975,0.00459675,0.019791785714285304,-0.00521699237857143,0.0,0.0,-0.00521699237857143,-0.005213663142527839,-0.005210338152894126,0.007008443208124276,4.458655975771774,0.6138515884184703,4.458794685377939,1.0,-0.00521699237857143,-156168.45778232545,-0.0874427835038911,1.0013232211466252,0.03667407990298227
12-01-2026,00.05,1460,5475.0,3.54815,0.000991638,0.133723,0.0471646,0.0,3578.0698198334476,2.8352408374077167,0.0033430750000000005,0.01976178571428555,-0.006470667378571429,0.0,0.0,-0.006470667378571429,-0.0064655466030291925,-0.006460433926066321,0.007008443208124276,4.458655975771774,0.6138515884184703,4.458794475124644,1.0,-0.006470667378571429,-193962.2988397902,-0.10860453862588082,1.0013232211466252,0.03667407990298227
12-01-2026,00.05,1461,5478.75,3.54853,0.000986292,0.150439,0.0498987,0.0,3597.8493184574145,3.014888163419087,0.0037609749999999997,0.020141785714285376,-0.00605276737857143,0.0,0.0,-0.00605276737857143,-0.006048286452768671,-0.006043812156608628,0.007008443208124276,4.458655975771774,0.6138515884184703,4.458797138333063,1.0,-0.00605276737857143,-181684.11202981407,-0.1017296623141639,1.0013232211466252,0.03667407990298227
12-01-2026,00.05,1462,5482.5,3.54838,0.000980686,0.234016,0.0622025,0.0,3618.263134173426,3.762163900164784,0.0058504,0.01999178571428528,-0.003963342378571429,0.0,0.0,-0.003963342378571429,-0.003961420641495357,-0.00395950076713172,0.007008443208124276,4.458655975771774,0.6138515884184703,4.458796087066581,1.0,-0.003963342378571429,-119129.37731751417,-0.0667036384789586,1.0013232211466252,0.03667407990298227
12-01-2026,00.05,1463,5486.25,3.54789,0.000990073,0.133723,0.0471646,0.0,3583.4630375739976,2.8352408374077167,0.0033430750000000005,0.019501785714285624,-0.006470667378571429,0.0,0.0,-0.006470667378571429,-0.0064655466030291925,-0.006460433926066321,0.007008443208124276,4.458655975771774,0.6138515884184703,4.458792652929409,1.0,-0.006470667378571429,-194760.22312132805,-0.10905131719559856,1.0013232211466252,0.03667407990298227
12-01-2026,00.05,1464,5490.0,3.54807,0.000992225,0.250731,0.0645949,0.0,3575.8724079719823,3.8815912711375047,0.006268274999999999,0.01968178571428547,-0.0035454673785714303,0.0,0.0,-0.0035454673785714303,-0.0035439294364994402,-0.003542392828096618,0.007008443208124276,4.458655975771774,0.6138515884184703,4.458793914449187,1.0,-0.0035454673785714303,-106860.74133688076,-0.05983410992513311,1.0013232211466252,0.03667407990298227
12-01-2026,00.05,1465,5493.75,3.55006,0.000968235,0.133723,0.0471646,0.0,3666.5272377057227,2.8352408374077167,0.0033430750000000005,0.02167178571428563,-0.006470667378571429,0.0,0.0,-0.006470667378571429,-0.0064655466030291925,-0.006460433926066321,0.007008443208124276,4.458655975771774,0.6138515884184703,4.458807861251171,1.0,-0.006470667378571429,-195293.08257995342,-0.10934967907315211,1.0013232211466252,0.03667407990298227
12-01-2026,00.05,1466,5497.5,3.54943,0.00098551,0.234016,0.0622025,0.0,3601.617436657162,3.762163900164784,0.0058504,0.0210417857142855,-0.003963342378571429,0.0,0.0,-0.003963342378571429,-0.003961420641495357,-0.00395950076713172,0.007008443208124276,4.458655975771774,0.6138515884184703,4.45880344593195,1.0,-0.003963342378571429,-119782.13980726489,-0.06706913718389103,1.0013232211466252,0.03667407990298227
12-01-2026,00.05,1467,5501.25,3.54867,0.000980621,0.18387,0.0553671,0.0,3618.798700007444,3.320925242607975,0.00459675,0.020281785714285405,-0.00521699237857143,0.0,0.0,-0.00521699237857143,-0.005213663142527839,-0.005210338152894126,0.007008443208124276,4.458655975771774,0.6138515884184703,4.458798119515111,1.0,-0.00521699237857143,-157885.7612485417,-0.08840434640423131,1.0013232211466252,0.03667407990298227
12-01-2026,00.05,1468,5505.0,3.5485,0.000979643,0.100293,0.0410127,0.0,3622.2378968665116,2.4454132500420602,0.002507325,0.020111785714285624,-0.00730641737857143,0.0,0.0,-0.00730641737857143,-0.007299889047740544,-0.007293372372706139,0.007008443208124276,4.458655975771774,0.6138515884184703,4.458796928079766,1.0,-0.00730641737857143,-221421.16131804165,-0.12397947029291176,1.0013232211466252,0.03667407990298227
12-01-2026,00.05,1469,5508.75,3.54807,0.000977166,0.167154,0.0526329,0.0,3630.9797925838598,3.175846286258215,0.00417885,0.01968178571428547,-0.00563489237857143,0.0,0.0,-0.00563489237857143,-0.005631008610964746,-0.0056271301933313285,0.007008443208124276,4.458655975771774,0.6138515884184703,4.458793914449187,1.0,-0.00563489237857143,-170998.284264671,-0.09574638926981022,1.0013232211466252,0.03667407990298227
12-01-2026,00.05,1470,5512.5,3.5479,0.000954742,0.100293,0.0410127,0.0,3716.0824599734797,2.4454132500420602,0.002507325,0.019511785714285246,-0.00730641737857143,0.0,0.0,-0.00730641737857143,-0.007299889047740544,-0.007293372372706139,0.007008443208124276,4.458655975771774,0.6138515884184703,4.4587927230138416,1.0,-0.00730641737857143,-222024.89971905472,-0.1243175191347999,1.0013232211466252,0.03667407990298227
12-01-2026,00.05,1471,5516.25,3.54889,0.000966541,0.133723,0.0471646,0.0,3671.7428438110746,2.8352408374077167,0.0033430750000000005,0.020501785714285514,-0.006470667378571429,0.0,0.0,-0.006470667378571429,-0.0064655466030291925,-0.006460433926066321,0.007008443208124276,4.458655975771774,0.6138515884184703,4.458799661372618,1.0,-0.006470667378571429,-196896.02865631002,-0.11024721029497306,1.0013232211466252,0.03667407990298227
12-01-2026,00.05,1472,5520.0,3.54972,0.000977492,0.200585,0.0577595,0.0,3631.4568303372307,3.472762056458245,0.005014625000000001,0.021331785714285623,-0.004799117378571429,0.0,0.0,-0.004799117378571429,-0.004796299974568387,-0.004793485876634951,0.007008443208124276,4.458655975771774,0.6138515884184703,4.45880547838048,1.0,-0.004799117378571429,-146231.02617202286,-0.08187855694224058,1.0013232211466252,0.03667407990298227
12-01-2026,00.05,1473,5523.75,3.54946,0.00100285,0.250731,0.0645949,0.0,3539.372787555467,3.8815912711375047,0.006268274999999999,0.02107178571428525,-0.0035454673785714303,0.0,0.0,-0.0035454673785714303,-0.0035439294364994402,-0.003542392828096618,0.007008443208124276,4.458655975771774,0.6138515884184703,4.458803656185246,1.0,-0.0035454673785714303,-108178.64141963077,-0.06057203647734571,1.0013232211466252,0.03667407990298227
12-01-2026,00.05,1474,5527.5,3.54943,0.00100246,0.167154,0.0526329,0.0,3540.7198292201188,3.175846286258215,0.00417885,0.0210417857142855,-0.00563489237857143,0.0,0.0,-0.00563489237857143,-0.005631008610964746,-0.0056271301933313285,0.007008443208124276,4.458655975771774,0.6138515884184703,4.45880344593195,1.0,-0.00563489237857143,-172164.3107836649,-0.09639927786145076,1.0013232211466252,0.03667407990298227
12-01-2026,00.05,1475,5531.25,3.55006,0.000972538,0.200585,0.0577595,0.0,3650.3046667585227,3.472762056458245,0.005014625000000001,0.02167178571428563,-0.004799117378571429,0.0,0.0,-0.004799117378571429,-0.004796299974568387,-0.004793485876634951,0.007008443208124276,4.458655975771774,0.6138515884184703,4.458807861251171,1.0,-0.004799117378571429,-146827.68393873467,-0.0822126411527232,1.0013232211466252,0.03667407990298227
12-01-2026,00.05,1476,5535.0,3.54948,0.000958718,0.133723,0.0471646,0.0,3702.3191386831163,2.8352408374077167,0.0033430750000000005,0.021091785714285383,-0.006470667378571429,0.0,0.0,-0.006470667378571429,-0.0064655466030291925,-0.006460433926066321,0.007008443208124276,4.458655975771774,0.6138515884184703,4.45880379635411,1.0,-0.006470667378571429,-198236.82171007447,-0.11099795521740331,1.0013232211466252,0.03667407990298227
12-01-2026,00.05,1477,5538.75,3.54916,0.000978274,0.18387,0.0553671,0.0,3627.981526647954,3.320925242607975,0.00459675,0.020771785714285507,-0.00521699237857143,0.0,0.0,-0.00521699237857143,-0.005213663142527839,-0.005210338152894126,0.007008443208124276,4.458655975771774,0.6138515884184703,4.458801553652283,1.0,-0.00521699237857143,-160045.59609327026,-0.0896136941394507,1.0013232211466252,0.03667407990298227
12-01-2026,00.05,1478,5542.5,3.54999,0.000986814,0.133723,0.0471646,0.0,3597.425654682646,2.8352408374077167,0.0033430750000000005,0.021601785714285615,-0.006470667378571429,0.0665557,0.0016638924999999999,-0.008134559878571429,-0.008126468596534488,-0.008118393394971514,0.007008443208124276,4.458655975771774,0.6138515884184703,4.458807370660146,1.0,-0.006470667378571429,-198774.4128442204,-0.11129896648321384,1.0013232211466252,0.03667407990298227
12-01-2026,00.05,1479,5546.25,3.55042,0.000964911,0.200585,0.0577595,0.0,3679.531065559414,3.472762056458245,0.005014625000000001,0.022031785714285324,-0.004799117378571429,0.0,0.0,-0.004799117378571429,-0.004796299974568387,-0.004793485876634951,0.007008443208124276,4.458655975771774,0.6138515884184703,4.458810384290726,1.0,-0.004799117378571429,-147625.11728015155,-0.0826591448322914,1.0013232211466252,0.03667407990298227
12-01-2026,00.05,1480,5550.0,3.55108,0.0010022,0.234016,0.0622025,0.0,3543.284773498304,3.762163900164784,0.0058504,0.022691785714285206,-0.003963342378571429,0.0,0.0,-0.003963342378571429,-0.003961420641495357,-0.00395950076713172,0.007008443208124276,4.458655975771774,0.6138515884184703,4.458815009863243,1.0,-0.003963342378571429,-122080.85361594646,-0.06835624686509258,1.0013232211466252,0.03667407990298227
12-01-2026,00.05,1481,5553.75,3.55068,0.00100252,0.267447,0.0666456,0.0,3541.7547779595416,4.012973099499442,0.006686175,0.02229178571428525,-0.0031275673785714298,0.0,0.0,-0.0031275673785714298,-0.0031263705593794692,-0.0031251746558053615,0.007008443208124276,4.458655975771774,0.6138515884184703,4.45881220648596,1.0,-0.0031275673785714298,-96467.12315199577,-0.054014452628972864,1.0013232211466252,0.03667407990298227
12-01-2026,00.05,1482,5557.5,3.55095,0.000986814,0.18387,0.0553671,0.0,3598.3984823887786,3.320925242607975,0.00459675,0.022561785714285243,-0.00521699237857143,0.0,0.0,-0.00521699237857143,-0.005213663142527839,-0.005210338152894126,0.007008443208124276,4.458655975771774,0.6138515884184703,4.458814098765626,1.0,-0.00521699237857143,-161131.01581228382,-0.09022144888614128,1.0013232211466252,0.03667407990298227
12-01-2026,00.05,1483,5561.25,3.55102,0.000963803,0.150439,0.0498987,0.0,3684.3836344149167,3.014888163419087,0.0037609749999999997,0.022631785714285257,-0.00605276737857143,0.0,0.0,-0.00605276737857143,-0.006048286452768671,-0.006043812156608628,0.007008443208124276,4.458655975771774,0.6138515884184703,4.458814589356651,1.0,-0.00605276737857143,-187196.97255821692,-0.10481645638588478,1.0013232211466252,0.03667407990298227
12-01-2026,00.05,1484,5565.0,3.54992,0.000984532,0.167154,0.0526329,0.0,3605.692857113837,3.175846286258215,0.00417885,0.0215317857142856,-0.00563489237857143,0.0,0.0,-0.00563489237857143,-0.005631008610964746,-0.0056271301933313285,0.007008443208124276,4.458655975771774,0.6138515884184703,4.458806880069122,1.0,-0.00563489237857143,-174508.2499227638,-0.09771171038205748,1.0013232211466252,0.03667407990298227
12-01-2026,00.05,1485,5568.75,3.55014,0.000987531,0.18387,0.0553671,0.0,3594.9656263955253,3.320925242607975,0.00459675,0.021751785714285266,-0.00521699237857143,0.0,0.0,-0.00521699237857143,-0.005213663142527839,-0.005210338152894126,0.007008443208124276,4.458655975771774,0.6138515884184703,4.458808421926627,1.0,-0.00521699237857143,-161784.02837861973,-0.09058708761546153,1.0013232211466252,0.03667407990298227
12-01-2026,00.05,1486,5572.5,3.55121,0.000978274,0.200585,0.0577595,0.0,3630.077054076875,3.472762056458245,0.005014625000000001,0.022821785714285614,-0.004799117378571429,0.0,0.0,-0.004799117378571429,-0.004796299974568387,-0.004793485876634951,0.007008443208124276,4.458655975771774,0.6138515884184703,4.45881592096086,1.0,-0.004799117378571429,-149025.82217191756,-0.0834434359519121,1.0013232211466252,0.03667407990298227
12-01-2026,00.05,1487,5576.25,3.551,0.000974428,0.133723,0.0471646,0.0,3644.1892063856953,2.8352408374077167,0.0033430750000000005,0.02261178571428557,-0.006470667378571429,0.0,0.0,-0.006470667378571429,-0.0064655466030291925,-0.006460433926066321,0.007008443208124276,4.458655975771774,0.6138515884184703,4.458814449187787,1.0,-0.006470667378571429,-201202.58133011824,-0.11265856120700425,1.0013232211466252,0.03667407990298227
12-01-2026,00.05,1488,5580.0,3.55199,0.000990921,0.234016,0.0622025,0.0,3584.533984041109,3.762163900164784,0.0058504,0.023601785714285395,-0.003963342378571429,0.0,0.0,-0.003963342378571429,-0.003961420641495357,-0.00395950076713172,0.007008443208124276,4.458655975771774,0.6138515884184703,4.458821387546562,1.0,-0.003963342378571429,-123404.21363615146,-0.06909723057837087,1.0013232211466252,0.03667407990298227
12-01-2026,00.05,1489,5583.75,3.55118,0.000957871,0.117008,0.0440886,0.0,3707.3676935620765,2.6539286799762296,0.0029252,0.022791785714285417,-0.0068885423785714295,0.0,0.0,-0.0068885423785714295,-0.006882739144841172,-0.006876945680717376,0.007008443208124276,4.458655975771774,0.6138515884184703,4.458815710707564,1.0,-0.0068885423785714295,-214772.79328482188,-0.12025687601978818,1.0013232211466252,0.03667407990298227
12-01-2026,00.05,1490,5587.5,3.55052,0.000982642,0.2173,0.0601519,0.0,3613.238595541408,3.6125209677499797,0.0054325,0.022131785714285535,-0.00438124237857143,0.0,0.0,-0.00438124237857143,-0.004378894134993035,-0.004376548407273616,0.007008443208124276,4.458655975771774,0.6138515884184703,4.458811085135046,1.0,-0.00438124237857143,-136783.0716281217,-0.07658840132779195,1.0013232211466252,0.03667407990298227
12-01-2026,00.05,1491,5591.25,3.55122,0.000973125,0.250731,0.0645949,0.0,3649.294797687861,3.8815912711375047,0.006268274999999999,0.022831785714285235,-0.0035454673785714303,0.0,0.0,-0.0035454673785714303,-0.0035439294364994402,-0.003542392828096618,0.007008443208124276,4.458655975771774,0.6138515884184703,4.4588159910452925,1.0,-0.0035454673785714303,-110838.67263874623,-0.062061457179257956,1.0013232211466252,0.03667407990298227
12-01-2026,00.05,1492,5595.0,3.55144,0.000987922,0.0501463,0.0290506,0.0,3594.8587034199054,1.726170888036736,0.0012536575,0.023051785714285344,-0.00856008487857143,0.0,0.0,-0.00856008487857143,-0.008551125399402145,-0.008542184655639898,0.007008443208124276,4.458655975771774,0.6138515884184703,4.458817532902798,1.0,-0.00856008487857143,-267965.111040922,-0.15004063896185432,1.0013232211466252,0.03667407990298227
12-01-2026,00.05,1493,5598.75,3.5505,0.00100096,0.200585,0.0577595,0.0,3547.0947890025577,3.472762056458245,0.005014625000000001,0.022111785714285404,-0.004799117378571429,0.0665557,0.0016638924999999999,-0.006463009878571429,-0.006457901211102393,-0.006452800613517396,0.007008443208124276,4.458655975771774,0.6138515884184703,4.458810944966182,1.0,-0.004799117378571429,-150433.1408473209,-0.08423143030110265,1.0013232211466252,0.03667407990298227
12-01-2026,00.05,1494,5602.5,3.55093,0.000972668,0.167154,0.0526329,0.0,3650.7112396007683,3.175846286258215,0.00417885,0.022541785714285556,-0.00563489237857143,0.0,0.0,-0.00563489237857143,-0.005631008610964746,-0.0056271301933313285,0.007008443208124276,4.458655975771774,0.6138515884184703,4.458813958596762,1.0,-0.00563489237857143,-176868.0371966774,-0.09903301668576499,1.0013232211466252,0.03667407990298227
12-01-2026,00.05,1495,5606.25,3.55024,0.000973646,0.100293,0.0410127,0.0,3646.3355264644442,2.4454132500420602,0.002507325,0.021851785714285477,-0.00730641737857143,0.0,0.0,-0.00730641737857143,-0.007299889047740544,-0.007293372372706139,0.007008443208124276,4.458655975771774,0.6138515884184703,4.4588091227709485,1.0,-0.00730641737857143,-229640.9836154289,-0.12858196270269617,1.0013232211466252,0.03667407990298227
12-01-2026,00.05,1496,5610.0,3.55132,0.00096113,0.117008,0.0440886,0.0,3694.9424115364204,2.6539286799762296,0.0029252,0.022931785714285446,-0.0068885423785714295,0.0,0.0,-0.0068885423785714295,-0.006882739144841172,-0.006876945680717376,0.007008443208124276,4.458655975771774,0.6138515884184703,4.458816691889614,1.0,-0.0068885423785714295,-216796.8945926379,-0.1213902230154792,1.0013232211466252,0.03667407990298227
12-01-2026,00.05,1497,5613.75,3.55159,0.00096478,0.133723,0.0471646,0.0,3681.243392275959,2.8352408374077167,0.0033430750000000005,0.02320178571428544,-0.006470667378571429,0.0,0.0,-0.006470667378571429,-0.0064655466030291925,-0.006460433926066321,0.007008443208124276,4.458655975771774,0.6138515884184703,4.458818584169279,1.0,-0.006470667378571429,-203917.83512885126,-0.11417890246830856,1.0013232211466252,0.03667407990298227
12-01-2026,00.05,1498,5617.5,3.5513,0.000971495,0.167154,0.0526329,0.0,3655.500028306888,3.175846286258215,0.00417885,0.022911785714285315,-0.00563489237857143,0.0,0.0,-0.00563489237857143,-0.005631008610964746,-0.0056271301933313285,0.007008443208124276,4.458655975771774,0.6138515884184703,4.458816551720749,1.0,-0.00563489237857143,-177816.389583991,-0.09956402386651622,1.0013232211466252,0.03667407990298227
12-01-2026,00.05,1499,5621.25,3.55195,0.000997179,0.250731,0.0645949,0.0,3561.9983974792895,3.8815912711375047,0.006268274999999999,0.023561785714285577,-0.0035454673785714303,0.0665557,0.0016638924999999999,-0.00520935987857143,-0.005206040373698716,-0.005202725096637379,0.007008443208124276,4.458655975771774,0.6138515884184703,4.458821107208834,1.0,-0.0035454673785714303,-112031.27922821318,-0.06272922864405292,1.0013232211466252,0.03667407990298227
12-01-2026,00.05,1500,5625.0,3.5527,0.000982707,0.150439,0.0498987,0.0,3615.217964255877,3.014888163419087,0.0037609749999999997,0.024311785714285605,-0.00605276737857143,,,,,,0.007008443208124276,4.458655975771774,0.6138515884184703,4.458826363541241,1.0,-0.00605276737857143,-191513.34283761165,-0.10723330443076867,1.0013232211466252,0.03667407990298227
12-01-2026,00.05,1501,5628.75,3.55198,0.000982512,0.200585,0.0577595,0.0,3615.2026641913785,3.472762056458245,0.005014625000000001,0.02359178571428533,-0.004799117378571429,,,,,,0.007008443208124276,4.458655975771774,0.6138515884184703,4.458821317462131,1.0,-0.004799117378571429,-152049.60355835824,-0.08513652983842644,1.0013232211466252,0.03667407990298227
12-01-2026,00.05,1502,5632.5,3.55196,0.000975276,0.150439,0.0498987,0.0,3642.004929886514,3.014888163419087,0.0037609749999999997,0.0235717857142852,-0.00605276737857143,,,,,,0.007008443208124276,4.458655975771774,0.6138515884184703,4.458821177293267,1.0,-0.00605276737857143,-192024.38555334366,-0.10751945054623636,1.0013232211466252,0.03667407990298227
12-01-2026,00.05,1503,5636.25,3.55236,0.000955393,0.133723,0.0471646,0.0,3718.218576020549,2.8352408374077167,0.0033430750000000005,0.0239717857142856,-0.006470667378571429,,,,,,0.007008443208124276,4.458655975771774,0.6138515884184703,4.45882398067055,1.0,-0.006470667378571429,-205555.72280905215,-0.1150959984034117,1.0013232211466252,0.03667407990298227
12-01-2026,00.05,1504,5640.0,3.5539,0.00100155,0.317593,0.0762152,0.0,3548.3999800309525,4.167055915355467,0.007939825000000001,0.025511785714285473,-0.0018739173785714287,,,,,,0.007008443208124276,4.458655975771774,0.6138515884184703,4.4588347736730904,1.0,-0.0018739173785714287,-59608.562245405716,-0.03337638520237178,1.0013232211466252,0.03667407990298227
12-01-2026,00.05,1505,5643.75,3.55339,0.000977427,0.2173,0.0601519,0.0,3635.4530824296853,3.6125209677499797,0.0054325,0.02500178571428524,-0.00438124237857143,,,,,,0.007008443208124276,4.458655975771774,0.6138515884184703,4.458831199367054,1.0,-0.00438124237857143,-139550.9557292403,-0.07813821166500697,1.0013232211466252,0.03667407990298227
12-01-2026,00.05,1506,5647.5,3.55221,0.000993528,0.200585,0.0577595,0.0,3575.3496630190593,3.472762056458245,0.005014625000000001,0.023821785714285504,-0.004799117378571429,,,,,,0.007008443208124276,4.458655975771774,0.6138515884184703,4.458822929404069,1.0,-0.004799117378571429,-153064.27944598542,-0.0857046732729481,1.0013232211466252,0.03667407990298227
12-01-2026,00.05,1507,5651.25,3.55167,0.000985119,0.117008,0.0440886,0.0,3605.320778504932,2.6539286799762296,0.0029252,0.02328178571428552,-0.0068885423785714295,,,,,,0.007008443208124276,4.458655975771774,0.6138515884184703,4.458819144844736,1.0,-0.0068885423785714295,-219996.80550439126,-0.12318193640665707,1.0013232211466252,0.03667407990298227
12-01-2026,00.05,1508,5655.0,3.55218,0.00099242,0.150439,0.0498987,0.0,3579.31117873481,3.014888163419087,0.0037609749999999997,0.023791785714285307,-0.00605276737857143,,,,,,0.007008443208124276,4.458655975771774,0.6138515884184703,4.458822719150772,1.0,-0.00605276737857143,-193561.59931852022,-0.10838017653646734,1.0013232211466252,0.03667407990298227
12-01-2026,00.05,1509,5658.75,3.55325,0.000967844,0.150439,0.0498987,0.0,3671.3044664222743,3.014888163419087,0.0037609749999999997,0.02486178571428521,-0.00605276737857143,,,,,,0.007008443208124276,4.458655975771774,0.6138515884184703,4.458830218185005,1.0,-0.00605276737857143,-193818.39743200515,-0.1085239644828974,1.0013232211466252,0.03667407990298227
12-01-2026,00.05,1510,5662.5,3.55244,0.000987075,0.133723,0.0471646,0.0,3598.956512929615,2.8352408374077167,0.0033430750000000005,0.024051785714285234,-0.006470667378571429,,,,,,0.007008443208124276,4.458655975771774,0.6138515884184703,4.458824541346006,1.0,-0.006470667378571429,-207474.87220144755,-0.11617058009048173,1.0013232211466252,0.03667407990298227
12-01-2026,00.05,1511,5666.25,3.5518,0.000992355,0.18387,0.0553671,0.0,3579.1626988325747,3.320925242607975,0.00459675,0.023411785714285482,-0.00521699237857143,,,,,,0.007008443208124276,4.458655975771774,0.6138515884184703,4.458820055942353,1.0,-0.00521699237857143,-167498.7870425116,-0.09378692970726349,1.0013232211466252,0.03667407990298227
12-01-2026,00.05,1512,5670.0,3.55385,0.000977362,0.267447,0.0707468,0.0,3636.1655149269154,3.7803405949103,0.006686175,0.02546178571428559,-0.0031275673785714298,,,,,,0.007008443208124276,4.458655975771774,0.6138515884184703,4.45883442325093,1.0,-0.0031275673785714298,-100547.85089695505,-0.0562993582866708,1.0013232211466252,0.03667407990298227
12-01-2026,00.05,1513,5673.75,3.55347,0.000981012,0.18387,0.0601519,0.0,3622.24926912209,3.056761299310579,0.00459675,0.02508178571428532,-0.00521699237857143,,,,,,0.007008443208124276,4.458655975771774,0.6138515884184703,4.458831760042511,1.0,-0.00521699237857143,-167942.4922443091,-0.0940353717963466,1.0013232211466252,0.03667407990298227
12-01-2026,00.05,1514,5677.5,3.55383,0.000981729,0.18387,0.0553671,0.0,3619.9704806519926,3.320925242607975,0.00459675,0.02544178571428546,-0.00521699237857143,,,,,,0.007008443208124276,4.458655975771774,0.6138515884184703,4.458834283082066,1.0,-0.00521699237857143,-168164.56493707382,-0.09415971607605139,1.0013232211466252,0.03667407990298227
12-01-2026,00.05,1515,5681.25,3.554,0.000969995,0.18387,0.0553671,0.0,3663.936412043361,3.320925242607975,0.00459675,0.02561178571428524,-0.00521699237857143,,,,,,0.007008443208124276,4.458655975771774,0.6138515884184703,4.458835474517411,1.0,-0.00521699237857143,-168386.7843577492,-0.09428414251253167,1.0013232211466252,0.03667407990298227
12-01-2026,00.05,1516,5685.0,3.55333,0.000973385,0.117008,0.0440886,0.0,3650.4877309594867,2.6539286799762296,0.0029252,0.02494178571428529,-0.0068885423785714295,,,,,,0.007008443208124276,4.458655975771774,0.6138515884184703,4.458830778860461,1.0,-0.0068885423785714295,-222632.35105508522,-0.12465764694562648,1.0013232211466252,0.03667407990298227
12-01-2026,00.05,1517,5688.75,3.55314,0.000982707,0.234016,0.0622025,0.0,3615.665707072403,3.762163900164784,0.0058504,0.02475178571428538,-0.003963342378571429,,,,,,0.007008443208124276,4.458655975771774,0.6138515884184703,4.458829447256252,1.0,-0.003963342378571429,-128261.19683025374,-0.07181678186263789,1.0013232211466252,0.03667407990298227
12-01-2026,00.05,1518,5692.5,3.55412,0.000998939,0.250731,0.0645949,0.0,3557.894926517035,3.8815912711375047,0.006268274999999999,0.025731785714285582,-0.0035454673785714303,,,,,,0.007008443208124276,4.458655975771774,0.6138515884184703,4.458836315530596,1.0,-0.0035454673785714303,-114889.29710145795,-0.06432950722584395,1.0013232211466252,0.03667407990298227
12-01-2026,00.05,1519,5696.25,3.55381,0.000961456,0.150439,0.0498987,0.0,3696.279392920737,3.014888163419087,0.0037609749999999997,0.025421785714285328,-0.00605276737857143,,,,,,0.007008443208124276,4.458655975771774,0.6138515884184703,4.458834142913202,1.0,-0.00605276737857143,-196395.7414413931,-0.10996708646430348,1.0013232211466252,0.03667407990298227
12-01-2026,00.05,1520,5700.0,3.55302,0.000996071,0.234016,0.0622025,0.0,3567.0348800436914,3.762163900164784,0.0058504,0.02463178571428548,-0.003963342378571429,,,,,,0.007008443208124276,4.458655975771774,0.6138515884184703,4.458828606243067,1.0,-0.003963342378571429,-128768.99387978573,-0.07210111064513783,1.0013232211466252,0.03667407990298227
12-01-2026,00.05,1521,5703.75,3.55375,0.00100891,0.234016,0.0622025,0.0,3522.365721422129,3.762163900164784,0.0058504,0.02536178571428538,-0.003963342378571429,,,,,,0.007008443208124276,4.458655975771774,0.6138515884184703,4.4588337224066095,1.0,-0.003963342378571429,-128938.48250097186,-0.07219601173476381,1.0013232211466252,0.03667407990298227
12-01-2026,00.05,1522,5707.5,3.55367,0.000983881,0.234016,0.0622025,0.0,3611.8900558095947,3.762163900164784,0.0058504,0.0252817857142853,-0.003963342378571429,,,,,,0.007008443208124276,4.458655975771774,0.6138515884184703,4.458833161731152,1.0,-0.003963342378571429,-129108.08259116238,-0.07229097523878611,1.0013232211466252,0.03667407990298227
12-01-2026,00.05,1523,5711.25,3.55252,0.000982838,0.133723,0.0471646,0.0,3614.552957862842,2.8352408374077167,0.0033430750000000005,0.024131785714285314,-0.006470667378571429,,,,,,0.007008443208124276,4.458655975771774,0.6138515884184703,4.458825102021463,1.0,-0.006470667378571429,-211062.6651649276,-0.11817947873632514,1.0013232211466252,0.03667407990298227
12-01-2026,00.05,1524,5715.0,3.55367,0.000974037,0.18387,0.0553671,0.0,3648.3932335219297,3.320925242607975,0.00459675,0.0252817857142853,-0.00521699237857143,,,,,,0.007008443208124276,4.458655975771774,0.6138515884184703,4.458833161731152,1.0,-0.00521699237857143,-170393.36189980665,-0.09540767749575131,1.0013232211466252,0.03667407990298227
12-01-2026,00.05,1525,5718.75,3.55434,0.000980295,0.117008,0.0440886,0.0,3625.7861154040365,2.6539286799762296,0.0029252,0.025951785714285247,-0.0068885423785714295,,,,,,0.007008443208124276,4.458655975771774,0.6138515884184703,4.458837857388102,1.0,-0.0068885423785714295,-225283.58956638534,-0.12614214438161916,1.0013232211466252,0.03667407990298227
12-01-2026,00.05,1526,5722.5,3.55437,0.000949005,0.100293,0.0410127,0.0,3745.364882166058,2.4454132500420602,0.002507325,0.025981785714285444,-0.00730641737857143,,,,,,0.007008443208124276,4.458655975771774,0.6138515884184703,4.458838067641398,1.0,-0.00730641737857143,-239263.29556118723,-0.1339697455637694,1.0013232211466252,0.03667407990298227
12-01-2026,00.05,1527,5726.25,3.55528,0.000972277,0.18387,0.0553671,0.0,3656.6534022711635,3.320925242607975,0.00459675,0.026891785714285632,-0.00521699237857143,,,,,,0.007008443208124276,4.458655975771774,0.6138515884184703,4.458844445324718,1.0,-0.00521699237857143,-171064.8621828841,-0.09578366797878334,1.0013232211466252,0.03667407990298227
12-01-2026,00.05,1528,5730.0,3.55625,0.00100331,0.367739,0.0779241,0.0,3544.5176465897875,4.719194703564109,0.009193475,0.027861785714285325,-0.0006202673785714301,,,,,,0.007008443208124276,4.458655975771774,0.6138515884184703,4.458851243514629,1.0,-0.0006202673785714301,-20365.17681389791,-0.011402992463678414,1.0013232211466252,0.03667407990298227
12-01-2026,00.05,1529,5733.75,3.55525,0.000987596,0.150439,0.0498987,0.0,3599.9031992839173,3.014888163419087,0.0037609749999999997,0.026861785714285435,-0.00605276737857143,,,,,,0.007008443208124276,4.458655975771774,0.6138515884184703,4.458844235071421,1.0,-0.00605276737857143,-198990.10885903327,-0.11141974029499228,1.0013232211466252,0.03667407990298227
12-01-2026,00.05,1530,5737.5,3.55392,0.000957479,0.150439,0.0498987,0.0,3711.7472028107145,3.014888163419087,0.0037609749999999997,0.025531785714285604,-0.00605276737857143,,,,,,0.007008443208124276,4.458655975771774,0.6138515884184703,4.4588349138419545,1.0,-0.00605276737857143,-199250.48188825118,-0.11156552992977173,1.0013232211466252,0.03667407990298227
12-01-2026,00.05,1531,5741.25,3.55498,0.000955393,0.133723,0.0471646,0.0,3720.9609030001266,2.8352408374077167,0.0033430750000000005,0.026591785714285443,-0.006470667378571429,,,,,,0.007008443208124276,4.458655975771774,0.6138515884184703,4.458842342791755,1.0,-0.006470667378571429,-213285.8247095203,-0.11942428361890516,1.0013232211466252,0.03667407990298227
12-01-2026,00.05,1532,5745.0,3.55588,0.000961651,0.117008,0.0440886,0.0,3697.682423249183,2.6539286799762296,0.0029252,0.027491785714285566,-0.0068885423785714295,,,,,,0.007008443208124276,4.458655975771774,0.6138515884184703,4.458848650390642,1.0,-0.0068885423785714295,-227356.5134183095,-0.1273028283902716,1.0013232211466252,0.03667407990298227
12-01-2026,00.05,1533,5748.75,3.55547,0.000972929,0.150439,0.0498987,0.0,3654.3982140526186,3.014888163419087,0.0037609749999999997,0.027081785714285544,-0.00605276737857143,,,,,,0.007008443208124276,4.458655975771774,0.6138515884184703,4.458845776928927,1.0,-0.00605276737857143,-200032.62238039996,-0.11200347074506697,1.0013232211466252,0.03667407990298227
12-01-2026,00.05,1534,5752.5,3.55491,0.000980817,0.117008,0.0440886,0.0,3624.4375862163893,2.6539286799762296,0.0029252,0.02652178571428543,-0.0068885423785714295,,,,,,0.007008443208124276,4.458655975771774,0.6138515884184703,4.45884185220073,1.0,-0.0068885423785714295,-227950.52103829168,-0.12763542871463518,1.0013232211466252,0.03667407990298227
12-01-2026,00.05,1535,5756.25,3.55583,0.000985184,0.200585,0.0577595,0.0,3609.3054698411665,3.472762056458245,0.005014625000000001,0.02744178571428524,-0.004799117378571429,,,,,,0.007008443208124276,4.458655975771774,0.6138515884184703,4.458848299968482,1.0,-0.004799117378571429,-159015.94235612528,-0.08903716421721353,1.0013232211466252,0.03667407990298227
12-01-2026,00.05,1536,5760.0,3.5557,0.00098212,0.150439,0.0498987,0.0,3620.433348267014,3.014888163419087,0.0037609749999999997,0.027311785714285275,-0.00605276737857143,,,,,,0.007008443208124276,4.458655975771774,0.6138515884184703,4.458847388870865,1.0,-0.00605276737857143,-200816.29497929147,-0.11244226942679769,1.0013232211466252,0.03667407990298227
12-01-2026,00.05,1537,5763.75,3.5557,0.000980426,0.150439,0.0498987,0.0,3626.688806702393,3.014888163419087,0.0037609749999999997,0.027311785714285275,-0.00605276737857143,,,,,,0.007008443208124276,4.458655975771774,0.6138515884184703,4.458847388870865,1.0,-0.00605276737857143,-201077.85964708703,-0.11258872629102691,1.0013232211466252,0.03667407990298227
12-01-2026,00.05,1538,5767.5,3.5558,0.000988835,0.284162,0.0686962,0.0,3595.9487679946606,4.13650245573991,0.007104050000000001,0.027411785714285486,-0.002709692378571429,,,,,,0.007008443208124276,4.458655975771774,0.6138515884184703,4.458848089715186,1.0,-0.002709692378571429,-90135.35970099631,-0.050469133500475605,1.0013232211466252,0.03667407990298227
12-01-2026,00.05,1539,5771.25,3.55529,0.000955589,0.133723,0.0471646,0.0,3720.5221073076395,2.8352408374077167,0.0033430750000000005,0.026901785714285253,-0.006470667378571429,,,,,,0.007008443208124276,4.458655975771774,0.6138515884184703,4.458844515409149,1.0,-0.006470667378571429,-215520.63145539438,-0.12067561007257921,1.0013232211466252,0.03667407990298227
12-01-2026,00.05,1540,5775.0,3.55521,0.000984598,0.2173,0.0601519,0.0,3610.8239098596587,3.6125209677499797,0.0054325,0.026821785714285618,-0.00438124237857143,,,,,,0.007008443208124276,4.458655975771774,0.6138515884184703,4.458843954733693,1.0,-0.00438124237857143,-146117.1716018438,-0.08181480680554541,1.0013232211466252,0.03667407990298227
12-01-2026,00.05,1541,5778.75,3.55583,0.000960217,0.133723,0.0471646,0.0,3703.1525165665676,2.8352408374077167,0.0033430750000000005,0.02744178571428524,-0.006470667378571429,,,,,,0.007008443208124276,4.458655975771774,0.6138515884184703,4.458848299968482,1.0,-0.006470667378571429,-216081.15301706313,-0.12098946068148117,1.0013232211466252,0.03667407990298227
12-01-2026,00.05,1542,5782.5,3.55572,0.000966801,0.133723,0.0471646,0.0,3677.819944331874,2.8352408374077167,0.0033430750000000005,0.027331785714285406,-0.006470667378571429,,,,,,0.007008443208124276,4.458655975771774,0.6138515884184703,4.458847529039729,1.0,-0.006470667378571429,-216361.68677917754,-0.12114653883525467,1.0013232211466252,0.03667407990298227
12-01-2026,00.05,1543,5786.25,3.55594,0.000974298,0.0835771,0.0372532,0.0,3649.745765669231,2.2434878077587967,0.0020894275,0.027551785714285515,-0.0077243148785714295,,,,,,0.007008443208124276,4.458655975771774,0.6138515884184703,4.458849070897235,1.0,-0.0077243148785714295,-258615.38467029246,-0.14480548385782469,1.0013232211466252,0.03667407990298227
12-01-2026,00.05,1544,5790.0,3.55691,0.000979187,0.284162,0.0686962,0.0,3632.5135035493727,4.13650245573991,0.007104050000000001,0.028521785714285208,-0.002709692378571429,,,,,,0.007008443208124276,4.458655975771774,0.6138515884184703,4.458855869087147,1.0,-0.002709692378571429,-90839.99826846644,-0.05086367897130086,1.0013232211466252,0.03667407990298227
12-01-2026,00.05,1545,5793.75,3.55686,0.000981729,0.2173,0.0601519,0.0,3623.0568721103277,3.6125209677499797,0.0054325,0.028471785714285325,-0.00438124237857143,,,,,,0.007008443208124276,4.458655975771774,0.6138515884184703,4.458855518664986,1.0,-0.00438124237857143,-147067.52468497687,-0.08234693422795034,1.0013232211466252,0.03667407990298227
12-01-2026,00.05,1546,5797.5,3.55608,0.000980491,0.133723,0.0471646,0.0,3626.8359424002874,2.8352408374077167,0.0033430750000000005,0.027691785714285544,-0.006470667378571429,,,,,,0.007008443208124276,4.458655975771774,0.6138515884184703,4.458850052079284,1.0,-0.006470667378571429,-217485.64170283542,-0.12177587044583213,1.0013232211466252,0.03667407990298227
12-01-2026,00.05,1547,5801.25,3.55614,0.000979187,0.117008,0.0440886,0.0,3631.727136900306,2.6539286799762296,0.0029252,0.027751785714285493,-0.0068885423785714295,,,,,,0.007008443208124276,4.458655975771774,0.6138515884184703,4.458850472585876,1.0,-0.0068885423785714295,-231830.46024297964,-0.12980790764348957,1.0013232211466252,0.03667407990298227
12-01-2026,00.05,1548,5805.0,3.55651,0.000977427,0.167154,0.0526329,0.0,3638.6451366700535,3.175846286258215,0.00417885,0.028121785714285252,-0.00563489237857143,,,,,,0.007008443208124276,4.458655975771774,0.6138515884184703,4.458853065709864,1.0,-0.00563489237857143,-189884.74424540953,-0.10632140969776716,1.0013232211466252,0.03667407990298227
12-01-2026,00.05,1549,5808.75,3.55565,0.000978861,0.117008,0.0440886,0.0,3632.436065999156,2.6539286799762296,0.0029252,0.02726178571428539,-0.0068885423785714295,,,,,,0.007008443208124276,4.458655975771774,0.6138515884184703,4.458847038448704,1.0,-0.0068885423785714295,-232430.28007059376,-0.1301437623741581,1.0013232211466252,0.03667407990298227
12-01-2026,00.05,1550,5812.5,3.55632,0.000981077,0.133723,0.0471646,0.0,3624.91425239813,2.8352408374077167,0.0033430750000000005,0.02793178571428534,-0.006470667378571429,,,,,,0.007008443208124276,4.458655975771774,0.6138515884184703,4.458851734105654,1.0,-0.006470667378571429,-218612.5084268136,-0.12240683244918307,1.0013232211466252,0.03667407990298227
12-01-2026,00.05,1551,5816.25,3.55734,0.000981143,0.133723,0.0471646,0.0,3625.7100137288853,2.8352408374077167,0.0033430750000000005,0.02895178571428536,-0.006470667378571429,,,,,,0.007008443208124276,4.458655975771774,0.6138515884184703,4.458858882717726,1.0,-0.006470667378571429,-218894.68007660823,-0.12256482769889168,1.0013232211466252,0.03667407990298227
12-01-2026,00.05,1552,5820.0,3.55715,0.000991768,0.167154,0.0526329,0.0,3586.675512821547,3.175846286258215,0.00417885,0.02876178571428545,-0.00563489237857143,,,,,,0.007008443208124276,4.458655975771774,0.6138515884184703,4.458857551113517,1.0,-0.00563489237857143,-190867.3286039229,-0.10687158425001607,1.0013232211466252,0.03667407990298227
12-01-2026,00.05,1553,5823.75,3.55653,0.000971886,0.167154,0.0526329,0.0,3659.4106716219803,3.175846286258215,0.00417885,0.028141785714285383,-0.00563489237857143,,,,,,0.007008443208124276,4.458655975771774,0.6138515884184703,4.458853205878728,1.0,-0.00563489237857143,-191113.37089692164,-0.10700934973265583,1.0013232211466252,0.03667407990298227
12-01-2026,00.05,1554,5827.5,3.55697,0.00098538,0.167154,0.0526329,0.0,3609.7444640646254,3.175846286258215,0.00417885,0.0285817857142856,-0.00563489237857143,,,,,,0.007008443208124276,4.458655975771774,0.6138515884184703,4.458856289593739,1.0,-0.00563489237857143,-191359.5716712685,-0.10714720395312659,1.0013232211466252,0.03667407990298227
12-01-2026,00.05,1555,5831.25,3.5575,0.000983163,0.117008,0.0440886,0.0,3618.423394696505,2.6539286799762296,0.0029252,0.02911178571428552,-0.0068885423785714295,,,,,,0.007008443208124276,4.458655975771774,0.6138515884184703,4.458860004068639,1.0,-0.0068885423785714295,-234234.3893195416,-0.1311539300912076,1.0013232211466252,0.03667407990298227
12-01-2026,00.05,1556,5835.0,3.5574,0.000957023,0.100293,0.0410127,0.0,3717.152043367819,2.4454132500420602,0.002507325,0.02901178571428531,-0.00730641737857143,,,,,,0.007008443208124276,4.458655975771774,0.6138515884184703,4.458859303224319,1.0,-0.00730641737857143,-248763.23643213167,-0.13928900967557634,1.0013232211466252,0.03667407990298227
12-01-2026,00.05,1557,5838.75,3.55681,0.000972864,0.18387,0.0553671,0.0,3656.0197519900007,3.320925242607975,0.00459675,0.02842178571428544,-0.00521699237857143,,,,,,0.007008443208124276,4.458655975771774,0.6138515884184703,4.458855168242826,1.0,-0.00521699237857143,-177852.4953294292,-0.09958424041297145,1.0013232211466252,0.03667407990298227
12-01-2026,00.05,1558,5842.5,3.55728,0.00099066,0.2173,0.0601519,0.0,3590.8182423838653,3.6125209677499797,0.0054325,0.028891785714285412,-0.00438124237857143,,,,,,0.007008443208124276,4.458655975771774,0.6138515884184703,4.458858462211134,1.0,-0.00438124237857143,-149552.8597268249,-0.0837385379940698,1.0013232211466252,0.03667407990298227
12-01-2026,00.05,1559,5846.25,3.5576,0.000979383,0.167154,0.0526329,0.0,3632.491068356302,3.175846286258215,0.00417885,0.029211785714285288,-0.00563489237857143,,,,,,0.007008443208124276,4.458655975771774,0.6138515884184703,4.4588607049129605,1.0,-0.00563489237857143,-192592.952763225,-0.1078378061229455,1.0013232211466252,0.03667407990298227
12-01-2026,00.05,1560,5850.0,3.55627,0.000966084,0.117008,0.0440886,0.0,3681.1188261062184,2.6539286799762296,0.0029252,0.027881785714285456,-0.0068885423785714295,,,,,,0.007008443208124276,4.458655975771774,0.6138515884184703,4.458851383683493,1.0,-0.0068885423785714295,-235743.14155066074,-0.13199871972786173,1.0013232211466252,0.03667407990298227
12-01-2026,00.05,1561,5853.75,3.55789,0.000966736,0.150439,0.0498987,0.0,3680.3118948709885,3.014888163419087,0.0037609749999999997,0.02950178571428541,-0.00605276737857143,,,,,,0.007008443208124276,4.458655975771774,0.6138515884184703,4.458862737361491,1.0,-0.00605276737857143,-207406.48189893685,-0.11613228658037647,1.0013232211466252,0.03667407990298227
12-01-2026,00.05,1562,5857.5,3.55859,0.000963607,0.100293,0.0410127,0.0,3692.98894673866,2.4454132500420602,0.002507325,0.030201785714285556,-0.00730641737857143,,,,,,0.007008443208124276,4.458655975771774,0.6138515884184703,4.458867643271736,1.0,-0.00730641737857143,-250685.41784910797,-0.14036528907211196,1.0013232211466252,0.03667407990298227
12-01-2026,00.05,1563,5861.25,3.55713,0.000954155,0.0835771,0.0372532,0.0,3728.0420895976017,2.2434878077587967,0.0020894275,0.028741785714285317,-0.0077243148785714295,,,,,,0.007008443208124276,4.458655975771774,0.6138515884184703,4.458857410944653,1.0,-0.0077243148785714295,-265363.0564864045,-0.14858368090318455,1.0013232211466252,0.03667407990298227
12-01-2026,00.05,1564,5865.0,3.55801,0.000985184,0.117008,0.0440886,0.0,3611.5182544580503,2.6539286799762296,0.0029252,0.02962178571428531,-0.0068885423785714295,,,,,,0.007008443208124276,4.458655975771774,0.6138515884184703,4.458863578374675,1.0,-0.0068885423785714295,-236953.6306601352,-0.13267650408096796,1.0013232211466252,0.03667407990298227
12-01-2026,00.05,1565,5868.75,3.5579,0.000960217,0.0835771,0.0372532,0.0,3705.3082792743726,2.2434878077587967,0.0020894275,0.029511785714285477,-0.0077243148785714295,,,,,,0.007008443208124276,4.458655975771774,0.6138515884184703,4.4588628074459224,1.0,-0.0077243148785714295,-266042.60308784683,-0.14896417672925943,1.0013232211466252,0.03667407990298227
12-01-2026,00.05,1566,5872.5,3.55673,0.000981338,0.150439,0.0498987,0.0,3624.3679547719544,3.014888163419087,0.0037609749999999997,0.02834178571428536,-0.00605276737857143,,,,,,0.007008443208124276,4.458655975771774,0.6138515884184703,4.458854607567369,1.0,-0.00605276737857143,-208737.2868390551,-0.11687743889805428,1.0013232211466252,0.03667407990298227
12-01-2026,00.05,1567,5876.25,3.55753,0.00099053,0.0668617,0.0334937,0.0,3591.5419018101416,1.9962470554163916,0.0016715425,0.029141785714285273,-0.00814219987857143,,,,,,0.007008443208124276,4.458655975771774,0.6138515884184703,4.458860214321936,1.0,-0.00814219987857143,-281152.71896672086,-0.15742472382230133,1.0013232211466252,0.03667407990298227
12-01-2026,00.05,1568,5880.0,3.5587,0.00098538,0.18387,0.0553671,0.0,3611.5001319287994,3.320925242607975,0.00459675,0.03031178571428539,-0.00521699237857143,,,,,,0.007008443208124276,4.458655975771774,0.6138515884184703,4.458868414200489,1.0,-0.00521699237857143,-180374.38129368002,-0.10099630999171352,1.0013232211466252,0.03667407990298227
12-01-2026,00.05,1569,5883.75,3.55894,0.000996657,0.300878,0.0707468,0.0,3570.8774432929285,4.252884936138454,0.0075219499999999995,0.03055178571428563,-0.0022917923785714302,,,,,,0.007008443208124276,4.458655975771774,0.6138515884184703,4.4588700962268595,1.0,-0.0022917923785714302,-79338.44668590538,-0.04442366093389057,1.0013232211466252,0.03667407990298227
12-01-2026,00.05,1570,5887.5,3.55865,0.000988053,0.150439,0.0498987,0.0,3601.6792621448444,3.014888163419087,0.0037609749999999997,0.030261785714285505,-0.00605276737857143,,,,,,0.007008443208124276,4.458655975771774,0.6138515884184703,4.458868063778329,1.0,-0.00605276737857143,-209804.9950046351,-0.11747527648506742,1.0013232211466252,0.03667407990298227
12-01-2026,00.05,1571,5891.25,3.55877,0.000993072,0.167154,0.0526329,0.0,3583.597161132325,3.175846286258215,0.00417885,0.030381785714285403,-0.00563489237857143,,,,,,0.007008443208124276,4.458655975771774,0.6138515884184703,4.4588689047915135,1.0,-0.00563489237857143,-195569.2324814317,-0.1095043025892737,1.0013232211466252,0.03667407990298227
12-01-2026,00.05,1572,5895.0,3.55817,0.000985641,0.200585,0.0577595,0.0,3610.0060772634256,3.472762056458245,0.005014625000000001,0.02978178571428547,-0.004799117378571429,,,,,,0.007008443208124276,4.458655975771774,0.6138515884184703,4.458864699725589,1.0,-0.004799117378571429,-166774.2480006702,-0.09338124144296518,1.0013232211466252,0.03667407990298227
12-01-2026,00.05,1573,5898.75,3.55758,0.000970061,0.117008,0.0440886,0.0,3667.377618520897,2.6539286799762296,0.0029252,0.0291917857142856,-0.0068885423785714295,,,,,,0.007008443208124276,4.458655975771774,0.6138515884184703,4.458860564744096,1.0,-0.0068885423785714295,-239688.564961335,-0.13420786496775164,1.0013232211466252,0.03667407990298227
12-01-2026,00.05,1574,5902.5,3.55874,0.000947571,0.167154,0.0526329,0.0,3755.6446957536687,3.175846286258215,0.00417885,0.030351785714285207,-0.00563489237857143,,,,,,0.007008443208124276,4.458655975771774,0.6138515884184703,4.458868694538218,1.0,-0.00563489237857143,-196316.8682413167,-0.10992292330705342,1.0013232211466252,0.03667407990298227
12-01-2026,00.05,1575,5906.25,3.55928,0.000983359,0.0668617,0.0334937,0.0,3619.5123042551095,1.9962470554163916,0.0016715425,0.030891785714285636,-0.00814219987857143,,,,,,0.007008443208124276,4.458655975771774,0.6138515884184703,4.45887247909755,1.0,-0.00814219987857143,-284030.7830687989,-0.15903622680928167,1.0013232211466252,0.03667407990298227
12-01-2026,00.05,1576,5910.0,3.55869,0.000970256,0.100293,0.0410127,0.0,3667.784584686928,2.4454132500420602,0.002507325,0.030301785714285323,-0.00730641737857143,,,,,,0.007008443208124276,4.458655975771774,0.6138515884184703,4.458868344116057,1.0,-0.00730641737857143,-255199.27684048077,-0.14289271618610616,1.0013232211466252,0.03667407990298227
12-01-2026,00.05,1577,5913.75,3.55864,0.000954416,0.150439,0.0498987,0.0,3728.6047174397745,3.014888163419087,0.0037609749999999997,0.03025178571428544,-0.00605276737857143,,,,,,0.007008443208124276,4.458655975771774,0.6138515884184703,4.458867993693897,1.0,-0.00605276737857143,-211680.0383065772,-0.11852516202431426,1.0013232211466252,0.03667407990298227
12-01-2026,00.05,1578,5917.5,3.55977,0.000954937,0.100293,0.0410127,0.0,3727.75376804962,2.4454132500420602,0.002507325,0.03138178571428529,-0.00730641737857143,,,,,,0.007008443208124276,4.458655975771774,0.6138515884184703,4.4588759132347215,1.0,-0.00730641737857143,-255847.40172706867,-0.14325561817634277,1.0013232211466252,0.03667407990298227
12-01-2026,00.05,1579,5921.25,3.56021,0.000998743,0.167154,0.0526329,0.0,3564.6908163561598,3.175846286258215,0.00417885,0.03182178571428551,-0.00563489237857143,,,,,,0.007008443208124276,4.458655975771774,0.6138515884184703,4.458878996949734,1.0,-0.00563489237857143,-197566.09746808797,-0.11062239925997314,1.0013232211466252,0.03667407990298227
12-01-2026,00.05,1580,5925.0,3.55954,0.000964259,0.167154,0.0526329,0.0,3691.477082402135,3.175846286258215,0.00417885,0.031151785714285563,-0.00563489237857143,,,,,,0.007008443208124276,4.458655975771774,0.6138515884184703,4.458874301292784,1.0,-0.00563489237857143,-197816.41875748665,-0.11076256066405009,1.0013232211466252,0.03667407990298227
12-01-2026,00.05,1581,5928.75,3.55932,0.000966084,0.0835771,0.0372532,0.0,3684.275901474406,2.2434878077587967,0.0020894275,0.030931785714285454,-0.0077243148785714295,,,,,,0.007008443208124276,4.458655975771774,0.6138515884184703,4.458872759435279,1.0,-0.0077243148785714295,-271510.2593746436,-0.1520256597697494,1.0013232211466252,0.03667407990298227
12-01-2026,00.05,1582,5932.5,3.55964,0.000977427,0.117008,0.0440886,0.0,3641.8474218534993,2.6539286799762296,0.0029252,0.03125178571428533,-0.0068885423785714295,,,,,,0.007008443208124276,4.458655975771774,0.6138515884184703,4.458875002137105,1.0,-0.0068885423785714295,-242439.19222314097,-0.1357480127515586,1.0013232211466252,0.03667407990298227
12-01-2026,00.05,1583,5936.25,3.55927,0.000959826,0.150439,0.0498987,0.0,3708.2450360794564,3.014888163419087,0.0037609749999999997,0.03088178571428557,-0.00605276737857143,,,,,,0.007008443208124276,4.458655975771774,0.6138515884184703,4.458872409013118,1.0,-0.00605276737857143,-213293.8574088888,-0.11942878133631754,1.0013232211466252,0.03667407990298227
12-01-2026,00.05,1584,5940.0,3.55924,0.000977557,0.150439,0.0498987,0.0,3640.9539290292023,3.014888163419087,0.0037609749999999997,0.030851785714285374,-0.00605276737857143,,,,,,0.007008443208124276,4.458655975771774,0.6138515884184703,4.458872198759821,1.0,-0.00605276737857143,-213563.42307856292,-0.11957971816970965,1.0013232211466252,0.03667407990298227
12-01-2026,00.05,1585,5943.75,3.56058,0.000965693,0.133723,0.0471646,0.0,3687.0723925719662,2.8352408374077167,0.0033430750000000005,0.03219178571428527,-0.006470667378571429,,,,,,0.007008443208124276,4.458655975771774,0.6138515884184703,4.45888159007372,1.0,-0.006470667378571429,-228596.79874403824,-0.12799729642024932,1.0013232211466252,0.03667407990298227
12-01-2026,00.05,1586,5947.5,3.56027,0.000993854,0.117008,0.0440886,0.0,3582.2867342688164,2.6539286799762296,0.0029252,0.03188178571428546,-0.0068885423785714295,,,,,,0.007008443208124276,4.458655975771774,0.6138515884184703,4.458879417456326,1.0,-0.0068885423785714295,-243666.7304750024,-0.1364353433631593,1.0013232211466252,0.03667407990298227
12-01-2026,00.05,1587,5951.25,3.5599,0.000977166,0.267447,0.0666456,0.0,3643.0862309986223,4.012973099499442,0.006686175,0.031511785714285256,-0.0031275673785714298,,,,,,0.007008443208124276,4.458655975771774,0.6138515884184703,4.458876824332339,1.0,-0.0031275673785714298,-110770.23157145533,-0.06202313524463121,1.0013232211466252,0.03667407990298227
12-01-2026,00.05,1588,5955.0,3.55983,0.000966606,0.167154,0.0526329,0.0,3682.8138869404906,3.175846286258215,0.00417885,0.03144178571428524,-0.00563489237857143,,,,,,0.007008443208124276,4.458655975771774,0.6138515884184703,4.458876333741315,1.0,-0.00563489237857143,-199824.69440120953,-0.1118870464585821,1.0013232211466252,0.03667407990298227
12-01-2026,00.05,1589,5958.75,3.56016,0.00098551,0.234016,0.0622025,0.0,3612.505200353117,3.762163900164784,0.0058504,0.03177178571428563,-0.003963342378571429,,,,,,0.007008443208124276,4.458655975771774,0.6138515884184703,4.458878646527573,1.0,-0.003963342378571429,-140725.21502594464,-0.07879571000313021,1.0013232211466252,0.03667407990298227
12-01-2026,00.05,1590,5962.5,3.5611,0.000975993,0.0835771,0.0372532,0.0,3648.6942017002175,2.2434878077587967,0.0020894275,0.03271178571428557,-0.0077243148785714295,,,,,,0.007008443208124276,4.458655975771774,0.6138515884184703,4.458885234464189,1.0,-0.0077243148785714295,-274610.2562510123,-0.1537614286924398,1.0013232211466252,0.03667407990298227
12-01-2026,00.05,1591,5966.25,3.5604,0.000963933,0.117008,0.0440886,0.0,3693.617709944571,2.6539286799762296,0.0029252,0.03201178571428542,-0.0068885423785714295,,,,,,0.007008443208124276,4.458655975771774,0.6138515884184703,4.458880328553943,1.0,-0.0068885423785714295,-245205.51244555312,-0.13729694743238885,1.0013232211466252,0.03667407990298227
12-01-2026,00.05,1592,5970.0,3.56029,0.000968952,0.18387,0.0553671,0.0,3674.3718987111847,3.320925242607975,0.00459675,0.03190178571428559,-0.00521699237857143,,,,,,0.007008443208124276,4.458655975771774,0.6138515884184703,4.45887955762519,1.0,-0.00521699237857143,-185938.30366542647,-0.10411169491831132,1.0013232211466252,0.03667407990298227
12-01-2026,00.05,1593,5973.75,3.56076,0.000984272,0.18387,0.0553671,0.0,3617.658533413528,3.320925242607975,0.00459675,0.03237178571428556,-0.00521699237857143,,,,,,0.007008443208124276,4.458655975771774,0.6138515884184703,4.458882851593498,1.0,-0.00521699237857143,-186171.96786313233,-0.10424252958327986,1.0013232211466252,0.03667407990298227
12-01-2026,00.05,1594,5977.5,3.56066,0.00098023,0.117008,0.0440886,0.0,3632.474011201453,2.6539286799762296,0.0029252,0.03227178571428535,-0.0068885423785714295,,,,,,0.007008443208124276,4.458655975771774,0.6138515884184703,4.458882150749178,1.0,-0.0068885423785714295,-246131.10651093634,-0.13781521163644858,1.0013232211466252,0.03667407990298227
12-01-2026,00.05,1595,5981.25,3.5618,0.000961,0.200585,0.0577595,0.0,3706.3475546305926,3.472762056458245,0.005014625000000001,0.03341178571428527,-0.004799117378571429,,,,,,0.007008443208124276,4.458655975771774,0.6138515884184703,4.458890140374434,1.0,-0.004799117378571429,-171690.11140809627,-0.09613376129091945,1.0013232211466252,0.03667407990298227
12-01-2026,00.05,1596,5985.0,3.56095,0.000969865,0.0334308,0.0235823,0.0,3671.593469194166,1.4176225389381016,0.0008357699999999999,0.032561785714285474,-0.00897797237857143,,,,,,0.007008443208124276,4.458655975771774,0.6138515884184703,4.458884183197708,1.0,-0.00897797237857143,-321592.9906442138,-0.18006828431684424,1.0013232211466252,0.03667407990298227
12-01-2026,00.05,1597,5988.75,3.56086,0.000981012,0.167154,0.0526329,0.0,3629.7823064345794,3.175846286258215,0.00417885,0.03247178571428533,-0.00563489237857143,,,,,,0.007008443208124276,4.458655975771774,0.6138515884184703,4.458883552437819,1.0,-0.00563489237857143,-202096.128323531,-0.11315888142150271,1.0013232211466252,0.03667407990298227
12-01-2026,00.05,1598,5992.5,3.56163,0.000978991,0.167154,0.0526329,0.0,3638.062045514208,3.175846286258215,0.00417885,0.03324178571428549,-0.00563489237857143,,,,,,0.007008443208124276,4.458655975771774,0.6138515884184703,4.458888948939089,1.0,-0.00563489237857143,-202349.30227719634,-0.1133006401065378,1.0013232211466252,0.03667407990298227
12-01-2026,00.05,1599,5996.25,3.56107,0.000987335,0.18387,0.0553671,0.0,3606.7494821919613,3.320925242607975,0.00459675,0.03268178571428537,-0.00521699237857143,,,,,,0.007008443208124276,4.458655975771774,0.6138515884184703,4.458885024210892,1.0,-0.00521699237857143,-187577.03433549107,-0.10502926286537638,1.0013232211466252,0.03667407990298227
12-01-2026,00.05,1600,6000.0,0.0,0.0,0.0,0.0,0.0,,,0.0,-3.5283882142857146,-0.00981374237857143,,,,,,0.007008443208124276,4.458655975771774,0.6138515884184703,4.433927467355738,1.0,-0.00981374237857143,-353294.72562857147,-0.19781891071285293,1.0013232211466252,0.03667407990298227
12-01-2026,00.05,1601,6003.75,0.0,0.0,0.0,0.0,0.0,,,0.0,-3.5283882142857146,-0.00981374237857143,,,,,,0.007008443208124276,4.458655975771774,0.6138515884184703,4.433927467355738,1.0,-0.00981374237857143,-353736.48204135936,-0.198066261624256,1.0013232211466252,0.03667407990298227
12-01-2026,00.05,1602,6007.5,0.0,0.0,0.0,0.0,0.0,,,0.0,-3.5283882142857146,-0.00981374237857143,,,,,,0.007008443208124276,4.458655975771774,0.6138515884184703,4.433927467355738,1.0,-0.00981374237857143,-354178.5144656517,-0.19831376708168308,1.0013232211466252,0.03667407990298227
12-01-2026,00.05,1603,6011.25,0.0,0.0,0.0,0.0,0.0,,,0.0,-3.5283882142857146,-0.00981374237857143,,,,,,0.007008443208124276,4.458655975771774,0.6138515884184703,4.433927467355738,1.0,-0.00981374237857143,-354620.8229014484,-0.1985614270851341,1.0013232211466252,0.03667407990298227
12-01-2026,00.05,1604,6015.0,0.0,0.0,0.0,0.0,0.0,,,0.0,-3.5283882142857146,-0.00981374237857143,,,,,,0.007008443208124276,4.458655975771774,0.6138515884184703,4.433927467355738,1.0,-0.00981374237857143,-355063.4073487495,-0.19880924163460917,1.0013232211466252,0.03667407990298227
12-01-2026,00.05,1605,6018.75,0.0,0.0,0.0,0.0,0.0,,,0.0,-3.5283882142857146,-0.00981374237857143,,,,,,0.007008443208124276,4.458655975771774,0.6138515884184703,4.433927467355738,1.0,-0.00981374237857143,-355506.26780755504,-0.1990572107301082,1.0013232211466252,0.03667407990298227
12-01-2026,00.05,1606,6022.5,0.0,0.0,0.0,0.0,0.0,,,0.0,-3.5283882142857146,-0.00981374237857143,,,,,,0.007008443208124276,4.458655975771774,0.6138515884184703,4.433927467355738,1.0,-0.00981374237857143,-355949.4042778649,-0.19930533437163123,1.0013232211466252,0.03667407990298227
12-01-2026,00.05,1607,6026.25,0.0,0.0,0.0,0.0,0.0,,,0.0,-3.5283882142857146,-0.00981374237857143,,,,,,0.007008443208124276,4.458655975771774,0.6138515884184703,4.433927467355738,1.0,-0.00981374237857143,-356392.8167596792,-0.19955361255917825,1.0013232211466252,0.03667407990298227
12-01-2026,00.05,1608,6030.0,0.0,0.0,0.0,0.0,0.0,,,0.0,-3.5283882142857146,-0.00981374237857143,,,,,,0.007008443208124276,4.458655975771774,0.6138515884184703,4.433927467355738,1.0,-0.00981374237857143,-356836.5052529979,-0.1998020452927493,1.0013232211466252,0.03667407990298227
12-01-2026,00.05,1609,6033.75,0.0,0.0,0.0,0.0,0.0,,,0.0,-3.5283882142857146,-0.00981374237857143,,,,,,0.007008443208124276,4.458655975771774,0.6138515884184703,4.433927467355738,1.0,-0.00981374237857143,-357280.469757821,-0.20005063257234432,1.0013232211466252,0.03667407990298227
12-01-2026,00.05,1610,6037.5,0.0,0.0,0.0,0.0,0.0,,,0.0,-3.5283882142857146,-0.00981374237857143,,,,,,0.007008443208124276,4.458655975771774,0.6138515884184703,4.433927467355738,1.0,-0.00981374237857143,-357724.7102741485,-0.20029937439796333,1.0013232211466252,0.03667407990298227
12-01-2026,00.05,1611,6041.25,0.0,0.0,0.0,0.0,0.0,,,0.0,-3.5283882142857146,-0.00981374237857143,,,,,,0.007008443208124276,4.458655975771774,0.6138515884184703,4.433927467355738,1.0,-0.00981374237857143,-358169.22680198035,-0.20054827076960632,1.0013232211466252,0.03667407990298227
12-01-2026,00.05,1612,6045.0,0.0,0.0,0.0,0.0,0.0,,,0.0,-3.5283882142857146,-0.00981374237857143,,,,,,0.007008443208124276,4.458655975771774,0.6138515884184703,4.433927467355738,1.0,-0.00981374237857143,-358614.01934131666,-0.20079732168727335,1.0013232211466252,0.03667407990298227
12-01-2026,00.05,1613,6048.75,0.0,0.0,0.0,0.0,0.0,,,0.0,-3.5283882142857146,-0.00981374237857143,,,,,,0.007008443208124276,4.458655975771774,0.6138515884184703,4.433927467355738,1.0,-0.00981374237857143,-359059.0878921573,-0.20104652715096433,1.0013232211466252,0.03667407990298227
12-01-2026,00.05,1614,6052.5,0.0,0.0,0.0,0.0,0.0,,,0.0,-3.5283882142857146,-0.00981374237857143,,,,,,0.007008443208124276,4.458655975771774,0.6138515884184703,4.433927467355738,1.0,-0.00981374237857143,-359504.4324545024,-0.2012958871606793,1.0013232211466252,0.03667407990298227
12-01-2026,00.05,1615,6056.25,0.0,0.0,0.0,0.0,0.0,,,0.0,-3.5283882142857146,-0.00981374237857143,,,,,,0.007008443208124276,4.458655975771774,0.6138515884184703,4.433927467355738,1.0,-0.00981374237857143,-359950.05302835186,-0.2015454017164183,1.0013232211466252,0.03667407990298227
12-01-2026,00.05,1616,6060.0,0.0,0.0,0.0,0.0,0.0,,,0.0,-3.5283882142857146,-0.00981374237857143,,,,,,0.007008443208124276,4.458655975771774,0.6138515884184703,4.433927467355738,1.0,-0.00981374237857143,-360395.94961370574,-0.20179507081818127,1.0013232211466252,0.03667407990298227
12-01-2026,00.05,1617,6063.75,0.0,0.0,0.0,0.0,0.0,,,0.0,-3.5283882142857146,-0.00981374237857143,,,,,,0.007008443208124276,4.458655975771774,0.6138515884184703,4.433927467355738,1.0,-0.00981374237857143,-360842.12221056403,-0.20204489446596827,1.0013232211466252,0.03667407990298227
12-01-2026,00.05,1618,6067.5,0.0,0.0,0.0,0.0,0.0,,,0.0,-3.5283882142857146,-0.00981374237857143,,,,,,0.007008443208124276,4.458655975771774,0.6138515884184703,4.433927467355738,1.0,-0.00981374237857143,-361288.5708189267,-0.20229487265977922,1.0013232211466252,0.03667407990298227
12-01-2026,00.05,1619,6071.25,0.0,0.0,0.0,0.0,0.0,,,0.0,-3.5283882142857146,-0.00981374237857143,,,,,,0.007008443208124276,4.458655975771774,0.6138515884184703,4.433927467355738,1.0,-0.00981374237857143,-361735.2954387938,-0.2025450053996142,1.0013232211466252,0.03667407990298227
12-01-2026,00.05,1620,6075.0,0.0,0.0,0.0,0.0,0.0,,,0.0,-3.5283882142857146,-0.00981374237857143,,,,,,0.007008443208124276,4.458655975771774,0.6138515884184703,4.433927467355738,1.0,-0.00981374237857143,-362182.29607016523,-0.20279529268547317,1.0013232211466252,0.03667407990298227
12-01-2026,00.05,1621,6078.75,0.0,0.0,0.0,0.0,0.0,,,0.0,-3.5283882142857146,-0.00981374237857143,,,,,,0.007008443208124276,4.458655975771774,0.6138515884184703,4.433927467355738,1.0,-0.00981374237857143,-362629.5727130411,-0.2030457345173561,1.0013232211466252,0.03667407990298227
12-01-2026,00.05,1622,6082.5,0.0,0.0,0.0,0.0,0.0,,,0.0,-3.5283882142857146,-0.00981374237857143,,,,,,0.007008443208124276,4.458655975771774,0.6138515884184703,4.433927467355738,1.0,-0.00981374237857143,-363077.12536742137,-0.20329633089526306,1.0013232211466252,0.03667407990298227
12-01-2026,00.05,1623,6086.25,0.0,0.0,0.0,0.0,0.0,,,0.0,-3.5283882142857146,-0.00981374237857143,,,,,,0.007008443208124276,4.458655975771774,0.6138515884184703,4.433927467355738,1.0,-0.00981374237857143,-363524.954033306,-0.20354708181919398,1.0013232211466252,0.03667407990298227
12-01-2026,00.05,1624,6090.0,0.0,0.0,0.0,0.0,0.0,,,0.0,-3.5283882142857146,-0.00981374237857143,,,,,,0.007008443208124276,4.458655975771774,0.6138515884184703,4.433927467355738,1.0,-0.00981374237857143,-363973.05871069507,-0.20379798728914894,1.0013232211466252,0.03667407990298227
12-01-2026,00.05,1625,6093.75,0.0,0.0,0.0,0.0,0.0,,,0.0,-3.5283882142857146,-0.00981374237857143,,,,,,0.007008443208124276,4.458655975771774,0.6138515884184703,4.433927467355738,1.0,-0.00981374237857143,-364421.4393995885,-0.20404904730512785,1.0013232211466252,0.03667407990298227
12-01-2026,00.05,1626,6097.5,0.0,0.0,0.0,0.0,0.0,,,0.0,-3.5283882142857146,-0.00981374237857143,,,,,,0.007008443208124276,4.458655975771774,0.6138515884184703,4.433927467355738,1.0,-0.00981374237857143,-364870.09609998635,-0.20430026186713077,1.0013232211466252,0.03667407990298227
12-01-2026,00.05,1627,6101.25,0.0,0.0,0.0,0.0,0.0,,,0.0,-3.5283882142857146,-0.00981374237857143,,,,,,0.007008443208124276,4.458655975771774,0.6138515884184703,4.433927467355738,1.0,-0.00981374237857143,-365319.0288118886,-0.2045516309751577,1.0013232211466252,0.03667407990298227
12-01-2026,00.05,1628,6105.0,0.0,0.0,0.0,0.0,0.0,,,0.0,-3.5283882142857146,-0.00981374237857143,,,,,,0.007008443208124276,4.458655975771774,0.6138515884184703,4.433927467355738,1.0,-0.00981374237857143,-365768.2375352952,-0.2048031546292086,1.0013232211466252,0.03667407990298227
12-01-2026,00.05,1629,6108.75,0.0,0.0,0.0,0.0,0.0,,,0.0,-3.5283882142857146,-0.00981374237857143,,,,,,0.007008443208124276,4.458655975771774,0.6138515884184703,4.433927467355738,1.0,-0.00981374237857143,-366217.72227020626,-0.20505483282928352,1.0013232211466252,0.03667407990298227
12-01-2026,00.05,1630,6112.5,0.0,0.0,0.0,0.0,0.0,,,0.0,-3.5283882142857146,-0.00981374237857143,,,,,,0.007008443208124276,4.458655975771774,0.6138515884184703,4.433927467355738,1.0,-0.00981374237857143,-366667.48301662167,-0.2053066655753824,1.0013232211466252,0.03667407990298227
12-01-2026,00.05,1631,6116.25,0.0,0.0,0.0,0.0,0.0,,,0.0,-3.5283882142857146,-0.00981374237857143,,,,,,0.007008443208124276,4.458655975771774,0.6138515884184703,4.433927467355738,1.0,-0.00981374237857143,-367117.51977454155,-0.20555865286750533,1.0013232211466252,0.03667407990298227
12-01-2026,00.05,1632,6120.0,0.0,0.0,0.0,0.0,0.0,,,0.0,-3.5283882142857146,-0.00981374237857143,,,,,,0.007008443208124276,4.458655975771774,0.6138515884184703,4.433927467355738,1.0,-0.00981374237857143,-367567.8325439658,-0.20581079470565222,1.0013232211466252,0.03667407990298227
12-01-2026,00.05,1633,6123.75,0.0,0.0,0.0,0.0,0.0,,,0.0,-3.5283882142857146,-0.00981374237857143,,,,,,0.007008443208124276,4.458655975771774,0.6138515884184703,4.433927467355738,1.0,-0.00981374237857143,-368018.42132489436,-0.20606309108982307,1.0013232211466252,0.03667407990298227
12-01-2026,00.05,1634,6127.5,0.0,0.0,0.0,0.0,0.0,,,0.0,-3.5283882142857146,-0.00981374237857143,,,,,,0.007008443208124276,4.458655975771774,0.6138515884184703,4.433927467355738,1.0,-0.00981374237857143,-368469.2861173274,-0.20631554202001795,1.0013232211466252,0.03667407990298227
12-01-2026,00.05,1635,6131.25,0.0,0.0,0.0,0.0,0.0,,,0.0,-3.5283882142857146,-0.00981374237857143,,,,,,0.007008443208124276,4.458655975771774,0.6138515884184703,4.433927467355738,1.0,-0.00981374237857143,-368920.42692126485,-0.20656814749623684,1.0013232211466252,0.03667407990298227
12-01-2026,00.05,1636,6135.0,0.0,0.0,0.0,0.0,0.0,,,0.0,-3.5283882142857146,-0.00981374237857143,,,,,,0.007008443208124276,4.458655975771774,0.6138515884184703,4.433927467355738,1.0,-0.00981374237857143,-369371.84373670665,-0.2068209075184797,1.0013232211466252,0.03667407990298227
12-01-2026,00.05,1637,6138.75,0.0,0.0,0.0,0.0,0.0,,,0.0,-3.5283882142857146,-0.00981374237857143,,,,,,0.007008443208124276,4.458655975771774,0.6138515884184703,4.433927467355738,1.0,-0.00981374237857143,-369823.53656365286,-0.20707382208674657,1.0013232211466252,0.03667407990298227
12-01-2026,00.05,1638,6142.5,0.0,0.0,0.0,0.0,0.0,,,0.0,-3.5283882142857146,-0.00981374237857143,,,,,,0.007008443208124276,4.458655975771774,0.6138515884184703,4.433927467355738,1.0,-0.00981374237857143,-370275.5054021035,-0.20732689120103742,1.0013232211466252,0.03667407990298227
12-01-2026,00.05,1639,6146.25,0.0,0.0,0.0,0.0,0.0,,,0.0,-3.5283882142857146,-0.00981374237857143,,,,,,0.007008443208124276,4.458655975771774,0.6138515884184703,4.433927467355738,1.0,-0.00981374237857143,-370727.7502520585,-0.20758011486135228,1.0013232211466252,0.03667407990298227
12-01-2026,00.05,1640,6150.0,0.0,0.0,0.0,0.0,0.0,,,0.0,-3.5283882142857146,-0.00981374237857143,,,,,,0.007008443208124276,4.458655975771774,0.6138515884184703,4.433927467355738,1.0,-0.00981374237857143,-371180.2711135179,-0.20783349306769114,1.0013232211466252,0.03667407990298227
12-01-2026,00.05,1641,6153.75,0.0,0.0,0.0,0.0,0.0,,,0.0,-3.5283882142857146,-0.00981374237857143,,,,,,0.007008443208124276,4.458655975771774,0.6138515884184703,4.433927467355738,1.0,-0.00981374237857143,-371633.0679864817,-0.20808702582005395,1.0013232211466252,0.03667407990298227
12-01-2026,00.05,1642,6157.5,0.0,0.0,0.0,0.0,0.0,,,0.0,-3.5283882142857146,-0.00981374237857143,,,,,,0.007008443208124276,4.458655975771774,0.6138515884184703,4.433927467355738,1.0,-0.00981374237857143,-372086.1408709499,-0.2083407131184408,1.0013232211466252,0.03667407990298227
12-01-2026,00.05,1643,6161.25,0.0,0.0,0.0,0.0,0.0,,,0.0,-3.5283882142857146,-0.00981374237857143,,,,,,0.007008443208124276,4.458655975771774,0.6138515884184703,4.433927467355738,1.0,-0.00981374237857143,-372539.4897669225,-0.20859455496285162,1.0013232211466252,0.03667407990298227
12-01-2026,00.05,1644,6165.0,0.0,0.0,0.0,0.0,0.0,,,0.0,-3.5283882142857146,-0.00981374237857143,,,,,,0.007008443208124276,4.458655975771774,0.6138515884184703,4.433927467355738,1.0,-0.00981374237857143,-372993.1146743995,-0.20884855135328645,1.0013232211466252,0.03667407990298227
12-01-2026,00.05,1645,6168.75,0.0,0.0,0.0,0.0,0.0,,,0.0,-3.5283882142857146,-0.00981374237857143,,,,,,0.007008443208124276,4.458655975771774,0.6138515884184703,4.433927467355738,1.0,-0.00981374237857143,-373447.0155933809,-0.20910270228974526,1.0013232211466252,0.03667407990298227
12-01-2026,00.05,1646,6172.5,0.0,0.0,0.0,0.0,0.0,,,0.0,-3.5283882142857146,-0.00981374237857143,,,,,,0.007008443208124276,4.458655975771774,0.6138515884184703,4.433927467355738,1.0,-0.00981374237857143,-373901.1925238667,-0.2093570077722281,1.0013232211466252,0.03667407990298227
12-01-2026,00.05,1647,6176.25,0.0,0.0,0.0,0.0,0.0,,,0.0,-3.5283882142857146,-0.00981374237857143,,,,,,0.007008443208124276,4.458655975771774,0.6138515884184703,4.433927467355738,1.0,-0.00981374237857143,-374355.6454658569,-0.2096114678007349,1.0013232211466252,0.03667407990298227
12-01-2026,00.05,1648,6180.0,0.0,0.0,0.0,0.0,0.0,,,0.0,-3.5283882142857146,-0.00981374237857143,,,,,,0.007008443208124276,4.458655975771774,0.6138515884184703,4.433927467355738,1.0,-0.00981374237857143,-374810.37441935146,-0.2098660823752657,1.0013232211466252,0.03667407990298227
12-01-2026,00.05,1649,6183.75,0.0,0.0,0.0,0.0,0.0,,,0.0,-3.5283882142857146,-0.00981374237857143,,,,,,0.007008443208124276,4.458655975771774,0.6138515884184703,4.433927467355738,1.0,-0.00981374237857143,-375265.37938435044,-0.21012085149582047,1.0013232211466252,0.03667407990298227
12-01-2026,00.05,1650,6187.5,0.0,0.0,0.0,0.0,0.0,,,0.0,-3.5283882142857146,-0.00981374237857143,,,,,,0.007008443208124276,4.458655975771774,0.6138515884184703,4.433927467355738,1.0,-0.00981374237857143,-375720.6603608538,-0.21037577516239928,1.0013232211466252,0.03667407990298227
12-01-2026,00.05,1651,6191.25,0.0,0.0,0.0,0.0,0.0,,,0.0,-3.5283882142857146,-0.00981374237857143,,,,,,0.007008443208124276,4.458655975771774,0.6138515884184703,4.433927467355738,1.0,-0.00981374237857143,-376176.2173488616,-0.21063085337500206,1.0013232211466252,0.03667407990298227
12-01-2026,00.05,1652,6195.0,0.0,0.0,0.0,0.0,0.0,,,0.0,-3.5283882142857146,-0.00981374237857143,,,,,,0.007008443208124276,4.458655975771774,0.6138515884184703,4.433927467355738,1.0,-0.00981374237857143,-376632.05034837377,-0.21088608613362883,1.0013232211466252,0.03667407990298227
12-01-2026,00.05,1653,6198.75,0.0,0.0,0.0,0.0,0.0,,,0.0,-3.5283882142857146,-0.00981374237857143,,,,,,0.007008443208124276,4.458655975771774,0.6138515884184703,4.433927467355738,1.0,-0.00981374237857143,-377088.1593593904,-0.2111414734382796,1.0013232211466252,0.03667407990298227
12-01-2026,00.05,1654,6202.5,0.0,0.0,0.0,0.0,0.0,,,0.0,-3.5283882142857146,-0.00981374237857143,,,,,,0.007008443208124276,4.458655975771774,0.6138515884184703,4.433927467355738,1.0,-0.00981374237857143,-377544.54438191134,-0.21139701528895438,1.0013232211466252,0.03667407990298227
12-01-2026,00.05,1655,6206.25,0.0,0.0,0.0,0.0,0.0,,,0.0,-3.5283882142857146,-0.00981374237857143,,,,,,0.007008443208124276,4.458655975771774,0.6138515884184703,4.433927467355738,1.0,-0.00981374237857143,-378001.2054159367,-0.21165271168565314,1.0013232211466252,0.03667407990298227
12-01-2026,00.05,1656,6210.0,0.0,0.0,0.0,0.0,0.0,,,0.0,-3.5283882142857146,-0.00981374237857143,,,,,,0.007008443208124276,4.458655975771774,0.6138515884184703,4.433927467355738,1.0,-0.00981374237857143,-378458.1424614665,-0.2119085626283759,1.0013232211466252,0.03667407990298227
12-01-2026,00.05,1657,6213.75,0.0,0.0,0.0,0.0,0.0,,,0.0,-3.5283882142857146,-0.00981374237857143,,,,,,0.007008443208124276,4.458655975771774,0.6138515884184703,4.433927467355738,1.0,-0.00981374237857143,-378915.3555185006,-0.21216456811712264,1.0013232211466252,0.03667407990298227
12-01-2026,00.05,1658,6217.5,0.0,0.0,0.0,0.0,0.0,,,0.0,-3.5283882142857146,-0.00981374237857143,,,,,,0.007008443208124276,4.458655975771774,0.6138515884184703,4.433927467355738,1.0,-0.00981374237857143,-379372.8445870392,-0.2124207281518934,1.0013232211466252,0.03667407990298227
12-01-2026,00.05,1659,6221.25,0.0,0.0,0.0,0.0,0.0,,,0.0,-3.5283882142857146,-0.00981374237857143,,,,,,0.007008443208124276,4.458655975771774,0.6138515884184703,4.433927467355738,1.0,-0.00981374237857143,-379830.60966708214,-0.21267704273268812,1.0013232211466252,0.03667407990298227
12-01-2026,00.05,1660,6225.0,0.0,0.0,0.0,0.0,0.0,,,0.0,-3.5283882142857146,-0.00981374237857143,,,,,,0.007008443208124276,4.458655975771774,0.6138515884184703,4.433927467355738,1.0,-0.00981374237857143,-380288.6507586295,-0.21293351185950685,1.0013232211466252,0.03667407990298227
12-01-2026,00.05,1661,6228.75,0.0,0.0,0.0,0.0,0.0,,,0.0,-3.5283882142857146,-0.00981374237857143,,,,,,0.007008443208124276,4.458655975771774,0.6138515884184703,4.433927467355738,1.0,-0.00981374237857143,-380746.96786168125,-0.21319013553234958,1.0013232211466252,0.03667407990298227
12-01-2026,00.05,1662,6232.5,0.0,0.0,0.0,0.0,0.0,,,0.0,-3.5283882142857146,-0.00981374237857143,,,,,,0.007008443208124276,4.458655975771774,0.6138515884184703,4.433927467355738,1.0,-0.00981374237857143,-381205.5609762374,-0.2134469137512163,1.0013232211466252,0.03667407990298227
12-01-2026,00.05,1663,6236.25,0.0,0.0,0.0,0.0,0.0,,,0.0,-3.5283882142857146,-0.00981374237857143,,,,,,0.007008443208124276,4.458655975771774,0.6138515884184703,4.433927467355738,1.0,-0.00981374237857143,-381664.430102298,-0.21370384651610705,1.0013232211466252,0.03667407990298227
12-01-2026,00.05,1664,6240.0,0.0,0.0,0.0,0.0,0.0,,,0.0,-3.5283882142857146,-0.00981374237857143,,,,,,0.007008443208124276,4.458655975771774,0.6138515884184703,4.433927467355738,1.0,-0.00981374237857143,-382123.5752398629,-0.21396093382702175,1.0013232211466252,0.03667407990298227
12-01-2026,00.05,1665,6243.75,0.0,0.0,0.0,0.0,0.0,,,0.0,-3.5283882142857146,-0.00981374237857143,,,,,,0.007008443208124276,4.458655975771774,0.6138515884184703,4.433927467355738,1.0,-0.00981374237857143,-382582.9963889322,-0.21421817568396043,1.0013232211466252,0.03667407990298227
12-01-2026,00.05,1666,6247.5,0.0,0.0,0.0,0.0,0.0,,,0.0,-3.5283882142857146,-0.00981374237857143,,,,,,0.007008443208124276,4.458655975771774,0.6138515884184703,4.433927467355738,1.0,-0.00981374237857143,-383042.69354950596,-0.21447557208692314,1.0013232211466252,0.03667407990298227
12-01-2026,00.05,1667,6251.25,0.0,0.0,0.0,0.0,0.0,,,0.0,-3.5283882142857146,-0.00981374237857143,,,,,,0.007008443208124276,4.458655975771774,0.6138515884184703,4.433927467355738,1.0,-0.00981374237857143,-383502.6667215841,-0.21473312303590983,1.0013232211466252,0.03667407990298227
12-01-2026,00.05,1668,6255.0,0.0,0.0,0.0,0.0,0.0,,,0.0,-3.5283882142857146,-0.00981374237857143,,,,,,0.007008443208124276,4.458655975771774,0.6138515884184703,4.433927467355738,1.0,-0.00981374237857143,-383962.91590516665,-0.21499082853092052,1.0013232211466252,0.03667407990298227
12-01-2026,00.05,1669,6258.75,0.0,0.0,0.0,0.0,0.0,,,0.0,-3.5283882142857146,-0.00981374237857143,,,,,,0.007008443208124276,4.458655975771774,0.6138515884184703,4.433927467355738,1.0,-0.00981374237857143,-384423.4411002536,-0.21524868857195523,1.0013232211466252,0.03667407990298227
12-01-2026,00.05,1670,6262.5,0.0,0.0,0.0,0.0,0.0,,,0.0,-3.5283882142857146,-0.00981374237857143,,,,,,0.007008443208124276,4.458655975771774,0.6138515884184703,4.433927467355738,1.0,-0.00981374237857143,-384884.2423068449,-0.2155067031590139,1.0013232211466252,0.03667407990298227
12-01-2026,00.05,1671,6266.25,0.0,0.0,0.0,0.0,0.0,,,0.0,-3.5283882142857146,-0.00981374237857143,,,,,,0.007008443208124276,4.458655975771774,0.6138515884184703,4.433927467355738,1.0,-0.00981374237857143,-385345.3195249406,-0.21576487229209657,1.0013232211466252,0.03667407990298227
12-01-2026,00.05,1672,6270.0,0.0,0.0,0.0,0.0,0.0,,,0.0,-3.5283882142857146,-0.00981374237857143,,,,,,0.007008443208124276,4.458655975771774,0.6138515884184703,4.433927467355738,1.0,-0.00981374237857143,-385806.67275454075,-0.21602319597120323,1.0013232211466252,0.03667407990298227
12-01-2026,00.05,1673,6273.75,0.0,0.0,0.0,0.0,0.0,,,0.0,-3.5283882142857146,-0.00981374237857143,,,,,,0.007008443208124276,4.458655975771774,0.6138515884184703,4.433927467355738,1.0,-0.00981374237857143,-386268.3019956453,-0.2162816741963339,1.0013232211466252,0.03667407990298227
12-01-2026,00.05,1674,6277.5,0.0,0.0,0.0,0.0,0.0,,,0.0,-3.5283882142857146,-0.00981374237857143,,,,,,0.007008443208124276,4.458655975771774,0.6138515884184703,4.433927467355738,1.0,-0.00981374237857143,-386730.2072482542,-0.21654030696748855,1.0013232211466252,0.03667407990298227
12-01-2026,00.05,1675,6281.25,0.0,0.0,0.0,0.0,0.0,,,0.0,-3.5283882142857146,-0.00981374237857143,,,,,,0.007008443208124276,4.458655975771774,0.6138515884184703,4.433927467355738,1.0,-0.00981374237857143,-387192.3885123675,-0.2167990942846672,1.0013232211466252,0.03667407990298227
12-01-2026,00.05,1676,6285.0,0.0,0.0,0.0,0.0,0.0,,,0.0,-3.5283882142857146,-0.00981374237857143,,,,,,0.007008443208124276,4.458655975771774,0.6138515884184703,4.433927467355738,1.0,-0.00981374237857143,-387654.84578798525,-0.21705803614786986,1.0013232211466252,0.03667407990298227
12-01-2026,00.05,1677,6288.75,0.0,0.0,0.0,0.0,0.0,,,0.0,-3.5283882142857146,-0.00981374237857143,,,,,,0.007008443208124276,4.458655975771774,0.6138515884184703,4.433927467355738,1.0,-0.00981374237857143,-388117.57907510735,-0.2173171325570965,1.0013232211466252,0.03667407990298227
12-01-2026,00.05,1678,6292.5,0.0,0.0,0.0,0.0,0.0,,,0.0,-3.5283882142857146,-0.00981374237857143,,,,,,0.007008443208124276,4.458655975771774,0.6138515884184703,4.433927467355738,1.0,-0.00981374237857143,-388580.58837373386,-0.21757638351234712,1.0013232211466252,0.03667407990298227
12-01-2026,00.05,1679,6296.25,0.0,0.0,0.0,0.0,0.0,,,0.0,-3.5283882142857146,-0.00981374237857143,,,,,,0.007008443208124276,4.458655975771774,0.6138515884184703,4.433927467355738,1.0,-0.00981374237857143,-389043.8736838647,-0.21783578901362174,1.0013232211466252,0.03667407990298227
12-01-2026,00.05,1680,6300.0,0.0,0.0,0.0,0.0,0.0,,,0.0,-3.5283882142857146,-0.00981374237857143,,,,,,0.007008443208124276,4.458655975771774,0.6138515884184703,4.433927467355738,1.0,-0.00981374237857143,-389507.43500550004,-0.21809534906092037,1.0013232211466252,0.03667407990298227
12-01-2026,00.05,1681,6303.75,0.0,0.0,0.0,0.0,0.0,,,0.0,-3.5283882142857146,-0.00981374237857143,,,,,,0.007008443208124276,4.458655975771774,0.6138515884184703,4.433927467355738,1.0,-0.00981374237857143,-389971.27233863977,-0.218355063654243,1.0013232211466252,0.03667407990298227
12-01-2026,00.05,1682,6307.5,0.0,0.0,0.0,0.0,0.0,,,0.0,-3.5283882142857146,-0.00981374237857143,,,,,,0.007008443208124276,4.458655975771774,0.6138515884184703,4.433927467355738,1.0,-0.00981374237857143,-390435.38568328385,-0.2186149327935896,1.0013232211466252,0.03667407990298227
12-01-2026,00.05,1683,6311.25,0.0,0.0,0.0,0.0,0.0,,,0.0,-3.5283882142857146,-0.00981374237857143,,,,,,0.007008443208124276,4.458655975771774,0.6138515884184703,4.433927467355738,1.0,-0.00981374237857143,-390899.77503943234,-0.21887495647896021,1.0013232211466252,0.03667407990298227
12-01-2026,00.05,1684,6315.0,0.0,0.0,0.0,0.0,0.0,,,0.0,-3.5283882142857146,-0.00981374237857143,,,,,,0.007008443208124276,4.458655975771774,0.6138515884184703,4.433927467355738,1.0,-0.00981374237857143,-391364.44040708523,-0.2191351347103548,1.0013232211466252,0.03667407990298227
12-01-2026,00.05,1685,6318.75,0.0,0.0,0.0,0.0,0.0,,,0.0,-3.5283882142857146,-0.00981374237857143,,,,,,0.007008443208124276,4.458655975771774,0.6138515884184703,4.433927467355738,1.0,-0.00981374237857143,-391829.38178624253,-0.21939546748777342,1.0013232211466252,0.03667407990298227
12-01-2026,00.05,1686,6322.5,0.0,0.0,0.0,0.0,0.0,,,0.0,-3.5283882142857146,-0.00981374237857143,,,,,,0.007008443208124276,4.458655975771774,0.6138515884184703,4.433927467355738,1.0,-0.00981374237857143,-392294.5991769042,-0.21965595481121597,1.0013232211466252,0.03667407990298227
12-01-2026,00.05,1687,6326.25,0.0,0.0,0.0,0.0,0.0,,,0.0,-3.5283882142857146,-0.00981374237857143,,,,,,0.007008443208124276,4.458655975771774,0.6138515884184703,4.433927467355738,1.0,-0.00981374237857143,-392760.0925790703,-0.21991659668068259,1.0013232211466252,0.03667407990298227
12-01-2026,00.05,1688,6330.0,0.0,0.0,0.0,0.0,0.0,,,0.0,-3.5283882142857146,-0.00981374237857143,,,,,,0.007008443208124276,4.458655975771774,0.6138515884184703,4.433927467355738,1.0,-0.00981374237857143,-393225.86199274077,-0.22017739309617315,1.0013232211466252,0.03667407990298227
12-01-2026,00.05,1689,6333.75,0.0,0.0,0.0,0.0,0.0,,,0.0,-3.5283882142857146,-0.00981374237857143,,,,,,0.007008443208124276,4.458655975771774,0.6138515884184703,4.433927467355738,1.0,-0.00981374237857143,-393691.90741791565,-0.22043834405768772,1.0013232211466252,0.03667407990298227
12-01-2026,00.05,1690,6337.5,0.0,0.0,0.0,0.0,0.0,,,0.0,-3.5283882142857146,-0.00981374237857143,,,,,,0.007008443208124276,4.458655975771774,0.6138515884184703,4.433927467355738,1.0,-0.00981374237857143,-394158.2288545949,-0.2206994495652263,1.0013232211466252,0.03667407990298227
12-01-2026,00.05,1691,6341.25,0.0,0.0,0.0,0.0,0.0,,,0.0,-3.5283882142857146,-0.00981374237857143,,,,,,0.007008443208124276,4.458655975771774,0.6138515884184703,4.433927467355738,1.0,-0.00981374237857143,-394624.82630277856,-0.22096070961878883,1.0013232211466252,0.03667407990298227
12-01-2026,00.05,1692,6345.0,0.0,0.0,0.0,0.0,0.0,,,0.0,-3.5283882142857146,-0.00981374237857143,,,,,,0.007008443208124276,4.458655975771774,0.6138515884184703,4.433927467355738,1.0,-0.00981374237857143,-395091.69976246665,-0.2212221242183754,1.0013232211466252,0.03667407990298227
12-01-2026,00.05,1693,6348.75,0.0,0.0,0.0,0.0,0.0,,,0.0,-3.5283882142857146,-0.00981374237857143,,,,,,0.007008443208124276,4.458655975771774,0.6138515884184703,4.433927467355738,1.0,-0.00981374237857143,-395558.8492336591,-0.22148369336398593,1.0013232211466252,0.03667407990298227
12-01-2026,00.05,1694,6352.5,0.0,0.0,0.0,0.0,0.0,,,0.0,-3.5283882142857146,-0.00981374237857143,,,,,,0.007008443208124276,4.458655975771774,0.6138515884184703,4.433927467355738,1.0,-0.00981374237857143,-396026.274716356,-0.2217454170556205,1.0013232211466252,0.03667407990298227
12-01-2026,00.05,1695,6356.25,0.0,0.0,0.0,0.0,0.0,,,0.0,-3.5283882142857146,-0.00981374237857143,,,,,,0.007008443208124276,4.458655975771774,0.6138515884184703,4.433927467355738,1.0,-0.00981374237857143,-396493.9762105573,-0.22200729529327906,1.0013232211466252,0.03667407990298227
12-01-2026,00.05,1696,6360.0,0.0,0.0,0.0,0.0,0.0,,,0.0,-3.5283882142857146,-0.00981374237857143,,,,,,0.007008443208124276,4.458655975771774,0.6138515884184703,4.433927467355738,1.0,-0.00981374237857143,-396961.9537162629,-0.22226932807696156,1.0013232211466252,0.03667407990298227
12-01-2026,00.05,1697,6363.75,0.0,0.0,0.0,0.0,0.0,,,0.0,-3.5283882142857146,-0.00981374237857143,,,,,,0.007008443208124276,4.458655975771774,0.6138515884184703,4.433927467355738,1.0,-0.00981374237857143,-397430.20723347296,-0.2225315154066681,1.0013232211466252,0.03667407990298227
12-01-2026,00.05,1698,6367.5,0.0,0.0,0.0,0.0,0.0,,,0.0,-3.5283882142857146,-0.00981374237857143,,,,,,0.007008443208124276,4.458655975771774,0.6138515884184703,4.433927467355738,1.0,-0.00981374237857143,-397898.7367621874,-0.2227938572823986,1.0013232211466252,0.03667407990298227
12-01-2026,00.05,1699,6371.25,0.0,0.0,0.0,0.0,0.0,,,0.0,-3.5283882142857146,-0.00981374237857143,,,,,,0.007008443208124276,4.458655975771774,0.6138515884184703,4.433927467355738,1.0,-0.00981374237857143,-398367.5423024063,-0.22305635370415314,1.0013232211466252,0.03667407990298227
12-01-2026,00.05,1700,6375.0,0.0,0.0,0.0,0.0,0.0,,,0.0,-3.5283882142857146,-0.00981374237857143,,,,,,0.007008443208124276,4.458655975771774,0.6138515884184703,4.433927467355738,1.0,-0.00981374237857143,-398836.6238541295,-0.22331900467193164,1.0013232211466252,0.03667407990298227
12-01-2026,00.05,1701,6378.75,0.0,0.0,0.0,0.0,0.0,,,0.0,-3.5283882142857146,-0.00981374237857143,,,,,,0.007008443208124276,4.458655975771774,0.6138515884184703,4.433927467355738,1.0,-0.00981374237857143,-399305.98141735716,-0.22358181018573414,1.0013232211466252,0.03667407990298227
12-01-2026,00.05,1702,6382.5,0.0,0.0,0.0,0.0,0.0,,,0.0,-3.5283882142857146,-0.00981374237857143,,,,,,0.007008443208124276,4.458655975771774,0.6138515884184703,4.433927467355738,1.0,-0.00981374237857143,-399775.6149920892,-0.22384477024556065,1.0013232211466252,0.03667407990298227
12-01-2026,00.05,1703,6386.25,0.0,0.0,0.0,0.0,0.0,,,0.0,-3.5283882142857146,-0.00981374237857143,,,,,,0.007008443208124276,4.458655975771774,0.6138515884184703,4.433927467355738,1.0,-0.00981374237857143,-400245.5245783256,-0.22410788485141114,1.0013232211466252,0.03667407990298227
12-01-2026,00.05,1704,6390.0,0.0,0.0,0.0,0.0,0.0,,,0.0,-3.5283882142857146,-0.00981374237857143,,,,,,0.007008443208124276,4.458655975771774,0.6138515884184703,4.433927467355738,1.0,-0.00981374237857143,-400715.7101760665,-0.22437115400328564,1.0013232211466252,0.03667407990298227
12-01-2026,00.05,1705,6393.75,0.0,0.0,0.0,0.0,0.0,,,0.0,-3.5283882142857146,-0.00981374237857143,,,,,,0.007008443208124276,4.458655975771774,0.6138515884184703,4.433927467355738,1.0,-0.00981374237857143,-401186.1717853117,-0.2246345777011841,1.0013232211466252,0.03667407990298227
12-01-2026,00.05,1706,6397.5,0.0,0.0,0.0,0.0,0.0,,,0.0,-3.5283882142857146,-0.00981374237857143,,,,,,0.007008443208124276,4.458655975771774,0.6138515884184703,4.433927467355738,1.0,-0.00981374237857143,-401656.90940606134,-0.2248981559451066,1.0013232211466252,0.03667407990298227
12-01-2026,00.05,1707,6401.25,0.0,0.0,0.0,0.0,0.0,,,0.0,-3.5283882142857146,-0.00981374237857143,,,,,,0.007008443208124276,4.458655975771774,0.6138515884184703,4.433927467355738,1.0,-0.00981374237857143,-402127.9230383154,-0.22516188873505305,1.0013232211466252,0.03667407990298227
12-01-2026,00.05,1708,6405.0,0.0,0.0,0.0,0.0,0.0,,,0.0,-3.5283882142857146,-0.00981374237857143,,,,,,0.007008443208124276,4.458655975771774,0.6138515884184703,4.433927467355738,1.0,-0.00981374237857143,-402599.2126820738,-0.22542577607102354,1.0013232211466252,0.03667407990298227
12-01-2026,00.05,1709,6408.75,0.0,0.0,0.0,0.0,0.0,,,0.0,-3.5283882142857146,-0.00981374237857143,,,,,,0.007008443208124276,4.458655975771774,0.6138515884184703,4.433927467355738,1.0,-0.00981374237857143,-403070.7783373366,-0.22568981795301798,1.0013232211466252,0.03667407990298227
12-01-2026,00.05,1710,6412.5,0.0,0.0,0.0,0.0,0.0,,,0.0,-3.5283882142857146,-0.00981374237857143,,,,,,0.007008443208124276,4.458655975771774,0.6138515884184703,4.433927467355738,1.0,-0.00981374237857143,-403542.62000410387,-0.22595401438103646,1.0013232211466252,0.03667407990298227
12-01-2026,00.05,1711,6416.25,0.0,0.0,0.0,0.0,0.0,,,0.0,-3.5283882142857146,-0.00981374237857143,,,,,,0.007008443208124276,4.458655975771774,0.6138515884184703,4.433927467355738,1.0,-0.00981374237857143,-404014.7376823755,-0.2262183653550789,1.0013232211466252,0.03667407990298227
12-01-2026,00.05,1712,6420.0,0.0,0.0,0.0,0.0,0.0,,,0.0,-3.5283882142857146,-0.00981374237857143,,,,,,0.007008443208124276,4.458655975771774,0.6138515884184703,4.433927467355738,1.0,-0.00981374237857143,-404487.1313721515,-0.22648287087514535,1.0013232211466252,0.03667407990298227
12-01-2026,00.05,1713,6423.75,0.0,0.0,0.0,0.0,0.0,,,0.0,-3.5283882142857146,-0.00981374237857143,,,,,,0.007008443208124276,4.458655975771774,0.6138515884184703,4.433927467355738,1.0,-0.00981374237857143,-404959.8010734319,-0.2267475309412358,1.0013232211466252,0.03667407990298227
12-01-2026,00.05,1714,6427.5,0.0,0.0,0.0,0.0,0.0,,,0.0,-3.5283882142857146,-0.00981374237857143,,,,,,0.007008443208124276,4.458655975771774,0.6138515884184703,4.433927467355738,1.0,-0.00981374237857143,-405432.7467862167,-0.2270123455533502,1.0013232211466252,0.03667407990298227
12-01-2026,00.05,1715,6431.25,0.0,0.0,0.0,0.0,0.0,,,0.0,-3.5283882142857146,-0.00981374237857143,,,,,,0.007008443208124276,4.458655975771774,0.6138515884184703,4.433927467355738,1.0,-0.00981374237857143,-405905.9685105059,-0.22727731471148863,1.0013232211466252,0.03667407990298227
12-01-2026,00.05,1716,6435.0,0.0,0.0,0.0,0.0,0.0,,,0.0,-3.5283882142857146,-0.00981374237857143,,,,,,0.007008443208124276,4.458655975771774,0.6138515884184703,4.433927467355738,1.0,-0.00981374237857143,-406379.4662462995,-0.22754243841565105,1.0013232211466252,0.03667407990298227
12-01-2026,00.05,1717,6438.75,0.0,0.0,0.0,0.0,0.0,,,0.0,-3.5283882142857146,-0.00981374237857143,,,,,,0.007008443208124276,4.458655975771774,0.6138515884184703,4.433927467355738,1.0,-0.00981374237857143,-406853.2399935975,-0.22780771666583746,1.0013232211466252,0.03667407990298227
12-01-2026,00.05,1718,6442.5,0.0,0.0,0.0,0.0,0.0,,,0.0,-3.5283882142857146,-0.00981374237857143,,,,,,0.007008443208124276,4.458655975771774,0.6138515884184703,4.433927467355738,1.0,-0.00981374237857143,-407327.2897523999,-0.22807314946204787,1.0013232211466252,0.03667407990298227
12-01-2026,00.05,1719,6446.25,0.0,0.0,0.0,0.0,0.0,,,0.0,-3.5283882142857146,-0.00981374237857143,,,,,,0.007008443208124276,4.458655975771774,0.6138515884184703,4.433927467355738,1.0,-0.00981374237857143,-407801.6155227067,-0.22833873680428227,1.0013232211466252,0.03667407990298227
12-01-2026,00.05,1720,6450.0,0.0,0.0,0.0,0.0,0.0,,,0.0,-3.5283882142857146,-0.00981374237857143,,,,,,0.007008443208124276,4.458655975771774,0.6138515884184703,4.433927467355738,1.0,-0.00981374237857143,-408276.2173045179,-0.2286044786925407,1.0013232211466252,0.03667407990298227
12-01-2026,00.05,1721,6453.75,0.0,0.0,0.0,0.0,0.0,,,0.0,-3.5283882142857146,-0.00981374237857143,,,,,,0.007008443208124276,4.458655975771774,0.6138515884184703,4.433927467355738,1.0,-0.00981374237857143,-408751.0950978335,-0.22887037512682307,1.0013232211466252,0.03667407990298227
12-01-2026,00.05,1722,6457.5,0.0,0.0,0.0,0.0,0.0,,,0.0,-3.5283882142857146,-0.00981374237857143,,,,,,0.007008443208124276,4.458655975771774,0.6138515884184703,4.433927467355738,1.0,-0.00981374237857143,-409226.24890265346,-0.22913642610712945,1.0013232211466252,0.03667407990298227
12-01-2026,00.05,1723,6461.25,0.0,0.0,0.0,0.0,0.0,,,0.0,-3.5283882142857146,-0.00981374237857143,,,,,,0.007008443208124276,4.458655975771774,0.6138515884184703,4.433927467355738,1.0,-0.00981374237857143,-409701.6787189779,-0.22940263163345986,1.0013232211466252,0.03667407990298227
12-01-2026,00.05,1724,6465.0,0.0,0.0,0.0,0.0,0.0,,,0.0,-3.5283882142857146,-0.00981374237857143,,,,,,0.007008443208124276,4.458655975771774,0.6138515884184703,4.433927467355738,1.0,-0.00981374237857143,-410177.3845468066,-0.2296689917058142,1.0013232211466252,0.03667407990298227
12-01-2026,00.05,1725,6468.75,0.0,0.0,0.0,0.0,0.0,,,0.0,-3.5283882142857146,-0.00981374237857143,,,,,,0.007008443208124276,4.458655975771774,0.6138515884184703,4.433927467355738,1.0,-0.00981374237857143,-410653.3663861398,-0.22993550632419257,1.0013232211466252,0.03667407990298227
12-01-2026,00.05,1726,6472.5,0.0,0.0,0.0,0.0,0.0,,,0.0,-3.5283882142857146,-0.00981374237857143,,,,,,0.007008443208124276,4.458655975771774,0.6138515884184703,4.433927467355738,1.0,-0.00981374237857143,-411129.6242369774,-0.23020217548859495,1.0013232211466252,0.03667407990298227
12-01-2026,00.05,1727,6476.25,0.0,0.0,0.0,0.0,0.0,,,0.0,-3.5283882142857146,-0.00981374237857143,,,,,,0.007008443208124276,4.458655975771774,0.6138515884184703,4.433927467355738,1.0,-0.00981374237857143,-411606.1580993194,-0.2304689991990213,1.0013232211466252,0.03667407990298227
12-01-2026,00.05,1728,6480.0,0.0,0.0,0.0,0.0,0.0,,,0.0,-3.5283882142857146,-0.00981374237857143,,,,,,0.007008443208124276,4.458655975771774,0.6138515884184703,4.433927467355738,1.0,-0.00981374237857143,-412082.96797316574,-0.23073597745547167,1.0013232211466252,0.03667407990298227
12-01-2026,00.05,1729,6483.75,0.0,0.0,0.0,0.0,0.0,,,0.0,-3.5283882142857146,-0.00981374237857143,,,,,,0.007008443208124276,4.458655975771774,0.6138515884184703,4.433927467355738,1.0,-0.00981374237857143,-412560.0538585165,-0.231003110257946,1.0013232211466252,0.03667407990298227
12-01-2026,00.05,1730,6487.5,0.0,0.0,0.0,0.0,0.0,,,0.0,-3.5283882142857146,-0.00981374237857143,,,,,,0.007008443208124276,4.458655975771774,0.6138515884184703,4.433927467355738,1.0,-0.00981374237857143,-413037.4157553717,-0.23127039760644436,1.0013232211466252,0.03667407990298227
12-01-2026,00.05,1731,6491.25,0.0,0.0,0.0,0.0,0.0,,,0.0,-3.5283882142857146,-0.00981374237857143,,,,,,0.007008443208124276,4.458655975771774,0.6138515884184703,4.433927467355738,1.0,-0.00981374237857143,-413515.05366373126,-0.2315378395009667,1.0013232211466252,0.03667407990298227
12-01-2026,00.05,1732,6495.0,0.0,0.0,0.0,0.0,0.0,,,0.0,-3.5283882142857146,-0.00981374237857143,,,,,,0.007008443208124276,4.458655975771774,0.6138515884184703,4.433927467355738,1.0,-0.00981374237857143,-413992.96758359525,-0.23180543594151304,1.0013232211466252,0.03667407990298227
12-01-2026,00.05,1733,6498.75,0.0,0.0,0.0,0.0,0.0,,,0.0,-3.5283882142857146,-0.00981374237857143,,,,,,0.007008443208124276,4.458655975771774,0.6138515884184703,4.433927467355738,1.0,-0.00981374237857143,-414471.1575149636,-0.23207318692808337,1.0013232211466252,0.03667407990298227
12-01-2026,00.05,1734,6502.5,0.0,0.0,0.0,0.0,0.0,,,0.0,-3.5283882142857146,-0.00981374237857143,,,,,,0.007008443208124276,4.458655975771774,0.6138515884184703,4.433927467355738,1.0,-0.00981374237857143,-414949.62345783634,-0.2323410924606777,1.0013232211466252,0.03667407990298227
12-01-2026,00.05,1735,6506.25,0.0,0.0,0.0,0.0,0.0,,,0.0,-3.5283882142857146,-0.00981374237857143,,,,,,0.007008443208124276,4.458655975771774,0.6138515884184703,4.433927467355738,1.0,-0.00981374237857143,-415428.3654122135,-0.23260915253929598,1.0013232211466252,0.03667407990298227
12-01-2026,00.05,1736,6510.0,0.0,0.0,0.0,0.0,0.0,,,0.0,-3.5283882142857146,-0.00981374237857143,,,,,,0.007008443208124276,4.458655975771774,0.6138515884184703,4.433927467355738,1.0,-0.00981374237857143,-415907.38337809505,-0.2328773671639383,1.0013232211466252,0.03667407990298227
12-01-2026,00.05,1737,6513.75,0.0,0.0,0.0,0.0,0.0,,,0.0,-3.5283882142857146,-0.00981374237857143,,,,,,0.007008443208124276,4.458655975771774,0.6138515884184703,4.433927467355738,1.0,-0.00981374237857143,-416386.677355481,-0.23314573633460461,1.0013232211466252,0.03667407990298227
12-01-2026,00.05,1738,6517.5,0.0,0.0,0.0,0.0,0.0,,,0.0,-3.5283882142857146,-0.00981374237857143,,,,,,0.007008443208124276,4.458655975771774,0.6138515884184703,4.433927467355738,1.0,-0.00981374237857143,-416866.24734437134,-0.2334142600512949,1.0013232211466252,0.03667407990298227
12-01-2026,00.05,1739,6521.25,0.0,0.0,0.0,0.0,0.0,,,0.0,-3.5283882142857146,-0.00981374237857143,,,,,,0.007008443208124276,4.458655975771774,0.6138515884184703,4.433927467355738,1.0,-0.00981374237857143,-417346.09334476606,-0.2336829383140092,1.0013232211466252,0.03667407990298227
12-01-2026,00.05,1740,6525.0,0.0,0.0,0.0,0.0,0.0,,,0.0,-3.5283882142857146,-0.00981374237857143,,,,,,0.007008443208124276,4.458655975771774,0.6138515884184703,4.433927467355738,1.0,-0.00981374237857143,-417826.21535666526,-0.2339517711227475,1.0013232211466252,0.03667407990298227
12-01-2026,00.05,1741,6528.75,0.0,0.0,0.0,0.0,0.0,,,0.0,-3.5283882142857146,-0.00981374237857143,,,,,,0.007008443208124276,4.458655975771774,0.6138515884184703,4.433927467355738,1.0,-0.00981374237857143,-418306.61338006874,-0.23422075847750976,1.0013232211466252,0.03667407990298227
12-01-2026,00.05,1742,6532.5,0.0,0.0,0.0,0.0,0.0,,,0.0,-3.5283882142857146,-0.00981374237857143,,,,,,0.007008443208124276,4.458655975771774,0.6138515884184703,4.433927467355738,1.0,-0.00981374237857143,-418787.2874149767,-0.23448990037829603,1.0013232211466252,0.03667407990298227
12-01-2026,00.05,1743,6536.25,0.0,0.0,0.0,0.0,0.0,,,0.0,-3.5283882142857146,-0.00981374237857143,,,,,,0.007008443208124276,4.458655975771774,0.6138515884184703,4.433927467355738,1.0,-0.00981374237857143,-419268.23746138904,-0.23475919682510632,1.0013232211466252,0.03667407990298227
12-01-2026,00.05,1744,6540.0,0.0,0.0,0.0,0.0,0.0,,,0.0,-3.5283882142857146,-0.00981374237857143,,,,,,0.007008443208124276,4.458655975771774,0.6138515884184703,4.433927467355738,1.0,-0.00981374237857143,-419749.46351930575,-0.23502864781794058,1.0013232211466252,0.03667407990298227
12-01-2026,00.05,1745,6543.75,0.0,0.0,0.0,0.0,0.0,,,0.0,-3.5283882142857146,-0.00981374237857143,,,,,,0.007008443208124276,4.458655975771774,0.6138515884184703,4.433927467355738,1.0,-0.00981374237857143,-420230.9655887269,-0.23529825335679885,1.0013232211466252,0.03667407990298227
12-01-2026,00.05,1746,6547.5,0.0,0.0,0.0,0.0,0.0,,,0.0,-3.5283882142857146,-0.00981374237857143,,,,,,0.007008443208124276,4.458655975771774,0.6138515884184703,4.433927467355738,1.0,-0.00981374237857143,-420712.74366965244,-0.2355680134416811,1.0013232211466252,0.03667407990298227
12-01-2026,00.05,1747,6551.25,0.0,0.0,0.0,0.0,0.0,,,0.0,-3.5283882142857146,-0.00981374237857143,,,,,,0.007008443208124276,4.458655975771774,0.6138515884184703,4.433927467355738,1.0,-0.00981374237857143,-421194.79776208237,-0.23583792807258736,1.0013232211466252,0.03667407990298227
12-01-2026,00.05,1748,6555.0,0.0,0.0,0.0,0.0,0.0,,,0.0,-3.5283882142857146,-0.00981374237857143,,,,,,0.007008443208124276,4.458655975771774,0.6138515884184703,4.433927467355738,1.0,-0.00981374237857143,-421677.12786601664,-0.2361079972495176,1.0013232211466252,0.03667407990298227
12-01-2026,00.05,1749,6558.75,0.0,0.0,0.0,0.0,0.0,,,0.0,-3.5283882142857146,-0.00981374237857143,,,,,,0.007008443208124276,4.458655975771774,0.6138515884184703,4.433927467355738,1.0,-0.00981374237857143,-422159.7339814554,-0.23637822097247183,1.0013232211466252,0.03667407990298227
12-01-2026,00.05,1750,6562.5,0.0,0.0,0.0,0.0,0.0,,,0.0,-3.5283882142857146,-0.00981374237857143,,,,,,0.007008443208124276,4.458655975771774,0.6138515884184703,4.433927467355738,1.0,-0.00981374237857143,-422642.6161083985,-0.23664859924145004,1.0013232211466252,0.03667407990298227
12-01-2026,00.05,1751,6566.25,0.0,0.0,0.0,0.0,0.0,,,0.0,-3.5283882142857146,-0.00981374237857143,,,,,,0.007008443208124276,4.458655975771774,0.6138515884184703,4.433927467355738,1.0,-0.00981374237857143,-423125.774246846,-0.23691913205645226,1.0013232211466252,0.03667407990298227
12-01-2026,00.05,1752,6570.0,0.0,0.0,0.0,0.0,0.0,,,0.0,-3.5283882142857146,-0.00981374237857143,,,,,,0.007008443208124276,4.458655975771774,0.6138515884184703,4.433927467355738,1.0,-0.00981374237857143,-423609.2083967979,-0.2371898194174785,1.0013232211466252,0.03667407990298227
12-01-2026,00.05,1753,6573.75,0.0,0.0,0.0,0.0,0.0,,,0.0,-3.5283882142857146,-0.00981374237857143,,,,,,0.007008443208124276,4.458655975771774,0.6138515884184703,4.433927467355738,1.0,-0.00981374237857143,-424092.9185582542,-0.2374606613245287,1.0013232211466252,0.03667407990298227
12-01-2026,00.05,1754,6577.5,0.0,0.0,0.0,0.0,0.0,,,0.0,-3.5283882142857146,-0.00981374237857143,,,,,,0.007008443208124276,4.458655975771774,0.6138515884184703,4.433927467355738,1.0,-0.00981374237857143,-424576.9047312149,-0.2377316577776029,1.0013232211466252,0.03667407990298227
12-01-2026,00.05,1755,6581.25,0.0,0.0,0.0,0.0,0.0,,,0.0,-3.5283882142857146,-0.00981374237857143,,,,,,0.007008443208124276,4.458655975771774,0.6138515884184703,4.433927467355738,1.0,-0.00981374237857143,-425061.16691568,-0.2380028087767011,1.0013232211466252,0.03667407990298227
12-01-2026,00.05,1756,6585.0,0.0,0.0,0.0,0.0,0.0,,,0.0,-3.5283882142857146,-0.00981374237857143,,,,,,0.007008443208124276,4.458655975771774,0.6138515884184703,4.433927467355738,1.0,-0.00981374237857143,-425545.7051116495,-0.23827411432182333,1.0013232211466252,0.03667407990298227
12-01-2026,00.05,1757,6588.75,0.0,0.0,0.0,0.0,0.0,,,0.0,-3.5283882142857146,-0.00981374237857143,,,,,,0.007008443208124276,4.458655975771774,0.6138515884184703,4.433927467355738,1.0,-0.00981374237857143,-426030.5193191234,-0.23854557441296953,1.0013232211466252,0.03667407990298227
12-01-2026,00.05,1758,6592.5,0.0,0.0,0.0,0.0,0.0,,,0.0,-3.5283882142857146,-0.00981374237857143,,,,,,0.007008443208124276,4.458655975771774,0.6138515884184703,4.433927467355738,1.0,-0.00981374237857143,-426515.6095381017,-0.2388171890501397,1.0013232211466252,0.03667407990298227
12-01-2026,00.05,1759,6596.25,0.0,0.0,0.0,0.0,0.0,,,0.0,-3.5283882142857146,-0.00981374237857143,,,,,,0.007008443208124276,4.458655975771774,0.6138515884184703,4.433927467355738,1.0,-0.00981374237857143,-427000.9757685844,-0.2390889582333339,1.0013232211466252,0.03667407990298227
12-01-2026,00.05,1760,6600.0,0.0,0.0,0.0,0.0,0.0,,,0.0,-3.5283882142857146,-0.00981374237857143,,,,,,0.007008443208124276,4.458655975771774,0.6138515884184703,4.433927467355738,1.0,-0.00981374237857143,-427486.61801057146,-0.23936088196255204,1.0013232211466252,0.03667407990298227
12-01-2026,00.05,1761,6603.75,0.0,0.0,0.0,0.0,0.0,,,0.0,-3.5283882142857146,-0.00981374237857143,,,,,,0.007008443208124276,4.458655975771774,0.6138515884184703,4.433927467355738,1.0,-0.00981374237857143,-427972.536264063,-0.23963296023779423,1.0013232211466252,0.03667407990298227
12-01-2026,00.05,1762,6607.5,0.0,0.0,0.0,0.0,0.0,,,0.0,-3.5283882142857146,-0.00981374237857143,,,,,,0.007008443208124276,4.458655975771774,0.6138515884184703,4.433927467355738,1.0,-0.00981374237857143,-428458.73052905884,-0.23990519305906038,1.0013232211466252,0.03667407990298227
12-01-2026,00.05,1763,6611.25,0.0,0.0,0.0,0.0,0.0,,,0.0,-3.5283882142857146,-0.00981374237857143,,,,,,0.007008443208124276,4.458655975771774,0.6138515884184703,4.433927467355738,1.0,-0.00981374237857143,-428945.2008055591,-0.24017758042635054,1.0013232211466252,0.03667407990298227
12-01-2026,00.05,1764,6615.0,0.0,0.0,0.0,0.0,0.0,,,0.0,-3.5283882142857146,-0.00981374237857143,,,,,,0.007008443208124276,4.458655975771774,0.6138515884184703,4.433927467355738,1.0,-0.00981374237857143,-429431.9470935638,-0.2404501223396647,1.0013232211466252,0.03667407990298227
12-01-2026,00.05,1765,6618.75,0.0,0.0,0.0,0.0,0.0,,,0.0,-3.5283882142857146,-0.00981374237857143,,,,,,0.007008443208124276,4.458655975771774,0.6138515884184703,4.433927467355738,1.0,-0.00981374237857143,-429918.9693930729,-0.24072281879900287,1.0013232211466252,0.03667407990298227
12-01-2026,00.05,1766,6622.5,0.0,0.0,0.0,0.0,0.0,,,0.0,-3.5283882142857146,-0.00981374237857143,,,,,,0.007008443208124276,4.458655975771774,0.6138515884184703,4.433927467355738,1.0,-0.00981374237857143,-430406.2677040863,-0.240995669804365,1.0013232211466252,0.03667407990298227
12-01-2026,00.05,1767,6626.25,0.0,0.0,0.0,0.0,0.0,,,0.0,-3.5283882142857146,-0.00981374237857143,,,,,,0.007008443208124276,4.458655975771774,0.6138515884184703,4.433927467355738,1.0,-0.00981374237857143,-430893.8420266042,-0.24126867535575114,1.0013232211466252,0.03667407990298227
12-01-2026,00.05,1768,6630.0,0.0,0.0,0.0,0.0,0.0,,,0.0,-3.5283882142857146,-0.00981374237857143,,,,,,0.007008443208124276,4.458655975771774,0.6138515884184703,4.433927467355738,1.0,-0.00981374237857143,-431381.6923606265,-0.24154183545316127,1.0013232211466252,0.03667407990298227
12-01-2026,00.05,1769,6633.75,0.0,0.0,0.0,0.0,0.0,,,0.0,-3.5283882142857146,-0.00981374237857143,,,,,,0.007008443208124276,4.458655975771774,0.6138515884184703,4.433927467355738,1.0,-0.00981374237857143,-431869.81870615314,-0.24181515009659538,1.0013232211466252,0.03667407990298227
12-01-2026,00.05,1770,6637.5,0.0,0.0,0.0,0.0,0.0,,,0.0,-3.5283882142857146,-0.00981374237857143,,,,,,0.007008443208124276,4.458655975771774,0.6138515884184703,4.433927467355738,1.0,-0.00981374237857143,-432358.2210631842,-0.24208861928605352,1.0013232211466252,0.03667407990298227
12-01-2026,00.05,1771,6641.25,0.0,0.0,0.0,0.0,0.0,,,0.0,-3.5283882142857146,-0.00981374237857143,,,,,,0.007008443208124276,4.458655975771774,0.6138515884184703,4.433927467355738,1.0,-0.00981374237857143,-432846.8994317197,-0.24236224302153564,1.0013232211466252,0.03667407990298227
12-01-2026,00.05,1772,6645.0,0.0,0.0,0.0,0.0,0.0,,,0.0,-3.5283882142857146,-0.00981374237857143,,,,,,0.007008443208124276,4.458655975771774,0.6138515884184703,4.433927467355738,1.0,-0.00981374237857143,-433335.8538117595,-0.2426360213030417,1.0013232211466252,0.03667407990298227
12-01-2026,00.05,1773,6648.75,0.0,0.0,0.0,0.0,0.0,,,0.0,-3.5283882142857146,-0.00981374237857143,,,,,,0.007008443208124276,4.458655975771774,0.6138515884184703,4.433927467355738,1.0,-0.00981374237857143,-433825.0842033038,-0.24290995413057184,1.0013232211466252,0.03667407990298227
12-01-2026,00.05,1774,6652.5,0.0,0.0,0.0,0.0,0.0,,,0.0,-3.5283882142857146,-0.00981374237857143,,,,,,0.007008443208124276,4.458655975771774,0.6138515884184703,4.433927467355738,1.0,-0.00981374237857143,-434314.59060635243,-0.24318404150412595,1.0013232211466252,0.03667407990298227
12-01-2026,00.05,1775,6656.25,0.0,0.0,0.0,0.0,0.0,,,0.0,-3.5283882142857146,-0.00981374237857143,,,,,,0.007008443208124276,4.458655975771774,0.6138515884184703,4.433927467355738,1.0,-0.00981374237857143,-434804.3730209055,-0.24345828342370404,1.0013232211466252,0.03667407990298227
12-01-2026,00.05,1776,6660.0,0.0,0.0,0.0,0.0,0.0,,,0.0,-3.5283882142857146,-0.00981374237857143,,,,,,0.007008443208124276,4.458655975771774,0.6138515884184703,4.433927467355738,1.0,-0.00981374237857143,-435294.43144696293,-0.24373267988930614,1.0013232211466252,0.03667407990298227
12-01-2026,00.05,1777,6663.75,0.0,0.0,0.0,0.0,0.0,,,0.0,-3.5283882142857146,-0.00981374237857143,,,,,,0.007008443208124276,4.458655975771774,0.6138515884184703,4.433927467355738,1.0,-0.00981374237857143,-435784.76588452474,-0.24400723090093218,1.0013232211466252,0.03667407990298227
12-01-2026,00.05,1778,6667.5,0.0,0.0,0.0,0.0,0.0,,,0.0,-3.5283882142857146,-0.00981374237857143,,,,,,0.007008443208124276,4.458655975771774,0.6138515884184703,4.433927467355738,1.0,-0.00981374237857143,-436275.376333591,-0.2442819364585823,1.0013232211466252,0.03667407990298227
12-01-2026,00.05,1779,6671.25,0.0,0.0,0.0,0.0,0.0,,,0.0,-3.5283882142857146,-0.00981374237857143,,,,,,0.007008443208124276,4.458655975771774,0.6138515884184703,4.433927467355738,1.0,-0.00981374237857143,-436766.2627941616,-0.24455679656225635,1.0013232211466252,0.03667407990298227
12-01-2026,00.05,1780,6675.0,0.0,0.0,0.0,0.0,0.0,,,0.0,-3.5283882142857146,-0.00981374237857143,,,,,,0.007008443208124276,4.458655975771774,0.6138515884184703,4.433927467355738,1.0,-0.00981374237857143,-437257.42526623665,-0.24483181121195438,1.0013232211466252,0.03667407990298227
12-01-2026,00.05,1781,6678.75,0.0,0.0,0.0,0.0,0.0,,,0.0,-3.5283882142857146,-0.00981374237857143,,,,,,0.007008443208124276,4.458655975771774,0.6138515884184703,4.433927467355738,1.0,-0.00981374237857143,-437748.8637498161,-0.24510698040767645,1.0013232211466252,0.03667407990298227
12-01-2026,00.05,1782,6682.5,0.0,0.0,0.0,0.0,0.0,,,0.0,-3.5283882142857146,-0.00981374237857143,,,,,,0.007008443208124276,4.458655975771774,0.6138515884184703,4.433927467355738,1.0,-0.00981374237857143,-438240.5782448999,-0.24538230414942253,1.0013232211466252,0.03667407990298227
12-01-2026,00.05,1783,6686.25,0.0,0.0,0.0,0.0,0.0,,,0.0,-3.5283882142857146,-0.00981374237857143,,,,,,0.007008443208124276,4.458655975771774,0.6138515884184703,4.433927467355738,1.0,-0.00981374237857143,-438732.5687514881,-0.24565778243719255,1.0013232211466252,0.03667407990298227
12-01-2026,00.05,1784,6690.0,0.0,0.0,0.0,0.0,0.0,,,0.0,-3.5283882142857146,-0.00981374237857143,,,,,,0.007008443208124276,4.458655975771774,0.6138515884184703,4.433927467355738,1.0,-0.00981374237857143,-439224.83526958077,-0.2459334152709866,1.0013232211466252,0.03667407990298227
12-01-2026,00.05,1785,6693.75,0.0,0.0,0.0,0.0,0.0,,,0.0,-3.5283882142857146,-0.00981374237857143,,,,,,0.007008443208124276,4.458655975771774,0.6138515884184703,4.433927467355738,1.0,-0.00981374237857143,-439717.3777991778,-0.24620920265080462,1.0013232211466252,0.03667407990298227
12-01-2026,00.05,1786,6697.5,0.0,0.0,0.0,0.0,0.0,,,0.0,-3.5283882142857146,-0.00981374237857143,,,,,,0.007008443208124276,4.458655975771774,0.6138515884184703,4.433927467355738,1.0,-0.00981374237857143,-440210.1963402792,-0.24648514457664666,1.0013232211466252,0.03667407990298227
12-01-2026,00.05,1787,6701.25,0.0,0.0,0.0,0.0,0.0,,,0.0,-3.5283882142857146,-0.00981374237857143,,,,,,0.007008443208124276,4.458655975771774,0.6138515884184703,4.433927467355738,1.0,-0.00981374237857143,-440703.290892885,-0.2467612410485127,1.0013232211466252,0.03667407990298227
12-01-2026,00.05,1788,6705.0,0.0,0.0,0.0,0.0,0.0,,,0.0,-3.5283882142857146,-0.00981374237857143,,,,,,0.007008443208124276,4.458655975771774,0.6138515884184703,4.433927467355738,1.0,-0.00981374237857143,-441196.66145699524,-0.24703749206640271,1.0013232211466252,0.03667407990298227
12-01-2026,00.05,1789,6708.75,0.0,0.0,0.0,0.0,0.0,,,0.0,-3.5283882142857146,-0.00981374237857143,,,,,,0.007008443208124276,4.458655975771774,0.6138515884184703,4.433927467355738,1.0,-0.00981374237857143,-441690.3080326098,-0.24731389763031672,1.0013232211466252,0.03667407990298227
12-01-2026,00.05,1790,6712.5,0.0,0.0,0.0,0.0,0.0,,,0.0,-3.5283882142857146,-0.00981374237857143,,,,,,0.007008443208124276,4.458655975771774,0.6138515884184703,4.433927467355738,1.0,-0.00981374237857143,-442184.23061972886,-0.24759045774025473,1.0013232211466252,0.03667407990298227
12-01-2026,00.05,1791,6716.25,0.0,0.0,0.0,0.0,0.0,,,0.0,-3.5283882142857146,-0.00981374237857143,,,,,,0.007008443208124276,4.458655975771774,0.6138515884184703,4.433927467355738,1.0,-0.00981374237857143,-442678.42921835225,-0.24786717239621672,1.0013232211466252,0.03667407990298227
12-01-2026,00.05,1792,6720.0,0.0,0.0,0.0,0.0,0.0,,,0.0,-3.5283882142857146,-0.00981374237857143,,,,,,0.007008443208124276,4.458655975771774,0.6138515884184703,4.433927467355738,1.0,-0.00981374237857143,-443172.90382848005,-0.24814404159820272,1.0013232211466252,0.03667407990298227
12-01-2026,00.05,1793,6723.75,0.0,0.0,0.0,0.0,0.0,,,0.0,-3.5283882142857146,-0.00981374237857143,,,,,,0.007008443208124276,4.458655975771774,0.6138515884184703,4.433927467355738,1.0,-0.00981374237857143,-443667.65445011226,-0.24842106534621272,1.0013232211466252,0.03667407990298227
12-01-2026,00.05,1794,6727.5,0.0,0.0,0.0,0.0,0.0,,,0.0,-3.5283882142857146,-0.00981374237857143,,,,,,0.007008443208124276,4.458655975771774,0.6138515884184703,4.433927467355738,1.0,-0.00981374237857143,-444162.68108324887,-0.24869824364024673,1.0013232211466252,0.03667407990298227
12-01-2026,00.05,1795,6731.25,0.0,0.0,0.0,0.0,0.0,,,0.0,-3.5283882142857146,-0.00981374237857143,,,,,,0.007008443208124276,4.458655975771774,0.6138515884184703,4.433927467355738,1.0,-0.00981374237857143,-444657.98372788983,-0.2489755764803047,1.0013232211466252,0.03667407990298227
12-01-2026,00.05,1796,6735.0,0.0,0.0,0.0,0.0,0.0,,,0.0,-3.5283882142857146,-0.00981374237857143,,,,,,0.007008443208124276,4.458655975771774,0.6138515884184703,4.433927467355738,1.0,-0.00981374237857143,-445153.5623840352,-0.24925306386638665,1.0013232211466252,0.03667407990298227
12-01-2026,00.05,1797,6738.75,0.0,0.0,0.0,0.0,0.0,,,0.0,-3.5283882142857146,-0.00981374237857143,,,,,,0.007008443208124276,4.458655975771774,0.6138515884184703,4.433927467355738,1.0,-0.00981374237857143,-445649.41705168504,-0.24953070579849265,1.0013232211466252,0.03667407990298227
12-01-2026,00.05,1798,6742.5,0.0,0.0,0.0,0.0,0.0,,,0.0,-3.5283882142857146,-0.00981374237857143,,,,,,0.007008443208124276,4.458655975771774,0.6138515884184703,4.433927467355738,1.0,-0.00981374237857143,-446145.54773083923,-0.2498085022766226,1.0013232211466252,0.03667407990298227
12-01-2026,00.05,1799,6746.25,0.0,0.0,0.0,0.0,0.0,,,0.0,-3.5283882142857146,-0.00981374237857143,,,,,,0.007008443208124276,4.458655975771774,0.6138515884184703,4.433927467355738,1.0,-0.00981374237857143,-446641.95442149776,-0.25008645330077656,1.0013232211466252,0.03667407990298227
12-01-2026,00.05,1800,6750.0,0.0,0.0,0.0,0.0,0.0,,,0.0,-3.5283882142857146,-0.00981374237857143,,,,,,0.007008443208124276,4.458655975771774,0.6138515884184703,4.433927467355738,1.0,-0.00981374237857143,-447138.63712366077,-0.2503645588709545,1.0013232211466252,0.03667407990298227
12-01-2026,00.05,1801,6753.75,0.0,0.0,0.0,0.0,0.0,,,0.0,-3.5283882142857146,-0.00981374237857143,,,,,,0.007008443208124276,4.458655975771774,0.6138515884184703,4.433927467355738,1.0,-0.00981374237857143,-447635.5958373281,-0.25064281898715646,1.0013232211466252,0.03667407990298227
12-01-2026,00.05,1802,6757.5,0.0,0.0,0.0,0.0,0.0,,,0.0,-3.5283882142857146,-0.00981374237857143,,,,,,0.007008443208124276,4.458655975771774,0.6138515884184703,4.433927467355738,1.0,-0.00981374237857143,-448132.83056249993,-0.2509212336493824,1.0013232211466252,0.03667407990298227
12-01-2026,00.05,1803,6761.25,0.0,0.0,0.0,0.0,0.0,,,0.0,-3.5283882142857146,-0.00981374237857143,,,,,,0.007008443208124276,4.458655975771774,0.6138515884184703,4.433927467355738,1.0,-0.00981374237857143,-448630.3412991761,-0.2511998028576323,1.0013232211466252,0.03667407990298227
12-01-2026,00.05,1804,6765.0,0.0,0.0,0.0,0.0,0.0,,,0.0,-3.5283882142857146,-0.00981374237857143,,,,,,0.007008443208124276,4.458655975771774,0.6138515884184703,4.433927467355738,1.0,-0.00981374237857143,-449128.1280473567,-0.2514785266119063,1.0013232211466252,0.03667407990298227
12-01-2026,00.05,1805,6768.75,0.0,0.0,0.0,0.0,0.0,,,0.0,-3.5283882142857146,-0.00981374237857143,,,,,,0.007008443208124276,4.458655975771774,0.6138515884184703,4.433927467355738,1.0,-0.00981374237857143,-449626.19080704165,-0.2517574049122042,1.0013232211466252,0.03667407990298227
12-01-2026,00.05,1806,6772.5,0.0,0.0,0.0,0.0,0.0,,,0.0,-3.5283882142857146,-0.00981374237857143,,,,,,0.007008443208124276,4.458655975771774,0.6138515884184703,4.433927467355738,1.0,-0.00981374237857143,-450124.529578231,-0.2520364377585261,1.0013232211466252,0.03667407990298227
12-01-2026,00.05,1807,6776.25,0.0,0.0,0.0,0.0,0.0,,,0.0,-3.5283882142857146,-0.00981374237857143,,,,,,0.007008443208124276,4.458655975771774,0.6138515884184703,4.433927467355738,1.0,-0.00981374237857143,-450623.1443609248,-0.252315625150872,1.0013232211466252,0.03667407990298227
12-01-2026,00.05,1808,6780.0,0.0,0.0,0.0,0.0,0.0,,,0.0,-3.5283882142857146,-0.00981374237857143,,,,,,0.007008443208124276,4.458655975771774,0.6138515884184703,4.433927467355738,1.0,-0.00981374237857143,-451122.0351551229,-0.25259496708924195,1.0013232211466252,0.03667407990298227
12-01-2026,00.05,1809,6783.75,0.0,0.0,0.0,0.0,0.0,,,0.0,-3.5283882142857146,-0.00981374237857143,,,,,,0.007008443208124276,4.458655975771774,0.6138515884184703,4.433927467355738,1.0,-0.00981374237857143,-451621.2019608255,-0.25287446357363585,1.0013232211466252,0.03667407990298227
12-01-2026,00.05,1810,6787.5,0.0,0.0,0.0,0.0,0.0,,,0.0,-3.5283882142857146,-0.00981374237857143,,,,,,0.007008443208124276,4.458655975771774,0.6138515884184703,4.433927467355738,1.0,-0.00981374237857143,-452120.64477803244,-0.25315411460405374,1.0013232211466252,0.03667407990298227
12-01-2026,00.05,1811,6791.25,0.0,0.0,0.0,0.0,0.0,,,0.0,-3.5283882142857146,-0.00981374237857143,,,,,,0.007008443208124276,4.458655975771774,0.6138515884184703,4.433927467355738,1.0,-0.00981374237857143,-452620.36360674375,-0.2534339201804956,1.0013232211466252,0.03667407990298227
12-01-2026,00.05,1812,6795.0,0.0,0.0,0.0,0.0,0.0,,,0.0,-3.5283882142857146,-0.00981374237857143,,,,,,0.007008443208124276,4.458655975771774,0.6138515884184703,4.433927467355738,1.0,-0.00981374237857143,-453120.3584469595,-0.2537138803029615,1.0013232211466252,0.03667407990298227
12-01-2026,00.05,1813,6798.75,0.0,0.0,0.0,0.0,0.0,,,0.0,-3.5283882142857146,-0.00981374237857143,,,,,,0.007008443208124276,4.458655975771774,0.6138515884184703,4.433927467355738,1.0,-0.00981374237857143,-453620.62929867965,-0.25399399497145136,1.0013232211466252,0.03667407990298227
12-01-2026,00.05,1814,6802.5,0.0,0.0,0.0,0.0,0.0,,,0.0,-3.5283882142857146,-0.00981374237857143,,,,,,0.007008443208124276,4.458655975771774,0.6138515884184703,4.433927467355738,1.0,-0.00981374237857143,-454121.1761619042,-0.2542742641859652,1.0013232211466252,0.03667407990298227
12-01-2026,00.05,1815,6806.25,0.0,0.0,0.0,0.0,0.0,,,0.0,-3.5283882142857146,-0.00981374237857143,,,,,,0.007008443208124276,4.458655975771774,0.6138515884184703,4.433927467355738,1.0,-0.00981374237857143,-454621.9990366331,-0.2545546879465031,1.0013232211466252,0.03667407990298227
12-01-2026,00.05,1816,6810.0,0.0,0.0,0.0,0.0,0.0,,,0.0,-3.5283882142857146,-0.00981374237857143,,,,,,0.007008443208124276,4.458655975771774,0.6138515884184703,4.433927467355738,1.0,-0.00981374237857143,-455123.09792286647,-0.25483526625306496,1.0013232211466252,0.03667407990298227
12-01-2026,00.05,1817,6813.75,0.0,0.0,0.0,0.0,0.0,,,0.0,-3.5283882142857146,-0.00981374237857143,,,,,,0.007008443208124276,4.458655975771774,0.6138515884184703,4.433927467355738,1.0,-0.00981374237857143,-455624.4728206042,-0.25511599910565086,1.0013232211466252,0.03667407990298227
12-01-2026,00.05,1818,6817.5,0.0,0.0,0.0,0.0,0.0,,,0.0,-3.5283882142857146,-0.00981374237857143,,,,,,0.007008443208124276,4.458655975771774,0.6138515884184703,4.433927467355738,1.0,-0.00981374237857143,-456126.1237298463,-0.2553968865042607,1.0013232211466252,0.03667407990298227
12-01-2026,00.05,1819,6821.25,0.0,0.0,0.0,0.0,0.0,,,0.0,-3.5283882142857146,-0.00981374237857143,,,,,,0.007008443208124276,4.458655975771774,0.6138515884184703,4.433927467355738,1.0,-0.00981374237857143,-456628.0506505929,-0.25567792844889453,1.0013232211466252,0.03667407990298227
12-01-2026,00.05,1820,6825.0,0.0,0.0,0.0,0.0,0.0,,,0.0,-3.5283882142857146,-0.00981374237857143,,,,,,0.007008443208124276,4.458655975771774,0.6138515884184703,4.433927467355738,1.0,-0.00981374237857143,-457130.2535828438,-0.25595912493955236,1.0013232211466252,0.03667407990298227
12-01-2026,00.05,1821,6828.75,0.0,0.0,0.0,0.0,0.0,,,0.0,-3.5283882142857146,-0.00981374237857143,,,,,,0.007008443208124276,4.458655975771774,0.6138515884184703,4.433927467355738,1.0,-0.00981374237857143,-457632.73252659914,-0.2562404759762342,1.0013232211466252,0.03667407990298227
12-01-2026,00.05,1822,6832.5,0.0,0.0,0.0,0.0,0.0,,,0.0,-3.5283882142857146,-0.00981374237857143,,,,,,0.007008443208124276,4.458655975771774,0.6138515884184703,4.433927467355738,1.0,-0.00981374237857143,-458135.4874818589,-0.25652198155894007,1.0013232211466252,0.03667407990298227
12-01-2026,00.05,1823,6836.25,0.0,0.0,0.0,0.0,0.0,,,0.0,-3.5283882142857146,-0.00981374237857143,,,,,,0.007008443208124276,4.458655975771774,0.6138515884184703,4.433927467355738,1.0,-0.00981374237857143,-458638.51844862296,-0.25680364168766984,1.0013232211466252,0.03667407990298227
12-01-2026,00.05,1824,6840.0,0.0,0.0,0.0,0.0,0.0,,,0.0,-3.5283882142857146,-0.00981374237857143,,,,,,0.007008443208124276,4.458655975771774,0.6138515884184703,4.433927467355738,1.0,-0.00981374237857143,-459141.8254268915,-0.2570854563624237,1.0013232211466252,0.03667407990298227
12-01-2026,00.05,1825,6843.75,0.0,0.0,0.0,0.0,0.0,,,0.0,-3.5283882142857146,-0.00981374237857143,,,,,,0.007008443208124276,4.458655975771774,0.6138515884184703,4.433927467355738,1.0,-0.00981374237857143,-459645.4084166644,-0.2573674255832015,1.0013232211466252,0.03667407990298227
12-01-2026,00.05,1826,6847.5,0.0,0.0,0.0,0.0,0.0,,,0.0,-3.5283882142857146,-0.00981374237857143,,,,,,0.007008443208124276,4.458655975771774,0.6138515884184703,4.433927467355738,1.0,-0.00981374237857143,-460149.2674179417,-0.2576495493500033,1.0013232211466252,0.03667407990298227
12-01-2026,00.05,1827,6851.25,0.0,0.0,0.0,0.0,0.0,,,0.0,-3.5283882142857146,-0.00981374237857143,,,,,,0.007008443208124276,4.458655975771774,0.6138515884184703,4.433927467355738,1.0,-0.00981374237857143,-460653.4024307234,-0.2579318276628291,1.0013232211466252,0.03667407990298227
12-01-2026,00.05,1828,6855.0,0.0,0.0,0.0,0.0,0.0,,,0.0,-3.5283882142857146,-0.00981374237857143,,,,,,0.007008443208124276,4.458655975771774,0.6138515884184703,4.433927467355738,1.0,-0.00981374237857143,-461157.81345500954,-0.2582142605216789,1.0013232211466252,0.03667407990298227
12-01-2026,00.05,1829,6858.75,0.0,0.0,0.0,0.0,0.0,,,0.0,-3.5283882142857146,-0.00981374237857143,,,,,,0.007008443208124276,4.458655975771774,0.6138515884184703,4.433927467355738,1.0,-0.00981374237857143,-461662.5004908,-0.2584968479265527,1.0013232211466252,0.03667407990298227
12-01-2026,00.05,1830,6862.5,0.0,0.0,0.0,0.0,0.0,,,0.0,-3.5283882142857146,-0.00981374237857143,,,,,,0.007008443208124276,4.458655975771774,0.6138515884184703,4.433927467355738,1.0,-0.00981374237857143,-462167.46353809495,-0.2587795898774505,1.0013232211466252,0.03667407990298227
12-01-2026,00.05,1831,6866.25,0.0,0.0,0.0,0.0,0.0,,,0.0,-3.5283882142857146,-0.00981374237857143,,,,,,0.007008443208124276,4.458655975771774,0.6138515884184703,4.433927467355738,1.0,-0.00981374237857143,-462672.70259689423,-0.25906248637437224,1.0013232211466252,0.03667407990298227
12-01-2026,00.05,1832,6870.0,0.0,0.0,0.0,0.0,0.0,,,0.0,-3.5283882142857146,-0.00981374237857143,,,,,,0.007008443208124276,4.458655975771774,0.6138515884184703,4.433927467355738,1.0,-0.00981374237857143,-463178.2176671979,-0.25934553741731803,1.0013232211466252,0.03667407990298227
12-01-2026,00.05,1833,6873.75,0.0,0.0,0.0,0.0,0.0,,,0.0,-3.5283882142857146,-0.00981374237857143,,,,,,0.007008443208124276,4.458655975771774,0.6138515884184703,4.433927467355738,1.0,-0.00981374237857143,-463684.008749006,-0.2596287430062878,1.0013232211466252,0.03667407990298227
12-01-2026,00.05,1834,6877.5,0.0,0.0,0.0,0.0,0.0,,,0.0,-3.5283882142857146,-0.00981374237857143,,,,,,0.007008443208124276,4.458655975771774,0.6138515884184703,4.433927467355738,1.0,-0.00981374237857143,-464190.0758423185,-0.25991210314128155,1.0013232211466252,0.03667407990298227
12-01-2026,00.05,1835,6881.25,0.0,0.0,0.0,0.0,0.0,,,0.0,-3.5283882142857146,-0.00981374237857143,,,,,,0.007008443208124276,4.458655975771774,0.6138515884184703,4.433927467355738,1.0,-0.00981374237857143,-464696.4189471354,-0.26019561782229933,1.0013232211466252,0.03667407990298227
12-01-2026,00.05,1836,6885.0,0.0,0.0,0.0,0.0,0.0,,,0.0,-3.5283882142857146,-0.00981374237857143,,,,,,0.007008443208124276,4.458655975771774,0.6138515884184703,4.433927467355738,1.0,-0.00981374237857143,-465203.03806345665,-0.26047928704934104,1.0013232211466252,0.03667407990298227
12-01-2026,00.05,1837,6888.75,0.0,0.0,0.0,0.0,0.0,,,0.0,-3.5283882142857146,-0.00981374237857143,,,,,,0.007008443208124276,4.458655975771774,0.6138515884184703,4.433927467355738,1.0,-0.00981374237857143,-465709.9331912823,-0.26076311082240683,1.0013232211466252,0.03667407990298227
12-01-2026,00.05,1838,6892.5,0.0,0.0,0.0,0.0,0.0,,,0.0,-3.5283882142857146,-0.00981374237857143,,,,,,0.007008443208124276,4.458655975771774,0.6138515884184703,4.433927467355738,1.0,-0.00981374237857143,-466217.1043306124,-0.26104708914149655,1.0013232211466252,0.03667407990298227
12-01-2026,00.05,1839,6896.25,0.0,0.0,0.0,0.0,0.0,,,0.0,-3.5283882142857146,-0.00981374237857143,,,,,,0.007008443208124276,4.458655975771774,0.6138515884184703,4.433927467355738,1.0,-0.00981374237857143,-466724.5514814469,-0.2613312220066103,1.0013232211466252,0.03667407990298227
12-01-2026,00.05,1840,6900.0,0.0,0.0,0.0,0.0,0.0,,,0.0,-3.5283882142857146,-0.00981374237857143,,,,,,0.007008443208124276,4.458655975771774,0.6138515884184703,4.433927467355738,1.0,-0.00981374237857143,-467232.2746437858,-0.261615509417748,1.0013232211466252,0.03667407990298227
12-01-2026,00.05,1841,6903.75,0.0,0.0,0.0,0.0,0.0,,,0.0,-3.5283882142857146,-0.00981374237857143,,,,,,0.007008443208124276,4.458655975771774,0.6138515884184703,4.433927467355738,1.0,-0.00981374237857143,-467740.27381762903,-0.26189995137490973,1.0013232211466252,0.03667407990298227
12-01-2026,00.05,1842,6907.5,0.0,0.0,0.0,0.0,0.0,,,0.0,-3.5283882142857146,-0.00981374237857143,,,,,,0.007008443208124276,4.458655975771774,0.6138515884184703,4.433927467355738,1.0,-0.00981374237857143,-468248.5490029767,-0.2621845478780954,1.0013232211466252,0.03667407990298227
12-01-2026,00.05,1843,6911.25,0.0,0.0,0.0,0.0,0.0,,,0.0,-3.5283882142857146,-0.00981374237857143,,,,,,0.007008443208124276,4.458655975771774,0.6138515884184703,4.433927467355738,1.0,-0.00981374237857143,-468757.1001998288,-0.2624692989273052,1.0013232211466252,0.03667407990298227
12-01-2026,00.05,1844,6915.0,0.0,0.0,0.0,0.0,0.0,,,0.0,-3.5283882142857146,-0.00981374237857143,,,,,,0.007008443208124276,4.458655975771774,0.6138515884184703,4.433927467355738,1.0,-0.00981374237857143,-469265.9274081852,-0.26275420452253884,1.0013232211466252,0.03667407990298227
12-01-2026,00.05,1845,6918.75,0.0,0.0,0.0,0.0,0.0,,,0.0,-3.5283882142857146,-0.00981374237857143,,,,,,0.007008443208124276,4.458655975771774,0.6138515884184703,4.433927467355738,1.0,-0.00981374237857143,-469775.0306280461,-0.26303926466379657,1.0013232211466252,0.03667407990298227
12-01-2026,00.05,1846,6922.5,0.0,0.0,0.0,0.0,0.0,,,0.0,-3.5283882142857146,-0.00981374237857143,,,,,,0.007008443208124276,4.458655975771774,0.6138515884184703,4.433927467355738,1.0,-0.00981374237857143,-470284.40985941136,-0.2633244793510783,1.0013232211466252,0.03667407990298227
12-01-2026,00.05,1847,6926.25,0.0,0.0,0.0,0.0,0.0,,,0.0,-3.5283882142857146,-0.00981374237857143,,,,,,0.007008443208124276,4.458655975771774,0.6138515884184703,4.433927467355738,1.0,-0.00981374237857143,-470794.065102281,-0.26360984858438397,1.0013232211466252,0.03667407990298227
12-01-2026,00.05,1848,6930.0,0.0,0.0,0.0,0.0,0.0,,,0.0,-3.5283882142857146,-0.00981374237857143,,,,,,0.007008443208124276,4.458655975771774,0.6138515884184703,4.433927467355738,1.0,-0.00981374237857143,-471303.996356655,-0.26389537236371363,1.0013232211466252,0.03667407990298227
12-01-2026,00.05,1849,6933.75,0.0,0.0,0.0,0.0,0.0,,,0.0,-3.5283882142857146,-0.00981374237857143,,,,,,0.007008443208124276,4.458655975771774,0.6138515884184703,4.433927467355738,1.0,-0.00981374237857143,-471814.20362253353,-0.26418105068906733,1.0013232211466252,0.03667407990298227
12-01-2026,00.05,1850,6937.5,0.0,0.0,0.0,0.0,0.0,,,0.0,-3.5283882142857146,-0.00981374237857143,,,,,,0.007008443208124276,4.458655975771774,0.6138515884184703,4.433927467355738,1.0,-0.00981374237857143,-472324.6868999163,-0.264466883560445,1.0013232211466252,0.03667407990298227
12-01-2026,00.05,1851,6941.25,0.0,0.0,0.0,0.0,0.0,,,0.0,-3.5283882142857146,-0.00981374237857143,,,,,,0.007008443208124276,4.458655975771774,0.6138515884184703,4.433927467355738,1.0,-0.00981374237857143,-472835.4461888036,-0.26475287097784667,1.0013232211466252,0.03667407990298227
12-01-2026,00.05,1852,6945.0,0.0,0.0,0.0,0.0,0.0,,,0.0,-3.5283882142857146,-0.00981374237857143,,,,,,0.007008443208124276,4.458655975771774,0.6138515884184703,4.433927467355738,1.0,-0.00981374237857143,-473346.48148919526,-0.26503901294127236,1.0013232211466252,0.03667407990298227
12-01-2026,00.05,1853,6948.75,0.0,0.0,0.0,0.0,0.0,,,0.0,-3.5283882142857146,-0.00981374237857143,,,,,,0.007008443208124276,4.458655975771774,0.6138515884184703,4.433927467355738,1.0,-0.00981374237857143,-473857.7928010913,-0.26532530945072197,1.0013232211466252,0.03667407990298227
12-01-2026,00.05,1854,6952.5,0.0,0.0,0.0,0.0,0.0,,,0.0,-3.5283882142857146,-0.00981374237857143,,,,,,0.007008443208124276,4.458655975771774,0.6138515884184703,4.433927467355738,1.0,-0.00981374237857143,-474369.3801244917,-0.2656117605061956,1.0013232211466252,0.03667407990298227
12-01-2026,00.05,1855,6956.25,0.0,0.0,0.0,0.0,0.0,,,0.0,-3.5283882142857146,-0.00981374237857143,,,,,,0.007008443208124276,4.458655975771774,0.6138515884184703,4.433927467355738,1.0,-0.00981374237857143,-474881.24345939653,-0.2658983661076933,1.0013232211466252,0.03667407990298227
12-01-2026,00.05,1856,6960.0,0.0,0.0,0.0,0.0,0.0,,,0.0,-3.5283882142857146,-0.00981374237857143,,,,,,0.007008443208124276,4.458655975771774,0.6138515884184703,4.433927467355738,1.0,-0.00981374237857143,-475393.38280580577,-0.2661851262552149,1.0013232211466252,0.03667407990298227
12-01-2026,00.05,1857,6963.75,0.0,0.0,0.0,0.0,0.0,,,0.0,-3.5283882142857146,-0.00981374237857143,,,,,,0.007008443208124276,4.458655975771774,0.6138515884184703,4.433927467355738,1.0,-0.00981374237857143,-475905.7981637194,-0.2664720409487606,1.0013232211466252,0.03667407990298227
12-01-2026,00.05,1858,6967.5,0.0,0.0,0.0,0.0,0.0,,,0.0,-3.5283882142857146,-0.00981374237857143,,,,,,0.007008443208124276,4.458655975771774,0.6138515884184703,4.433927467355738,1.0,-0.00981374237857143,-476418.4895331374,-0.26675911018833015,1.0013232211466252,0.03667407990298227
12-01-2026,00.05,1859,6971.25,0.0,0.0,0.0,0.0,0.0,,,0.0,-3.5283882142857146,-0.00981374237857143,,,,,,0.007008443208124276,4.458655975771774,0.6138515884184703,4.433927467355738,1.0,-0.00981374237857143,-476931.4569140598,-0.2670463339739238,1.0013232211466252,0.03667407990298227
12-01-2026,00.05,1860,6975.0,0.0,0.0,0.0,0.0,0.0,,,0.0,-3.5283882142857146,-0.00981374237857143,,,,,,0.007008443208124276,4.458655975771774,0.6138515884184703,4.433927467355738,1.0,-0.00981374237857143,-477444.7003064867,-0.2673337123055414,1.0013232211466252,0.03667407990298227
12-01-2026,00.05,1861,6978.75,0.0,0.0,0.0,0.0,0.0,,,0.0,-3.5283882142857146,-0.00981374237857143,,,,,,0.007008443208124276,4.458655975771774,0.6138515884184703,4.433927467355738,1.0,-0.00981374237857143,-477958.2197104179,-0.26762124518318303,1.0013232211466252,0.03667407990298227
12-01-2026,00.05,1862,6982.5,0.0,0.0,0.0,0.0,0.0,,,0.0,-3.5283882142857146,-0.00981374237857143,,,,,,0.007008443208124276,4.458655975771774,0.6138515884184703,4.433927467355738,1.0,-0.00981374237857143,-478472.0151258535,-0.2679089326068486,1.0013232211466252,0.03667407990298227
12-01-2026,00.05,1863,6986.25,0.0,0.0,0.0,0.0,0.0,,,0.0,-3.5283882142857146,-0.00981374237857143,,,,,,0.007008443208124276,4.458655975771774,0.6138515884184703,4.433927467355738,1.0,-0.00981374237857143,-478986.0865527935,-0.26819677457653823,1.0013232211466252,0.03667407990298227
12-01-2026,00.05,1864,6990.0,0.0,0.0,0.0,0.0,0.0,,,0.0,-3.5283882142857146,-0.00981374237857143,,,,,,0.007008443208124276,4.458655975771774,0.6138515884184703,4.433927467355738,1.0,-0.00981374237857143,-479500.4339912379,-0.26848477109225183,1.0013232211466252,0.03667407990298227
12-01-2026,00.05,1865,6993.75,0.0,0.0,0.0,0.0,0.0,,,0.0,-3.5283882142857146,-0.00981374237857143,,,,,,0.007008443208124276,4.458655975771774,0.6138515884184703,4.433927467355738,1.0,-0.00981374237857143,-480015.05744118674,-0.26877292215398946,1.0013232211466252,0.03667407990298227
12-01-2026,00.05,1866,6997.5,0.0,0.0,0.0,0.0,0.0,,,0.0,-3.5283882142857146,-0.00981374237857143,,,,,,0.007008443208124276,4.458655975771774,0.6138515884184703,4.433927467355738,1.0,-0.00981374237857143,-480529.95690263994,-0.269061227761751,1.0013232211466252,0.03667407990298227
12-01-2026,00.05,1867,7001.25,0.0,0.0,0.0,0.0,0.0,,,0.0,-3.5283882142857146,-0.00981374237857143,,,,,,0.007008443208124276,4.458655975771774,0.6138515884184703,4.433927467355738,1.0,-0.00981374237857143,-481045.13237559755,-0.2693496879155366,1.0013232211466252,0.03667407990298227
12-01-2026,00.05,1868,7005.0,0.0,0.0,0.0,0.0,0.0,,,0.0,-3.5283882142857146,-0.00981374237857143,,,,,,0.007008443208124276,4.458655975771774,0.6138515884184703,4.433927467355738,1.0,-0.00981374237857143,-481560.5838600595,-0.26963830261534616,1.0013232211466252,0.03667407990298227
12-01-2026,00.05,1869,7008.75,0.0,0.0,0.0,0.0,0.0,,,0.0,-3.5283882142857146,-0.00981374237857143,,,,,,0.007008443208124276,4.458655975771774,0.6138515884184703,4.433927467355738,1.0,-0.00981374237857143,-482076.3113560259,-0.2699270718611797,1.0013232211466252,0.03667407990298227
12-01-2026,00.05,1870,7012.5,0.0,0.0,0.0,0.0,0.0,,,0.0,-3.5283882142857146,-0.00981374237857143,,,,,,0.007008443208124276,4.458655975771774,0.6138515884184703,4.433927467355738,1.0,-0.00981374237857143,-482592.3148634967,-0.2702159956530373,1.0013232211466252,0.03667407990298227
12-01-2026,00.05,1871,7016.25,0.0,0.0,0.0,0.0,0.0,,,0.0,-3.5283882142857146,-0.00981374237857143,,,,,,0.007008443208124276,4.458655975771774,0.6138515884184703,4.433927467355738,1.0,-0.00981374237857143,-483108.59438247187,-0.27050507399091883,1.0013232211466252,0.03667407990298227
12-01-2026,00.05,1872,7020.0,0.0,0.0,0.0,0.0,0.0,,,0.0,-3.5283882142857146,-0.00981374237857143,,,,,,0.007008443208124276,4.458655975771774,0.6138515884184703,4.433927467355738,1.0,-0.00981374237857143,-483625.14991295146,-0.27079430687482436,1.0013232211466252,0.03667407990298227
12-01-2026,00.05,1873,7023.75,0.0,0.0,0.0,0.0,0.0,,,0.0,-3.5283882142857146,-0.00981374237857143,,,,,,0.007008443208124276,4.458655975771774,0.6138515884184703,4.433927467355738,1.0,-0.00981374237857143,-484141.98145493545,-0.27108369430475393,1.0013232211466252,0.03667407990298227
12-01-2026,00.05,1874,7027.5,0.0,0.0,0.0,0.0,0.0,,,0.0,-3.5283882142857146,-0.00981374237857143,,,,,,0.007008443208124276,4.458655975771774,0.6138515884184703,4.433927467355738,1.0,-0.00981374237857143,-484659.08900842385,-0.2713732362807075,1.0013232211466252,0.03667407990298227
12-01-2026,00.05,1875,7031.25,0.0,0.0,0.0,0.0,0.0,,,0.0,-3.5283882142857146,-0.00981374237857143,,,,,,0.007008443208124276,4.458655975771774,0.6138515884184703,4.433927467355738,1.0,-0.00981374237857143,-485176.47257341666,-0.271662932802685,1.0013232211466252,0.03667407990298227
12-01-2026,00.05,1876,7035.0,0.0,0.0,0.0,0.0,0.0,,,0.0,-3.5283882142857146,-0.00981374237857143,,,,,,0.007008443208124276,4.458655975771774,0.6138515884184703,4.433927467355738,1.0,-0.00981374237857143,-485694.1321499138,-0.27195278387068655,1.0013232211466252,0.03667407990298227
12-01-2026,00.05,1877,7038.75,0.0,0.0,0.0,0.0,0.0,,,0.0,-3.5283882142857146,-0.00981374237857143,,,,,,0.007008443208124276,4.458655975771774,0.6138515884184703,4.433927467355738,1.0,-0.00981374237857143,-486212.0677379154,-0.27224278948471203,1.0013232211466252,0.03667407990298227
12-01-2026,00.05,1878,7042.5,0.0,0.0,0.0,0.0,0.0,,,0.0,-3.5283882142857146,-0.00981374237857143,,,,,,0.007008443208124276,4.458655975771774,0.6138515884184703,4.433927467355738,1.0,-0.00981374237857143,-486730.27933742135,-0.2725329496447616,1.0013232211466252,0.03667407990298227
12-01-2026,00.05,1879,7046.25,0.0,0.0,0.0,0.0,0.0,,,0.0,-3.5283882142857146,-0.00981374237857143,,,,,,0.007008443208124276,4.458655975771774,0.6138515884184703,4.433927467355738,1.0,-0.00981374237857143,-487248.76694843173,-0.2728232643508351,1.0013232211466252,0.03667407990298227
12-01-2026,00.05,1880,7050.0,0.0,0.0,0.0,0.0,0.0,,,0.0,-3.5283882142857146,-0.00981374237857143,,,,,,0.007008443208124276,4.458655975771774,0.6138515884184703,4.433927467355738,1.0,-0.00981374237857143,-487767.53057094646,-0.27311373360293256,1.0013232211466252,0.03667407990298227
12-01-2026,00.05,1881,7053.75,0.0,0.0,0.0,0.0,0.0,,,0.0,-3.5283882142857146,-0.00981374237857143,,,,,,0.007008443208124276,4.458655975771774,0.6138515884184703,4.433927467355738,1.0,-0.00981374237857143,-488286.57020496565,-0.2734043574010541,1.0013232211466252,0.03667407990298227
12-01-2026,00.05,1882,7057.5,0.0,0.0,0.0,0.0,0.0,,,0.0,-3.5283882142857146,-0.00981374237857143,,,,,,0.007008443208124276,4.458655975771774,0.6138515884184703,4.433927467355738,1.0,-0.00981374237857143,-488805.8858504892,-0.2736951357451996,1.0013232211466252,0.03667407990298227
12-01-2026,00.05,1883,7061.25,0.0,0.0,0.0,0.0,0.0,,,0.0,-3.5283882142857146,-0.00981374237857143,,,,,,0.007008443208124276,4.458655975771774,0.6138515884184703,4.433927467355738,1.0,-0.00981374237857143,-489325.47750751715,-0.27398606863536906,1.0013232211466252,0.03667407990298227
12-01-2026,00.05,1884,7065.0,0.0,0.0,0.0,0.0,0.0,,,0.0,-3.5283882142857146,-0.00981374237857143,,,,,,0.007008443208124276,4.458655975771774,0.6138515884184703,4.433927467355738,1.0,-0.00981374237857143,-489845.3451760495,-0.27427715607156256,1.0013232211466252,0.03667407990298227
12-01-2026,00.05,1885,7068.75,0.0,0.0,0.0,0.0,0.0,,,0.0,-3.5283882142857146,-0.00981374237857143,,,,,,0.007008443208124276,4.458655975771774,0.6138515884184703,4.433927467355738,1.0,-0.00981374237857143,-490365.4888560863,-0.27456839805378,1.0013232211466252,0.03667407990298227
12-01-2026,00.05,1886,7072.5,0.0,0.0,0.0,0.0,0.0,,,0.0,-3.5283882142857146,-0.00981374237857143,,,,,,0.007008443208124276,4.458655975771774,0.6138515884184703,4.433927467355738,1.0,-0.00981374237857143,-490885.90854762745,-0.27485979458202153,1.0013232211466252,0.03667407990298227
12-01-2026,00.05,1887,7076.25,0.0,0.0,0.0,0.0,0.0,,,0.0,-3.5283882142857146,-0.00981374237857143,,,,,,0.007008443208124276,4.458655975771774,0.6138515884184703,4.433927467355738,1.0,-0.00981374237857143,-491406.604250673,-0.27515134565628696,1.0013232211466252,0.03667407990298227
12-01-2026,00.05,1888,7080.0,0.0,0.0,0.0,0.0,0.0,,,0.0,-3.5283882142857146,-0.00981374237857143,,,,,,0.007008443208124276,4.458655975771774,0.6138515884184703,4.433927467355738,1.0,-0.00981374237857143,-491927.5759652229,-0.2754430512765764,1.0013232211466252,0.03667407990298227
12-01-2026,00.05,1889,7083.75,0.0,0.0,0.0,0.0,0.0,,,0.0,-3.5283882142857146,-0.00981374237857143,,,,,,0.007008443208124276,4.458655975771774,0.6138515884184703,4.433927467355738,1.0,-0.00981374237857143,-492448.82369127724,-0.27573491144288986,1.0013232211466252,0.03667407990298227
12-01-2026,00.05,1890,7087.5,0.0,0.0,0.0,0.0,0.0,,,0.0,-3.5283882142857146,-0.00981374237857143,,,,,,0.007008443208124276,4.458655975771774,0.6138515884184703,4.433927467355738,1.0,-0.00981374237857143,-492970.347428836,-0.27602692615522734,1.0013232211466252,0.03667407990298227
12-01-2026,00.05,1891,7091.25,0.0,0.0,0.0,0.0,0.0,,,0.0,-3.5283882142857146,-0.00981374237857143,,,,,,0.007008443208124276,4.458655975771774,0.6138515884184703,4.433927467355738,1.0,-0.00981374237857143,-493492.14717789914,-0.2763190954135888,1.0013232211466252,0.03667407990298227
12-01-2026,00.05,1892,7095.0,0.0,0.0,0.0,0.0,0.0,,,0.0,-3.5283882142857146,-0.00981374237857143,,,,,,0.007008443208124276,4.458655975771774,0.6138515884184703,4.433927467355738,1.0,-0.00981374237857143,-494014.22293846664,-0.2766114192179742,1.0013232211466252,0.03667407990298227
12-01-2026,00.05,1893,7098.75,0.0,0.0,0.0,0.0,0.0,,,0.0,-3.5283882142857146,-0.00981374237857143,,,,,,0.007008443208124276,4.458655975771774,0.6138515884184703,4.433927467355738,1.0,-0.00981374237857143,-494536.5747105386,-0.2769038975683837,1.0013232211466252,0.03667407990298227
12-01-2026,00.05,1894,7102.5,0.0,0.0,0.0,0.0,0.0,,,0.0,-3.5283882142857146,-0.00981374237857143,,,,,,0.007008443208124276,4.458655975771774,0.6138515884184703,4.433927467355738,1.0,-0.00981374237857143,-495059.2024941149,-0.27719653046481707,1.0013232211466252,0.03667407990298227
12-01-2026,00.05,1895,7106.25,0.0,0.0,0.0,0.0,0.0,,,0.0,-3.5283882142857146,-0.00981374237857143,,,,,,0.007008443208124276,4.458655975771774,0.6138515884184703,4.433927467355738,1.0,-0.00981374237857143,-495582.10628919565,-0.2774893179072745,1.0013232211466252,0.03667407990298227
12-01-2026,00.05,1896,7110.0,0.0,0.0,0.0,0.0,0.0,,,0.0,-3.5283882142857146,-0.00981374237857143,,,,,,0.007008443208124276,4.458655975771774,0.6138515884184703,4.433927467355738,1.0,-0.00981374237857143,-496105.2860957808,-0.27778225989575595,1.0013232211466252,0.03667407990298227
12-01-2026,00.05,1897,7113.75,0.0,0.0,0.0,0.0,0.0,,,0.0,-3.5283882142857146,-0.00981374237857143,,,,,,0.007008443208124276,4.458655975771774,0.6138515884184703,4.433927467355738,1.0,-0.00981374237857143,-496628.74191387027,-0.2780753564302613,1.0013232211466252,0.03667407990298227
12-01-2026,00.05,1898,7117.5,0.0,0.0,0.0,0.0,0.0,,,0.0,-3.5283882142857146,-0.00981374237857143,,,,,,0.007008443208124276,4.458655975771774,0.6138515884184703,4.433927467355738,1.0,-0.00981374237857143,-497152.4737434642,-0.27836860751079073,1.0013232211466252,0.03667407990298227
12-01-2026,00.05,1899,7121.25,0.0,0.0,0.0,0.0,0.0,,,0.0,-3.5283882142857146,-0.00981374237857143,,,,,,0.007008443208124276,4.458655975771774,0.6138515884184703,4.433927467355738,1.0,-0.00981374237857143,-497676.4815845625,-0.2786620131373441,1.0013232211466252,0.03667407990298227
12-01-2026,00.05,1900,7125.0,0.0,0.0,0.0,0.0,0.0,,,0.0,-3.5283882142857146,-0.00981374237857143,,,,,,0.007008443208124276,4.458655975771774,0.6138515884184703,4.433927467355738,1.0,-0.00981374237857143,-498200.7654371652,-0.27895557330992155,1.0013232211466252,0.03667407990298227
12-01-2026,00.05,1901,7128.75,0.0,0.0,0.0,0.0,0.0,,,0.0,-3.5283882142857146,-0.00981374237857143,,,,,,0.007008443208124276,4.458655975771774,0.6138515884184703,4.433927467355738,1.0,-0.00981374237857143,-498725.3253012723,-0.2792492880285229,1.0013232211466252,0.03667407990298227
12-01-2026,00.05,1902,7132.5,0.0,0.0,0.0,0.0,0.0,,,0.0,-3.5283882142857146,-0.00981374237857143,,,,,,0.007008443208124276,4.458655975771774,0.6138515884184703,4.433927467355738,1.0,-0.00981374237857143,-499250.16117688385,-0.2795431572931483,1.0013232211466252,0.03667407990298227
12-01-2026,00.05,1903,7136.25,0.0,0.0,0.0,0.0,0.0,,,0.0,-3.5283882142857146,-0.00981374237857143,,,,,,0.007008443208124276,4.458655975771774,0.6138515884184703,4.433927467355738,1.0,-0.00981374237857143,-499775.2730639998,-0.2798371811037977,1.0013232211466252,0.03667407990298227
12-01-2026,00.05,1904,7140.0,0.0,0.0,0.0,0.0,0.0,,,0.0,-3.5283882142857146,-0.00981374237857143,,,,,,0.007008443208124276,4.458655975771774,0.6138515884184703,4.433927467355738,1.0,-0.00981374237857143,-500300.66096262005,-0.2801313594604711,1.0013232211466252,0.03667407990298227
12-01-2026,00.05,1905,7143.75,0.0,0.0,0.0,0.0,0.0,,,0.0,-3.5283882142857146,-0.00981374237857143,,,,,,0.007008443208124276,4.458655975771774,0.6138515884184703,4.433927467355738,1.0,-0.00981374237857143,-500826.32487274474,-0.2804256923631684,1.0013232211466252,0.03667407990298227
12-01-2026,00.05,1906,7147.5,0.0,0.0,0.0,0.0,0.0,,,0.0,-3.5283882142857146,-0.00981374237857143,,,,,,0.007008443208124276,4.458655975771774,0.6138515884184703,4.433927467355738,1.0,-0.00981374237857143,-501352.2647943738,-0.28072017981188974,1.0013232211466252,0.03667407990298227
12-01-2026,00.05,1907,7151.25,0.0,0.0,0.0,0.0,0.0,,,0.0,-3.5283882142857146,-0.00981374237857143,,,,,,0.007008443208124276,4.458655975771774,0.6138515884184703,4.433927467355738,1.0,-0.00981374237857143,-501878.4807275073,-0.2810148218066351,1.0013232211466252,0.03667407990298227
12-01-2026,00.05,1908,7155.0,0.0,0.0,0.0,0.0,0.0,,,0.0,-3.5283882142857146,-0.00981374237857143,,,,,,0.007008443208124276,4.458655975771774,0.6138515884184703,4.433927467355738,1.0,-0.00981374237857143,-502404.97267214523,-0.2813096183474045,1.0013232211466252,0.03667407990298227
12-01-2026,00.05,1909,7158.75,0.0,0.0,0.0,0.0,0.0,,,0.0,-3.5283882142857146,-0.00981374237857143,,,,,,0.007008443208124276,4.458655975771774,0.6138515884184703,4.433927467355738,1.0,-0.00981374237857143,-502931.74062828755,-0.2816045694341978,1.0013232211466252,0.03667407990298227
12-01-2026,00.05,1910,7162.5,0.0,0.0,0.0,0.0,0.0,,,0.0,-3.5283882142857146,-0.00981374237857143,,,,,,0.007008443208124276,4.458655975771774,0.6138515884184703,4.433927467355738,1.0,-0.00981374237857143,-503458.7845959342,-0.2818996750670152,1.0013232211466252,0.03667407990298227
12-01-2026,00.05,1911,7166.25,0.0,0.0,0.0,0.0,0.0,,,0.0,-3.5283882142857146,-0.00981374237857143,,,,,,0.007008443208124276,4.458655975771774,0.6138515884184703,4.433927467355738,1.0,-0.00981374237857143,-503986.1045750853,-0.2821949352458565,1.0013232211466252,0.03667407990298227
12-01-2026,00.05,1912,7170.0,0.0,0.0,0.0,0.0,0.0,,,0.0,-3.5283882142857146,-0.00981374237857143,,,,,,0.007008443208124276,4.458655975771774,0.6138515884184703,4.433927467355738,1.0,-0.00981374237857143,-504513.70056574076,-0.2824903499707218,1.0013232211466252,0.03667407990298227
12-01-2026,00.05,1913,7173.75,0.0,0.0,0.0,0.0,0.0,,,0.0,-3.5283882142857146,-0.00981374237857143,,,,,,0.007008443208124276,4.458655975771774,0.6138515884184703,4.433927467355738,1.0,-0.00981374237857143,-505041.57256790064,-0.2827859192416111,1.0013232211466252,0.03667407990298227
12-01-2026,00.05,1914,7177.5,0.0,0.0,0.0,0.0,0.0,,,0.0,-3.5283882142857146,-0.00981374237857143,,,,,,0.007008443208124276,4.458655975771774,0.6138515884184703,4.433927467355738,1.0,-0.00981374237857143,-505569.72058156494,-0.28308164305852446,1.0013232211466252,0.03667407990298227
12-01-2026,00.05,1915,7181.25,0.0,0.0,0.0,0.0,0.0,,,0.0,-3.5283882142857146,-0.00981374237857143,,,,,,0.007008443208124276,4.458655975771774,0.6138515884184703,4.433927467355738,1.0,-0.00981374237857143,-506098.1446067336,-0.2833775214214618,1.0013232211466252,0.03667407990298227
12-01-2026,00.05,1916,7185.0,0.0,0.0,0.0,0.0,0.0,,,0.0,-3.5283882142857146,-0.00981374237857143,,,,,,0.007008443208124276,4.458655975771774,0.6138515884184703,4.433927467355738,1.0,-0.00981374237857143,-506626.8446434067,-0.28367355433042307,1.0013232211466252,0.03667407990298227
12-01-2026,00.05,1917,7188.75,0.0,0.0,0.0,0.0,0.0,,,0.0,-3.5283882142857146,-0.00981374237857143,,,,,,0.007008443208124276,4.458655975771774,0.6138515884184703,4.433927467355738,1.0,-0.00981374237857143,-507155.82069158414,-0.2839697417854084,1.0013232211466252,0.03667407990298227
12-01-2026,00.05,1918,7192.5,0.0,0.0,0.0,0.0,0.0,,,0.0,-3.5283882142857146,-0.00981374237857143,,,,,,0.007008443208124276,4.458655975771774,0.6138515884184703,4.433927467355738,1.0,-0.00981374237857143,-507685.072751266,-0.28426608378641766,1.0013232211466252,0.03667407990298227
12-01-2026,00.05,1919,7196.25,0.0,0.0,0.0,0.0,0.0,,,0.0,-3.5283882142857146,-0.00981374237857143,,,,,,0.007008443208124276,4.458655975771774,0.6138515884184703,4.433927467355738,1.0,-0.00981374237857143,-508214.6008224523,-0.28456258033345094,1.0013232211466252,0.03667407990298227
12-01-2026,00.05,1920,7200.0,0.0,0.0,0.0,0.0,0.0,,,0.0,-3.5283882142857146,-0.00981374237857143,,,,,,0.007008443208124276,4.458655975771774,0.6138515884184703,4.433927467355738,1.0,-0.00981374237857143,-508744.4049051429,-0.2848592314265082,1.0013232211466252,0.03667407990298227
12-01-2026,00.05,1921,7203.75,0.0,0.0,0.0,0.0,0.0,,,0.0,-3.5283882142857146,-0.00981374237857143,,,,,,0.007008443208124276,4.458655975771774,0.6138515884184703,4.433927467355738,1.0,-0.00981374237857143,-509274.484999338,-0.2851560370655895,1.0013232211466252,0.03667407990298227
12-01-2026,00.05,1922,7207.5,0.0,0.0,0.0,0.0,0.0,,,0.0,-3.5283882142857146,-0.00981374237857143,,,,,,0.007008443208124276,4.458655975771774,0.6138515884184703,4.433927467355738,1.0,-0.00981374237857143,-509804.8411050374,-0.2854529972506948,1.0013232211466252,0.03667407990298227
12-01-2026,00.05,1923,7211.25,0.0,0.0,0.0,0.0,0.0,,,0.0,-3.5283882142857146,-0.00981374237857143,,,,,,0.007008443208124276,4.458655975771774,0.6138515884184703,4.433927467355738,1.0,-0.00981374237857143,-510335.4732222413,-0.28575011198182404,1.0013232211466252,0.03667407990298227
12-01-2026,00.05,1924,7215.0,0.0,0.0,0.0,0.0,0.0,,,0.0,-3.5283882142857146,-0.00981374237857143,,,,,,0.007008443208124276,4.458655975771774,0.6138515884184703,4.433927467355738,1.0,-0.00981374237857143,-510866.3813509495,-0.28604738125897733,1.0013232211466252,0.03667407990298227
12-01-2026,00.05,1925,7218.75,0.0,0.0,0.0,0.0,0.0,,,0.0,-3.5283882142857146,-0.00981374237857143,,,,,,0.007008443208124276,4.458655975771774,0.6138515884184703,4.433927467355738,1.0,-0.00981374237857143,-511397.5654911622,-0.2863448050821546,1.0013232211466252,0.03667407990298227
12-01-2026,00.05,1926,7222.5,0.0,0.0,0.0,0.0,0.0,,,0.0,-3.5283882142857146,-0.00981374237857143,,,,,,0.007008443208124276,4.458655975771774,0.6138515884184703,4.433927467355738,1.0,-0.00981374237857143,-511929.0256428792,-0.2866423834513558,1.0013232211466252,0.03667407990298227
12-01-2026,00.05,1927,7226.25,0.0,0.0,0.0,0.0,0.0,,,0.0,-3.5283882142857146,-0.00981374237857143,,,,,,0.007008443208124276,4.458655975771774,0.6138515884184703,4.433927467355738,1.0,-0.00981374237857143,-512460.76180610067,-0.28694011636658107,1.0013232211466252,0.03667407990298227
12-01-2026,00.05,1928,7230.0,0.0,0.0,0.0,0.0,0.0,,,0.0,-3.5283882142857146,-0.00981374237857143,,,,,,0.007008443208124276,4.458655975771774,0.6138515884184703,4.433927467355738,1.0,-0.00981374237857143,-512992.7739808265,-0.28723800382783027,1.0013232211466252,0.03667407990298227
12-01-2026,00.05,1929,7233.75,0.0,0.0,0.0,0.0,0.0,,,0.0,-3.5283882142857146,-0.00981374237857143,,,,,,0.007008443208124276,4.458655975771774,0.6138515884184703,4.433927467355738,1.0,-0.00981374237857143,-513525.0621670567,-0.2875360458351035,1.0013232211466252,0.03667407990298227
12-01-2026,00.05,1930,7237.5,0.0,0.0,0.0,0.0,0.0,,,0.0,-3.5283882142857146,-0.00981374237857143,,,,,,0.007008443208124276,4.458655975771774,0.6138515884184703,4.433927467355738,1.0,-0.00981374237857143,-514057.62636479136,-0.2878342423884008,1.0013232211466252,0.03667407990298227
12-01-2026,00.05,1931,7241.25,0.0,0.0,0.0,0.0,0.0,,,0.0,-3.5283882142857146,-0.00981374237857143,,,,,,0.007008443208124276,4.458655975771774,0.6138515884184703,4.433927467355738,1.0,-0.00981374237857143,-514590.4665740304,-0.28813259348772197,1.0013232211466252,0.03667407990298227
12-01-2026,00.05,1932,7245.0,0.0,0.0,0.0,0.0,0.0,,,0.0,-3.5283882142857146,-0.00981374237857143,,,,,,0.007008443208124276,4.458655975771774,0.6138515884184703,4.433927467355738,1.0,-0.00981374237857143,-515123.5827947738,-0.2884310991330672,1.0013232211466252,0.03667407990298227
12-01-2026,00.05,1933,7248.75,0.0,0.0,0.0,0.0,0.0,,,0.0,-3.5283882142857146,-0.00981374237857143,,,,,,0.007008443208124276,4.458655975771774,0.6138515884184703,4.433927467355738,1.0,-0.00981374237857143,-515656.97502702166,-0.2887297593244364,1.0013232211466252,0.03667407990298227
12-01-2026,00.05,1934,7252.5,0.0,0.0,0.0,0.0,0.0,,,0.0,-3.5283882142857146,-0.00981374237857143,,,,,,0.007008443208124276,4.458655975771774,0.6138515884184703,4.433927467355738,1.0,-0.00981374237857143,-516190.6432707739,-0.28902857406182964,1.0013232211466252,0.03667407990298227
12-01-2026,00.05,1935,7256.25,0.0,0.0,0.0,0.0,0.0,,,0.0,-3.5283882142857146,-0.00981374237857143,,,,,,0.007008443208124276,4.458655975771774,0.6138515884184703,4.433927467355738,1.0,-0.00981374237857143,-516724.5875260305,-0.2893275433452468,1.0013232211466252,0.03667407990298227
12-01-2026,00.05,1936,7260.0,0.0,0.0,0.0,0.0,0.0,,,0.0,-3.5283882142857146,-0.00981374237857143,,,,,,0.007008443208124276,4.458655975771774,0.6138515884184703,4.433927467355738,1.0,-0.00981374237857143,-517258.8077927915,-0.289626667174688,1.0013232211466252,0.03667407990298227
12-01-2026,00.05,1937,7263.75,0.0,0.0,0.0,0.0,0.0,,,0.0,-3.5283882142857146,-0.00981374237857143,,,,,,0.007008443208124276,4.458655975771774,0.6138515884184703,4.433927467355738,1.0,-0.00981374237857143,-517793.3040710569,-0.28992594555015316,1.0013232211466252,0.03667407990298227
12-01-2026,00.05,1938,7267.5,0.0,0.0,0.0,0.0,0.0,,,0.0,-3.5283882142857146,-0.00981374237857143,,,,,,0.007008443208124276,4.458655975771774,0.6138515884184703,4.433927467355738,1.0,-0.00981374237857143,-518328.07636082673,-0.29022537847164237,1.0013232211466252,0.03667407990298227
12-01-2026,00.05,1939,7271.25,0.0,0.0,0.0,0.0,0.0,,,0.0,-3.5283882142857146,-0.00981374237857143,,,,,,0.007008443208124276,4.458655975771774,0.6138515884184703,4.433927467355738,1.0,-0.00981374237857143,-518863.1246621009,-0.29052496593915556,1.0013232211466252,0.03667407990298227
12-01-2026,00.05,1940,7275.0,0.0,0.0,0.0,0.0,0.0,,,0.0,-3.5283882142857146,-0.00981374237857143,,,,,,0.007008443208124276,4.458655975771774,0.6138515884184703,4.433927467355738,1.0,-0.00981374237857143,-519398.4489748795,-0.2908247079526927,1.0013232211466252,0.03667407990298227
12-01-2026,00.05,1941,7278.75,0.0,0.0,0.0,0.0,0.0,,,0.0,-3.5283882142857146,-0.00981374237857143,,,,,,0.007008443208124276,4.458655975771774,0.6138515884184703,4.433927467355738,1.0,-0.00981374237857143,-519934.0492991625,-0.29112460451225386,1.0013232211466252,0.03667407990298227
12-01-2026,00.05,1942,7282.5,0.0,0.0,0.0,0.0,0.0,,,0.0,-3.5283882142857146,-0.00981374237857143,,,,,,0.007008443208124276,4.458655975771774,0.6138515884184703,4.433927467355738,1.0,-0.00981374237857143,-520469.92563494993,-0.29142465561783903,1.0013232211466252,0.03667407990298227
12-01-2026,00.05,1943,7286.25,0.0,0.0,0.0,0.0,0.0,,,0.0,-3.5283882142857146,-0.00981374237857143,,,,,,0.007008443208124276,4.458655975771774,0.6138515884184703,4.433927467355738,1.0,-0.00981374237857143,-521006.0779822417,-0.2917248612694482,1.0013232211466252,0.03667407990298227
12-01-2026,00.05,1944,7290.0,0.0,0.0,0.0,0.0,0.0,,,0.0,-3.5283882142857146,-0.00981374237857143,,,,,,0.007008443208124276,4.458655975771774,0.6138515884184703,4.433927467355738,1.0,-0.00981374237857143,-521542.5063410379,-0.2920252214670813,1.0013232211466252,0.03667407990298227
12-01-2026,00.05,1945,7293.75,0.0,0.0,0.0,0.0,0.0,,,0.0,-3.5283882142857146,-0.00981374237857143,,,,,,0.007008443208124276,4.458655975771774,0.6138515884184703,4.433927467355738,1.0,-0.00981374237857143,-522079.2107113385,-0.2923257362107385,1.0013232211466252,0.03667407990298227
12-01-2026,00.05,1946,7297.5,0.0,0.0,0.0,0.0,0.0,,,0.0,-3.5283882142857146,-0.00981374237857143,,,,,,0.007008443208124276,4.458655975771774,0.6138515884184703,4.433927467355738,1.0,-0.00981374237857143,-522616.1910931435,-0.29262640550041963,1.0013232211466252,0.03667407990298227
12-01-2026,00.05,1947,7301.25,0.0,0.0,0.0,0.0,0.0,,,0.0,-3.5283882142857146,-0.00981374237857143,,,,,,0.007008443208124276,4.458655975771774,0.6138515884184703,4.433927467355738,1.0,-0.00981374237857143,-523153.4474864529,-0.29292722933612475,1.0013232211466252,0.03667407990298227
12-01-2026,00.05,1948,7305.0,0.0,0.0,0.0,0.0,0.0,,,0.0,-3.5283882142857146,-0.00981374237857143,,,,,,0.007008443208124276,4.458655975771774,0.6138515884184703,4.433927467355738,1.0,-0.00981374237857143,-523690.9798912667,-0.29322820771785385,1.0013232211466252,0.03667407990298227
12-01-2026,00.05,1949,7308.75,0.0,0.0,0.0,0.0,0.0,,,0.0,-3.5283882142857146,-0.00981374237857143,,,,,,0.007008443208124276,4.458655975771774,0.6138515884184703,4.433927467355738,1.0,-0.00981374237857143,-524228.7883075848,-0.293529340645607,1.0013232211466252,0.03667407990298227
12-01-2026,00.05,1950,7312.5,0.0,0.0,0.0,0.0,0.0,,,0.0,-3.5283882142857146,-0.00981374237857143,,,,,,0.007008443208124276,4.458655975771774,0.6138515884184703,4.433927467355738,1.0,-0.00981374237857143,-524766.8727354074,-0.2938306281193841,1.0013232211466252,0.03667407990298227
12-01-2026,00.05,1951,7316.25,0.0,0.0,0.0,0.0,0.0,,,0.0,-3.5283882142857146,-0.00981374237857143,,,,,,0.007008443208124276,4.458655975771774,0.6138515884184703,4.433927467355738,1.0,-0.00981374237857143,-525305.2331747344,-0.2941320701391852,1.0013232211466252,0.03667407990298227
12-01-2026,00.05,1952,7320.0,0.0,0.0,0.0,0.0,0.0,,,0.0,-3.5283882142857146,-0.00981374237857143,,,,,,0.007008443208124276,4.458655975771774,0.6138515884184703,4.433927467355738,1.0,-0.00981374237857143,-525843.8696255658,-0.29443366670501037,1.0013232211466252,0.03667407990298227
12-01-2026,00.05,1953,7323.75,0.0,0.0,0.0,0.0,0.0,,,0.0,-3.5283882142857146,-0.00981374237857143,,,,,,0.007008443208124276,4.458655975771774,0.6138515884184703,4.433927467355738,1.0,-0.00981374237857143,-526382.7820879015,-0.2947354178168594,1.0013232211466252,0.03667407990298227
12-01-2026,00.05,1954,7327.5,0.0,0.0,0.0,0.0,0.0,,,0.0,-3.5283882142857146,-0.00981374237857143,,,,,,0.007008443208124276,4.458655975771774,0.6138515884184703,4.433927467355738,1.0,-0.00981374237857143,-526921.9705617417,-0.2950373234747325,1.0013232211466252,0.03667407990298227
12-01-2026,00.05,1955,7331.25,0.0,0.0,0.0,0.0,0.0,,,0.0,-3.5283882142857146,-0.00981374237857143,,,,,,0.007008443208124276,4.458655975771774,0.6138515884184703,4.433927467355738,1.0,-0.00981374237857143,-527461.4350470863,-0.2953393836786296,1.0013232211466252,0.03667407990298227
12-01-2026,00.05,1956,7335.0,0.0,0.0,0.0,0.0,0.0,,,0.0,-3.5283882142857146,-0.00981374237857143,,,,,,0.007008443208124276,4.458655975771774,0.6138515884184703,4.433927467355738,1.0,-0.00981374237857143,-528001.1755439353,-0.2956415984285507,1.0013232211466252,0.03667407990298227
12-01-2026,00.05,1957,7338.75,0.0,0.0,0.0,0.0,0.0,,,0.0,-3.5283882142857146,-0.00981374237857143,,,,,,0.007008443208124276,4.458655975771774,0.6138515884184703,4.433927467355738,1.0,-0.00981374237857143,-528541.1920522886,-0.2959439677244957,1.0013232211466252,0.03667407990298227
12-01-2026,00.05,1958,7342.5,0.0,0.0,0.0,0.0,0.0,,,0.0,-3.5283882142857146,-0.00981374237857143,,,,,,0.007008443208124276,4.458655975771774,0.6138515884184703,4.433927467355738,1.0,-0.00981374237857143,-529081.4845721463,-0.2962464915664648,1.0013232211466252,0.03667407990298227
12-01-2026,00.05,1959,7346.25,0.0,0.0,0.0,0.0,0.0,,,0.0,-3.5283882142857146,-0.00981374237857143,,,,,,0.007008443208124276,4.458655975771774,0.6138515884184703,4.433927467355738,1.0,-0.00981374237857143,-529622.0531035085,-0.2965491699544579,1.0013232211466252,0.03667407990298227
12-01-2026,00.05,1960,7350.0,0.0,0.0,0.0,0.0,0.0,,,0.0,-3.5283882142857146,-0.00981374237857143,,,,,,0.007008443208124276,4.458655975771774,0.6138515884184703,4.433927467355738,1.0,-0.00981374237857143,-530162.8976463751,-0.29685200288847496,1.0013232211466252,0.03667407990298227
12-01-2026,00.05,1961,7353.75,0.0,0.0,0.0,0.0,0.0,,,0.0,-3.5283882142857146,-0.00981374237857143,,,,,,0.007008443208124276,4.458655975771774,0.6138515884184703,4.433927467355738,1.0,-0.00981374237857143,-530704.018200746,-0.297154990368516,1.0013232211466252,0.03667407990298227
12-01-2026,00.05,1962,7357.5,0.0,0.0,0.0,0.0,0.0,,,0.0,-3.5283882142857146,-0.00981374237857143,,,,,,0.007008443208124276,4.458655975771774,0.6138515884184703,4.433927467355738,1.0,-0.00981374237857143,-531245.4147666213,-0.297458132394581,1.0013232211466252,0.03667407990298227
12-01-2026,00.05,1963,7361.25,0.0,0.0,0.0,0.0,0.0,,,0.0,-3.5283882142857146,-0.00981374237857143,,,,,,0.007008443208124276,4.458655975771774,0.6138515884184703,4.433927467355738,1.0,-0.00981374237857143,-531787.087344001,-0.29776142896667007,1.0013232211466252,0.03667407990298227
12-01-2026,00.05,1964,7365.0,0.0,0.0,0.0,0.0,0.0,,,0.0,-3.5283882142857146,-0.00981374237857143,,,,,,0.007008443208124276,4.458655975771774,0.6138515884184703,4.433927467355738,1.0,-0.00981374237857143,-532329.0359328853,-0.29806488008478316,1.0013232211466252,0.03667407990298227
12-01-2026,00.05,1965,7368.75,0.0,0.0,0.0,0.0,0.0,,,0.0,-3.5283882142857146,-0.00981374237857143,,,,,,0.007008443208124276,4.458655975771774,0.6138515884184703,4.433927467355738,1.0,-0.00981374237857143,-532871.2605332738,-0.29836848574892016,1.0013232211466252,0.03667407990298227
12-01-2026,00.05,1966,7372.5,0.0,0.0,0.0,0.0,0.0,,,0.0,-3.5283882142857146,-0.00981374237857143,,,,,,0.007008443208124276,4.458655975771774,0.6138515884184703,4.433927467355738,1.0,-0.00981374237857143,-533413.7611451667,-0.29867224595908115,1.0013232211466252,0.03667407990298227
12-01-2026,00.05,1967,7376.25,0.0,0.0,0.0,0.0,0.0,,,0.0,-3.5283882142857146,-0.00981374237857143,,,,,,0.007008443208124276,4.458655975771774,0.6138515884184703,4.433927467355738,1.0,-0.00981374237857143,-533956.5377685641,-0.2989761607152662,1.0013232211466252,0.03667407990298227
12-01-2026,00.05,1968,7380.0,0.0,0.0,0.0,0.0,0.0,,,0.0,-3.5283882142857146,-0.00981374237857143,,,,,,0.007008443208124276,4.458655975771774,0.6138515884184703,4.433927467355738,1.0,-0.00981374237857143,-534499.5904034658,-0.2992802300174752,1.0013232211466252,0.03667407990298227
12-01-2026,00.05,1969,7383.75,0.0,0.0,0.0,0.0,0.0,,,0.0,-3.5283882142857146,-0.00981374237857143,,,,,,0.007008443208124276,4.458655975771774,0.6138515884184703,4.433927467355738,1.0,-0.00981374237857143,-535042.9190498719,-0.2995844538657082,1.0013232211466252,0.03667407990298227
12-01-2026,00.05,1970,7387.5,0.0,0.0,0.0,0.0,0.0,,,0.0,-3.5283882142857146,-0.00981374237857143,,,,,,0.007008443208124276,4.458655975771774,0.6138515884184703,4.433927467355738,1.0,-0.00981374237857143,-535586.5237077824,-0.2998888322599652,1.0013232211466252,0.03667407990298227
12-01-2026,00.05,1971,7391.25,0.0,0.0,0.0,0.0,0.0,,,0.0,-3.5283882142857146,-0.00981374237857143,,,,,,0.007008443208124276,4.458655975771774,0.6138515884184703,4.433927467355738,1.0,-0.00981374237857143,-536130.4043771974,-0.30019336520024625,1.0013232211466252,0.03667407990298227
12-01-2026,00.05,1972,7395.0,0.0,0.0,0.0,0.0,0.0,,,0.0,-3.5283882142857146,-0.00981374237857143,,,,,,0.007008443208124276,4.458655975771774,0.6138515884184703,4.433927467355738,1.0,-0.00981374237857143,-536674.5610581167,-0.3004980526865513,1.0013232211466252,0.03667407990298227
12-01-2026,00.05,1973,7398.75,0.0,0.0,0.0,0.0,0.0,,,0.0,-3.5283882142857146,-0.00981374237857143,,,,,,0.007008443208124276,4.458655975771774,0.6138515884184703,4.433927467355738,1.0,-0.00981374237857143,-537218.9937505404,-0.3008028947188802,1.0013232211466252,0.03667407990298227
12-01-2026,00.05,1974,7402.5,0.0,0.0,0.0,0.0,0.0,,,0.0,-3.5283882142857146,-0.00981374237857143,,,,,,0.007008443208124276,4.458655975771774,0.6138515884184703,4.433927467355738,1.0,-0.00981374237857143,-537763.7024544685,-0.30110789129723314,1.0013232211466252,0.03667407990298227
12-01-2026,00.05,1975,7406.25,0.0,0.0,0.0,0.0,0.0,,,0.0,-3.5283882142857146,-0.00981374237857143,,,,,,0.007008443208124276,4.458655975771774,0.6138515884184703,4.433927467355738,1.0,-0.00981374237857143,-538308.687169901,-0.30141304242161016,1.0013232211466252,0.03667407990298227
12-01-2026,00.05,1976,7410.0,0.0,0.0,0.0,0.0,0.0,,,0.0,-3.5283882142857146,-0.00981374237857143,,,,,,0.007008443208124276,4.458655975771774,0.6138515884184703,4.433927467355738,1.0,-0.00981374237857143,-538853.947896838,-0.30171834809201115,1.0013232211466252,0.03667407990298227
12-01-2026,00.05,1977,7413.75,0.0,0.0,0.0,0.0,0.0,,,0.0,-3.5283882142857146,-0.00981374237857143,,,,,,0.007008443208124276,4.458655975771774,0.6138515884184703,4.433927467355738,1.0,-0.00981374237857143,-539399.4846352793,-0.3020238083084361,1.0013232211466252,0.03667407990298227
12-01-2026,00.05,1978,7417.5,0.0,0.0,0.0,0.0,0.0,,,0.0,-3.5283882142857146,-0.00981374237857143,,,,,,0.007008443208124276,4.458655975771774,0.6138515884184703,4.433927467355738,1.0,-0.00981374237857143,-539945.297385225,-0.30232942307088506,1.0013232211466252,0.03667407990298227
12-01-2026,00.05,1979,7421.25,0.0,0.0,0.0,0.0,0.0,,,0.0,-3.5283882142857146,-0.00981374237857143,,,,,,0.007008443208124276,4.458655975771774,0.6138515884184703,4.433927467355738,1.0,-0.00981374237857143,-540491.386146675,-0.302635192379358,1.0013232211466252,0.03667407990298227
12-01-2026,00.05,1980,7425.0,0.0,0.0,0.0,0.0,0.0,,,0.0,-3.5283882142857146,-0.00981374237857143,,,,,,0.007008443208124276,4.458655975771774,0.6138515884184703,4.433927467355738,1.0,-0.00981374237857143,-541037.7509196295,-0.30294111623385495,1.0013232211466252,0.03667407990298227
12-01-2026,00.05,1981,7428.75,0.0,0.0,0.0,0.0,0.0,,,0.0,-3.5283882142857146,-0.00981374237857143,,,,,,0.007008443208124276,4.458655975771774,0.6138515884184703,4.433927467355738,1.0,-0.00981374237857143,-541584.3917040884,-0.3032471946343759,1.0013232211466252,0.03667407990298227
12-01-2026,00.05,1982,7432.5,0.0,0.0,0.0,0.0,0.0,,,0.0,-3.5283882142857146,-0.00981374237857143,,,,,,0.007008443208124276,4.458655975771774,0.6138515884184703,4.433927467355738,1.0,-0.00981374237857143,-542131.3085000517,-0.30355342758092085,1.0013232211466252,0.03667407990298227
12-01-2026,00.05,1983,7436.25,0.0,0.0,0.0,0.0,0.0,,,0.0,-3.5283882142857146,-0.00981374237857143,,,,,,0.007008443208124276,4.458655975771774,0.6138515884184703,4.433927467355738,1.0,-0.00981374237857143,-542678.5013075194,-0.30385981507348975,1.0013232211466252,0.03667407990298227
12-01-2026,00.05,1984,7440.0,0.0,0.0,0.0,0.0,0.0,,,0.0,-3.5283882142857146,-0.00981374237857143,,,,,,0.007008443208124276,4.458655975771774,0.6138515884184703,4.433927467355738,1.0,-0.00981374237857143,-543225.9701264915,-0.3041663571120827,1.0013232211466252,0.03667407990298227
12-01-2026,00.05,1985,7443.75,0.0,0.0,0.0,0.0,0.0,,,0.0,-3.5283882142857146,-0.00981374237857143,,,,,,0.007008443208124276,4.458655975771774,0.6138515884184703,4.433927467355738,1.0,-0.00981374237857143,-543773.714956968,-0.3044730536966996,1.0013232211466252,0.03667407990298227
12-01-2026,00.05,1986,7447.5,0.0,0.0,0.0,0.0,0.0,,,0.0,-3.5283882142857146,-0.00981374237857143,,,,,,0.007008443208124276,4.458655975771774,0.6138515884184703,4.433927467355738,1.0,-0.00981374237857143,-544321.7357989489,-0.3047799048273405,1.0013232211466252,0.03667407990298227
12-01-2026,00.05,1987,7451.25,0.0,0.0,0.0,0.0,0.0,,,0.0,-3.5283882142857146,-0.00981374237857143,,,,,,0.007008443208124276,4.458655975771774,0.6138515884184703,4.433927467355738,1.0,-0.00981374237857143,-544870.0326524342,-0.30508691050400544,1.0013232211466252,0.03667407990298227
12-01-2026,00.05,1988,7455.0,0.0,0.0,0.0,0.0,0.0,,,0.0,-3.5283882142857146,-0.00981374237857143,,,,,,0.007008443208124276,4.458655975771774,0.6138515884184703,4.433927467355738,1.0,-0.00981374237857143,-545418.6055174238,-0.30539407072669433,1.0013232211466252,0.03667407990298227
12-01-2026,00.05,1989,7458.75,0.0,0.0,0.0,0.0,0.0,,,0.0,-3.5283882142857146,-0.00981374237857143,,,,,,0.007008443208124276,4.458655975771774,0.6138515884184703,4.433927467355738,1.0,-0.00981374237857143,-545967.4543939179,-0.30570138549540726,1.0013232211466252,0.03667407990298227
12-01-2026,00.05,1990,7462.5,0.0,0.0,0.0,0.0,0.0,,,0.0,-3.5283882142857146,-0.00981374237857143,,,,,,0.007008443208124276,4.458655975771774,0.6138515884184703,4.433927467355738,1.0,-0.00981374237857143,-546516.5792819164,-0.3060088548101441,1.0013232211466252,0.03667407990298227
12-01-2026,00.05,1991,7466.25,0.0,0.0,0.0,0.0,0.0,,,0.0,-3.5283882142857146,-0.00981374237857143,,,,,,0.007008443208124276,4.458655975771774,0.6138515884184703,4.433927467355738,1.0,-0.00981374237857143,-547065.9801814192,-0.30631647867090495,1.0013232211466252,0.03667407990298227
12-01-2026,00.05,1992,7470.0,0.0,0.0,0.0,0.0,0.0,,,0.0,-3.5283882142857146,-0.00981374237857143,,,,,,0.007008443208124276,4.458655975771774,0.6138515884184703,4.433927467355738,1.0,-0.00981374237857143,-547615.6570924264,-0.30662425707768987,1.0013232211466252,0.03667407990298227
12-01-2026,00.05,1993,7473.75,0.0,0.0,0.0,0.0,0.0,,,0.0,-3.5283882142857146,-0.00981374237857143,,,,,,0.007008443208124276,4.458655975771774,0.6138515884184703,4.433927467355738,1.0,-0.00981374237857143,-548165.6100149382,-0.30693219003049876,1.0013232211466252,0.03667407990298227
12-01-2026,00.05,1994,7477.5,0.0,0.0,0.0,0.0,0.0,,,0.0,-3.5283882142857146,-0.00981374237857143,,,,,,0.007008443208124276,4.458655975771774,0.6138515884184703,4.433927467355738,1.0,-0.00981374237857143,-548715.8389489542,-0.30724027752933164,1.0013232211466252,0.03667407990298227
12-01-2026,00.05,1995,7481.25,0.0,0.0,0.0,0.0,0.0,,,0.0,-3.5283882142857146,-0.00981374237857143,,,,,,0.007008443208124276,4.458655975771774,0.6138515884184703,4.433927467355738,1.0,-0.00981374237857143,-549266.3438944747,-0.3075485195741885,1.0013232211466252,0.03667407990298227
12-01-2026,00.05,1996,7485.0,0.0,0.0,0.0,0.0,0.0,,,0.0,-3.5283882142857146,-0.00981374237857143,,,,,,0.007008443208124276,4.458655975771774,0.6138515884184703,4.433927467355738,1.0,-0.00981374237857143,-549817.1248514996,-0.3078569161650694,1.0013232211466252,0.03667407990298227
12-01-2026,00.05,1997,7488.75,0.0,0.0,0.0,0.0,0.0,,,0.0,-3.5283882142857146,-0.00981374237857143,,,,,,0.007008443208124276,4.458655975771774,0.6138515884184703,4.433927467355738,1.0,-0.00981374237857143,-550368.1818200288,-0.3081654673019742,1.0013232211466252,0.03667407990298227
12-01-2026,00.05,1998,7492.5,0.0,0.0,0.0,0.0,0.0,,,0.0,-3.5283882142857146,-0.00981374237857143,,,,,,0.007008443208124276,4.458655975771774,0.6138515884184703,4.433927467355738,1.0,-0.00981374237857143,-550919.5148000624,-0.30847417298490304,1.0013232211466252,0.03667407990298227
12-01-2026,00.05,1999,7496.25,0.0,0.0,0.0,0.0,0.0,,,0.0,-3.5283882142857146,-0.00981374237857143,,,,,,0.007008443208124276,4.458655975771774,0.6138515884184703,4.433927467355738,1.0,-0.00981374237857143,-551471.1237916005,-0.30878303321385586,1.0013232211466252,0.03667407990298227
