time,range_raw,copol_raw,time,range_raw,crosspol_raw,time,weather_inside_temperature,time,weather_outside_temperature,time,weather_inside_humidity,time,weather_outside_humidity,time,weather_wind_speed,time,weather_wind_direction,time,weather_barometric_pressure,time,weather_dew_point,time,weather_rain_rate,time,elevation_angle,time,azimuth_angle,time,copol_background,time,crosspol_background,time,telescope_temperature,time,detector_temperature,time,laser_temperature,time,date_yyyyMMdd,time,time_hhmmss,time,year,time,month,time,day,time,hour,time,minute,time,second,time,aod_age_secs,time,latitude,time,longitude,time,altitude,time,laser_energy,time,syncpulse,time,range_raw,copol_snr,time,range_raw,crosspol_snr,time,aeronet_aod,time,sda_aod_totals,time,sda_aod_fines,time,sda_aod_coarses,time,sda_ae_totals,time,sda_ae_fines,time,sda_dae_totals,time,sda_dae_fines,time,range_nrb,copol_nrb,time,range_nrb,crosspol_nrb,time,range_radiometer,radiometer_temperature,time,range_radiometer,radiometer_vaporDensity,time,range_radiometer,radiometer_liquid,time,range_radiometer,radiometer_relativeHumidity,time,number_of_clouds,number_of_cloud_outlines,clouds,time,number_of_clouds,pbls,time,range_vbp,extinction_coefficient,time,range_vbp,mass_concentration,time,range_vbp,VBP,time,range_nrb,depolarization_ratio,time,range_nrb,particle_type,time,number_of_particle_type,particle_type_mapping,time,lidar_ratio,time,aod
41.53472,0.029979246,23.041248,41.53472,0.029979246,18.09713,41.53472,29.641975,41.53472,25.765434,41.53472,35.333332,41.53472,71.55556,41.53472,0.0,41.53472,275.0,41.53472,971.3135,41.53472,20.233368,41.53472,0.0,41.53472,0.0,41.53472,0.0,41.53472,0.0007036333,41.53472,0.0006586972,41.53472,26.984444,41.53472,26.41,41.53472,27.042225,41.53472,20260210,41.53472,125000,41.53472,2026.0,41.53472,2.0,41.53472,10.0,41.53472,12.0,41.53472,50.0,41.53472,0.0,41.53472,-1.0,41.53472,-999.0,41.53472,-999.0,41.53472,-999.0,41.53472,4.34,41.53472,2500.0,41.53472,0.029979246,74828.05,41.53472,0.029979246,64771.42,41.53472,,41.53472,,41.53472,,41.53472,,41.53472,,41.53472,,41.53472,,41.53472,,41.53472,0.11991698,0.22079414,41.53472,0.11991698,0.011548227,,,,,,,,,,,,,41.53472,0.0,0.0,3.1178415,41.53472,0.0,1.7387962,41.53472,0.11991698,0.026857086,41.53472,0.11991698,27.618172,41.53472,0.11991698,0.0008952361,41.53472,0.11991698,0.049681526,41.53472,0.11991698,6.0,41.53472,0.0,WaterCloud,41.53472,30.0,41.53472,
41.53472,0.05995849,9.552015,41.53472,0.05995849,1.1020676,,,,,,,,,,,,,,,,,,,,,,,,,,,,,,,,,,,,,,,,,,,,,,,,,,,,,,,,,,,,,41.53472,0.05995849,31019.143,41.53472,0.05995849,3934.9553,,,,,,,,,,,,,,,,,41.53472,0.14989623,0.21928737,41.53472,0.14989623,0.011536237,,,,,,,,,,,,,41.53472,0.0,1.0,3.5075717,41.53472,1.0,,41.53472,0.14989623,0.026674928,41.53472,0.14989623,27.61737,41.53472,0.14989623,0.0008891643,41.53472,0.14989623,0.04995052,41.53472,0.14989623,6.0,41.53472,1.0,MixedCloud,,,,
41.53472,0.08993774,8.885156,41.53472,0.08993774,0.76367694,,,,,,,,,,,,,,,,,,,,,,,,,,,,,,,,,,,,,,,,,,,,,,,,,,,,,,,,,,,,,41.53472,0.08993774,28861.209,41.53472,0.08993774,2727.742,,,,,,,,,,,,,,,,,41.53472,0.17987548,0.21683866,41.53472,0.17987548,0.011102722,,,,,,,,,,,,,41.53472,0.0,2.0,3.7174265,41.53472,2.0,,41.53472,0.17987548,0.026175167,41.53472,0.17987548,27.61517,41.53472,0.17987548,0.0008725056,41.53472,0.17987548,0.048679516,41.53472,0.17987548,6.0,41.53472,2.0,Ice/dust/ash,,,,
41.53472,0.11991698,8.434152,41.53472,0.11991698,0.61209273,,,,,,,,,,,,,,,,,,,,,,,,,,,,,,,,,,,,,,,,,,,,,,,,,,,,,,,,,,,,,41.53472,0.11991698,27395.176,41.53472,0.11991698,2188.17,,,,,,,,,,,,,,,,,41.53472,0.20985472,0.21355839,41.53472,0.20985472,0.0108065205,,,,,,,,,,,,,41.53472,1.0,0.0,,41.53472,3.0,,41.53472,0.20985472,0.02535591,41.53472,0.20985472,27.611565,41.53472,0.20985472,0.00084519695,41.53472,0.20985472,0.048143916,41.53472,0.20985472,6.0,41.53472,3.0,Rain/Dust,,,,
41.53472,0.14989623,8.0231,41.53472,0.14989623,0.5290793,,,,,,,,,,,,,,,,,,,,,,,,,,,,,,,,,,,,,,,,,,,,,,,,,,,,,,,,,,,,,41.53472,0.14989623,26059.354,41.53472,0.14989623,1891.9303,,,,,,,,,,,,,,,,,41.53472,0.23983397,0.2106344,41.53472,0.23983397,0.010440043,,,,,,,,,,,,,41.53472,1.0,1.0,,41.53472,4.0,,41.53472,0.23983397,0.024684522,41.53472,0.23983397,27.608612,41.53472,0.23983397,0.0008228173,41.53472,0.23983397,0.0472008,41.53472,0.23983397,6.0,41.53472,4.0,Molecular,,,,
41.53472,0.17987548,7.597531,41.53472,0.17987548,0.45896176,,,,,,,,,,,,,,,,,,,,,,,,,,,,,,,,,,,,,,,,,,,,,,,,,,,,,,,,,,,,,41.53472,0.17987548,24680.102,41.53472,0.17987548,1639.3364,,,,,,,,,,,,,,,,,41.53472,0.2698132,0.21073131,41.53472,0.2698132,0.01038398,,,,,,,,,,,,,41.53472,1.0,2.0,,41.53472,5.0,,41.53472,0.2698132,0.02501318,41.53472,0.2698132,27.610058,41.53472,0.2698132,0.0008337727,41.53472,0.2698132,0.04695581,41.53472,0.2698132,6.0,41.53472,5.0,CleanAerosol,,,,
41.53472,0.20985472,7.1438794,41.53472,0.20985472,0.40917742,,,,,,,,,,,,,,,,,,,,,,,,,,,,,,,,,,,,,,,,,,,,,,,,,,,,,,,,,,,,,41.53472,0.20985472,23204.473,41.53472,0.20985472,1462.1248,,,,,,,,,,,,,,,,,41.53472,0.29979247,0.21256267,41.53472,0.29979247,0.010482205,,,,,,,,,,,,,41.53472,2.0,0.0,,41.53472,6.0,,41.53472,0.29979247,0.025928872,41.53472,0.29979247,27.614088,41.53472,0.29979247,0.0008642957,41.53472,0.29979247,0.046993453,41.53472,0.29979247,6.0,41.53472,6.0,PollutedAerosol,,,,
41.53472,0.23983397,6.702841,41.53472,0.23983397,0.36532795,,,,,,,,,,,,,,,,,,,,,,,,,,,,,,,,,,,,,,,,,,,,,,,,,,,,,,,,,,,,,41.53472,0.23983397,21769.85,41.53472,0.23983397,1307.1753,,,,,,,,,,,,,,,,,41.53472,0.3297717,0.21660075,41.53472,0.3297717,0.010875382,,,,,,,,,,,,,41.53472,2.0,1.0,,41.53472,7.0,,41.53472,0.3297717,0.027532274,41.53472,0.3297717,27.621143,41.53472,0.3297717,0.00091774255,41.53472,0.3297717,0.047814436,41.53472,0.3297717,6.0,41.53472,7.0,Undetected,,,,
41.53472,0.2698132,6.255422,41.53472,0.2698132,0.33255985,,,,,,,,,,,,,,,,,,,,,,,,,,,,,,,,,,,,,,,,,,,,,,,,,,,,,,,,,,,,,41.53472,0.2698132,20315.74,41.53472,0.2698132,1187.1047,,,,,,,,,,,,,,,,,41.53472,0.35975096,0.22272672,41.53472,0.35975096,0.011456122,,,,,,,,,,,,,41.53472,2.0,2.0,,41.53472,8.0,,41.53472,0.35975096,0.029873304,41.53472,0.35975096,27.631443,41.53472,0.35975096,0.0009957768,41.53472,0.35975096,0.048925217,41.53472,0.35975096,6.0,,,,,,,
41.53472,0.29979247,5.8589916,41.53472,0.29979247,0.3072884,,,,,,,,,,,,,,,,,,,,,,,,,,,,,,,,,,,,,,,,,,,,,,,,,,,,,,,,,,,,,41.53472,0.29979247,19026.357,41.53472,0.29979247,1096.7839,,,,,,,,,,,,,,,,,41.53472,0.3897302,0.22861883,41.53472,0.3897302,0.011605527,,,,,,,,,,,,,41.53472,3.0,0.0,,41.53472,9.0,,41.53472,0.3897302,0.032167308,41.53472,0.3897302,27.641533,41.53472,0.3897302,0.0010722436,41.53472,0.3897302,0.048313722,41.53472,0.3897302,6.0,,,,,,,
41.53472,0.3297717,5.472438,41.53472,0.3297717,0.28900787,,,,,,,,,,,,,,,,,,,,,,,,,,,,,,,,,,,,,,,,,,,,,,,,,,,,,,,,,,,,,41.53472,0.3297717,17771.46,41.53472,0.3297717,1031.2723,,,,,,,,,,,,,,,,,41.53472,0.41970944,0.23613837,41.53472,0.41970944,0.012646093,,,,,,,,,,,,,41.53472,3.0,1.0,,,,,41.53472,0.41970944,0.035000604,41.53472,0.41970944,27.654005,41.53472,0.41970944,0.0011666869,41.53472,0.41970944,0.050836325,41.53472,0.41970944,6.0,,,,,,,
41.53472,0.35975096,5.0750256,41.53472,0.35975096,0.27269074,,,,,,,,,,,,,,,,,,,,,,,,,,,,,,,,,,,,,,,,,,,,,,,,,,,,,,,,,,,,,41.53472,0.35975096,16478.225,41.53472,0.35975096,972.5933,,,,,,,,,,,,,,,,,41.53472,0.4496887,0.24079987,41.53472,0.4496887,0.013033255,,,,,,,,,,,,,41.53472,3.0,2.0,,,,,41.53472,0.4496887,0.03684782,41.53472,0.4496887,27.66213,41.53472,0.4496887,0.0012282607,41.53472,0.4496887,0.051331736,41.53472,0.4496887,6.0,,,,,,,
41.53472,0.3897302,4.710918,41.53472,0.3897302,0.24860924,,,,,,,,,,,,,,,,,,,,,,,,,,,,,,,,,,,,,,,,,,,,,,,,,,,,,,,,,,,,,41.53472,0.3897302,15294.54,41.53472,0.3897302,886.0283,,,,,,,,,,,,,,,,,41.53472,0.47966793,0.24430871,41.53472,0.47966793,0.012917761,,,,,,,,,,,,,41.53472,4.0,0.0,,,,,41.53472,0.47966793,0.038338713,41.53472,0.47966793,27.668692,41.53472,0.47966793,0.0012779571,41.53472,0.47966793,0.05020252,41.53472,0.47966793,6.0,,,,,,,
41.53472,0.41970944,4.3889036,41.53472,0.41970944,0.2426298,,,,,,,,,,,,,,,,,,,,,,,,,,,,,,,,,,,,,,,,,,,,,,,,,,,,,,,,,,,,,41.53472,0.41970944,14250.02,41.53472,0.41970944,865.1419,,,,,,,,,,,,,,,,,41.53472,0.5096472,0.24840315,41.53472,0.5096472,0.013057947,,,,,,,,,,,,,41.53472,4.0,1.0,,,,,41.53472,0.5096472,0.040111586,41.53472,0.5096472,27.67649,41.53472,0.5096472,0.0013370528,41.53472,0.5096472,0.04994027,41.53472,0.5096472,6.0,,,,,,,
41.53472,0.44968867,4.0114083,41.53472,0.44968867,0.22426002,,,,,,,,,,,,,,,,,,,,,,,,,,,,,,,,,,,,,,,,,,,,,,,,,,,,,,,,,,,,,41.53472,0.44968867,13029.237,41.53472,0.44968867,799.38684,,,,,,,,,,,,,,,,,41.53472,0.5396264,0.25152957,41.53472,0.5396264,0.012884784,,,,,,,,,,,,,41.53472,4.0,2.0,,,,,41.53472,0.5396264,0.041654453,41.53472,0.5396264,27.683279,41.53472,0.5396264,0.0013884816,41.53472,0.5396264,0.04870581,41.53472,0.5396264,6.0,,,,,,,
41.53472,0.47966793,3.6684663,41.53472,0.47966793,0.20056523,,,,,,,,,,,,,,,,,,,,,,,,,,,,,,,,,,,,,,,,,,,,,,,,,,,,,,,,,,,,,41.53472,0.47966793,11919.402,41.53472,0.47966793,715.0066,,,,,,,,,,,,,,,,,41.53472,0.56960565,0.2519945,41.53472,0.56960565,0.0125873415,,,,,,,,,,,,,41.53472,5.0,0.0,,,,,41.53472,0.56960565,0.042204775,41.53472,0.56960565,27.6857,41.53472,0.56960565,0.0014068257,41.53472,0.56960565,0.047566447,41.53472,0.56960565,6.0,,,,,,,
41.53472,0.5096472,3.3436115,41.53472,0.5096472,0.18186823,,,,,,,,,,,,,,,,,,,,,,,,,,,,,,,,,,,,,,,,,,,,,,,,,,,,,,,,,,,,,41.53472,0.5096472,10860.27,41.53472,0.5096472,647.9439,,,,,,,,,,,,,,,,,41.53472,0.59958494,0.25268984,41.53472,0.59958494,0.012260629,,,,,,,,,,,,,41.53472,5.0,1.0,,,,,41.53472,0.59958494,0.04288509,41.53472,0.59958494,27.688694,41.53472,0.59958494,0.0014295031,41.53472,0.59958494,0.046278726,41.53472,0.59958494,6.0,,,,,,,
41.53472,0.5396264,3.0494423,41.53472,0.5396264,0.16157965,,,,,,,,,,,,,,,,,,,,,,,,,,,,,,,,,,,,,,,,,,,,,,,,,,,,,,,,,,,,,41.53472,0.5396264,9903.378,41.53472,0.5396264,575.4096,,,,,,,,,,,,,,,,,41.53472,0.62956417,0.25355628,41.53472,0.62956417,0.0122712795,,,,,,,,,,,,,41.53472,5.0,2.0,,,,,41.53472,0.62956417,0.043595426,41.53472,0.62956417,27.69182,41.53472,0.62956417,0.001453181,41.53472,0.62956417,0.04616755,41.53472,0.62956417,6.0,,,,,,,
41.53472,0.56960565,2.773717,41.53472,0.56960565,0.14396848,,,,,,,,,,,,,,,,,,,,,,,,,,,,,,,,,,,,,,,,,,,,,,,,,,,,,,,,,,,,,41.53472,0.56960565,9007.31,41.53472,0.56960565,512.93695,,,,,,,,,,,,,,,,,41.53472,0.6595434,0.25217754,41.53472,0.6595434,0.012333394,,,,,,,,,,,,,41.53472,6.0,0.0,,,,,41.53472,0.6595434,0.04351394,41.53472,0.6595434,27.691462,41.53472,0.6595434,0.0014504647,41.53472,0.6595434,0.046640933,41.53472,0.6595434,6.0,,,,,,,
41.53472,0.59958494,2.5289304,41.53472,0.59958494,0.12780009,,,,,,,,,,,,,,,,,,,,,,,,,,,,,,,,,,,,,,,,,,,,,,,,,,,,,,,,,,,,,41.53472,0.59958494,8206.517,41.53472,0.59958494,454.09442,,,,,,,,,,,,,,,,,41.53472,0.6895227,0.25384334,41.53472,0.6895227,0.011876043,,,,,,,,,,,,,41.53472,6.0,1.0,,,,,41.53472,0.6895227,0.044412393,41.53472,0.6895227,27.695414,41.53472,0.6895227,0.0014804131,41.53472,0.6895227,0.04468374,41.53472,0.6895227,6.0,,,,,,,
41.53472,0.62956417,2.3145025,41.53472,0.62956417,0.11686746,,,,,,,,,,,,,,,,,,,,,,,,,,,,,,,,,,,,,,,,,,,,,,,,,,,,,,,,,,,,,41.53472,0.62956417,7513.144,41.53472,0.62956417,416.20963,,,,,,,,,,,,,,,,,41.53472,0.7195019,0.2539922,41.53472,0.7195019,0.012121872,,,,,,,,,,,,,41.53472,6.0,2.0,,,,,41.53472,0.7195019,0.04490402,41.53472,0.7195019,27.697578,41.53472,0.7195019,0.0014968007,41.53472,0.7195019,0.045550846,41.53472,0.7195019,6.0,,,,,,,
41.53472,0.6595434,2.1194108,41.53472,0.6595434,0.10834449,,,,,,,,,,,,,,,,,,,,,,,,,,,,,,,,,,,,,,,,,,,,,,,,,,,,,,,,,,,,,41.53472,0.6595434,6878.847,41.53472,0.6595434,385.78125,,,,,,,,,,,,,,,,,41.53472,0.74948114,0.25607067,41.53472,0.74948114,0.012260323,,,,,,,,,,,,,41.53472,7.0,0.0,,,,,41.53472,0.74948114,0.046073917,41.53472,0.74948114,27.702724,41.53472,0.74948114,0.0015357973,41.53472,0.74948114,0.0456632,41.53472,0.74948114,6.0,,,,,,,
41.53472,0.6895226,1.9642421,41.53472,0.6895226,0.09651941,,,,,,,,,,,,,,,,,,,,,,,,,,,,,,,,,,,,,,,,,,,,,,,,,,,,,,,,,,,,,41.53472,0.6895226,6377.6997,41.53472,0.6895226,342.79178,,,,,,,,,,,,,,,,,41.53472,0.7794604,0.25529835,41.53472,0.7794604,0.012377266,,,,,,,,,,,,,41.53472,7.0,1.0,,,,,41.53472,0.7794604,0.046237506,41.53472,0.7794604,27.703447,41.53472,0.7794604,0.0015412503,41.53472,0.7794604,0.04622703,41.53472,0.7794604,6.0,,,,,,,
41.53472,0.7195019,1.8148594,41.53472,0.7195019,0.09091179,,,,,,,,,,,,,,,,,,,,,,,,,,,,,,,,,,,,,,,,,,,,,,,,,,,,,,,,,,,,,41.53472,0.7195019,5889.773,41.53472,0.7195019,323.5276,,,,,,,,,,,,,,,,,41.53472,0.80943966,0.25475472,41.53472,0.80943966,0.0124236625,,,,,,,,,,,,,41.53472,7.0,2.0,,,,,41.53472,0.80943966,0.046520934,41.53472,0.80943966,27.704693,41.53472,0.80943966,0.0015506978,41.53472,0.80943966,0.04649332,41.53472,0.80943966,6.0,,,,,,,
41.53472,0.74948114,1.6896027,41.53472,0.74948114,0.085066184,,,,,,,,,,,,,,,,,,,,,,,,,,,,,,,,,,,,,,,,,,,,,,,,,,,,,,,,,,,,,41.53472,0.74948114,5487.24,41.53472,0.74948114,301.57156,,,,,,,,,,,,,,,,,41.53472,0.8394189,0.25676185,41.53472,0.8394189,0.01234589,,,,,,,,,,,,,41.53472,8.0,0.0,,,,,41.53472,0.8394189,0.04760276,41.53472,0.8394189,27.709452,41.53472,0.8394189,0.0015867588,41.53472,0.8394189,0.045881625,41.53472,0.8394189,6.0,,,,,,,
41.53472,0.7794604,1.5733007,41.53472,0.7794604,0.080395654,,,,,,,,,,,,,,,,,,,,,,,,,,,,,,,,,,,,,,,,,,,,,,,,,,,,,,,,,,,,,41.53472,0.7794604,5108.909,41.53472,0.7794604,284.85315,,,,,,,,,,,,,,,,,41.53472,0.8693981,0.25524825,41.53472,0.8693981,0.012145277,,,,,,,,,,,,,41.53472,8.0,1.0,,,,,41.53472,0.8693981,0.04743567,41.53472,0.8693981,27.708715,41.53472,0.8693981,0.001581189,41.53472,0.8693981,0.045455936,41.53472,0.8693981,6.0,,,,,,,
41.53472,0.80943966,1.4738508,41.53472,0.80943966,0.07606724,,,,,,,,,,,,,,,,,,,,,,,,,,,,,,,,,,,,,,,,,,,,,,,,,,,,,,,,,,,,,41.53472,0.80943966,4785.2754,41.53472,0.80943966,270.0947,,,,,,,,,,,,,,,,,41.53472,0.8993774,0.25563806,41.53472,0.8993774,0.0115758665,,,,,,,,,,,,,41.53472,8.0,2.0,,,,,41.53472,0.8993774,0.048160303,41.53472,0.8993774,27.711906,41.53472,0.8993774,0.0016053435,41.53472,0.8993774,0.043343738,41.53472,0.8993774,6.0,,,,,,,
41.53472,0.8394189,1.389112,41.53472,0.8394189,0.070801735,,,,,,,,,,,,,,,,,,,,,,,,,,,,,,,,,,,,,,,,,,,,,,,,,,,,,,,,,,,,,41.53472,0.8394189,4511.048,41.53472,0.8394189,250.8682,,,,,,,,,,,,,,,,,41.53472,0.92935663,0.25521362,41.53472,0.92935663,0.012030022,,,,,,,,,,,,,41.53472,9.0,0.0,,,,,41.53472,0.92935663,0.04844997,41.53472,0.92935663,27.713177,41.53472,0.92935663,0.0016149989,41.53472,0.92935663,0.04499535,41.53472,0.92935663,6.0,,,,,,,
41.53472,0.8693981,1.2991374,41.53472,0.8693981,0.065536216,,,,,,,,,,,,,,,,,,,,,,,,,,,,,,,,,,,,,,,,,,,,,,,,,,,,,,,,,,,,,41.53472,0.8693981,4217.3394,41.53472,0.8693981,232.26068,,,,,,,,,,,,,,,,,41.53472,0.95933586,0.24901353,41.53472,0.95933586,0.011704619,,,,,,,,,,,,,41.53472,9.0,1.0,,,,,41.53472,0.95933586,0.046633378,41.53472,0.95933586,27.705187,41.53472,0.95933586,0.0015544458,41.53472,0.95933586,0.044876818,41.53472,0.95933586,6.0,,,,,,,
41.53472,0.89937735,1.2158263,41.53472,0.89937735,0.05884278,,,,,,,,,,,,,,,,,,,,,,,,,,,,,,,,,,,,,,,,,,,,,,,,,,,,,,,,,,,,,41.53472,0.89937735,3944.4314,41.53472,0.89937735,208.52667,,,,,,,,,,,,,,,,,41.53472,0.98931515,0.24463017,41.53472,0.98931515,0.0116471965,,,,,,,,,,,,,41.53472,9.0,2.0,,,,,41.53472,0.98931515,0.045509204,41.53472,0.98931515,27.70024,41.53472,0.98931515,0.0015169734,41.53472,0.98931515,0.04541966,41.53472,0.98931515,6.0,,,,,,,
41.53472,0.92935663,1.1425999,41.53472,0.92935663,0.05750409,,,,,,,,,,,,,,,,,,,,,,,,,,,,,,,,,,,,,,,,,,,,,,,,,,,,,,,,,,,,,41.53472,0.92935663,3708.4878,41.53472,0.92935663,203.04451,,,,,,,,,,,,,,,,,41.53472,1.0192944,0.23950318,41.53472,1.0192944,0.011513942,,,,,,,,,,,,,,,,,,,,41.53472,1.0192944,0.04412309,41.53472,1.0192944,27.694141,41.53472,1.0192944,0.0014707699,41.53472,1.0192944,0.045860816,41.53472,1.0192944,6.0,,,,,,,
41.53472,0.95933586,1.0541276,41.53472,0.95933586,0.05305667,,,,,,,,,,,,,,,,,,,,,,,,,,,,,,,,,,,,,,,,,,,,,,,,,,,,,,,,,,,,,41.53472,0.95933586,3423.9768,41.53472,0.95933586,188.12999,,,,,,,,,,,,,,,,,41.53472,1.0492736,0.23372589,41.53472,1.0492736,0.010366678,,,,,,,,,,,,,,,,,,,,41.53472,1.0492736,0.04237942,41.53472,1.0492736,27.68647,41.53472,1.0492736,0.0014126473,41.53472,1.0492736,0.042463534,41.53472,1.0492736,6.0,,,,,,,
41.53472,0.9893151,0.97456485,41.53472,0.9893151,0.049665328,,,,,,,,,,,,,,,,,,,,,,,,,,,,,,,,,,,,,,,,,,,,,,,,,,,,,,,,,,,,,41.53472,0.9893151,3163.0168,41.53472,0.9893151,175.69716,,,,,,,,,,,,,,,,,41.53472,1.0792528,0.23270366,41.53472,1.0792528,0.009570156,,,,,,,,,,,,,,,,,,,,41.53472,1.0792528,0.04240423,41.53472,1.0792528,27.686577,41.53472,1.0792528,0.0014134743,41.53472,1.0792528,0.03952454,41.53472,1.0792528,6.0,,,,,,,
41.53472,1.0192944,0.9099509,41.53472,1.0192944,0.047062322,,,,,,,,,,,,,,,,,,,,,,,,,,,,,,,,,,,,,,,,,,,,,,,,,,,,,,,,,,,,,41.53472,1.0192944,2952.9075,41.53472,1.0192944,165.99535,,,,,,,,,,,,,,,,,41.53472,1.1092321,0.22642416,41.53472,1.1092321,0.008545409,,,,,,,,,,,,,,,,,,,,41.53472,1.1092321,0.040603682,41.53472,1.1092321,27.678658,41.53472,1.1092321,0.0013534562,41.53472,1.1092321,0.036375593,41.53472,1.1092321,6.0,,,,,,,
41.53472,1.0492736,0.8441023,41.53472,1.0492736,0.040800232,,,,,,,,,,,,,,,,,,,,,,,,,,,,,,,,,,,,,,,,,,,,,,,,,,,,,,,,,,,,,41.53472,1.0492736,2739.756,41.53472,1.0492736,143.88435,,,,,,,,,,,,,,,,,41.53472,1.1392113,0.21951424,41.53472,1.1392113,0.00841191,,,,,,,,,,,,,,,,,,,,41.53472,1.1392113,0.038391244,41.53472,1.1392113,27.668922,41.53472,1.1392113,0.001279708,41.53472,1.1392113,0.03692475,41.53472,1.1392113,6.0,,,,,,,
41.53472,1.0792528,0.7938569,41.53472,1.0792528,0.036159452,,,,,,,,,,,,,,,,,,,,,,,,,,,,,,,,,,,,,,,,,,,,,,,,,,,,,,,,,,,,,41.53472,1.0792528,2576.163,41.53472,1.0792528,126.89209,,,,,,,,,,,,,,,,,41.53472,1.1691906,0.21693474,41.53472,1.1691906,0.008213209,,,,,,,,,,,,,,,,,,,,41.53472,1.1691906,0.037794456,41.53472,1.1691906,27.666296,41.53472,1.1691906,0.0012598153,41.53472,1.1691906,0.036473207,41.53472,1.1691906,6.0,,,,,,,
41.53472,1.1092321,0.73656106,41.53472,1.1092321,0.031102188,,,,,,,,,,,,,,,,,,,,,,,,,,,,,,,,,,,,,,,,,,,,,,,,,,,,,,,,,,,,,41.53472,1.1092321,2391.2898,41.53472,1.1092321,109.27701,,,,,,,,,,,,,,,,,41.53472,1.1991699,0.21251233,41.53472,1.1991699,0.008203622,,,,,,,,,,,,,,,,,,,,41.53472,1.1991699,0.036561713,41.53472,1.1991699,27.660872,41.53472,1.1991699,0.0012187238,41.53472,1.1991699,0.037155136,41.53472,1.1991699,6.0,,,,,,,
41.53472,1.1392113,0.67902726,41.53472,1.1392113,0.029153652,,,,,,,,,,,,,,,,,,,,,,,,,,,,,,,,,,,,,,,,,,,,,,,,,,,,,,,,,,,,,41.53472,1.1392113,2202.1978,41.53472,1.1392113,101.787994,,,,,,,,,,,,,,,,,41.53472,1.2291491,0.21160643,41.53472,1.2291491,0.007971602,,,,,,,,,,,,,,,,,,,,41.53472,1.2291491,0.036673512,41.53472,1.2291491,27.661362,41.53472,1.2291491,0.0012224504,41.53472,1.2291491,0.036260325,41.53472,1.2291491,6.0,,,,,,,
41.53472,1.1691905,0.638227,41.53472,1.1691905,0.027219992,,,,,,,,,,,,,,,,,,,,,,,,,,,,,,,,,,,,,,,,,,,,,,,,,,,,,,,,,,,,,41.53472,1.1691905,2070.5967,41.53472,1.1691905,94.88688,,,,,,,,,,,,,,,,,41.53472,1.2591283,0.20815927,41.53472,1.2591283,0.0075333435,,,,,,,,,,,,,,,,,,,,41.53472,1.2591283,0.035701543,41.53472,1.2591283,27.657087,41.53472,1.2591283,0.0011900513,41.53472,1.2591283,0.034901578,41.53472,1.2591283,6.0,,,,,,,
41.53472,1.1991699,0.59979177,41.53472,1.1991699,0.026104417,,,,,,,,,,,,,,,,,,,,,,,,,,,,,,,,,,,,,,,,,,,,,,,,,,,,,,,,,,,,,41.53472,1.1991699,1946.687,41.53472,1.1991699,91.009834,,,,,,,,,,,,,,,,,41.53472,1.2891076,0.20543846,41.53472,1.2891076,0.0075100586,,,,,,,,,,,,,,,,,,,,41.53472,1.2891076,0.035063814,41.53472,1.2891076,27.654282,41.53472,1.2891076,0.0011687938,41.53472,1.2891076,0.03522084,41.53472,1.2891076,6.0,,,,,,,
41.53472,1.2291491,0.565923,41.53472,1.2291491,0.024364123,,,,,,,,,,,,,,,,,,,,,,,,,,,,,,,,,,,,,,,,,,,,,,,,,,,,,,,,,,,,,41.53472,1.2291491,1836.3088,41.53472,1.2291491,84.71931,,,,,,,,,,,,,,,,,41.53472,1.3190868,0.204849,41.53472,1.3190868,0.0070249597,,,,,,,,,,,,,,,,,,,,41.53472,1.3190868,0.03516258,41.53472,1.3190868,27.654716,41.53472,1.3190868,0.0011720858,41.53472,1.3190868,0.0331461,41.53472,1.3190868,6.0,,,,,,,
41.53472,1.2591283,0.5362636,41.53472,1.2591283,0.022385841,,,,,,,,,,,,,,,,,,,,,,,,,,,,,,,,,,,,,,,,,,,,,,,,,,,,,,,,,,,,,41.53472,1.2591283,1738.4839,41.53472,1.2591283,78.11523,,,,,,,,,,,,,,,,,41.53472,1.349066,0.19924028,41.53472,1.349066,0.007094082,,,,,,,,,,,,,,,,,,,,41.53472,1.349066,0.03349706,41.53472,1.349066,27.647387,41.53472,1.349066,0.0011165687,41.53472,1.349066,0.034348037,41.53472,1.349066,6.0,,,,,,,
41.53472,1.2891076,0.5062918,41.53472,1.2891076,0.021389259,,,,,,,,,,,,,,,,,,,,,,,,,,,,,,,,,,,,,,,,,,,,,,,,,,,,,,,,,,,,,41.53472,1.2891076,1642.3617,41.53472,1.2891076,74.078125,,,,,,,,,,,,,,,,,41.53472,1.3790454,0.19705066,41.53472,1.3790454,0.006635295,,,,,,,,,,,,,,,,,,,,41.53472,1.3790454,0.032898117,41.53472,1.3790454,27.644753,41.53472,1.3790454,0.0010966039,41.53472,1.3790454,0.03256798,41.53472,1.3790454,6.0,,,,,,,
41.53472,1.3190868,0.4830284,41.53472,1.3190868,0.019396104,,,,,,,,,,,,,,,,,,,,,,,,,,,,,,,,,,,,,,,,,,,,,,,,,,,,,,,,,,,,,41.53472,1.3190868,1566.6138,41.53472,1.3190868,67.214226,,,,,,,,,,,,,,,,,41.53472,1.4090246,0.19369572,41.53472,1.4090246,0.006861677,,,,,,,,,,,,,,,,,,,,41.53472,1.4090246,0.03200473,41.53472,1.4090246,27.640821,41.53472,1.4090246,0.0010668242,41.53472,1.4090246,0.034240585,41.53472,1.4090246,6.0,,,,,,,
41.53472,1.349066,0.45121226,41.53472,1.349066,0.018860629,,,,,,,,,,,,,,,,,,,,,,,,,,,,,,,,,,,,,,,,,,,,,,,,,,,,,,,,,,,,,41.53472,1.349066,1461.8466,41.53472,1.349066,65.53547,,,,,,,,,,,,,,,,,41.53472,1.4390038,0.1904976,41.53472,1.4390038,0.0065825004,,,,,,,,,,,,,,,,,,,,41.53472,1.4390038,0.031164195,41.53472,1.4390038,27.637123,41.53472,1.4390038,0.0010388065,41.53472,1.4390038,0.033405427,41.53472,1.4390038,6.0,,,,,,,
41.53472,1.3790452,0.4295404,41.53472,1.3790452,0.017150082,,,,,,,,,,,,,,,,,,,,,,,,,,,,,,,,,,,,,,,,,,,,,,,,,,,,,,,,,,,,,41.53472,1.3790452,1393.882,41.53472,1.3790452,58.78744,,,,,,,,,,,,,,,,,41.53472,1.468983,0.19325948,41.53472,1.468983,0.0064635924,,,,,,,,,,,,,,,,,,,,41.53472,1.468983,0.032399997,41.53472,1.468983,27.642561,41.53472,1.468983,0.0010799998,41.53472,1.468983,0.032289837,41.53472,1.468983,6.0,,,,,,,
41.53472,1.4090246,0.40532503,41.53472,1.4090246,0.017060837,,,,,,,,,,,,,,,,,,,,,,,,,,,,,,,,,,,,,,,,,,,,,,,,,,,,,,,,,,,,,41.53472,1.4090246,1313.7677,41.53472,1.4090246,58.673557,,,,,,,,,,,,,,,,,41.53472,1.4989623,0.19132341,41.53472,1.4989623,0.0062669087,,,,,,,,,,,,,,,,,,,,41.53472,1.4989623,0.031994805,41.53472,1.4989623,27.640778,41.53472,1.4989623,0.0010664933,41.53472,1.4989623,0.03164967,41.53472,1.4989623,6.0,,,,,,,
41.53472,1.4390038,0.38414395,41.53472,1.4390038,0.016213,,,,,,,,,,,,,,,,,,,,,,,,,,,,,,,,,,,,,,,,,,,,,,,,,,,,,,,,,,,,,41.53472,1.4390038,1245.2661,41.53472,1.4390038,55.60722,,,,,,,,,,,,,,,,,41.53472,1.5289415,0.18865389,41.53472,1.5289415,0.0062565887,,,,,,,,,,,,,,,,,,,,41.53472,1.5289415,0.031299733,41.53472,1.5289415,27.637718,41.53472,1.5289415,0.0010433246,41.53472,1.5289415,0.032063127,41.53472,1.5289415,6.0,,,,,,,
41.53472,1.468983,0.37034065,41.53472,1.468983,0.015052806,,,,,,,,,,,,,,,,,,,,,,,,,,,,,,,,,,,,,,,,,,,,,,,,,,,,,,,,,,,,,41.53472,1.468983,1199.8861,41.53472,1.468983,51.429092,,,,,,,,,,,,,,,,,41.53472,1.5589207,0.18620951,41.53472,1.5589207,0.006044963,,,,,,,,,,,,,,,,,,,,41.53472,1.5589207,0.030614108,41.53472,1.5589207,27.634705,41.53472,1.5589207,0.0010204702,41.53472,1.5589207,0.031414576,41.53472,1.5589207,6.0,,,,,,,
41.53472,1.4989623,0.35552585,41.53472,1.4989623,0.014323961,,,,,,,,,,,,,,,,,,,,,,,,,,,,,,,,,,,,,,,,,,,,,,,,,,,,,,,,,,,,,41.53472,1.4989623,1152.5667,41.53472,1.4989623,48.904743,,,,,,,,,,,,,,,,,41.53472,1.5889001,0.18207484,41.53472,1.5889001,0.005897445,,,,,,,,,,,,,,,,,,,,41.53472,1.5889001,0.029419627,41.53472,1.5889001,27.629448,41.53472,1.5889001,0.0009806543,41.53472,1.5889001,0.03139598,41.53472,1.5889001,6.0,,,,,,,
41.53472,1.5289415,0.33787,41.53472,1.5289415,0.013773614,,,,,,,,,,,,,,,,,,,,,,,,,,,,,,,,,,,,,,,,,,,,,,,,,,,,,,,,,,,,,41.53472,1.5289415,1094.4292,41.53472,1.5289415,46.713936,,,,,,,,,,,,,,,,,41.53472,1.6188793,0.18093115,41.53472,1.6188793,0.0056192987,,,,,,,,,,,,,,,,,,,,41.53472,1.6188793,0.029314168,41.53472,1.6188793,27.628983,41.53472,1.6188793,0.0009771389,41.53472,1.6188793,0.030083163,41.53472,1.6188793,6.0,,,,,,,
41.53472,1.5589207,0.32436413,41.53472,1.5589207,0.013267886,,,,,,,,,,,,,,,,,,,,,,,,,,,,,,,,,,,,,,,,,,,,,,,,,,,,,,,,,,,,,41.53472,1.5589207,1050.8448,41.53472,1.5589207,45.36731,,,,,,,,,,,,,,,,,41.53472,1.6488585,0.18043382,41.53472,1.6488585,0.005721195,,,,,,,,,,,,,,,,,,,,41.53472,1.6488585,0.029317684,41.53472,1.6488585,27.628996,41.53472,1.6488585,0.0009772561,41.53472,1.6488585,0.030694386,41.53472,1.6488585,6.0,,,,,,,
41.53472,1.5889,0.3061431,41.53472,1.5889,0.012479548,,,,,,,,,,,,,,,,,,,,,,,,,,,,,,,,,,,,,,,,,,,,,,,,,,,,,,,,,,,,,41.53472,1.5889,992.0638,41.53472,1.5889,42.55961,,,,,,,,,,,,,,,,,41.53472,1.6788378,0.17770617,41.53472,1.6788378,0.0058110743,,,,,,,,,,,,,,,,,,,,41.53472,1.6788378,0.028612627,41.53472,1.6788378,27.625895,41.53472,1.6788378,0.0009537541,41.53472,1.6788378,0.031649582,41.53472,1.6788378,6.0,,,,,,,
41.53472,1.6188793,0.2923546,41.53472,1.6188793,0.011765581,,,,,,,,,,,,,,,,,,,,,,,,,,,,,,,,,,,,,,,,,,,,,,,,,,,,,,,,,,,,,41.53472,1.6188793,947.898,41.53472,1.6188793,39.586006,,,,,,,,,,,,,,,,,41.53472,1.708817,0.17468382,41.53472,1.708817,0.005868042,,,,,,,,,,,,,,,,,,,,41.53472,1.708817,0.027853616,41.53472,1.708817,27.622555,41.53472,1.708817,0.00092845387,41.53472,1.708817,0.03248673,41.53472,1.708817,6.0,,,,,,,
41.53472,1.6488585,0.2807675,41.53472,1.6488585,0.01137885,,,,,,,,,,,,,,,,,,,,,,,,,,,,,,,,,,,,,,,,,,,,,,,,,,,,,,,,,,,,,41.53472,1.6488585,909.7226,41.53472,1.6488585,38.24003,,,,,,,,,,,,,,,,,41.53472,1.7387962,0.17047304,41.53472,1.7387962,0.0057659075,,,,,,,,,,,,,,,,,,,,41.53472,1.7387962,0.026358953,41.53472,1.7387962,27.61598,41.53472,1.7387962,0.0008786318,41.53472,1.7387962,0.03276817,41.53472,1.7387962,6.0,,,,,,,
41.53472,1.6788378,0.26778224,41.53472,1.6788378,0.011215231,,,,,,,,,,,,,,,,,,,,,,,,,,,,,,,,,,,,,,,,,,,,,,,,,,,,,,,,,,,,,41.53472,1.6788378,867.80743,41.53472,1.6788378,37.968746,,,,,,,,,,,,,,,,,41.53472,1.7687756,0.16689818,41.53472,1.7687756,0.005687794,,,,,,,,,,,,,,,,,,,,41.53472,1.7687756,0.025274416,41.53472,1.7687756,27.61121,41.53472,1.7687756,0.0008424805,41.53472,1.7687756,0.03289314,41.53472,1.7687756,6.0,,,,,,,
41.53472,1.708817,0.2559274,41.53472,1.708817,0.01100699,,,,,,,,,,,,,,,,,,,,,,,,,,,,,,,,,,,,,,,,,,,,,,,,,,,,,,,,,,,,,41.53472,1.708817,828.2105,41.53472,1.708817,37.033684,,,,,,,,,,,,,,,,,41.53472,1.7987548,0.15334874,41.53472,1.7987548,0.0056318366,,,,,,,,,,,,,,,,,,,,41.53472,1.7987548,0.020256635,41.53472,1.7987548,27.589132,41.53472,1.7987548,0.0006752212,41.53472,1.7987548,0.035358723,41.53472,1.7987548,6.0,,,,,,,
41.53472,1.7387962,0.23837572,41.53472,1.7387962,0.010397145,,,,,,,,,,,,,,,,,,,,,,,,,,,,,,,,,,,,,,,,,,,,,,,,,,,,,,,,,,,,,41.53472,1.7387962,772.35394,41.53472,1.7387962,34.84201,,,,,,,,,,,,,,,,,41.53472,1.828734,0.14819688,41.53472,1.828734,0.005617974,,,,,,,,,,,,,,,,,,,,41.53472,1.828734,0.018459365,41.53472,1.828734,27.581219,41.53472,1.828734,0.0006153122,41.53472,1.828734,0.036444534,41.53472,1.828734,6.0,,,,,,,
41.53472,1.7687755,0.22957012,41.53472,1.7687755,0.010114532,,,,,,,,,,,,,,,,,,,,,,,,,,,,,,,,,,,,,,,,,,,,,,,,,,,,,,,,,,,,,41.53472,1.7687755,743.4912,41.53472,1.7687755,34.047874,,,,,,,,,,,,,,,,,41.53472,1.8587133,0.14641854,41.53472,1.8587133,0.0049802046,,,,,,,,,,,,,,,,,,,,41.53472,1.8587133,0.018026542,41.53472,1.8587133,27.579317,41.53472,1.8587133,0.0006008848,41.53472,1.8587133,0.032898568,41.53472,1.8587133,6.0,,,,,,,
41.53472,1.7987547,0.20681244,41.53472,1.7987547,0.010010412,,,,,,,,,,,,,,,,,,,,,,,,,,,,,,,,,,,,,,,,,,,,,,,,,,,,,,,,,,,,,41.53472,1.7987547,669.5945,41.53472,1.7987547,33.443516,,,,,,,,,,,,,,,,,41.53472,1.8886925,0.14454156,41.53472,1.8886925,0.0049299668,,,,,,,,,,,,,,,,,,,,41.53472,1.8886925,0.017584937,41.53472,1.8886925,27.577375,41.53472,1.8886925,0.00058616453,41.53472,1.8886925,0.032922894,41.53472,1.8886925,6.0,,,,,,,
41.53472,1.828734,0.18933512,41.53472,1.828734,0.0093261935,,,,,,,,,,,,,,,,,,,,,,,,,,,,,,,,,,,,,,,,,,,,,,,,,,,,,,,,,,,,,41.53472,1.828734,613.2753,41.53472,1.828734,31.203465,,,,,,,,,,,,,,,,,41.53472,1.9186717,0.14292866,41.53472,1.9186717,0.0045762192,,,,,,,,,,,,,,,,,,,,41.53472,1.9186717,0.017246578,41.53472,1.9186717,27.575888,41.53472,1.9186717,0.00057488587,41.53472,1.9186717,0.030996833,41.53472,1.9186717,6.0,,,,,,,
41.53472,1.8587133,0.18432248,41.53472,1.8587133,0.008418861,,,,,,,,,,,,,,,,,,,,,,,,,,,,,,,,,,,,,,,,,,,,,,,,,,,,,,,,,,,,,41.53472,1.8587133,597.37823,41.53472,1.8587133,27.84477,,,,,,,,,,,,,,,,,41.53472,1.948651,0.14205937,41.53472,1.948651,0.0047410466,,,,,,,,,,,,,,,,,,,,41.53472,1.948651,0.017110175,41.53472,1.948651,27.575285,41.53472,1.948651,0.00057033915,41.53472,1.948651,0.03229149,41.53472,1.948651,6.0,,,,,,,
41.53472,1.8886925,0.17535324,41.53472,1.8886925,0.00831474,,,,,,,,,,,,,,,,,,,,,,,,,,,,,,,,,,,,,,,,,,,,,,,,,,,,,,,,,,,,,41.53472,1.8886925,567.26746,41.53472,1.8886925,27.521479,,,,,,,,,,,,,,,,,41.53472,1.9786303,0.13974793,41.53472,1.9786303,0.004940474,,,,,,,,,,,,,,,,,,,,41.53472,1.9786303,0.01626189,41.53472,1.9786303,27.571554,41.53472,1.9786303,0.00054206303,41.53472,1.9786303,0.034172177,41.53472,1.9786303,6.0,,,,,,,
41.53472,1.9186717,0.16738063,41.53472,1.9186717,0.00755615,,,,,,,,,,,,,,,,,,,,,,,,,,,,,,,,,,,,,,,,,,,,,,,,,,,,,,,,,,,,,41.53472,1.9186717,541.12085,41.53472,1.9186717,24.714314,,,,,,,,,,,,,,,,,41.53472,2.0086095,0.13871647,41.53472,2.0086095,0.004547894,,,,,,,,,,,,,,,,,,,,41.53472,2.0086095,0.01616622,41.53472,2.0086095,27.57113,41.53472,2.0086095,0.000538874,41.53472,2.0086095,0.031699732,41.53472,2.0086095,6.0,,,,,,,
41.53472,1.948651,0.16193664,41.53472,1.948651,0.007585899,,,,,,,,,,,,,,,,,,,,,,,,,,,,,,,,,,,,,,,,,,,,,,,,,,,,,,,,,,,,,41.53472,1.948651,522.92377,41.53472,1.948651,24.788649,,,,,,,,,,,,,,,,,41.53472,2.0385888,0.1373021,41.53472,2.0385888,0.0047095735,,,,,,,,,,,,,,,,,,,,41.53472,2.0385888,0.01581341,41.53472,2.0385888,27.569578,41.53472,2.0385888,0.0005271137,41.53472,2.0385888,0.033139683,41.53472,2.0385888,6.0,,,,,,,
41.53472,1.9786302,0.15522832,41.53472,1.9786302,0.0076602707,,,,,,,,,,,,,,,,,,,,,,,,,,,,,,,,,,,,,,,,,,,,,,,,,,,,,,,,,,,,,41.53472,1.9786302,502.19418,41.53472,1.9786302,25.141872,,,,,,,,,,,,,,,,,41.53472,2.068568,0.13722491,41.53472,2.068568,0.0043252143,,,,,,,,,,,,,,,,,,,,41.53472,2.068568,0.016030844,41.53472,2.068568,27.570534,41.53472,2.068568,0.00053436146,41.53472,2.068568,0.030468974,41.53472,2.068568,6.0,,,,,,,
41.53472,2.0086095,0.1499182,41.53472,2.0086095,0.0070206756,,,,,,,,,,,,,,,,,,,,,,,,,,,,,,,,,,,,,,,,,,,,,,,,,,,,,,,,,,,,,41.53472,2.0086095,484.22852,41.53472,2.0086095,23.035393,,,,,,,,,,,,,,,,,41.53472,2.0985472,0.13544965,41.53472,2.0985472,0.003848998,,,,,,,,,,,,,,,,,,,,41.53472,2.0985472,0.015420154,41.53472,2.0985472,27.567848,41.53472,2.0985472,0.0005140051,41.53472,2.0985472,0.0275124,41.53472,2.0985472,5.0,,,,,,,
41.53472,2.0385888,0.14392383,41.53472,2.0385888,0.00713967,,,,,,,,,,,,,,,,,,,,,,,,,,,,,,,,,,,,,,,,,,,,,,,,,,,,,,,,,,,,,41.53472,2.0385888,465.77826,41.53472,2.0385888,23.327185,,,,,,,,,,,,,,,,,41.53472,2.1285264,0.13374633,41.53472,2.1285264,0.004185199,,,,,,,,,,,,,,,,,,,,41.53472,2.1285264,0.014837129,41.53472,2.1285264,27.565285,41.53472,2.1285264,0.00049457094,41.53472,2.1285264,0.030342558,41.53472,2.1285264,6.0,,,,,,,
41.53472,2.068568,0.13840549,41.53472,2.068568,0.0063513312,,,,,,,,,,,,,,,,,,,,,,,,,,,,,,,,,,,,,,,,,,,,,,,,,,,,,,,,,,,,,41.53472,2.068568,446.63242,41.53472,2.068568,20.470543,,,,,,,,,,,,,,,,,41.53472,2.1585057,0.13050991,41.53472,2.1585057,0.0046643275,,,,,,,,,,,,,,,,,,,,41.53472,2.1585057,0.013911143,41.53472,2.1585057,27.561209,41.53472,2.1585057,0.00046370478,41.53472,2.1585057,0.034468092,41.53472,2.1585057,6.0,,,,,,,
41.53472,2.0985472,0.13333334,41.53472,2.0985472,0.0058753537,,,,,,,,,,,,,,,,,,,,,,,,,,,,,,,,,,,,,,,,,,,,,,,,,,,,,,,,,,,,,41.53472,2.0985472,430.3376,41.53472,2.0985472,18.851404,,,,,,,,,,,,,,,,,41.53472,2.188485,0.12779382,41.53472,2.188485,0.004519472,,,,,,,,,,,,,,,,,,,,41.53472,2.188485,0.013046588,41.53472,2.188485,27.557405,41.53472,2.188485,0.00043488626,41.53472,2.188485,0.03410335,41.53472,2.188485,6.0,,,,,,,
41.53472,2.1285264,0.12766622,41.53472,2.1285264,0.006024096,,,,,,,,,,,,,,,,,,,,,,,,,,,,,,,,,,,,,,,,,,,,,,,,,,,,,,,,,,,,,41.53472,2.1285264,412.59235,41.53472,2.1285264,19.215153,,,,,,,,,,,,,,,,,41.53472,2.2184641,0.13001837,41.53472,2.2184641,0.0040769903,,,,,,,,,,,,,,,,,,,,41.53472,2.2184641,0.014231049,41.53472,2.2184641,27.562616,41.53472,2.2184641,0.00047436837,41.53472,2.2184641,0.030461159,41.53472,2.2184641,6.0,,,,,,,
41.53472,2.1585057,0.12152313,41.53472,2.1585057,0.006366206,,,,,,,,,,,,,,,,,,,,,,,,,,,,,,,,,,,,,,,,,,,,,,,,,,,,,,,,,,,,,41.53472,2.1585057,392.9121,41.53472,2.1585057,20.395134,,,,,,,,,,,,,,,,,41.53472,2.2484434,0.12850165,41.53472,2.2484434,0.0038913907,,,,,,,,,,,,,,,,,,,,41.53472,2.2484434,0.013526827,41.53472,2.2484434,27.559519,41.53472,2.2484434,0.00045089424,41.53472,2.2484434,0.029334106,41.53472,2.2484434,5.0,,,,,,,
41.53472,2.188485,0.11651048,41.53472,2.188485,0.005994348,,,,,,,,,,,,,,,,,,,,,,,,,,,,,,,,,,,,,,,,,,,,,,,,,,,,,,,,,,,,,41.53472,2.188485,376.1788,41.53472,2.188485,19.027592,,,,,,,,,,,,,,,,,41.53472,2.2784226,0.12590098,41.53472,2.2784226,0.004457,,,,,,,,,,,,,,,,,,,,41.53472,2.2784226,0.012968628,41.53472,2.2784226,27.55706,41.53472,2.2784226,0.0004322876,41.53472,2.2784226,0.034262378,41.53472,2.2784226,6.0,,,,,,,
41.53472,2.2184641,0.11462145,41.53472,2.2184641,0.005696861,,,,,,,,,,,,,,,,,,,,,,,,,,,,,,,,,,,,,,,,,,,,,,,,,,,,,,,,,,,,,41.53472,2.2184641,369.9982,41.53472,2.2184641,17.933403,,,,,,,,,,,,,,,,,41.53472,2.308402,0.12628236,41.53472,2.308402,0.0038156589,,,,,,,,,,,,,,,,,,,,41.53472,2.308402,0.013231147,41.53472,2.308402,27.558218,41.53472,2.308402,0.00044103825,41.53472,2.308402,0.029245857,41.53472,2.308402,5.0,,,,,,,
41.53472,2.2484434,0.11087312,41.53472,2.2484434,0.0053993748,,,,,,,,,,,,,,,,,,,,,,,,,,,,,,,,,,,,,,,,,,,,,,,,,,,,,,,,,,,,,41.53472,2.2484434,357.94983,41.53472,2.2484434,16.81353,,,,,,,,,,,,,,,,,41.53472,2.3383813,0.12599303,41.53472,2.3383813,0.0032039438,,,,,,,,,,,,,,,,,,,,41.53472,2.3383813,0.013354618,41.53472,2.3383813,27.558762,41.53472,2.3383813,0.00044515397,41.53472,2.3383813,0.024744675,41.53472,2.3383813,5.0,,,,,,,
41.53472,2.2784226,0.10667857,41.53472,2.2784226,0.005726611,,,,,,,,,,,,,,,,,,,,,,,,,,,,,,,,,,,,,,,,,,,,,,,,,,,,,,,,,,,,,41.53472,2.2784226,344.33633,41.53472,2.2784226,18.009716,,,,,,,,,,,,,,,,,41.53472,2.3683605,0.12596339,41.53472,2.3683605,0.00403102,,,,,,,,,,,,,,,,,,,,41.53472,2.3683605,0.013407801,41.53472,2.3683605,27.558996,41.53472,2.3683605,0.0004469267,41.53472,2.3683605,0.030954672,41.53472,2.3683605,6.0,,,,,,,
41.53472,2.3084018,0.104938276,41.53472,2.3084018,0.0051911348,,,,,,,,,,,,,,,,,,,,,,,,,,,,,,,,,,,,,,,,,,,,,,,,,,,,,,,,,,,,,41.53472,2.3084018,338.25583,41.53472,2.3084018,16.322577,,,,,,,,,,,,,,,,,41.53472,2.3983397,0.1225181,41.53472,2.3983397,0.0037637528,,,,,,,,,,,,,,,,,,,,41.53472,2.3983397,0.0121536255,41.53472,2.3983397,27.553476,41.53472,2.3983397,0.00040512087,41.53472,2.3983397,0.029807273,41.53472,2.3983397,5.0,,,,,,,
41.53472,2.338381,0.100922205,41.53472,2.338381,0.004432545,,,,,,,,,,,,,,,,,,,,,,,,,,,,,,,,,,,,,,,,,,,,,,,,,,,,,,,,,,,,,41.53472,2.338381,325.04266,41.53472,2.338381,13.452008,,,,,,,,,,,,,,,,,41.53472,2.428319,0.12180568,41.53472,2.428319,0.0038576648,,,,,,,,,,,,,,,,,,,,41.53472,2.428319,0.012222233,41.53472,2.428319,27.55378,41.53472,2.428319,0.00040740776,41.53472,2.428319,0.030834636,41.53472,2.428319,6.0,,,,,,,
41.53472,2.3683605,0.09909266,41.53472,2.3683605,0.005042392,,,,,,,,,,,,,,,,,,,,,,,,,,,,,,,,,,,,,,,,,,,,,,,,,,,,,,,,,,,,,41.53472,2.3683605,319.38998,41.53472,2.3683605,15.635515,,,,,,,,,,,,,,,,,41.53472,2.4582982,0.12577291,41.53472,2.4582982,0.003520905,,,,,,,,,,,,,,,,,,,,41.53472,2.4582982,0.01394995,41.53472,2.4582982,27.561378,41.53472,2.4582982,0.00046499833,41.53472,2.4582982,0.025545463,41.53472,2.4582982,5.0,,,,,,,
41.53472,2.3983397,0.094689876,41.53472,2.3983397,0.0047746543,,,,,,,,,,,,,,,,,,,,,,,,,,,,,,,,,,,,,,,,,,,,,,,,,,,,,,,,,,,,,41.53472,2.3983397,305.48694,41.53472,2.3983397,14.724197,,,,,,,,,,,,,,,,,41.53472,2.4882774,0.12022441,41.53472,2.4882774,0.0032094729,,,,,,,,,,,,,,,,,,,,41.53472,2.4882774,0.011976554,41.53472,2.4882774,27.552696,41.53472,2.4882774,0.00039921852,41.53472,2.4882774,0.024342172,41.53472,2.4882774,5.0,,,,,,,
41.53472,2.428319,0.09213148,41.53472,2.428319,0.004804403,,,,,,,,,,,,,,,,,,,,,,,,,,,,,,,,,,,,,,,,,,,,,,,,,,,,,,,,,,,,,41.53472,2.428319,296.1806,41.53472,2.428319,14.742684,,,,,,,,,,,,,,,,,41.53472,2.5182567,0.11632873,41.53472,2.5182567,0.0033265208,,,,,,,,,,,,,,,,,,,,41.53472,2.5182567,0.01074257,41.53472,2.5182567,27.54727,41.53472,2.5182567,0.0003580857,41.53472,2.5182567,0.025539504,41.53472,2.5182567,5.0,,,,,,,
41.53472,2.4582982,0.08976647,41.53472,2.4582982,0.0043284246,,,,,,,,,,,,,,,,,,,,,,,,,,,,,,,,,,,,,,,,,,,,,,,,,,,,,,,,,,,,,41.53472,2.4582982,288.57715,41.53472,2.4582982,13.154971,,,,,,,,,,,,,,,,,41.53472,2.548236,0.111428805,41.53472,2.548236,0.00245602,,,,,,,,,,,,,,,,,,,,41.53472,2.548236,0.008984862,41.53472,2.548236,27.539536,41.53472,2.548236,0.00029949538,41.53472,2.548236,0.015520741,41.53472,2.548236,5.0,,,,,,,
41.53472,2.4882774,0.08464971,41.53472,2.4882774,0.0041350587,,,,,,,,,,,,,,,,,,,,,,,,,,,,,,,,,,,,,,,,,,,,,,,,,,,,,,,,,,,,,41.53472,2.4882774,272.56824,41.53472,2.4882774,12.440501,,,,,,,,,,,,,,,,,41.53472,2.5782151,0.10443888,41.53472,2.5782151,0.002880302,,,,,,,,,,,,,,,,,,,,41.53472,2.5782151,0.006199686,41.53472,2.5782151,27.52728,41.53472,2.5782151,0.00020665622,41.53472,2.5782151,0.021068962,41.53472,2.5782151,5.0,,,,,,,
41.53472,2.5182567,0.08110963,41.53472,2.5182567,0.0041350587,,,,,,,,,,,,,,,,,,,,,,,,,,,,,,,,,,,,,,,,,,,,,,,,,,,,,,,,,,,,,41.53472,2.5182567,260.93118,41.53472,2.5182567,12.340557,,,,,,,,,,,,,,,,,41.53472,2.6081944,0.10355132,41.53472,2.6081944,0.0023931845,,,,,,,,,,,,,,,,,,,,41.53472,2.6081944,0.005826769,41.53472,2.6081944,27.525639,41.53472,2.6081944,0.00019422562,41.53472,2.6081944,0.017925747,41.53472,2.6081944,5.0,,,,,,,
41.53472,2.548236,0.07676632,41.53472,2.548236,0.0034359663,,,,,,,,,,,,,,,,,,,,,,,,,,,,,,,,,,,,,,,,,,,,,,,,,,,,,,,,,,,,,41.53472,2.548236,246.94322,41.53472,2.548236,9.929388,,,,,,,,,,,,,,,,,41.53472,2.6381736,0.101268195,41.53472,2.6381736,0.002266729,,,,,,,,,,,,,,,,,,,,41.53472,2.6381736,0.005072877,41.53472,2.6381736,27.522318,41.53472,2.6381736,0.00016909589,41.53472,2.6381736,0.012336385,41.53472,2.6381736,5.0,,,,,,,
41.53472,2.5782151,0.07051912,41.53472,2.5782151,0.0035698349,,,,,,,,,,,,,,,,,,,,,,,,,,,,,,,,,,,,,,,,,,,,,,,,,,,,,,,,,,,,,41.53472,2.5782151,226.84137,41.53472,2.5782151,10.346795,,,,,,,,,,,,,,,,,41.53472,2.6681528,0.09784779,41.53472,2.6681528,0.0017218073,,,,,,,,,,,,,,,,,,,,41.53472,2.6681528,0.0038899167,41.53472,2.6681528,27.517115,41.53472,2.6681528,0.0001296639,41.53472,2.6681528,0.003939158,41.53472,2.6681528,4.0,,,,,,,
41.53472,2.6081944,0.06810948,41.53472,2.6081944,0.0034508407,,,,,,,,,,,,,,,,,,,,,,,,,,,,,,,,,,,,,,,,,,,,,,,,,,,,,,,,,,,,,41.53472,2.6081944,218.56415,41.53472,2.6081944,10.027549,,,,,,,,,,,,,,,,,41.53472,2.698132,0.09313862,41.53472,2.698132,0.0020009922,,,,,,,,,,,,,,,,,,,,41.53472,2.698132,0.0022580654,41.53472,2.698132,27.509935,41.53472,2.698132,7.526884e-05,41.53472,2.698132,0.014187928,41.53472,2.698132,5.0,,,,,,,
41.53472,2.6381736,0.06401903,41.53472,2.6381736,0.0032277254,,,,,,,,,,,,,,,,,,,,,,,,,,,,,,,,,,,,,,,,,,,,,,,,,,,,,,,,,,,,,41.53472,2.6381736,205.7648,41.53472,2.6381736,9.214781,,,,,,,,,,,,,,,,,41.53472,2.7281115,0.08952467,41.53472,2.7281115,0.0012801015,,,,,,,,,,,,,,,,,,,,41.53472,2.7281115,0.0009796575,41.53472,2.7281115,27.50431,41.53472,2.7281115,3.2655244e-05,41.53472,2.7281115,0.00636253,41.53472,2.7281115,4.0,,,,,,,
41.53472,2.6681528,0.061549902,41.53472,2.6681528,0.0029302393,,,,,,,,,,,,,,,,,,,,,,,,,,,,,,,,,,,,,,,,,,,,,,,,,,,,,,,,,,,,,41.53472,2.6681528,197.41945,41.53472,2.6681528,8.108823,,,,,,,,,,,,,,,,,41.53472,2.7580907,0.096743435,41.53472,2.7580907,0.0021891173,,,,,,,,,,,,,,,,,,,,41.53472,2.7580907,0.003841314,41.53472,2.7580907,27.516901,41.53472,2.7580907,0.00012804379,41.53472,2.7580907,0.014918321,41.53472,2.7580907,5.0,,,,,,,
41.53472,2.698132,0.058798153,41.53472,2.698132,0.0031236052,,,,,,,,,,,,,,,,,,,,,,,,,,,,,,,,,,,,,,,,,,,,,,,,,,,,,,,,,,,,,41.53472,2.698132,188.03412,41.53472,2.698132,8.868309,,,,,,,,,,,,,,,,,41.53472,2.78807,0.09399089,41.53472,2.78807,0.0017839351,,,,,,,,,,,,,,,,,,,,41.53472,2.78807,0.0027961498,41.53472,2.78807,27.512304,41.53472,2.78807,9.3204995e-05,41.53472,2.78807,0.010555227,41.53472,2.78807,5.0,,,,,,,
41.53472,2.7281113,0.05464822,41.53472,2.7281113,0.0026476278,,,,,,,,,,,,,,,,,,,,,,,,,,,,,,,,,,,,,,,,,,,,,,,,,,,,,,,,,,,,,41.53472,2.7281113,175.21301,41.53472,2.7281113,7.2505765,,,,,,,,,,,,,,,,,41.53472,2.8180492,0.09650751,41.53472,2.8180492,0.0018875445,,,,,,,,,,,,,,,,,,,,41.53472,2.8180492,0.004006949,41.53472,2.8180492,27.517632,41.53472,2.8180492,0.00013356496,41.53472,2.8180492,0.006727738,41.53472,2.8180492,4.0,,,,,,,
41.53472,2.7580905,0.05661163,41.53472,2.7580905,0.0030789827,,,,,,,,,,,,,,,,,,,,,,,,,,,,,,,,,,,,,,,,,,,,,,,,,,,,,,,,,,,,,41.53472,2.7580905,181.63132,41.53472,2.7580905,8.778016,,,,,,,,,,,,,,,,,41.53472,2.8480284,0.09488504,41.53472,2.8480284,0.0022110268,,,,,,,,,,,,,,,,,,,,41.53472,2.8480284,0.0032903154,41.53472,2.8480284,27.514475,41.53472,2.8480284,0.000109677174,41.53472,2.8480284,0.01162936,41.53472,2.8480284,5.0,,,,,,,
41.53472,2.78807,0.053904507,41.53472,2.78807,0.0027666222,,,,,,,,,,,,,,,,,,,,,,,,,,,,,,,,,,,,,,,,,,,,,,,,,,,,,,,,,,,,,41.53472,2.78807,173.00256,41.53472,2.78807,7.544307,,,,,,,,,,,,,,,,,41.53472,2.8780077,0.0990719,41.53472,2.8780077,0.0019817788,,,,,,,,,,,,,,,,,,,,41.53472,2.8780077,0.005076892,41.53472,2.8780077,27.522337,41.53472,2.8780077,0.00016922975,41.53472,2.8780077,0.008335035,41.53472,2.8780077,4.0,,,,,,,
41.53472,2.8180492,0.053621896,41.53472,2.8180492,0.0027666222,,,,,,,,,,,,,,,,,,,,,,,,,,,,,,,,,,,,,,,,,,,,,,,,,,,,,,,,,,,,,41.53472,2.8180492,171.6439,41.53472,2.8180492,7.592551,,,,,,,,,,,,,,,,,41.53472,2.9079869,0.10387079,41.53472,2.9079869,0.002324119,,,,,,,,,,,,,,,,,,,,41.53472,2.9079869,0.0071428693,41.53472,2.9079869,27.53143,41.53472,2.9079869,0.00023809564,41.53472,2.9079869,0.01407891,41.53472,2.9079869,5.0,,,,,,,
41.53472,2.8480284,0.052283213,41.53472,2.8480284,0.0027963703,,,,,,,,,,,,,,,,,,,,,,,,,,,,,,,,,,,,,,,,,,,,,,,,,,,,,,,,,,,,,41.53472,2.8480284,167.85655,41.53472,2.8480284,7.753719,,,,,,,,,,,,,,,,,41.53472,2.937966,0.1092432,41.53472,2.937966,0.0020130735,,,,,,,,,,,,,,,,,,,,41.53472,2.937966,0.009325706,41.53472,2.937966,27.541033,41.53472,2.937966,0.0003108569,41.53472,2.937966,0.0060323216,41.53472,2.937966,4.0,,,,,,,
41.53472,2.8780077,0.05436561,41.53472,2.8780077,0.0026327532,,,,,,,,,,,,,,,,,,,,,,,,,,,,,,,,,,,,,,,,,,,,,,,,,,,,,,,,,,,,,41.53472,2.8780077,175.15855,41.53472,2.8780077,6.9841566,,,,,,,,,,,,,,,,,41.53472,2.9679453,0.10405038,41.53472,2.9679453,0.002893688,,,,,,,,,,,,,,,,,,,,41.53472,2.9679453,0.007455469,41.53472,2.9679453,27.532803,41.53472,2.9679453,0.00024851566,41.53472,2.9679453,0.015757117,41.53472,2.9679453,5.0,,,,,,,
41.53472,2.9079869,0.05574892,41.53472,2.9079869,0.002945114,,,,,,,,,,,,,,,,,,,,,,,,,,,,,,,,,,,,,,,,,,,,,,,,,,,,,,,,,,,,,41.53472,2.9079869,178.90343,41.53472,2.9079869,8.229464,,,,,,,,,,,,,,,,,41.53472,2.9979246,0.10855224,41.53472,2.9979246,0.0022386278,,,,,,,,,,,,,,,,,,,,41.53472,2.9979246,0.009393897,41.53472,2.9979246,27.541332,41.53472,2.9979246,0.00031312986,41.53472,2.9979246,0.0104475655,41.53472,2.9979246,5.0,,,,,,,
41.53472,2.937966,0.05615053,41.53472,2.937966,0.002721999,,,,,,,,,,,,,,,,,,,,,,,,,,,,,,,,,,,,,,,,,,,,,,,,,,,,,,,,,,,,,41.53472,2.937966,180.25488,41.53472,2.937966,7.393898,,,,,,,,,,,,,,,,,41.53472,3.0279038,0.10721307,41.53472,3.0279038,0.0019954976,,,,,,,,,,,,,,,,,,,,41.53472,3.0279038,0.009182729,41.53472,3.0279038,27.540405,41.53472,3.0279038,0.00030609095,41.53472,3.0279038,0.0065468415,41.53472,3.0279038,4.0,,,,,,,
41.53472,2.9679453,0.052610442,41.53472,2.9679453,0.0030789825,,,,,,,,,,,,,,,,,,,,,,,,,,,,,,,,,,,,,,,,,,,,,,,,,,,,,,,,,,,,,41.53472,2.9679453,168.82245,41.53472,2.9679453,8.625606,,,,,,,,,,,,,,,,,41.53472,3.057883,0.10710022,41.53472,3.057883,0.0022934834,,,,,,,,,,,,,,,,,,,,41.53472,3.057883,0.009306416,41.53472,3.057883,27.540947,41.53472,3.057883,0.00031021386,41.53472,3.057883,0.008954935,41.53472,3.057883,4.0,,,,,,,
41.53472,2.9979246,0.0533839,41.53472,2.9979246,0.002662502,,,,,,,,,,,,,,,,,,,,,,,,,,,,,,,,,,,,,,,,,,,,,,,,,,,,,,,,,,,,,41.53472,2.9979246,171.31493,41.53472,2.9979246,7.105143,,,,,,,,,,,,,,,,,41.53472,3.0878623,0.11036099,41.53472,3.0878623,0.0026482285,,,,,,,,,,,,,,,,,,,,41.53472,3.0878623,0.010680054,41.53472,3.0878623,27.546991,41.53472,3.0878623,0.0003560018,41.53472,3.0878623,0.014787285,41.53472,3.0878623,5.0,,,,,,,
41.53472,3.0279038,0.053324413,41.53472,3.0279038,0.0026327535,,,,,,,,,,,,,,,,,,,,,,,,,,,,,,,,,,,,,,,,,,,,,,,,,,,,,,,,,,,,,41.53472,3.0279038,170.997,41.53472,3.0279038,7.0629077,,,,,,,,,,,,,,,,,41.53472,3.1178415,0.10931555,41.53472,3.1178415,0.0029894563,,,,,,,,,,,,,,,,,,,,41.53472,3.1178415,0.01020711,41.53472,3.1178415,27.54491,41.53472,3.1178415,0.000340237,41.53472,3.1178415,0.013087835,41.53472,3.1178415,0.0,,,,,,,
41.53472,3.057883,0.051078387,41.53472,3.057883,0.0027814964,,,,,,,,,,,,,,,,,,,,,,,,,,,,,,,,,,,,,,,,,,,,,,,,,,,,,,,,,,,,,41.53472,3.057883,163.2583,41.53472,3.057883,7.613181,,,,,,,,,,,,,,,,,41.53472,3.147821,0.112867884,41.53472,3.147821,0.0033802805,,,,,,,,,,,,,,,,,,,,41.53472,3.147821,0.012042127,41.53472,3.147821,27.552986,41.53472,3.147821,0.00040140422,41.53472,3.147821,0.017381357,41.53472,3.147821,0.0,,,,,,,
41.53472,3.0878623,0.051197387,41.53472,3.0878623,0.0028707425,,,,,,,,,,,,,,,,,,,,,,,,,,,,,,,,,,,,,,,,,,,,,,,,,,,,,,,,,,,,,41.53472,3.0878623,163.8063,41.53472,3.0878623,7.964754,,,,,,,,,,,,,,,,,41.53472,3.1778002,0.1193263,41.53472,3.1778002,0.0025792597,,,,,,,,,,,,,,,,,,,,41.53472,3.1778002,0.015099923,41.53472,3.1778002,27.566439,41.53472,3.1778002,0.0005033307,41.53472,3.1778002,0.0065788776,41.53472,3.1778002,0.0,,,,,,,
41.53472,3.1178415,0.050468538,41.53472,3.1178415,0.002959988,,,,,,,,,,,,,,,,,,,,,,,,,,,,,,,,,,,,,,,,,,,,,,,,,,,,,,,,,,,,,41.53472,3.1178415,161.26102,41.53472,3.1178415,8.2050705,,,,,,,,,,,,,,,,,41.53472,3.2077794,0.12147573,41.53472,3.2077794,0.0018314229,,,,,,,,,,,,,,,,,,,,41.53472,3.2077794,0.015838051,41.53472,3.2077794,27.569689,41.53472,3.2077794,0.000527935,41.53472,3.2077794,0.0022258656,41.53472,3.2077794,0.0,,,,,,,
41.53472,3.1478207,0.05046854,41.53472,3.1478207,0.0030789825,,,,,,,,,,,,,,,,,,,,,,,,,,,,,,,,,,,,,,,,,,,,,,,,,,,,,,,,,,,,,41.53472,3.1478207,161.27388,41.53472,3.1478207,8.556185,,,,,,,,,,,,,,,,,41.53472,3.2377586,0.13816975,41.53472,3.2377586,0.003557028,,,,,,,,,,,,,,,,,,,,41.53472,3.2377586,0.023138583,41.53472,3.2377586,27.60181,41.53472,3.2377586,0.0007712862,41.53472,3.2377586,0.017444769,41.53472,3.2377586,0.0,,,,,,,
41.53472,3.1778,0.053220287,41.53472,3.1778,0.002632753,,,,,,,,,,,,,,,,,,,,,,,,,,,,,,,,,,,,,,,,,,,,,,,,,,,,,,,,,,,,,41.53472,3.1778,169.84479,41.53472,3.1778,7.030201,,,,,,,,,,,,,,,,,41.53472,3.2677379,0.15005213,41.53472,3.2677379,0.0034633821,,,,,,,,,,,,,,,,,,,,41.53472,3.2677379,0.027868887,41.53472,3.2677379,27.622623,41.53472,3.2677379,0.00092896284,41.53472,3.2677379,0.015660234,41.53472,3.2677379,0.0,,,,,,,
41.53472,3.2077794,0.0540235,41.53472,3.2077794,0.0023203925,,,,,,,,,,,,,,,,,,,,,,,,,,,,,,,,,,,,,,,,,,,,,,,,,,,,,,,,,,,,,41.53472,3.2077794,172.69994,41.53472,3.2077794,6.000486,,,,,,,,,,,,,,,,,41.53472,3.297717,0.15402919,41.53472,3.297717,0.0030120057,,,,,,,,,,,,,,,,,,,,41.53472,3.297717,0.030153427,41.53472,3.297717,27.632675,41.53472,3.297717,0.0010051143,41.53472,3.297717,0.012469861,41.53472,3.297717,0.0,,,,,,,
41.53472,3.2377586,0.05884277,41.53472,3.2377586,0.0031682285,,,,,,,,,,,,,,,,,,,,,,,,,,,,,,,,,,,,,,,,,,,,,,,,,,,,,,,,,,,,,41.53472,3.2377586,188.1369,41.53472,3.2377586,8.982371,,,,,,,,,,,,,,,,,41.53472,3.3276963,0.16760443,41.53472,3.3276963,0.002616695,,,,,,,,,,,,,,,,,,,,41.53472,3.3276963,0.03627413,41.53472,3.3276963,27.659607,41.53472,3.3276963,0.0012091377,41.53472,3.3276963,0.010068156,41.53472,3.3276963,0.0,,,,,,,
41.53472,3.2677379,0.0627696,41.53472,3.2677379,0.0030343598,,,,,,,,,,,,,,,,,,,,,,,,,,,,,,,,,,,,,,,,,,,,,,,,,,,,,,,,,,,,,41.53472,3.2677379,201.44904,41.53472,3.2677379,8.602207,,,,,,,,,,,,,,,,,41.53472,3.3576756,0.1847305,41.53472,3.3576756,0.0027488153,,,,,,,,,,,,,,,,,,,,41.53472,3.3576756,0.043525234,41.53472,3.3576756,27.691511,41.53472,3.3576756,0.0014508413,41.53472,3.3576756,0.00538675,41.53472,3.3576756,0.0,,,,,,,
41.53472,3.297717,0.06367693,41.53472,3.297717,0.0028409935,,,,,,,,,,,,,,,,,,,,,,,,,,,,,,,,,,,,,,,,,,,,,,,,,,,,,,,,,,,,,41.53472,3.297717,204.47421,41.53472,3.297717,7.712226,,,,,,,,,,,,,,,,,41.53472,3.3876548,0.21184437,41.53472,3.3876548,0.0034422604,,,,,,,,,,,,,,,,,,,,41.53472,3.3876548,0.055256322,41.53472,3.3876548,27.743128,41.53472,3.3876548,0.0018418775,41.53472,3.3876548,0.011522172,41.53472,3.3876548,0.0,,,,,,,
41.53472,3.3276963,0.06845158,41.53472,3.3276963,0.0026327532,,,,,,,,,,,,,,,,,,,,,,,,,,,,,,,,,,,,,,,,,,,,,,,,,,,,,,,,,,,,,41.53472,3.3276963,219.54617,41.53472,3.3276963,7.0855827,,,,,,,,,,,,,,,,,41.53472,3.417634,0.25420678,41.53472,3.417634,0.0039413497,,,,,,,,,,,,,,,,,,,,41.53472,3.417634,0.07323075,41.53472,3.417634,27.822216,41.53472,3.417634,0.002441025,41.53472,3.417634,0.010086872,41.53472,3.417634,0.0,,,,,,,
41.53472,3.3576756,0.07441618,41.53472,3.3576756,0.002632753,,,,,,,,,,,,,,,,,,,,,,,,,,,,,,,,,,,,,,,,,,,,,,,,,,,,,,,,,,,,,41.53472,3.3576756,239.13713,41.53472,3.3576756,7.122906,,,,,,,,,,,,,,,,,41.53472,3.4476132,0.4341621,41.53472,3.4476132,0.0072043515,,,,,,,,,,,,,,,,,,,,41.53472,3.4476132,0.15272698,41.53472,3.4476132,28.171997,41.53472,3.4476132,0.0050908998,41.53472,3.4476132,0.015417131,41.53472,3.4476132,0.0,,,,,,,
41.53472,3.3876548,0.08090138,41.53472,3.3876548,0.0028409935,,,,,,,,,,,,,,,,,,,,,,,,,,,,,,,,,,,,,,,,,,,,,,,,,,,,,,,,,,,,,41.53472,3.3876548,260.09018,41.53472,3.3876548,7.8274198,,,,,,,,,,,,,,,,,41.53472,3.4775925,6.1774793,41.53472,3.4775925,0.08401644,,,,,,,,,,,,,,,,,,,,41.53472,3.4775925,2.7542524,41.53472,3.4775925,39.61871,41.53472,3.4775925,0.091808416,41.53472,3.4775925,0.013508732,41.53472,3.4775925,0.0,,,,,,,
41.53472,3.417634,0.09644504,41.53472,3.417634,0.003049234,,,,,,,,,,,,,,,,,,,,,,,,,,,,,,,,,,,,,,,,,,,,,,,,,,,,,,,,,,,,,41.53472,3.417634,311.2598,41.53472,3.417634,8.623069,,,,,,,,,,,,,,,,,41.53472,3.5075717,15.650362,41.53472,3.5075717,0.5422188,,,,,,,,,,,,,,,,,,,,41.53472,3.5075717,10.133898,41.53472,3.5075717,72.08914,41.53472,3.5075717,0.33779657,41.53472,3.5075717,0.030043907,41.53472,3.5075717,0.0,,,,,,,
41.53472,3.4476132,0.16532798,41.53472,3.4476132,0.0042243046,,,,,,,,,,,,,,,,,,,,,,,,,,,,,,,,,,,,,,,,,,,,,,,,,,,,,,,,,,,,,41.53472,3.4476132,534.04913,41.53472,3.4476132,12.676929,,,,,,,,,,,,,,,,,41.53472,3.5375512,5.820655,41.53472,3.5375512,0.3402115,,,,,,,,,,,,,,,,,,,,41.53472,3.5375512,7.5687103,41.53472,3.5375512,60.802334,41.53472,3.5375512,0.25229037,41.53472,3.5375512,0.045755412,41.53472,3.5375512,0.0,,,,,,,
41.53472,3.4775925,2.2018743,41.53472,3.4775925,0.031548418,,,,,,,,,,,,,,,,,,,,,,,,,,,,,,,,,,,,,,,,,,,,,,,,,,,,,,,,,,,,,41.53472,3.4775925,7271.1914,41.53472,3.4775925,111.76607,,,,,,,,,,,,,,,,,41.53472,3.5675304,0.29899883,41.53472,3.5675304,0.02102757,,,,,,,,,,,,,,,,,,,,41.53472,3.5675304,0.43573526,41.53472,3.5675304,29.417236,41.53472,3.5675304,0.014524508,41.53472,3.5675304,0.024059258,41.53472,3.5675304,0.0,,,,,,,
41.53472,3.5075717,5.494631,41.53472,3.5075717,0.19175963,,,,,,,,,,,,,,,,,,,,,,,,,,,,,,,,,,,,,,,,,,,,,,,,,,,,,,,,,,,,,41.53472,3.5075717,18223.836,41.53472,3.5075717,674.6119,,,,,,,,,,,,,,,,,41.53472,3.5975096,0.026833534,41.53472,3.5975096,0.0013330976,,,,,,,,,,,,,,,,,,,,41.53472,3.5975096,0.0056596277,41.53472,3.5975096,27.524902,41.53472,3.5975096,0.00018865427,41.53472,3.5975096,1.0000001e-07,41.53472,3.5975096,7.0,,,,,,,
41.53472,3.537551,2.0415735,41.53472,3.537551,0.12069016,,,,,,,,,,,,,,,,,,,,,,,,,,,,,,,,,,,,,,,,,,,,,,,,,,,,,,,,,,,,,41.53472,3.537551,6679.4937,41.53472,3.537551,417.43442,,,,,,,,,,,,,,,,,41.53472,3.6274889,0.02583476,41.53472,3.6274889,0.00073083385,,,,,,,,,,,,,,,,,,,,41.53472,3.6274889,0.0030705915,41.53472,3.6274889,27.51351,41.53472,3.6274889,0.00010235305,41.53472,3.6274889,0.009229458,41.53472,3.6274889,0.0,,,,,,,
41.53472,3.5675302,0.10510189,41.53472,3.5675302,0.008716347,,,,,,,,,,,,,,,,,,,,,,,,,,,,,,,,,,,,,,,,,,,,,,,,,,,,,,,,,,,,,41.53472,3.5675302,312.511,41.53472,3.5675302,28.661137,,,,,,,,,,,,,,,,,41.53472,3.657468,0.022569919,41.53472,3.657468,0.0010324451,,,,,,,,,,,,,,,,,,,,41.53472,3.657468,-0.0026487631,41.53472,3.657468,27.488346,41.53472,3.657468,-8.82921e-05,41.53472,3.657468,1.0000001e-07,41.53472,3.657468,7.0,,,,,,,
41.53472,3.5975094,0.010679755,41.53472,3.5975094,0.0019485349,,,,,,,,,,,,,,,,,,,,,,,,,,,,,,,,,,,,,,,,,,,,,,,,,,,,,,,,,,,,,41.53472,3.5975094,31.751177,41.53472,3.5975094,4.5277143,,,,,,,,,,,,,,,,,41.53472,3.6874473,0.022326393,41.53472,3.6874473,-0.00019220657,,,,,,,,,,,,,,,,,,,,41.53472,3.6874473,-0.0031541574,41.53472,3.6874473,27.486122,41.53472,3.6874473,-0.0001051386,41.53472,3.6874473,1.0000001e-07,41.53472,3.6874473,7.0,,,,,,,
41.53472,3.6274889,0.010352521,41.53472,3.6274889,0.0016659229,,,,,,,,,,,,,,,,,,,,,,,,,,,,,,,,,,,,,,,,,,,,,,,,,,,,,,,,,,,,,41.53472,3.6274889,30.776314,41.53472,3.6274889,3.60492,,,,,,,,,,,,,,,,,41.53472,3.7174265,0.021147422,41.53472,3.7174265,0.0013882384,,,,,,,,,,,,,,,,,,,,41.53472,3.7174265,-0.005931211,41.53472,3.7174265,27.473902,41.53472,3.7174265,-0.00019770704,41.53472,3.7174265,0.009459235,41.53472,3.7174265,0.0,,,,,,,
41.53472,3.657468,0.008656849,41.53472,3.657468,0.0018295404,,,,,,,,,,,,,,,,,,,,,,,,,,,,,,,,,,,,,,,,,,,,,,,,,,,,,,,,,,,,,41.53472,3.657468,25.293833,41.53472,3.657468,4.233934,,,,,,,,,,,,,,,,,41.53472,3.7474058,0.022849353,41.53472,3.7474058,0.00046046436,,,,,,,,,,,,,,,,,,,,41.53472,3.7474058,-0.0018216369,41.53472,3.7474058,27.491985,41.53472,3.7474058,-6.0721228e-05,41.53472,3.7474058,1.0000001e-07,41.53472,3.7474058,7.0,,,,,,,
41.53472,3.6874473,0.008582477,41.53472,3.6874473,0.0015171799,,,,,,,,,,,,,,,,,,,,,,,,,,,,,,,,,,,,,,,,,,,,,,,,,,,,,,,,,,,,,41.53472,3.6874473,25.014742,41.53472,3.6874473,3.1021478,,,,,,,,,,,,,,,,,41.53472,3.777385,0.025277268,41.53472,3.777385,0.00016513001,,,,,,,,,,,,,,,,,,,,41.53472,3.777385,0.0027726304,41.53472,3.777385,27.5122,41.53472,3.777385,9.242102e-05,41.53472,3.777385,1.0000001e-07,41.53472,3.777385,7.0,,,,,,,
41.53472,3.7174265,0.008508106,41.53472,3.7174265,0.0017997916,,,,,,,,,,,,,,,,,,,,,,,,,,,,,,,,,,,,,,,,,,,,,,,,,,,,,,,,,,,,,41.53472,3.7174265,24.665836,41.53472,3.7174265,4.17874,,,,,,,,,,,,,,,,,41.53472,3.8073642,0.022949867,41.53472,3.8073642,0.00045020858,,,,,,,,,,,,,,,,,,,,41.53472,3.8073642,-0.0013968708,41.53472,3.8073642,27.493855,41.53472,3.8073642,-4.6562367e-05,41.53472,3.8073642,1.0000001e-07,41.53472,3.8073642,7.0,,,,,,,
41.53472,3.7474058,0.008820468,41.53472,3.7474058,0.0015171798,,,,,,,,,,,,,,,,,,,,,,,,,,,,,,,,,,,,,,,,,,,,,,,,,,,,,,,,,,,,,41.53472,3.7474058,25.784895,41.53472,3.7474058,3.1319256,,,,,,,,,,,,,,,,,41.53472,3.8373435,0.020752532,41.53472,3.8373435,0.0004127375,,,,,,,,,,,,,,,,,,,,41.53472,3.8373435,-0.005139105,41.53472,3.8373435,27.477386,41.53472,3.8373435,-0.00017130352,41.53472,3.8373435,1.0000001e-07,41.53472,3.8373435,7.0,,,,,,,
41.53472,3.777385,0.009132828,41.53472,3.777385,0.0014428082,,,,,,,,,,,,,,,,,,,,,,,,,,,,,,,,,,,,,,,,,,,,,,,,,,,,,,,,,,,,,41.53472,3.777385,26.875025,41.53472,3.777385,2.8687098,,,,,,,,,,,,,,,,,41.53472,3.8673227,0.018783584,41.53472,3.8673227,0.0007450828,,,,,,,,,,,,,,,,,,,,41.53472,3.8673227,-0.0075124404,41.53472,3.8673227,27.466942,41.53472,3.8673227,-0.00025041465,41.53472,3.8673227,0.011437657,41.53472,3.8673227,5.0,,,,,,,
41.53472,3.8073642,0.008522981,41.53472,3.8073642,0.0016064256,,,,,,,,,,,,,,,,,,,,,,,,,,,,,,,,,,,,,,,,,,,,,,,,,,,,,,,,,,,,,41.53472,3.8073642,24.818474,41.53472,3.8073642,3.362279,,,,,,,,,,,,,,,,,41.53472,3.897302,0.024576046,41.53472,3.897302,0.0005842929,,,,,,,,,,,,,,,,,,,,41.53472,3.897302,-0.00052209443,41.53472,3.897302,27.497704,41.53472,3.897302,-1.7403141e-05,41.53472,3.897302,1.0000001e-07,41.53472,3.897302,7.0,,,,,,,
41.53472,3.8373435,0.00755615,41.53472,3.8373435,0.0014576827,,,,,,,,,,,,,,,,,,,,,,,,,,,,,,,,,,,,,,,,,,,,,,,,,,,,,,,,,,,,,41.53472,3.8373435,21.772816,41.53472,3.8373435,2.8580542,,,,,,,,,,,,,,,,,41.53472,3.9272811,0.023342954,41.53472,3.9272811,0.00040946034,,,,,,,,,,,,,,,,,,,,41.53472,3.9272811,-0.0030514142,41.53472,3.9272811,27.486574,41.53472,3.9272811,-0.00010171381,41.53472,3.9272811,1.0000001e-07,41.53472,3.9272811,7.0,,,,,,,
41.53472,3.8673227,0.0070801727,41.53472,3.8673227,0.0015766771,,,,,,,,,,,,,,,,,,,,,,,,,,,,,,,,,,,,,,,,,,,,,,,,,,,,,,,,,,,,,41.53472,3.8673227,20.244331,41.53472,3.8673227,3.3156266,,,,,,,,,,,,,,,,,41.53472,3.9572606,0.02369859,41.53472,3.9572606,0.0007803387,,,,,,,,,,,,,,,,,,,,41.53472,3.9572606,0.0018678358,41.53472,3.9572606,27.508217,41.53472,3.9572606,6.226119e-05,41.53472,3.9572606,1.0000001e-07,41.53472,3.9572606,7.0,,,,,,,
41.53472,3.897302,0.00821062,41.53472,3.897302,0.0015171799,,,,,,,,,,,,,,,,,,,,,,,,,,,,,,,,,,,,,,,,,,,,,,,,,,,,,,,,,,,,,41.53472,3.897302,23.814625,41.53472,3.897302,3.09872,,,,,,,,,,,,,,,,,41.53472,3.9872398,0.021554796,41.53472,3.9872398,0.0011540353,,,,,,,,,,,,,,,,,,,,41.53472,3.9872398,-0.0033752199,41.53472,3.9872398,27.48515,41.53472,3.9872398,-0.00011250731,41.53472,3.9872398,1.0000001e-07,41.53472,3.9872398,7.0,,,,,,,
41.53472,3.9272811,0.007942882,41.53472,3.9272811,0.0015469283,,,,,,,,,,,,,,,,,,,,,,,,,,,,,,,,,,,,,,,,,,,,,,,,,,,,,,,,,,,,,41.53472,3.9272811,22.952936,41.53472,3.9272811,3.257369,,,,,,,,,,,,,,,,,41.53472,4.017219,0.019747838,41.53472,4.017219,0.0010919531,,,,,,,,,,,,,,,,,,,,41.53472,4.017219,-0.0056326827,41.53472,4.017219,27.475216,41.53472,4.017219,-0.0001877561,41.53472,4.017219,1.0000001e-07,41.53472,4.017219,7.0,,,,,,,
41.53472,3.9572604,0.008076752,41.53472,3.9572604,0.0015766772,,,,,,,,,,,,,,,,,,,,,,,,,,,,,,,,,,,,,,,,,,,,,,,,,,,,,,,,,,,,,41.53472,3.9572604,23.497507,41.53472,3.9572604,3.3872013,,,,,,,,,,,,,,,,,41.53472,4.0471983,0.021377109,41.53472,4.0471983,-0.00026612382,,,,,,,,,,,,,,,,,,,,41.53472,4.0471983,-0.0031008662,41.53472,4.0471983,27.486357,41.53472,4.0471983,-0.000103362196,41.53472,4.0471983,1.0000001e-07,41.53472,4.0471983,7.0,,,,,,,
41.53472,3.9872396,0.0073181614,41.53472,3.9872396,0.0016212999,,,,,,,,,,,,,,,,,,,,,,,,,,,,,,,,,,,,,,,,,,,,,,,,,,,,,,,,,,,,,41.53472,3.9872396,20.914612,41.53472,3.9872396,3.405436,,,,,,,,,,,,,,,,,41.53472,4.0771775,0.024314448,41.53472,4.0771775,-0.00021416102,,,,,,,,,,,,,,,,,,,,41.53472,4.0771775,0.0007171933,41.53472,4.0771775,27.503155,41.53472,4.0771775,2.3906445e-05,41.53472,4.0771775,1.0000001e-07,41.53472,4.0771775,7.0,,,,,,,
41.53472,4.017219,0.006976052,41.53472,4.017219,0.0015915514,,,,,,,,,,,,,,,,,,,,,,,,,,,,,,,,,,,,,,,,,,,,,,,,,,,,,,,,,,,,,41.53472,4.017219,19.959545,41.53472,4.017219,3.33507,,,,,,,,,,,,,,,,,41.53472,4.1071568,0.024158139,41.53472,4.1071568,8.021754e-05,,,,,,,,,,,,,,,,,,,,41.53472,4.1071568,0.002577533,41.53472,4.1071568,27.511341,41.53472,4.1071568,8.591777e-05,41.53472,4.1071568,1.0000001e-07,41.53472,4.1071568,7.0,,,,,,,
41.53472,4.0471983,0.00703555,41.53472,4.0471983,0.0014874313,,,,,,,,,,,,,,,,,,,,,,,,,,,,,,,,,,,,,,,,,,,,,,,,,,,,,,,,,,,,,41.53472,4.0471983,20.13699,41.53472,4.0471983,3.002344,,,,,,,,,,,,,,,,,41.53472,4.137136,0.021985538,41.53472,4.137136,0.0003440259,,,,,,,,,,,,,,,,,,,,41.53472,4.137136,-0.0017535989,41.53472,4.137136,27.492285,41.53472,4.137136,-5.8453305e-05,41.53472,4.137136,1.0000001e-07,41.53472,4.137136,7.0,,,,,,,
41.53472,4.0771775,0.007838762,41.53472,4.0771775,0.0013684367,,,,,,,,,,,,,,,,,,,,,,,,,,,,,,,,,,,,,,,,,,,,,,,,,,,,,,,,,,,,,41.53472,4.0771775,22.65557,41.53472,4.0771775,2.5573027,,,,,,,,,,,,,,,,,41.53472,4.167115,0.022232123,41.53472,4.167115,0.0011980563,,,,,,,,,,,,,,,,,,,,41.53472,4.167115,-0.0013142271,41.53472,4.167115,27.494217,41.53472,4.167115,-4.380757e-05,41.53472,4.167115,1.0000001e-07,41.53472,4.167115,7.0,,,,,,,
41.53472,4.1071568,0.0077048945,41.53472,4.1071568,0.0013684366,,,,,,,,,,,,,,,,,,,,,,,,,,,,,,,,,,,,,,,,,,,,,,,,,,,,,,,,,,,,,41.53472,4.1071568,22.330818,41.53472,4.1071568,2.524136,,,,,,,,,,,,,,,,,41.53472,4.1970944,0.021595329,41.53472,4.1970944,0.0007687409,,,,,,,,,,,,,,,,,,,,41.53472,4.1970944,-0.00132712,41.53472,4.1970944,27.494162,41.53472,4.1970944,-4.4237342e-05,41.53472,4.1970944,1.0000001e-07,41.53472,4.1970944,7.0,,,,,,,
41.53472,4.137136,0.0069909263,41.53472,4.137136,0.0015618028,,,,,,,,,,,,,,,,,,,,,,,,,,,,,,,,,,,,,,,,,,,,,,,,,,,,,,,,,,,,,41.53472,4.137136,19.974255,41.53472,4.137136,3.2713168,,,,,,,,,,,,,,,,,41.53472,4.2270737,0.020082003,41.53472,4.2270737,-0.00011486392,,,,,,,,,,,,,,,,,,,,41.53472,4.2270737,-0.0064393147,41.53472,4.2270737,27.471666,41.53472,4.2270737,-0.00021464383,41.53472,4.2270737,1.0000001e-07,41.53472,4.2270737,7.0,,,,,,,
41.53472,4.167115,0.006976052,41.53472,4.167115,0.0016212999,,,,,,,,,,,,,,,,,,,,,,,,,,,,,,,,,,,,,,,,,,,,,,,,,,,,,,,,,,,,,41.53472,4.167115,19.919258,41.53472,4.167115,3.4855132,,,,,,,,,,,,,,,,,41.53472,4.257053,0.023169653,41.53472,4.257053,0.0004746284,,,,,,,,,,,,,,,,,,,,41.53472,4.257053,0.000350661,41.53472,4.257053,27.501541,41.53472,4.257053,1.1688701e-05,41.53472,4.257053,1.0000001e-07,41.53472,4.257053,7.0,,,,,,,
41.53472,4.1970944,0.0066934405,41.53472,4.1970944,0.0014576826,,,,,,,,,,,,,,,,,,,,,,,,,,,,,,,,,,,,,,,,,,,,,,,,,,,,,,,,,,,,,41.53472,4.1970944,19.028725,41.53472,4.1970944,2.910232,,,,,,,,,,,,,,,,,41.53472,4.287032,0.021298936,41.53472,4.287032,-0.00014126919,,,,,,,,,,,,,,,,,,,,41.53472,4.287032,-0.0016116636,41.53472,4.287032,27.49291,41.53472,4.287032,-5.3722128e-05,41.53472,4.287032,1.0000001e-07,41.53472,4.287032,7.0,,,,,,,
41.53472,4.2270737,0.0062472112,41.53472,4.2270737,0.0013684367,,,,,,,,,,,,,,,,,,,,,,,,,,,,,,,,,,,,,,,,,,,,,,,,,,,,,,,,,,,,,41.53472,4.2270737,17.494766,41.53472,4.2270737,2.611309,,,,,,,,,,,,,,,,,41.53472,4.3170114,0.02113623,41.53472,4.3170114,0.0012444464,,,,,,,,,,,,,,,,,,,,41.53472,4.3170114,-0.00054803625,41.53472,4.3170114,27.49759,41.53472,4.3170114,-1.8267874e-05,41.53472,4.3170114,0.042644568,41.53472,4.3170114,6.0,,,,,,,
41.53472,4.257053,0.007065298,41.53472,4.257053,0.0014576823,,,,,,,,,,,,,,,,,,,,,,,,,,,,,,,,,,,,,,,,,,,,,,,,,,,,,,,,,,,,,41.53472,4.257053,20.284456,41.53472,4.257053,2.934497,,,,,,,,,,,,,,,,,41.53472,4.3469906,0.022030542,41.53472,4.3469906,0.0007169018,,,,,,,,,,,,,,,,,,,,41.53472,4.3469906,-0.0012858664,41.53472,4.3469906,27.494345,41.53472,4.3469906,-4.2862215e-05,41.53472,4.3469906,1.0000001e-07,41.53472,4.3469906,7.0,,,,,,,
41.53472,4.287032,0.0063364566,41.53472,4.287032,0.0012940652,,,,,,,,,,,,,,,,,,,,,,,,,,,,,,,,,,,,,,,,,,,,,,,,,,,,,,,,,,,,,41.53472,4.287032,17.929893,41.53472,4.287032,2.2087615,,,,,,,,,,,,,,,,,41.53472,4.37697,0.021195961,41.53472,4.37697,7.342193e-05,,,,,,,,,,,,,,,,,,,,41.53472,4.37697,-0.002083236,41.53472,4.37697,27.490837,41.53472,4.37697,-6.944119e-05,41.53472,4.37697,1.0000001e-07,41.53472,4.37697,7.0,,,,,,,
41.53472,4.3170114,0.0065000746,41.53472,4.3170114,0.0015915515,,,,,,,,,,,,,,,,,,,,,,,,,,,,,,,,,,,,,,,,,,,,,,,,,,,,,,,,,,,,,41.53472,4.3170114,18.501839,41.53472,4.3170114,3.330756,,,,,,,,,,,,,,,,,41.53472,4.406949,0.021547033,41.53472,4.406949,1.3641593e-05,,,,,,,,,,,,,,,,,,,,41.53472,4.406949,-0.0029320507,41.53472,4.406949,27.487099,41.53472,4.406949,-9.7735036e-05,41.53472,4.406949,1.0000001e-07,41.53472,4.406949,7.0,,,,,,,
41.53472,4.3469906,0.0065000746,41.53472,4.3469906,0.0014428083,,,,,,,,,,,,,,,,,,,,,,,,,,,,,,,,,,,,,,,,,,,,,,,,,,,,,,,,,,,,,41.53472,4.3469906,18.327095,41.53472,4.3469906,2.7696586,,,,,,,,,,,,,,,,,41.53472,4.4369283,0.020691594,41.53472,4.4369283,-0.0003713788,,,,,,,,,,,,,,,,,,,,41.53472,4.4369283,-0.0028925345,41.53472,4.4369283,27.487274,41.53472,4.4369283,-9.641781e-05,41.53472,4.4369283,1.0000001e-07,41.53472,4.4369283,7.0,,,,,,,
41.53472,4.37697,0.0061579654,41.53472,4.37697,0.0012345678,,,,,,,,,,,,,,,,,,,,,,,,,,,,,,,,,,,,,,,,,,,,,,,,,,,,,,,,,,,,,41.53472,4.37697,17.409012,41.53472,4.37697,2.1100755,,,,,,,,,,,,,,,,,41.53472,4.4669075,0.018429304,41.53472,4.4669075,0.0007477767,,,,,,,,,,,,,,,,,,,,41.53472,4.4669075,-0.0052909874,41.53472,4.4669075,27.47672,41.53472,4.4669075,-0.00017636624,41.53472,4.4669075,1.0000001e-07,41.53472,4.4669075,7.0,,,,,,,
41.53472,4.406949,0.0063215825,41.53472,4.406949,0.0013238137,,,,,,,,,,,,,,,,,,,,,,,,,,,,,,,,,,,,,,,,,,,,,,,,,,,,,,,,,,,,,41.53472,4.406949,17.768385,41.53472,4.406949,2.4079504,,,,,,,,,,,,,,,,,41.53472,4.4968867,0.021851148,41.53472,4.4968867,0.0009585687,,,,,,,,,,,,,,,,,,,,41.53472,4.4968867,0.0015122523,41.53472,4.4968867,27.506655,41.53472,4.4968867,5.040841e-05,41.53472,4.4968867,1.0000001e-07,41.53472,4.4968867,7.0,,,,,,,
41.53472,4.4369283,0.0060389712,41.53472,4.4369283,0.001294065,,,,,,,,,,,,,,,,,,,,,,,,,,,,,,,,,,,,,,,,,,,,,,,,,,,,,,,,,,,,,41.53472,4.4369283,16.918167,41.53472,4.4369283,2.276102,,,,,,,,,,,,,,,,,41.53472,4.526866,0.020151772,41.53472,4.526866,-0.00086544134,,,,,,,,,,,,,,,,,,,,41.53472,4.526866,-0.001283593,41.53472,4.526866,27.494352,41.53472,4.526866,-4.278643e-05,41.53472,4.526866,1.0000001e-07,41.53472,4.526866,7.0,,,,,,,
41.53472,4.4669075,0.005369627,41.53472,4.4669075,0.001294065,,,,,,,,,,,,,,,,,,,,,,,,,,,,,,,,,,,,,,,,,,,,,,,,,,,,,,,,,,,,,41.53472,4.4669075,14.842327,41.53472,4.4669075,2.3053122,,,,,,,,,,,,,,,,,41.53472,4.556845,0.019485466,41.53472,4.556845,0.0009011738,,,,,,,,,,,,,,,,,,,,41.53472,4.556845,-0.0040264735,41.53472,4.556845,27.48228,41.53472,4.556845,-0.0001342158,41.53472,4.556845,1.0000001e-07,41.53472,4.556845,7.0,,,,,,,
41.53472,4.4968867,0.005949725,41.53472,4.4968867,0.0013981853,,,,,,,,,,,,,,,,,,,,,,,,,,,,,,,,,,,,,,,,,,,,,,,,,,,,,,,,,,,,,41.53472,4.4968867,16.779655,41.53472,4.4968867,2.6357052,,,,,,,,,,,,,,,,,41.53472,4.586825,0.020447835,41.53472,4.586825,0.00083018764,,,,,,,,,,,,,,,,,,,,41.53472,4.586825,-0.0030443678,41.53472,4.586825,27.486605,41.53472,4.586825,-0.00010147894,41.53472,4.586825,1.0000001e-07,41.53472,4.586825,7.0,,,,,,,
41.53472,4.526866,0.0056076157,41.53472,4.526866,0.0011899449,,,,,,,,,,,,,,,,,,,,,,,,,,,,,,,,,,,,,,,,,,,,,,,,,,,,,,,,,,,,,41.53472,4.526866,15.582808,41.53472,4.526866,1.8288873,,,,,,,,,,,,,,,,,41.53472,4.616804,0.021067802,41.53472,4.616804,0.0020812908,,,,,,,,,,,,,,,,,,,,41.53472,4.616804,-0.00044896133,41.53472,4.616804,27.498024,41.53472,4.616804,-1.4965374e-05,41.53472,4.616804,1.0000001e-07,41.53472,4.616804,7.0,,,,,,,
41.53472,4.556845,0.005399375,41.53472,4.556845,0.0013535623,,,,,,,,,,,,,,,,,,,,,,,,,,,,,,,,,,,,,,,,,,,,,,,,,,,,,,,,,,,,,41.53472,4.556845,14.881312,41.53472,4.556845,2.4907348,,,,,,,,,,,,,,,,,41.53472,4.6467834,0.022312978,41.53472,4.6467834,8.15208e-06,,,,,,,,,,,,,,,,,,,,41.53472,4.6467834,-0.0007037865,41.53472,4.6467834,27.496906,41.53472,4.6467834,-2.3459543e-05,41.53472,4.6467834,1.0000001e-07,41.53472,4.6467834,7.0,,,,,,,
41.53472,4.5868244,0.005443998,41.53472,4.5868244,0.0013981852,,,,,,,,,,,,,,,,,,,,,,,,,,,,,,,,,,,,,,,,,,,,,,,,,,,,,,,,,,,,,41.53472,4.5868244,14.960833,41.53472,4.5868244,2.679055,,,,,,,,,,,,,,,,,41.53472,4.6767626,0.021893015,41.53472,4.6767626,-0.00050258834,,,,,,,,,,,,,,,,,,,,41.53472,4.6767626,0.0030857532,41.53472,4.6767626,27.513577,41.53472,4.6767626,0.00010285844,41.53472,4.6767626,1.0000001e-07,41.53472,4.6767626,7.0,,,,,,,
41.53472,4.6168036,0.0057414845,41.53472,4.6168036,0.0015766771,,,,,,,,,,,,,,,,,,,,,,,,,,,,,,,,,,,,,,,,,,,,,,,,,,,,,,,,,,,,,41.53472,4.6168036,16.090734,41.53472,4.6168036,3.2254794,,,,,,,,,,,,,,,,,41.53472,4.706742,0.020136582,41.53472,4.706742,0.0015086726,,,,,,,,,,,,,,,,,,,,41.53472,4.706742,-0.0028525172,41.53472,4.706742,27.48745,41.53472,4.706742,-9.5083895e-05,41.53472,4.706742,1.0000001e-07,41.53472,4.706742,7.0,,,,,,,
41.53472,4.646783,0.005860479,41.53472,4.646783,0.0012196936,,,,,,,,,,,,,,,,,,,,,,,,,,,,,,,,,,,,,,,,,,,,,,,,,,,,,,,,,,,,,41.53472,4.646783,16.399025,41.53472,4.646783,2.035266,,,,,,,,,,,,,,,,,41.53472,4.736721,0.019642543,41.53472,4.736721,0.00030594564,,,,,,,,,,,,,,,,,,,,41.53472,4.736721,-0.0011670074,41.53472,4.736721,27.494865,41.53472,4.736721,-3.8900245e-05,41.53472,4.736721,1.0000001e-07,41.53472,4.736721,7.0,,,,,,,
41.53472,4.676762,0.005592741,41.53472,4.676762,0.0011601964,,,,,,,,,,,,,,,,,,,,,,,,,,,,,,,,,,,,,,,,,,,,,,,,,,,,,,,,,,,,,41.53472,4.676762,15.65378,41.53472,4.676762,1.7766716,,,,,,,,,,,,,,,,,41.53472,4.7667003,0.020617189,41.53472,4.7667003,0.0022379758,,,,,,,,,,,,,,,,,,,,41.53472,4.7667003,-0.00015305335,41.53472,4.7667003,27.499327,41.53472,4.7667003,-5.101776e-06,41.53472,4.7667003,1.0000001e-07,41.53472,4.7667003,7.0,,,,,,,
41.53472,4.706742,0.0052655065,41.53472,4.706742,0.0015766772,,,,,,,,,,,,,,,,,,,,,,,,,,,,,,,,,,,,,,,,,,,,,,,,,,,,,,,,,,,,,41.53472,4.706742,14.547176,41.53472,4.706742,3.3255548,,,,,,,,,,,,,,,,,41.53472,4.7966795,0.020280115,41.53472,4.7966795,0.0007489371,,,,,,,,,,,,,,,,,,,,41.53472,4.7966795,-0.0032406568,41.53472,4.7966795,27.48574,41.53472,4.7966795,-0.0001080219,41.53472,4.7966795,1.0000001e-07,41.53472,4.7966795,7.0,,,,,,,
41.53472,4.736721,0.005042392,41.53472,4.736721,0.001294065,,,,,,,,,,,,,,,,,,,,,,,,,,,,,,,,,,,,,,,,,,,,,,,,,,,,,,,,,,,,,41.53472,4.736721,13.852543,41.53472,4.736721,2.3124099,,,,,,,,,,,,,,,,,41.53472,4.8266587,0.01921206,41.53472,4.8266587,0.0010736962,,,,,,,,,,,,,,,,,,,,41.53472,4.8266587,-0.004674356,41.53472,4.8266587,27.479431,41.53472,4.8266587,-0.00015581185,41.53472,4.8266587,1.0000001e-07,41.53472,4.8266587,7.0,,,,,,,
41.53472,4.7667003,0.0052655065,41.53472,4.7667003,0.0016213,,,,,,,,,,,,,,,,,,,,,,,,,,,,,,,,,,,,,,,,,,,,,,,,,,,,,,,,,,,,,41.53472,4.7667003,14.520118,41.53472,4.7667003,3.3606417,,,,,,,,,,,,,,,,,41.53472,4.856638,0.02011764,41.53472,4.856638,-0.00077282346,,,,,,,,,,,,,,,,,,,,41.53472,4.856638,-0.0011769229,41.53472,4.856638,27.49482,41.53472,4.856638,-3.9230767e-05,41.53472,4.856638,1.0000001e-07,41.53472,4.856638,7.0,,,,,,,
41.53472,4.7966795,0.0051613864,41.53472,4.7966795,0.0013684366,,,,,,,,,,,,,,,,,,,,,,,,,,,,,,,,,,,,,,,,,,,,,,,,,,,,,,,,,,,,,41.53472,4.7966795,14.096562,41.53472,4.7966795,2.539377,,,,,,,,,,,,,,,,,41.53472,4.886617,0.018929265,41.53472,4.886617,0.00048645472,,,,,,,,,,,,,,,,,,,,41.53472,4.886617,-0.0031324197,41.53472,4.886617,27.486217,41.53472,4.886617,-0.00010441398,41.53472,4.886617,1.0000001e-07,41.53472,4.886617,7.0,,,,,,,
41.53472,4.8266587,0.0048787743,41.53472,4.8266587,0.0014130597,,,,,,,,,,,,,,,,,,,,,,,,,,,,,,,,,,,,,,,,,,,,,,,,,,,,,,,,,,,,,41.53472,4.8266587,13.207282,41.53472,4.8266587,2.690156,,,,,,,,,,,,,,,,,41.53472,4.9165964,0.017946865,41.53472,4.9165964,0.00045979457,,,,,,,,,,,,,,,,,,,,41.53472,4.9165964,-0.0032288497,41.53472,4.9165964,27.485792,41.53472,4.9165964,-0.00010762832,41.53472,4.9165964,1.0000001e-07,41.53472,4.9165964,7.0,,,,,,,
41.53472,4.856638,0.0051167635,41.53472,4.856638,0.001145322,,,,,,,,,,,,,,,,,,,,,,,,,,,,,,,,,,,,,,,,,,,,,,,,,,,,,,,,,,,,,41.53472,4.856638,13.989126,41.53472,4.856638,1.8133177,,,,,,,,,,,,,,,,,41.53472,4.9465756,0.020534448,41.53472,4.9465756,0.0009280997,,,,,,,,,,,,,,,,,,,,41.53472,4.9465756,-0.0014032956,41.53472,4.9465756,27.493828,41.53472,4.9465756,-4.6776535e-05,41.53472,4.9465756,1.0000001e-07,41.53472,4.9465756,7.0,,,,,,,
41.53472,4.886617,0.0047746543,41.53472,4.886617,0.0013981853,,,,,,,,,,,,,,,,,,,,,,,,,,,,,,,,,,,,,,,,,,,,,,,,,,,,,,,,,,,,,41.53472,4.886617,12.927766,41.53472,4.886617,2.6953397,,,,,,,,,,,,,,,,,41.53472,4.976555,0.02007898,41.53472,4.976555,0.002008059,,,,,,,,,,,,,,,,,,,,41.53472,4.976555,-0.0029610512,41.53472,4.976555,27.486973,41.53472,4.976555,-9.870171e-05,41.53472,4.976555,0.040064715,41.53472,4.976555,6.0,,,,,,,
41.53472,4.9165964,0.0045366655,41.53472,4.9165964,0.0012791906,,,,,,,,,,,,,,,,,,,,,,,,,,,,,,,,,,,,,,,,,,,,,,,,,,,,,,,,,,,,,41.53472,4.9165964,12.26751,41.53472,4.9165964,2.1359465,,,,,,,,,,,,,,,,,41.53472,5.006534,0.019087888,41.53472,5.006534,0.00012997043,,,,,,,,,,,,,,,,,,,,41.53472,5.006534,-0.0012133355,41.53472,5.006534,27.494663,41.53472,5.006534,-4.044452e-05,41.53472,5.006534,1.0000001e-07,41.53472,5.006534,7.0,,,,,,,
41.53472,4.9465756,0.004938272,41.53472,4.9465756,0.0013981854,,,,,,,,,,,,,,,,,,,,,,,,,,,,,,,,,,,,,,,,,,,,,,,,,,,,,,,,,,,,,41.53472,4.9465756,13.542125,41.53472,4.9465756,2.6137333,,,,,,,,,,,,,,,,,41.53472,5.0365133,0.020048246,41.53472,5.0365133,1.0604181e-05,,,,,,,,,,,,,,,,,,,,41.53472,5.0365133,-0.00037013533,41.53472,5.0365133,27.498373,41.53472,5.0365133,-1.2337845e-05,41.53472,5.0365133,1.0000001e-07,41.53472,5.0365133,7.0,,,,,,,
41.53472,4.976555,0.00475978,41.53472,4.976555,0.0015469284,,,,,,,,,,,,,,,,,,,,,,,,,,,,,,,,,,,,,,,,,,,,,,,,,,,,,,,,,,,,,41.53472,4.976555,12.889475,41.53472,4.976555,3.2424753,,,,,,,,,,,,,,,,,41.53472,5.0664926,0.020811072,41.53472,5.0664926,0.00059637666,,,,,,,,,,,,,,,,,,,,41.53472,5.0664926,0.00039819448,41.53472,5.0664926,27.50175,41.53472,5.0664926,1.3273149e-05,41.53472,5.0664926,1.0000001e-07,41.53472,5.0664926,7.0,,,,,,,
41.53472,5.006534,0.004536665,41.53472,5.006534,0.0011750706,,,,,,,,,,,,,,,,,,,,,,,,,,,,,,,,,,,,,,,,,,,,,,,,,,,,,,,,,,,,,41.53472,5.006534,12.187382,41.53472,5.006534,1.8593322,,,,,,,,,,,,,,,,,41.53472,5.096472,0.018533967,41.53472,5.096472,0.0007496056,,,,,,,,,,,,,,,,,,,,41.53472,5.096472,-0.0010407883,41.53472,5.096472,27.495419,41.53472,5.096472,-3.4692945e-05,41.53472,5.096472,1.0000001e-07,41.53472,5.096472,7.0,,,,,,,
41.53472,5.0365133,0.0046407855,41.53472,5.0365133,0.0011750706,,,,,,,,,,,,,,,,,,,,,,,,,,,,,,,,,,,,,,,,,,,,,,,,,,,,,,,,,,,,,41.53472,5.0365133,12.55153,41.53472,5.0365133,1.8890855,,,,,,,,,,,,,,,,,41.53472,5.126451,0.01806015,41.53472,5.126451,-0.0004085425,,,,,,,,,,,,,,,,,,,,41.53472,5.126451,-0.0027700828,41.53472,5.126451,27.487814,41.53472,5.126451,-9.2336115e-05,41.53472,5.126451,1.0000001e-07,41.53472,5.126451,7.0,,,,,,,
41.53472,5.0664926,0.004789529,41.53472,5.0664926,0.0011601964,,,,,,,,,,,,,,,,,,,,,,,,,,,,,,,,,,,,,,,,,,,,,,,,,,,,,,,,,,,,,41.53472,5.0664926,13.0345335,41.53472,5.0664926,1.760161,,,,,,,,,,,,,,,,,41.53472,5.1564302,0.021549582,41.53472,5.1564302,0.00044723978,,,,,,,,,,,,,,,,,,,,41.53472,5.1564302,0.0011419195,41.53472,5.1564302,27.505028,41.53472,5.1564302,3.8063987e-05,41.53472,5.1564302,1.0000001e-07,41.53472,5.1564302,7.0,,,,,,,
41.53472,5.096472,0.004343299,41.53472,5.096472,0.0012940652,,,,,,,,,,,,,,,,,,,,,,,,,,,,,,,,,,,,,,,,,,,,,,,,,,,,,,,,,,,,,41.53472,5.096472,11.594875,41.53472,5.096472,2.258826,,,,,,,,,,,,,,,,,41.53472,5.1864095,0.019874888,41.53472,5.1864095,-0.0009522373,,,,,,,,,,,,,,,,,,,,41.53472,5.1864095,-0.0014262219,41.53472,5.1864095,27.493725,41.53472,5.1864095,-4.754073e-05,41.53472,5.1864095,1.0000001e-07,41.53472,5.1864095,7.0,,,,,,,
41.53472,5.126451,0.0042094304,41.53472,5.126451,0.0010858248,,,,,,,,,,,,,,,,,,,,,,,,,,,,,,,,,,,,,,,,,,,,,,,,,,,,,,,,,,,,,41.53472,5.126451,11.158789,41.53472,5.126451,1.5402113,,,,,,,,,,,,,,,,,41.53472,5.2163887,0.021000223,41.53472,5.2163887,0.00095208094,,,,,,,,,,,,,,,,,,,,41.53472,5.2163887,-0.00084522524,41.53472,5.2163887,27.496283,41.53472,5.2163887,-2.817417e-05,41.53472,5.2163887,1.0000001e-07,41.53472,5.2163887,7.0,,,,,,,
41.53472,5.1564302,0.004789529,41.53472,5.1564302,0.0012494423,,,,,,,,,,,,,,,,,,,,,,,,,,,,,,,,,,,,,,,,,,,,,,,,,,,,,,,,,,,,,41.53472,5.1564302,12.991276,41.53472,5.1564302,2.1433854,,,,,,,,,,,,,,,,,41.53472,5.246368,0.02043308,41.53472,5.246368,0.00045686134,,,,,,,,,,,,,,,,,,,,41.53472,5.246368,0.0016919569,41.53472,5.246368,27.507446,41.53472,5.246368,5.639856e-05,41.53472,5.246368,1.0000001e-07,41.53472,5.246368,7.0,,,,,,,
41.53472,5.1864095,0.0043879217,41.53472,5.1864095,0.0012196935,,,,,,,,,,,,,,,,,,,,,,,,,,,,,,,,,,,,,,,,,,,,,,,,,,,,,,,,,,,,,41.53472,5.1864095,11.715271,41.53472,5.1864095,2.0488665,,,,,,,,,,,,,,,,,41.53472,5.276347,0.022502532,41.53472,5.276347,0.00029747796,,,,,,,,,,,,,,,,,,,,41.53472,5.276347,0.005965537,41.53472,5.276347,27.526249,41.53472,5.276347,0.00019885125,41.53472,5.276347,1.0000001e-07,41.53472,5.276347,7.0,,,,,,,
41.53472,5.2163887,0.004715157,41.53472,5.2163887,0.0013684367,,,,,,,,,,,,,,,,,,,,,,,,,,,,,,,,,,,,,,,,,,,,,,,,,,,,,,,,,,,,,41.53472,5.2163887,12.744483,41.53472,5.2163887,2.4958987,,,,,,,,,,,,,,,,,41.53472,5.3063264,0.021868944,41.53472,5.3063264,-0.0010042631,,,,,,,,,,,,,,,,,,,,41.53472,5.3063264,0.0019436976,41.53472,5.3063264,27.508553,41.53472,5.3063264,6.478992e-05,41.53472,5.3063264,1.0000001e-07,41.53472,5.3063264,7.0,,,,,,,
41.53472,5.246368,0.0044920426,41.53472,5.246368,0.0012791908,,,,,,,,,,,,,,,,,,,,,,,,,,,,,,,,,,,,,,,,,,,,,,,,,,,,,,,,,,,,,41.53472,5.246368,12.0048895,41.53472,5.246368,2.2428315,,,,,,,,,,,,,,,,,41.53472,5.3363056,0.022847377,41.53472,5.3363056,-0.0006526259,,,,,,,,,,,,,,,,,,,,41.53472,5.3363056,0.0048699207,41.53472,5.3363056,27.521427,41.53472,5.3363056,0.00016233069,41.53472,5.3363056,1.0000001e-07,41.53472,5.3363056,7.0,,,,,,,
41.53472,5.276347,0.0048044026,41.53472,5.276347,0.0011750706,,,,,,,,,,,,,,,,,,,,,,,,,,,,,,,,,,,,,,,,,,,,,,,,,,,,,,,,,,,,,41.53472,5.276347,13.204853,41.53472,5.276347,1.8970637,,,,,,,,,,,,,,,,,41.53472,5.366285,0.019189421,41.53472,5.366285,0.0014843971,,,,,,,,,,,,,,,,,,,,41.53472,5.366285,0.0007359619,41.53472,5.366285,27.503239,41.53472,5.366285,2.4532059e-05,41.53472,5.366285,1.0000001e-07,41.53472,5.366285,7.0,,,,,,,
41.53472,5.3063264,0.0046407855,41.53472,5.3063264,0.0011601964,,,,,,,,,,,,,,,,,,,,,,,,,,,,,,,,,,,,,,,,,,,,,,,,,,,,,,,,,,,,,41.53472,5.3063264,12.552591,41.53472,5.3063264,1.7923677,,,,,,,,,,,,,,,,,41.53472,5.396264,0.01783412,41.53472,5.396264,0.00018985456,,,,,,,,,,,,,,,,,,,,41.53472,5.396264,-0.003994006,41.53472,5.396264,27.48243,41.53472,5.396264,-0.00013313355,41.53472,5.396264,1.0000001e-07,41.53472,5.396264,7.0,,,,,,,
41.53472,5.3363056,0.004730031,41.53472,5.3363056,0.0010263276,,,,,,,,,,,,,,,,,,,,,,,,,,,,,,,,,,,,,,,,,,,,,,,,,,,,,,,,,,,,,41.53472,5.3363056,12.849059,41.53472,5.3363056,1.3436562,,,,,,,,,,,,,,,,,41.53472,5.426244,0.017430598,41.53472,5.426244,0.0004733807,,,,,,,,,,,,,,,,,,,,41.53472,5.426244,-0.0024613456,41.53472,5.426244,27.48917,41.53472,5.426244,-8.204484e-05,41.53472,5.426244,1.0000001e-07,41.53472,5.426244,7.0,,,,,,,
41.53472,5.366285,0.0040755617,41.53472,5.366285,0.0012791909,,,,,,,,,,,,,,,,,,,,,,,,,,,,,,,,,,,,,,,,,,,,,,,,,,,,,,,,,,,,,41.53472,5.366285,10.803352,41.53472,5.366285,2.240597,,,,,,,,,,,,,,,,,41.53472,5.456223,0.019611806,41.53472,5.456223,0.0005035241,,,,,,,,,,,,,,,,,,,,41.53472,5.456223,0.0021155898,41.53472,5.456223,27.50931,41.53472,5.456223,7.0519665e-05,41.53472,5.456223,1.0000001e-07,41.53472,5.456223,7.0,,,,,,,
41.53472,5.396264,0.003911944,41.53472,5.396264,0.0012940652,,,,,,,,,,,,,,,,,,,,,,,,,,,,,,,,,,,,,,,,,,,,,,,,,,,,,,,,,,,,,41.53472,5.396264,10.264387,41.53472,5.396264,2.348693,,,,,,,,,,,,,,,,,41.53472,5.4862022,0.017662711,41.53472,5.4862022,-0.00069600187,,,,,,,,,,,,,,,,,,,,41.53472,5.4862022,-0.00017982705,41.53472,5.4862022,27.49921,41.53472,5.4862022,-5.994246e-06,41.53472,5.4862022,1.0000001e-07,41.53472,5.4862022,7.0,,,,,,,
41.53472,5.4262433,0.003822698,41.53472,5.4262433,0.0012494421,,,,,,,,,,,,,,,,,,,,,,,,,,,,,,,,,,,,,,,,,,,,,,,,,,,,,,,,,,,,,41.53472,5.4262433,9.949526,41.53472,5.4262433,2.1246378,,,,,,,,,,,,,,,,,41.53472,5.5161815,0.018785752,41.53472,5.5161815,-0.00047297735,,,,,,,,,,,,,,,,,,,,41.53472,5.5161815,-0.0012665604,41.53472,5.5161815,27.494425,41.53472,5.5161815,-4.2218682e-05,41.53472,5.5161815,1.0000001e-07,41.53472,5.5161815,7.0,,,,,,,
41.53472,5.4562225,0.0040011904,41.53472,5.4562225,0.0012048192,,,,,,,,,,,,,,,,,,,,,,,,,,,,,,,,,,,,,,,,,,,,,,,,,,,,,,,,,,,,,41.53472,5.4562225,10.53437,41.53472,5.4562225,1.9337711,,,,,,,,,,,,,,,,,41.53472,5.5461607,0.016974667,41.53472,5.5461607,0.00039825405,,,,,,,,,,,,,,,,,,,,41.53472,5.5461607,-0.0023528945,41.53472,5.5461607,27.489647,41.53472,5.5461607,-7.842982e-05,41.53472,5.5461607,1.0000001e-07,41.53472,5.5461607,7.0,,,,,,,
41.53472,5.486202,0.0038821958,41.53472,5.486202,0.0010560761,,,,,,,,,,,,,,,,,,,,,,,,,,,,,,,,,,,,,,,,,,,,,,,,,,,,,,,,,,,,,41.53472,5.486202,10.160829,41.53472,5.486202,1.335633,,,,,,,,,,,,,,,,,41.53472,5.57614,0.018940678,41.53472,5.57614,-0.001301012,,,,,,,,,,,,,,,,,,,,41.53472,5.57614,-0.0013997206,41.53472,5.57614,27.493843,41.53472,5.57614,-4.6657355e-05,41.53472,5.57614,1.0000001e-07,41.53472,5.57614,7.0,,,,,,,
41.53472,5.516181,0.00400119,41.53472,5.516181,0.0010412019,,,,,,,,,,,,,,,,,,,,,,,,,,,,,,,,,,,,,,,,,,,,,,,,,,,,,,,,,,,,,41.53472,5.516181,10.533585,41.53472,5.516181,1.400012,,,,,,,,,,,,,,,,,41.53472,5.606119,0.02234997,41.53472,5.606119,0.0006118031,,,,,,,,,,,,,,,,,,,,41.53472,5.606119,0.005404883,41.53472,5.606119,27.52378,41.53472,5.606119,0.00018016275,41.53472,5.606119,1.0000001e-07,41.53472,5.606119,7.0,,,,,,,
41.53472,5.5461607,0.0035400863,41.53472,5.5461607,0.0012494422,,,,,,,,,,,,,,,,,,,,,,,,,,,,,,,,,,,,,,,,,,,,,,,,,,,,,,,,,,,,,41.53472,5.5461607,9.032654,41.53472,5.5461607,2.0549705,,,,,,,,,,,,,,,,,41.53472,5.6360984,0.017462438,41.53472,5.6360984,0.0013909296,,,,,,,,,,,,,,,,,,,,41.53472,5.6360984,-0.0038394555,41.53472,5.6360984,27.483107,41.53472,5.6360984,-0.00012798184,41.53472,5.6360984,1.0000001e-07,41.53472,5.6360984,7.0,,,,,,,
41.53472,5.57614,0.00389707,41.53472,5.57614,0.0009519559,,,,,,,,,,,,,,,,,,,,,,,,,,,,,,,,,,,,,,,,,,,,,,,,,,,,,,,,,,,,,41.53472,5.57614,10.138325,41.53472,5.57614,1.0481136,,,,,,,,,,,,,,,,,41.53472,5.6660776,0.02076336,41.53472,5.6660776,0.0020493665,,,,,,,,,,,,,,,,,,,,41.53472,5.6660776,0.0007077015,41.53472,5.6660776,27.503113,41.53472,5.6660776,2.3590048e-05,41.53472,5.6660776,1.0000001e-07,41.53472,5.6660776,7.0,,,,,,,
41.53472,5.606119,0.004387922,41.53472,5.606119,0.0011750706,,,,,,,,,,,,,,,,,,,,,,,,,,,,,,,,,,,,,,,,,,,,,,,,,,,,,,,,,,,,,41.53472,5.606119,11.7460575,41.53472,5.606119,1.8922495,,,,,,,,,,,,,,,,,41.53472,5.696057,0.019986063,41.53472,5.696057,0.001503457,,,,,,,,,,,,,,,,,,,,41.53472,5.696057,0.0011619199,41.53472,5.696057,27.505112,41.53472,5.696057,3.8730665e-05,41.53472,5.696057,1.0000001e-07,41.53472,5.696057,7.0,,,,,,,
41.53472,5.6360984,0.0036888293,41.53472,5.6360984,0.0012048192,,,,,,,,,,,,,,,,,,,,,,,,,,,,,,,,,,,,,,,,,,,,,,,,,,,,,,,,,,,,,41.53472,5.6360984,9.4361105,41.53472,5.6360984,2.0486407,,,,,,,,,,,,,,,,,41.53472,5.726036,0.018685367,41.53472,5.726036,-0.0013260342,,,,,,,,,,,,,,,,,,,,41.53472,5.726036,-0.0023605872,41.53472,5.726036,27.489614,41.53472,5.726036,-7.8686215e-05,41.53472,5.726036,1.0000001e-07,41.53472,5.726036,7.0,,,,,,,
41.53472,5.6660776,0.0040458124,41.53472,5.6660776,0.0013386881,,,,,,,,,,,,,,,,,,,,,,,,,,,,,,,,,,,,,,,,,,,,,,,,,,,,,,,,,,,,,41.53472,5.6660776,10.613216,41.53472,5.6660776,2.4376192,,,,,,,,,,,,,,,,,41.53472,5.7560153,0.018059999,41.53472,5.7560153,0.0014995573,,,,,,,,,,,,,,,,,,,,41.53472,5.7560153,-0.0025227515,41.53472,5.7560153,27.4889,41.53472,5.7560153,-8.409172e-05,41.53472,5.7560153,1.0000001e-07,41.53472,5.7560153,7.0,,,,,,,
41.53472,5.696057,0.0039268183,41.53472,5.696057,0.0012940652,,,,,,,,,,,,,,,,,,,,,,,,,,,,,,,,,,,,,,,,,,,,,,,,,,,,,,,,,,,,,41.53472,5.696057,10.312984,41.53472,5.696057,2.2786138,,,,,,,,,,,,,,,,,41.53472,5.7859945,0.020915857,41.53472,5.7859945,0.0010540521,,,,,,,,,,,,,,,,,,,,41.53472,5.7859945,0.0045258338,41.53472,5.7859945,27.519915,41.53472,5.7859945,0.00015086113,41.53472,5.7859945,1.0000001e-07,41.53472,5.7859945,7.0,,,,,,,
41.53472,5.726036,0.0036293322,41.53472,5.726036,0.0009370816,,,,,,,,,,,,,,,,,,,,,,,,,,,,,,,,,,,,,,,,,,,,,,,,,,,,,,,,,,,,,41.53472,5.726036,9.326832,41.53472,5.726036,0.96911377,,,,,,,,,,,,,,,,,41.53472,5.8159738,0.01737565,41.53472,5.8159738,-0.00037411597,,,,,,,,,,,,,,,,,,,,41.53472,5.8159738,-0.0012369831,41.53472,5.8159738,27.494558,41.53472,5.8159738,-4.123277e-05,41.53472,5.8159738,1.0000001e-07,41.53472,5.8159738,7.0,,,,,,,
41.53472,5.7560153,0.003525212,41.53472,5.7560153,0.0013684367,,,,,,,,,,,,,,,,,,,,,,,,,,,,,,,,,,,,,,,,,,,,,,,,,,,,,,,,,,,,,41.53472,5.7560153,8.926037,41.53472,5.7560153,2.5522122,,,,,,,,,,,,,,,,,41.53472,5.845953,0.016740518,41.53472,5.845953,0.00093078264,,,,,,,,,,,,,,,,,,,,41.53472,5.845953,-0.005697515,41.53472,5.845953,27.474932,41.53472,5.845953,-0.00018991718,41.53472,5.845953,1.0000001e-07,41.53472,5.845953,7.0,,,,,,,
41.53472,5.7859945,0.0039268183,41.53472,5.7859945,0.0011304476,,,,,,,,,,,,,,,,,,,,,,,,,,,,,,,,,,,,,,,,,,,,,,,,,,,,,,,,,,,,,41.53472,5.7859945,10.321845,41.53472,5.7859945,1.6727961,,,,,,,,,,,,,,,,,41.53472,5.875932,0.018482568,41.53472,5.875932,-0.00029639326,,,,,,,,,,,,,,,,,,,,41.53472,5.875932,0.001214784,41.53472,5.875932,27.505344,41.53472,5.875932,4.04928e-05,41.53472,5.875932,1.0000001e-07,41.53472,5.875932,7.0,,,,,,,
41.53472,5.8159738,0.0033764686,41.53472,5.8159738,0.0010263275,,,,,,,,,,,,,,,,,,,,,,,,,,,,,,,,,,,,,,,,,,,,,,,,,,,,,,,,,,,,,41.53472,5.8159738,8.503622,41.53472,5.8159738,1.326716,,,,,,,,,,,,,,,,,41.53472,5.9059114,0.019451061,41.53472,5.9059114,0.0025866674,,,,,,,,,,,,,,,,,,,,41.53472,5.9059114,-0.00048464988,41.53472,5.9059114,27.497868,41.53472,5.9059114,-1.6154996e-05,41.53472,5.9059114,1.0000001e-07,41.53472,5.9059114,7.0,,,,,,,
41.53472,5.845953,0.0033318459,41.53472,5.845953,0.0011155733,,,,,,,,,,,,,,,,,,,,,,,,,,,,,,,,,,,,,,,,,,,,,,,,,,,,,,,,,,,,,41.53472,5.845953,8.279355,41.53472,5.845953,1.6127657,,,,,,,,,,,,,,,,,41.53472,5.9358907,0.019452497,41.53472,5.9358907,-4.990369e-05,,,,,,,,,,,,,,,,,,,,41.53472,5.9358907,0.0011145788,41.53472,5.9358907,27.504902,41.53472,5.9358907,3.7152626e-05,41.53472,5.9358907,1.0000001e-07,41.53472,5.9358907,7.0,,,,,,,
41.53472,5.875932,0.0035103378,41.53472,5.875932,0.0010263275,,,,,,,,,,,,,,,,,,,,,,,,,,,,,,,,,,,,,,,,,,,,,,,,,,,,,,,,,,,,,41.53472,5.875932,8.974445,41.53472,5.875932,1.2978644,,,,,,,,,,,,,,,,,41.53472,5.96587,0.01919832,41.53472,5.96587,-0.00077266176,,,,,,,,,,,,,,,,,,,,41.53472,5.96587,7.758885e-05,41.53472,5.96587,27.500341,41.53472,5.96587,2.586288e-06,41.53472,5.96587,1.0000001e-07,41.53472,5.96587,7.0,,,,,,,
41.53472,5.9059114,0.0035995836,41.53472,5.9059114,0.0013386882,,,,,,,,,,,,,,,,,,,,,,,,,,,,,,,,,,,,,,,,,,,,,,,,,,,,,,,,,,,,,41.53472,5.9059114,9.186964,41.53472,5.9059114,2.4041967,,,,,,,,,,,,,,,,,41.53472,5.995849,0.016999701,41.53472,5.995849,0.00075646443,,,,,,,,,,,,,,,,,,,,41.53472,5.995849,0.0,41.53472,5.995849,27.5,41.53472,5.995849,0.0,41.53472,5.995849,1.0000001e-07,41.53472,5.995849,7.0,,,,,,,
41.53472,5.9358907,0.0035995832,41.53472,5.9358907,0.0010709505,,,,,,,,,,,,,,,,,,,,,,,,,,,,,,,,,,,,,,,,,,,,,,,,,,,,,,,,,,,,,41.53472,5.9358907,9.153513,41.53472,5.9358907,1.3892847,,,,,,,,,,,,,,,,,41.53472,6.0258284,0.020220822,41.53472,6.0258284,0.0019288496,,,,,,,,,,,,,,,,,,,,,,,,,,,,,41.53472,6.0258284,1.0000001e-07,41.53472,6.0258284,7.0,,,,,,,
41.53472,5.96587,0.0035103378,41.53472,5.96587,0.001056076,,,,,,,,,,,,,,,,,,,,,,,,,,,,,,,,,,,,,,,,,,,,,,,,,,,,,,,,,,,,,41.53472,5.96587,8.881461,41.53472,5.96587,1.4375448,,,,,,,,,,,,,,,,,41.53472,6.0558076,0.020705506,41.53472,6.0558076,-0.0004331318,,,,,,,,,,,,,,,,,,,,,,,,,,,,,41.53472,6.0558076,1.0000001e-07,41.53472,6.0558076,7.0,,,,,,,
41.53472,5.995849,0.0032574746,41.53472,5.995849,0.0010858248,,,,,,,,,,,,,,,,,,,,,,,,,,,,,,,,,,,,,,,,,,,,,,,,,,,,,,,,,,,,,41.53472,5.995849,8.178388,41.53472,5.995849,1.528118,,,,,,,,,,,,,,,,,41.53472,6.085787,0.015026305,41.53472,6.085787,2.6332913e-05,,,,,,,,,,,,,,,,,,,,,,,,,,,,,41.53472,6.085787,1.0000001e-07,41.53472,6.085787,7.0,,,,,,,
41.53472,6.0258284,0.0035698349,41.53472,6.0258284,0.001234568,,,,,,,,,,,,,,,,,,,,,,,,,,,,,,,,,,,,,,,,,,,,,,,,,,,,,,,,,,,,,41.53472,6.0258284,9.206104,41.53472,6.0258284,2.1391184,,,,,,,,,,,,,,,,,41.53472,6.115766,0.0182018,41.53472,6.115766,0.0010754588,,,,,,,,,,,,,,,,,,,,,,,,,,,,,41.53472,6.115766,1.0000001e-07,41.53472,6.115766,7.0,,,,,,,
41.53472,6.0558076,0.0035549605,41.53472,6.0558076,0.0009817048,,,,,,,,,,,,,,,,,,,,,,,,,,,,,,,,,,,,,,,,,,,,,,,,,,,,,,,,,,,,,41.53472,6.0558076,9.17033,41.53472,6.0558076,1.1553797,,,,,,,,,,,,,,,,,41.53472,6.1457453,0.02059507,41.53472,6.1457453,0.00043435942,,,,,,,,,,,,,,,,,,,,,,,,,,,,,41.53472,6.1457453,1.0000001e-07,41.53472,6.1457453,7.0,,,,,,,
41.53472,6.085787,0.0029451137,41.53472,6.085787,0.0010560761,,,,,,,,,,,,,,,,,,,,,,,,,,,,,,,,,,,,,,,,,,,,,,,,,,,,,,,,,,,,,41.53472,6.085787,7.0434895,41.53472,6.085787,1.405532,,,,,,,,,,,,,,,,,41.53472,6.1757245,0.019048603,41.53472,6.1757245,-8.36346e-05,,,,,,,,,,,,,,,,,,,,,,,,,,,,,41.53472,6.1757245,1.0000001e-07,41.53472,6.1757245,7.0,,,,,,,
41.53472,6.115766,0.0031979769,41.53472,6.115766,0.0012494422,,,,,,,,,,,,,,,,,,,,,,,,,,,,,,,,,,,,,,,,,,,,,,,,,,,,,,,,,,,,,41.53472,6.115766,7.886407,41.53472,6.115766,2.099137,,,,,,,,,,,,,,,,,41.53472,6.2057037,0.01605495,41.53472,6.2057037,-0.0016794087,,,,,,,,,,,,,,,,,,,,,,,,,,,,,41.53472,6.2057037,1.0000001e-07,41.53472,6.2057037,7.0,,,,,,,
41.53472,6.1457453,0.0034954632,41.53472,6.1457453,0.0011304477,,,,,,,,,,,,,,,,,,,,,,,,,,,,,,,,,,,,,,,,,,,,,,,,,,,,,,,,,,,,,41.53472,6.1457453,8.925553,41.53472,6.1457453,1.7147876,,,,,,,,,,,,,,,,,41.53472,6.235683,0.017222753,41.53472,6.235683,-0.0007988029,,,,,,,,,,,,,,,,,,,,,,,,,,,,,41.53472,6.235683,1.0000001e-07,41.53472,6.235683,7.0,,,,,,,
41.53472,6.1757245,0.0032872232,41.53472,6.1757245,0.0010709504,,,,,,,,,,,,,,,,,,,,,,,,,,,,,,,,,,,,,,,,,,,,,,,,,,,,,,,,,,,,,41.53472,6.1757245,8.153521,41.53472,6.1757245,1.4273833,,,,,,,,,,,,,,,,,41.53472,6.2656627,0.018574186,41.53472,6.2656627,0.0015248808,,,,,,,,,,,,,,,,,,,,,,,,,,,,,41.53472,6.2656627,1.0000001e-07,41.53472,6.2656627,7.0,,,,,,,
41.53472,6.2057037,0.002855868,41.53472,6.2057037,0.00093708164,,,,,,,,,,,,,,,,,,,,,,,,,,,,,,,,,,,,,,,,,,,,,,,,,,,,,,,,,,,,,41.53472,6.2057037,6.845927,41.53472,6.2057037,0.9668189,,,,,,,,,,,,,,,,,41.53472,6.295642,0.020113595,41.53472,6.295642,0.0008229817,,,,,,,,,,,,,,,,,,,,,,,,,,,,,41.53472,6.295642,1.0000001e-07,41.53472,6.295642,7.0,,,,,,,
41.53472,6.235683,0.0030194854,41.53472,6.235683,0.0009370816,,,,,,,,,,,,,,,,,,,,,,,,,,,,,,,,,,,,,,,,,,,,,,,,,,,,,,,,,,,,,41.53472,6.235683,7.4148235,41.53472,6.235683,1.0037026,,,,,,,,,,,,,,,,,41.53472,6.325621,0.017690122,41.53472,6.325621,0.00043784888,,,,,,,,,,,,,,,,,,,,,,,,,,,,,41.53472,6.325621,1.0000001e-07,41.53472,6.325621,7.0,,,,,,,
41.53472,6.265662,0.0033169715,41.53472,6.265662,0.0013238138,,,,,,,,,,,,,,,,,,,,,,,,,,,,,,,,,,,,,,,,,,,,,,,,,,,,,,,,,,,,,41.53472,6.265662,8.305648,41.53472,6.265662,2.3557951,,,,,,,,,,,,,,,,,41.53472,6.3556004,0.017456459,41.53472,6.3556004,0.0015689246,,,,,,,,,,,,,,,,,,,,,,,,,,,,,41.53472,6.3556004,1.0000001e-07,41.53472,6.3556004,7.0,,,,,,,
41.53472,6.2956414,0.0032872232,41.53472,6.2956414,0.0011601964,,,,,,,,,,,,,,,,,,,,,,,,,,,,,,,,,,,,,,,,,,,,,,,,,,,,,,,,,,,,,41.53472,6.2956414,8.140293,41.53472,6.2956414,1.8312997,,,,,,,,,,,,,,,,,41.53472,6.3855796,0.017522939,41.53472,6.3855796,0.0009899251,,,,,,,,,,,,,,,,,,,,,,,,,,,,,41.53472,6.3855796,1.0000001e-07,41.53472,6.3855796,7.0,,,,,,,
41.53472,6.3256207,0.0031087315,41.53472,6.3256207,0.0011006991,,,,,,,,,,,,,,,,,,,,,,,,,,,,,,,,,,,,,,,,,,,,,,,,,,,,,,,,,,,,,41.53472,6.3256207,7.614645,41.53472,6.3256207,1.6122682,,,,,,,,,,,,,,,,,41.53472,6.415559,0.013139711,41.53472,6.415559,0.0011866954,,,,,,,,,,,,,,,,,,,,,,,,,,,,,41.53472,6.415559,1.0000001e-07,41.53472,6.415559,7.0,,,,,,,
41.53472,6.3556,0.0029897366,41.53472,6.3556,0.0011899449,,,,,,,,,,,,,,,,,,,,,,,,,,,,,,,,,,,,,,,,,,,,,,,,,,,,,,,,,,,,,41.53472,6.3556,7.3054066,41.53472,6.3556,1.9274551,,,,,,,,,,,,,,,,,41.53472,6.445538,0.019724067,41.53472,6.445538,0.0016245268,,,,,,,,,,,,,,,,,,,,,,,,,,,,,41.53472,6.445538,1.0000001e-07,41.53472,6.445538,7.0,,,,,,,
41.53472,6.385579,0.0029897366,41.53472,6.385579,0.0012196936,,,,,,,,,,,,,,,,,,,,,,,,,,,,,,,,,,,,,,,,,,,,,,,,,,,,,,,,,,,,,41.53472,6.385579,7.321812,41.53472,6.385579,2.014169,,,,,,,,,,,,,,,,,41.53472,6.4755173,0.018652253,41.53472,6.4755173,0.000399041,,,,,,,,,,,,,,,,,,,,,,,,,,,,,41.53472,6.4755173,1.0000001e-07,41.53472,6.4755173,7.0,,,,,,,
41.53472,6.415559,0.00269225,41.53472,6.415559,0.0011601965,,,,,,,,,,,,,,,,,,,,,,,,,,,,,,,,,,,,,,,,,,,,,,,,,,,,,,,,,,,,,41.53472,6.415559,6.272478,41.53472,6.415559,1.798269,,,,,,,,,,,,,,,,,41.53472,6.5054965,0.01858648,41.53472,6.5054965,0.0001516842,,,,,,,,,,,,,,,,,,,,,,,,,,,,,41.53472,6.5054965,1.0000001e-07,41.53472,6.5054965,7.0,,,,,,,
41.53472,6.445538,0.0031087312,41.53472,6.445538,0.0011601964,,,,,,,,,,,,,,,,,,,,,,,,,,,,,,,,,,,,,,,,,,,,,,,,,,,,,,,,,,,,,41.53472,6.445538,7.6791196,41.53472,6.445538,1.8248727,,,,,,,,,,,,,,,,,41.53472,6.5354757,0.015746957,41.53472,6.5354757,0.0009989474,,,,,,,,,,,,,,,,,,,,,,,,,,,,,41.53472,6.5354757,1.0000001e-07,41.53472,6.5354757,7.0,,,,,,,
41.53472,6.4755173,0.002945114,41.53472,6.4755173,0.0010263275,,,,,,,,,,,,,,,,,,,,,,,,,,,,,,,,,,,,,,,,,,,,,,,,,,,,,,,,,,,,,41.53472,6.4755173,7.1584005,41.53472,6.4755173,1.3810077,,,,,,,,,,,,,,,,,41.53472,6.565455,0.016791597,41.53472,6.565455,-0.0007173275,,,,,,,,,,,,,,,,,,,,,,,,,,,,,41.53472,6.565455,1.0000001e-07,41.53472,6.565455,7.0,,,,,,,
41.53472,6.5054965,0.002811245,41.53472,6.5054965,0.0010858248,,,,,,,,,,,,,,,,,,,,,,,,,,,,,,,,,,,,,,,,,,,,,,,,,,,,,,,,,,,,,41.53472,6.5054965,6.6928754,41.53472,6.5054965,1.4919661,,,,,,,,,,,,,,,,,41.53472,6.595434,0.017568583,41.53472,6.595434,-0.0010836794,,,,,,,,,,,,,,,,,,,,,,,,,,,,,41.53472,6.595434,1.0000001e-07,41.53472,6.595434,7.0,,,,,,,
41.53472,6.5354757,0.0026030047,41.53472,6.5354757,0.0011750706,,,,,,,,,,,,,,,,,,,,,,,,,,,,,,,,,,,,,,,,,,,,,,,,,,,,,,,,,,,,,41.53472,6.5354757,6.041122,41.53472,6.5354757,1.8849044,,,,,,,,,,,,,,,,,41.53472,6.6254134,0.01740608,41.53472,6.6254134,-0.0005657359,,,,,,,,,,,,,,,,,,,,,,,,,,,,,41.53472,6.6254134,1.0000001e-07,41.53472,6.6254134,7.0,,,,,,,
41.53472,6.565455,0.0027963705,41.53472,6.565455,0.0009817047,,,,,,,,,,,,,,,,,,,,,,,,,,,,,,,,,,,,,,,,,,,,,,,,,,,,,,,,,,,,,41.53472,6.565455,6.8205194,41.53472,6.565455,1.1612109,,,,,,,,,,,,,,,,,41.53472,6.6553926,0.015215076,41.53472,6.6553926,0.0027556538,,,,,,,,,,,,,,,,,,,,,,,,,,,,,41.53472,6.6553926,1.0000001e-07,41.53472,6.6553926,7.0,,,,,,,
41.53472,6.595434,0.0028856164,41.53472,6.595434,0.00087758445,,,,,,,,,,,,,,,,,,,,,,,,,,,,,,,,,,,,,,,,,,,,,,,,,,,,,,,,,,,,,41.53472,6.595434,6.9363184,41.53472,6.595434,0.80769086,,,,,,,,,,,,,,,,,41.53472,6.685372,0.017951705,41.53472,6.685372,0.0018068954,,,,,,,,,,,,,,,,,,,,,,,,,,,,,41.53472,6.685372,1.0000001e-07,41.53472,6.685372,7.0,,,,,,,
41.53472,6.6254134,0.0027814964,41.53472,6.6254134,0.0011006991,,,,,,,,,,,,,,,,,,,,,,,,,,,,,,,,,,,,,,,,,,,,,,,,,,,,,,,,,,,,,41.53472,6.6254134,6.628383,41.53472,6.6254134,1.6235423,,,,,,,,,,,,,,,,,41.53472,6.715351,0.014748386,41.53472,6.715351,0.002089753,,,,,,,,,,,,,,,,,,,,,,,,,,,,,41.53472,6.715351,1.0000001e-07,41.53472,6.715351,7.0,,,,,,,
41.53472,6.6553926,0.0026178788,41.53472,6.6553926,0.0012048193,,,,,,,,,,,,,,,,,,,,,,,,,,,,,,,,,,,,,,,,,,,,,,,,,,,,,,,,,,,,,41.53472,6.6553926,6.1173987,41.53472,6.6553926,1.9039819,,,,,,,,,,,,,,,,,41.53472,6.7453303,0.015376074,41.53472,6.7453303,-0.0010822759,,,,,,,,,,,,,,,,,,,,,,,,,,,,,41.53472,6.7453303,1.0000001e-07,41.53472,6.7453303,7.0,,,,,,,
41.53472,6.685372,0.0028856164,41.53472,6.685372,0.0011453221,,,,,,,,,,,,,,,,,,,,,,,,,,,,,,,,,,,,,,,,,,,,,,,,,,,,,,,,,,,,,41.53472,6.685372,6.8706913,41.53472,6.685372,1.730825,,,,,,,,,,,,,,,,,41.53472,6.7753096,0.015192845,41.53472,6.7753096,-0.0009091631,,,,,,,,,,,,,,,,,,,,,,,,,,,,,41.53472,6.7753096,1.0000001e-07,41.53472,6.7753096,7.0,,,,,,,
41.53472,6.715351,0.0024988845,41.53472,6.715351,0.0012494422,,,,,,,,,,,,,,,,,,,,,,,,,,,,,,,,,,,,,,,,,,,,,,,,,,,,,,,,,,,,,41.53472,6.715351,5.75104,41.53472,6.715351,2.1114075,,,,,,,,,,,,,,,,,41.53472,6.805289,0.019289054,41.53472,6.805289,-0.0023927975,,,,,,,,,,,,,,,,,,,,,,,,,,,,,41.53472,6.805289,1.0000001e-07,41.53472,6.805289,7.0,,,,,,,
41.53472,6.7453303,0.002528633,41.53472,6.7453303,0.0008924587,,,,,,,,,,,,,,,,,,,,,,,,,,,,,,,,,,,,,,,,,,,,,,,,,,,,,,,,,,,,,41.53472,6.7453303,5.8214965,41.53472,6.7453303,0.7750837,,,,,,,,,,,,,,,,,41.53472,6.835268,0.019581892,41.53472,6.835268,0.001940401,,,,,,,,,,,,,,,,,,,,,,,,,,,,,41.53472,6.835268,1.0000001e-07,41.53472,6.835268,7.0,,,,,,,
41.53472,6.7753096,0.0024542613,41.53472,6.7753096,0.0009817046,,,,,,,,,,,,,,,,,,,,,,,,,,,,,,,,,,,,,,,,,,,,,,,,,,,,,,,,,,,,,41.53472,6.7753096,5.596552,41.53472,6.7753096,1.2122134,,,,,,,,,,,,,,,,,41.53472,6.8652472,0.016976949,41.53472,6.8652472,-0.0018118904,,,,,,,,,,,,,,,,,,,,,,,,,,,,,41.53472,6.8652472,1.0000001e-07,41.53472,6.8652472,7.0,,,,,,,
41.53472,6.805289,0.0029153652,41.53472,6.805289,0.0008032128,,,,,,,,,,,,,,,,,,,,,,,,,,,,,,,,,,,,,,,,,,,,,,,,,,,,,,,,,,,,,41.53472,6.805289,7.041876,41.53472,6.805289,0.5528129,,,,,,,,,,,,,,,,,41.53472,6.8952265,0.014997995,41.53472,6.8952265,-0.0008554745,,,,,,,,,,,,,,,,,,,,,,,,,,,,,41.53472,6.8952265,1.0000001e-07,41.53472,6.8952265,7.0,,,,,,,
41.53472,6.835268,0.0028856164,41.53472,6.835268,0.0012048193,,,,,,,,,,,,,,,,,,,,,,,,,,,,,,,,,,,,,,,,,,,,,,,,,,,,,,,,,,,,,41.53472,6.835268,6.9859943,41.53472,6.835268,1.937552,,,,,,,,,,,,,,,,,41.53472,6.9252057,0.01636618,41.53472,6.9252057,-0.0011416712,,,,,,,,,,,,,,,,,,,,,,,,,,,,,41.53472,6.9252057,1.0000001e-07,41.53472,6.9252057,7.0,,,,,,,
41.53472,6.8652472,0.0026625018,41.53472,6.8652472,0.0009222073,,,,,,,,,,,,,,,,,,,,,,,,,,,,,,,,,,,,,,,,,,,,,,,,,,,,,,,,,,,,,41.53472,6.8652472,6.254857,41.53472,6.8652472,0.95900303,,,,,,,,,,,,,,,,,41.53472,6.955185,0.018374516,41.53472,6.955185,0.00011782025,,,,,,,,,,,,,,,,,,,,,,,,,,,,,41.53472,6.955185,1.0000001e-07,41.53472,6.955185,7.0,,,,,,,
41.53472,6.8952265,0.00237989,41.53472,6.8952265,0.00090733304,,,,,,,,,,,,,,,,,,,,,,,,,,,,,,,,,,,,,,,,,,,,,,,,,,,,,,,,,,,,,41.53472,6.8952265,5.3952427,41.53472,6.8952265,0.90885174,,,,,,,,,,,,,,,,,41.53472,6.985164,0.016058104,41.53472,6.985164,-0.00025195983,,,,,,,,,,,,,,,,,,,,,,,,,,,,,41.53472,6.985164,1.0000001e-07,41.53472,6.985164,7.0,,,,,,,
41.53472,6.9252057,0.0024988847,41.53472,6.9252057,0.0008478358,,,,,,,,,,,,,,,,,,,,,,,,,,,,,,,,,,,,,,,,,,,,,,,,,,,,,,,,,,,,,41.53472,6.9252057,5.6714845,41.53472,6.9252057,0.6369143,,,,,,,,,,,,,,,,,41.53472,7.0151434,0.0150597645,41.53472,7.0151434,0.002092245,,,,,,,,,,,,,,,,,,,,,,,,,,,,,41.53472,7.0151434,1.0000001e-07,41.53472,7.0151434,7.0,,,,,,,
41.53472,6.955185,0.0027368735,41.53472,6.955185,0.0009817046,,,,,,,,,,,,,,,,,,,,,,,,,,,,,,,,,,,,,,,,,,,,,,,,,,,,,,,,,,,,,41.53472,6.955185,6.551969,41.53472,6.955185,1.2203845,,,,,,,,,,,,,,,,,41.53472,7.0451226,0.0154112745,41.53472,7.0451226,0.0021369834,,,,,,,,,,,,,,,,,,,,,,,,,,,,,41.53472,7.0451226,1.0000001e-07,41.53472,7.0451226,7.0,,,,,,,
41.53472,6.985164,0.0025732561,41.53472,6.985164,0.0009519559,,,,,,,,,,,,,,,,,,,,,,,,,,,,,,,,,,,,,,,,,,,,,,,,,,,,,,,,,,,,,41.53472,6.985164,6.011086,41.53472,6.985164,0.9972962,,,,,,,,,,,,,,,,,41.53472,7.0751023,0.02034799,41.53472,7.0751023,-0.00035181706,,,,,,,,,,,,,,,,,,,,,,,,,,,,,41.53472,7.0751023,1.0000001e-07,41.53472,7.0751023,7.0,,,,,,,
41.53472,7.0151434,0.0024393871,41.53472,7.0151434,0.0011750706,,,,,,,,,,,,,,,,,,,,,,,,,,,,,,,,,,,,,,,,,,,,,,,,,,,,,,,,,,,,,41.53472,7.0151434,5.474409,41.53472,7.0151434,1.8408018,,,,,,,,,,,,,,,,,41.53472,7.1050816,0.012187366,41.53472,7.1050816,0.004604993,,,,,,,,,,,,,,,,,,,,,,,,,,,,,41.53472,7.1050816,1.0000001e-07,41.53472,7.1050816,7.0,,,,,,,
41.53472,7.0451226,0.0023798898,41.53472,7.0451226,0.0011601964,,,,,,,,,,,,,,,,,,,,,,,,,,,,,,,,,,,,,,,,,,,,,,,,,,,,,,,,,,,,,41.53472,7.0451226,5.386781,41.53472,7.0451226,1.7578908,,,,,,,,,,,,,,,,,41.53472,7.135061,0.016189145,41.53472,7.135061,0.0009244197,,,,,,,,,,,,,,,,,,,,,,,,,,,,,41.53472,7.135061,1.0000001e-07,41.53472,7.135061,7.0,,,,,,,
41.53472,7.075102,0.002766622,41.53472,7.075102,0.0010263274,,,,,,,,,,,,,,,,,,,,,,,,,,,,,,,,,,,,,,,,,,,,,,,,,,,,,,,,,,,,,41.53472,7.075102,6.5855575,41.53472,7.075102,1.2940838,,,,,,,,,,,,,,,,,41.53472,7.16504,0.017576562,41.53472,7.16504,-3.71109e-05,,,,,,,,,,,,,,,,,,,,,,,,,,,,,41.53472,7.16504,1.0000001e-07,41.53472,7.16504,7.0,,,,,,,
41.53472,7.105081,0.0021567752,41.53472,7.105081,0.0012345678,,,,,,,,,,,,,,,,,,,,,,,,,,,,,,,,,,,,,,,,,,,,,,,,,,,,,,,,,,,,,41.53472,7.105081,4.706498,41.53472,7.105081,2.1336918,,,,,,,,,,,,,,,,,41.53472,7.1950192,0.013449091,41.53472,7.1950192,-0.0008326281,,,,,,,,,,,,,,,,,,,,,,,,,,,,,41.53472,7.1950192,1.0000001e-07,41.53472,7.1950192,7.0,,,,,,,
41.53472,7.1350603,0.0024840103,41.53472,7.1350603,0.0010114532,,,,,,,,,,,,,,,,,,,,,,,,,,,,,,,,,,,,,,,,,,,,,,,,,,,,,,,,,,,,,41.53472,7.1350603,5.6709995,41.53472,7.1350603,1.2356225,,,,,,,,,,,,,,,,,41.53472,7.2249985,0.019077148,41.53472,7.2249985,-0.0007742919,,,,,,,,,,,,,,,,,,,,,,,,,,,,,41.53472,7.2249985,1.0000001e-07,41.53472,7.2249985,7.0,,,,,,,
41.53472,7.1650395,0.002469136,41.53472,7.1650395,0.00093708164,,,,,,,,,,,,,,,,,,,,,,,,,,,,,,,,,,,,,,,,,,,,,,,,,,,,,,,,,,,,,41.53472,7.1650395,5.5968385,41.53472,7.1650395,0.9521482,,,,,,,,,,,,,,,,,41.53472,7.2549777,0.015030248,41.53472,7.2549777,0.0009812561,,,,,,,,,,,,,,,,,,,,,,,,,,,,,41.53472,7.2549777,1.0000001e-07,41.53472,7.2549777,7.0,,,,,,,
41.53472,7.195019,0.0021716496,41.53472,7.195019,0.0009668302,,,,,,,,,,,,,,,,,,,,,,,,,,,,,,,,,,,,,,,,,,,,,,,,,,,,,,,,,,,,,41.53472,7.195019,4.6381445,41.53472,7.195019,1.1114559,,,,,,,,,,,,,,,,,41.53472,7.284957,0.017249033,41.53472,7.284957,0.0009898082,,,,,,,,,,,,,,,,,,,,,,,,,,,,,41.53472,7.284957,1.0000001e-07,41.53472,7.284957,7.0,,,,,,,
41.53472,7.224998,0.0026030047,41.53472,7.224998,0.0009073329,,,,,,,,,,,,,,,,,,,,,,,,,,,,,,,,,,,,,,,,,,,,,,,,,,,,,,,,,,,,,41.53472,7.224998,6.016294,41.53472,7.224998,0.9756978,,,,,,,,,,,,,,,,,41.53472,7.314936,0.014584299,41.53472,7.314936,-0.00016723563,,,,,,,,,,,,,,,,,,,,,,,,,,,,,41.53472,7.314936,1.0000001e-07,41.53472,7.314936,7.0,,,,,,,
41.53472,7.2549777,0.0024096384,41.53472,7.2549777,0.0010412019,,,,,,,,,,,,,,,,,,,,,,,,,,,,,,,,,,,,,,,,,,,,,,,,,,,,,,,,,,,,,41.53472,7.2549777,5.479814,41.53472,7.2549777,1.3790294,,,,,,,,,,,,,,,,,41.53472,7.3449154,0.013760669,41.53472,7.3449154,0.0037286808,,,,,,,,,,,,,,,,,,,,,,,,,,,,,41.53472,7.3449154,1.0000001e-07,41.53472,7.3449154,7.0,,,,,,,
41.53472,7.284957,0.002528633,41.53472,7.284957,0.000996579,,,,,,,,,,,,,,,,,,,,,,,,,,,,,,,,,,,,,,,,,,,,,,,,,,,,,,,,,,,,,41.53472,7.284957,5.7642803,41.53472,7.284957,1.2593948,,,,,,,,,,,,,,,,,41.53472,7.3748946,0.015865544,41.53472,7.3748946,0.0022534218,,,,,,,,,,,,,,,,,,,,,,,,,,,,,41.53472,7.3748946,1.0000001e-07,41.53472,7.3748946,7.0,,,,,,,
41.53472,7.314936,0.0022162728,41.53472,7.314936,0.0008924587,,,,,,,,,,,,,,,,,,,,,,,,,,,,,,,,,,,,,,,,,,,,,,,,,,,,,,,,,,,,,41.53472,7.314936,4.7777777,41.53472,7.314936,0.821327,,,,,,,,,,,,,,,,,41.53472,7.404874,0.016374359,41.53472,7.404874,-0.00082119566,,,,,,,,,,,,,,,,,,,,,,,,,,,,,41.53472,7.404874,1.0000001e-07,41.53472,7.404874,7.0,,,,,,,
41.53472,7.3449154,0.0022162725,41.53472,7.3449154,0.0012791906,,,,,,,,,,,,,,,,,,,,,,,,,,,,,,,,,,,,,,,,,,,,,,,,,,,,,,,,,,,,,41.53472,7.3449154,4.860449,41.53472,7.3449154,2.2386746,,,,,,,,,,,,,,,,,41.53472,7.434853,0.017336804,41.53472,7.434853,0.0030136148,,,,,,,,,,,,,,,,,,,,,,,,,,,,,41.53472,7.434853,1.0000001e-07,41.53472,7.434853,7.0,,,,,,,
41.53472,7.3748946,0.0023055184,41.53472,7.3748946,0.0011155735,,,,,,,,,,,,,,,,,,,,,,,,,,,,,,,,,,,,,,,,,,,,,,,,,,,,,,,,,,,,,41.53472,7.3748946,5.115478,41.53472,7.3748946,1.6802738,,,,,,,,,,,,,,,,,41.53472,7.4648323,0.016357409,41.53472,7.4648323,0.00029878275,,,,,,,,,,,,,,,,,,,,,,,,,,,,,41.53472,7.4648323,1.0000001e-07,41.53472,7.4648323,7.0,,,,,,,
41.53472,7.404874,0.002335267,41.53472,7.404874,0.0008924587,,,,,,,,,,,,,,,,,,,,,,,,,,,,,,,,,,,,,,,,,,,,,,,,,,,,,,,,,,,,,41.53472,7.404874,5.286536,41.53472,7.404874,0.76617396,,,,,,,,,,,,,,,,,41.53472,7.4948115,0.018070268,41.53472,7.4948115,0.0027185478,,,,,,,,,,,,,,,,,,,,,,,,,,,,,41.53472,7.4948115,1.0000001e-07,41.53472,7.4948115,7.0,,,,,,,
41.53472,7.434853,0.0024691357,41.53472,7.434853,0.0011750706,,,,,,,,,,,,,,,,,,,,,,,,,,,,,,,,,,,,,,,,,,,,,,,,,,,,,,,,,,,,,41.53472,7.434853,5.661448,41.53472,7.434853,1.7988393,,,,,,,,,,,,,,,,,41.53472,7.524791,0.013269128,41.53472,7.524791,-0.00063092407,,,,,,,,,,,,,,,,,,,,,,,,,,,,,41.53472,7.524791,1.0000001e-07,41.53472,7.524791,7.0,,,,,,,
41.53472,7.4648323,0.0023650157,41.53472,7.4648323,0.0009668303,,,,,,,,,,,,,,,,,,,,,,,,,,,,,,,,,,,,,,,,,,,,,,,,,,,,,,,,,,,,,41.53472,7.4648323,5.355248,41.53472,7.4648323,1.1033342,,,,,,,,,,,,,,,,,41.53472,7.55477,0.015723452,41.53472,7.55477,0.0015348719,,,,,,,,,,,,,,,,,,,,,,,,,,,,,41.53472,7.55477,1.0000001e-07,41.53472,7.55477,7.0,,,,,,,
41.53472,7.4948115,0.002335267,41.53472,7.4948115,0.0011006991,,,,,,,,,,,,,,,,,,,,,,,,,,,,,,,,,,,,,,,,,,,,,,,,,,,,,,,,,,,,,41.53472,7.4948115,5.1933737,41.53472,7.4948115,1.553371,,,,,,,,,,,,,,,,,41.53472,7.584749,0.015304887,41.53472,7.584749,0.00090815936,,,,,,,,,,,,,,,,,,,,,,,,,,,,,41.53472,7.584749,1.0000001e-07,41.53472,7.584749,7.0,,,,,,,
41.53472,7.524791,0.0020377808,41.53472,7.524791,0.0008924587,,,,,,,,,,,,,,,,,,,,,,,,,,,,,,,,,,,,,,,,,,,,,,,,,,,,,,,,,,,,,41.53472,7.524791,4.2370825,41.53472,7.524791,0.82455796,,,,,,,,,,,,,,,,,41.53472,7.6147285,0.011590847,41.53472,7.6147285,-0.0013094466,,,,,,,,,,,,,,,,,,,,,,,,,,,,,41.53472,7.6147285,1.0000001e-07,41.53472,7.6147285,7.0,,,,,,,
41.53472,7.55477,0.0022460213,41.53472,7.55477,0.0010560763,,,,,,,,,,,,,,,,,,,,,,,,,,,,,,,,,,,,,,,,,,,,,,,,,,,,,,,,,,,,,41.53472,7.55477,5.0040817,41.53472,7.55477,1.4120075,,,,,,,,,,,,,,,,,41.53472,7.6447077,0.017079808,41.53472,7.6447077,-0.0024806273,,,,,,,,,,,,,,,,,,,,,,,,,,,,,41.53472,7.6447077,1.0000001e-07,41.53472,7.6447077,7.0,,,,,,,
41.53472,7.584749,0.0021121523,41.53472,7.584749,0.001056076,,,,,,,,,,,,,,,,,,,,,,,,,,,,,,,,,,,,,,,,,,,,,,,,,,,,,,,,,,,,,41.53472,7.584749,4.526453,41.53472,7.584749,1.4128337,,,,,,,,,,,,,,,,,41.53472,7.674687,0.018271545,41.53472,7.674687,0.0025051846,,,,,,,,,,,,,,,,,,,,,,,,,,,,,41.53472,7.674687,1.0000001e-07,41.53472,7.674687,7.0,,,,,,,
41.53472,7.6147285,0.0020229062,41.53472,7.6147285,0.0007883385,,,,,,,,,,,,,,,,,,,,,,,,,,,,,,,,,,,,,,,,,,,,,,,,,,,,,,,,,,,,,41.53472,7.6147285,4.256258,41.53472,7.6147285,0.44667476,,,,,,,,,,,,,,,,,41.53472,7.704666,0.015064797,41.53472,7.704666,0.0015497128,,,,,,,,,,,,,,,,,,,,,,,,,,,,,41.53472,7.704666,1.0000001e-07,41.53472,7.704666,7.0,,,,,,,
41.53472,7.6447077,0.0022460213,41.53472,7.6447077,0.00069909263,,,,,,,,,,,,,,,,,,,,,,,,,,,,,,,,,,,,,,,,,,,,,,,,,,,,,,,,,,,,,41.53472,7.6447077,4.911167,41.53472,7.6447077,0.15845276,,,,,,,,,,,,,,,,,41.53472,7.7346454,0.018193495,41.53472,7.7346454,-0.0021688843,,,,,,,,,,,,,,,,,,,,,,,,,,,,,41.53472,7.7346454,1.0000001e-07,41.53472,7.7346454,7.0,,,,,,,
41.53472,7.674687,0.0023650157,41.53472,7.674687,0.0010412019,,,,,,,,,,,,,,,,,,,,,,,,,,,,,,,,,,,,,,,,,,,,,,,,,,,,,,,,,,,,,41.53472,7.674687,5.3207974,41.53472,7.674687,1.3487172,,,,,,,,,,,,,,,,,41.53472,7.7646246,0.013001735,41.53472,7.7646246,0.0015071455,,,,,,,,,,,,,,,,,,,,,,,,,,,,,41.53472,7.7646246,1.0000001e-07,41.53472,7.7646246,7.0,,,,,,,
41.53472,7.704666,0.002097278,41.53472,7.704666,0.0011006991,,,,,,,,,,,,,,,,,,,,,,,,,,,,,,,,,,,,,,,,,,,,,,,,,,,,,,,,,,,,,41.53472,7.704666,4.4428635,41.53472,7.704666,1.5444788,,,,,,,,,,,,,,,,,41.53472,7.794604,0.01806659,41.53472,7.794604,0.0025103102,,,,,,,,,,,,,,,,,,,,,,,,,,,,,41.53472,7.794604,1.0000001e-07,41.53472,7.794604,7.0,,,,,,,
41.53472,7.7346454,0.002335267,41.53472,7.7346454,0.00086271006,,,,,,,,,,,,,,,,,,,,,,,,,,,,,,,,,,,,,,,,,,,,,,,,,,,,,,,,,,,,,41.53472,7.7346454,5.203138,41.53472,7.7346454,0.73602504,,,,,,,,,,,,,,,,,41.53472,7.824583,0.017172381,41.53472,7.824583,0.00023985731,,,,,,,,,,,,,,,,,,,,,,,,,,,,,41.53472,7.824583,1.0000001e-07,41.53472,7.824583,7.0,,,,,,,
41.53472,7.7646246,0.0019782835,41.53472,7.7646246,0.000996579,,,,,,,,,,,,,,,,,,,,,,,,,,,,,,,,,,,,,,,,,,,,,,,,,,,,,,,,,,,,,41.53472,7.7646246,4.051385,41.53472,7.7646246,1.1695209,,,,,,,,,,,,,,,,,41.53472,7.8545623,0.017796006,41.53472,7.8545623,0.0036962081,,,,,,,,,,,,,,,,,,,,,,,,,,,,,41.53472,7.8545623,1.0000001e-07,41.53472,7.8545623,7.0,,,,,,,
41.53472,7.794604,0.0022311467,41.53472,7.794604,0.0010263274,,,,,,,,,,,,,,,,,,,,,,,,,,,,,,,,,,,,,,,,,,,,,,,,,,,,,,,,,,,,,41.53472,7.794604,4.83082,41.53472,7.794604,1.3489177,,,,,,,,,,,,,,,,,41.53472,7.8845415,0.014766231,41.53472,7.8845415,0.0029998738,,,,,,,,,,,,,,,,,,,,,,,,,,,,,41.53472,7.8845415,1.0000001e-07,41.53472,7.8845415,7.0,,,,,,,
41.53472,7.824583,0.0022608957,41.53472,7.824583,0.0009817046,,,,,,,,,,,,,,,,,,,,,,,,,,,,,,,,,,,,,,,,,,,,,,,,,,,,,,,,,,,,,41.53472,7.824583,4.950541,41.53472,7.824583,1.197017,,,,,,,,,,,,,,,,,41.53472,7.914521,0.017767213,41.53472,7.914521,-0.0027259262,,,,,,,,,,,,,,,,,,,,,,,,,,,,,41.53472,7.914521,1.0000001e-07,41.53472,7.914521,7.0,,,,,,,
41.53472,7.8545623,0.0022162725,41.53472,7.8545623,0.0011750706,,,,,,,,,,,,,,,,,,,,,,,,,,,,,,,,,,,,,,,,,,,,,,,,,,,,,,,,,,,,,41.53472,7.8545623,4.808531,41.53472,7.8545623,1.9339191,,,,,,,,,,,,,,,,,41.53472,7.9445004,0.0172076,41.53472,7.9445004,-2.2216182e-06,,,,,,,,,,,,,,,,,,,,,,,,,,,,,41.53472,7.9445004,1.0000001e-07,41.53472,7.9445004,7.0,,,,,,,
41.53472,7.8845415,0.001993158,41.53472,7.8845415,0.0010560761,,,,,,,,,,,,,,,,,,,,,,,,,,,,,,,,,,,,,,,,,,,,,,,,,,,,,,,,,,,,,41.53472,7.8845415,4.156758,41.53472,7.8845415,1.4845501,,,,,,,,,,,,,,,,,41.53472,7.9744797,0.015969548,41.53472,7.9744797,0.00044928852,,,,,,,,,,,,,,,,,,,,,,,,,,,,,41.53472,7.9744797,1.0000001e-07,41.53472,7.9744797,7.0,,,,,,,
41.53472,7.9145207,0.0022162725,41.53472,7.9145207,0.0007288412,,,,,,,,,,,,,,,,,,,,,,,,,,,,,,,,,,,,,,,,,,,,,,,,,,,,,,,,,,,,,41.53472,7.9145207,4.8274064,41.53472,7.9145207,0.2701644,,,,,,,,,,,,,,,,,41.53472,8.004458,0.0140684,41.53472,8.004458,0.004776845,,,,,,,,,,,,,,,,,,,,,,,,,,,,,41.53472,8.004458,1.0000001e-07,41.53472,8.004458,7.0,,,,,,,
41.53472,7.9445,0.0021716496,41.53472,7.9445,0.0008924586,,,,,,,,,,,,,,,,,,,,,,,,,,,,,,,,,,,,,,,,,,,,,,,,,,,,,,,,,,,,,41.53472,7.9445,4.7055407,41.53472,7.9445,0.9005868,,,,,,,,,,,,,,,,,41.53472,8.034438,0.014181743,41.53472,8.034438,-0.001298781,,,,,,,,,,,,,,,,,,,,,,,,,,,,,41.53472,8.034438,1.0000001e-07,41.53472,8.034438,7.0,,,,,,,
41.53472,7.974479,0.0020824037,41.53472,7.974479,0.0009668303,,,,,,,,,,,,,,,,,,,,,,,,,,,,,,,,,,,,,,,,,,,,,,,,,,,,,,,,,,,,,41.53472,7.974479,4.445102,41.53472,7.974479,1.0832338,,,,,,,,,,,,,,,,,41.53472,8.064417,0.012479033,41.53472,8.064417,0.0024347743,,,,,,,,,,,,,,,,,,,,,,,,,,,,,41.53472,8.064417,1.0000001e-07,41.53472,8.064417,7.0,,,,,,,
41.53472,8.004458,0.002008032,41.53472,8.004458,0.0011899449,,,,,,,,,,,,,,,,,,,,,,,,,,,,,,,,,,,,,,,,,,,,,,,,,,,,,,,,,,,,,41.53472,8.004458,4.1781964,41.53472,8.004458,1.9440806,,,,,,,,,,,,,,,,,41.53472,8.094397,0.0162179,41.53472,8.094397,0.0024029776,,,,,,,,,,,,,,,,,,,,,,,,,,,,,41.53472,8.094397,1.0000001e-07,41.53472,8.094397,7.0,,,,,,,
41.53472,8.034438,0.0019336606,41.53472,8.034438,0.00087758445,,,,,,,,,,,,,,,,,,,,,,,,,,,,,,,,,,,,,,,,,,,,,,,,,,,,,,,,,,,,,41.53472,8.034438,3.8950598,41.53472,8.034438,0.8077536,,,,,,,,,,,,,,,,,41.53472,8.124375,0.015777541,41.53472,8.124375,0.0048217606,,,,,,,,,,,,,,,,,,,,,,,,,,,,,41.53472,8.124375,1.0000001e-07,41.53472,8.124375,7.0,,,,,,,
41.53472,8.064417,0.0018444149,41.53472,8.064417,0.0009817046,,,,,,,,,,,,,,,,,,,,,,,,,,,,,,,,,,,,,,,,,,,,,,,,,,,,,,,,,,,,,41.53472,8.064417,3.6440947,41.53472,8.064417,1.1655496,,,,,,,,,,,,,,,,,41.53472,8.154355,0.013941122,41.53472,8.154355,-0.00088406383,,,,,,,,,,,,,,,,,,,,,,,,,,,,,41.53472,8.154355,1.0000001e-07,41.53472,8.154355,7.0,,,,,,,
41.53472,8.094397,0.0019782835,41.53472,8.094397,0.0011601964,,,,,,,,,,,,,,,,,,,,,,,,,,,,,,,,,,,,,,,,,,,,,,,,,,,,,,,,,,,,,41.53472,8.094397,4.0963345,41.53472,8.094397,1.7882544,,,,,,,,,,,,,,,,,41.53472,8.184334,0.013717817,41.53472,8.184334,-0.0014563862,,,,,,,,,,,,,,,,,,,,,,,,,,,,,41.53472,8.184334,1.0000001e-07,41.53472,8.184334,7.0,,,,,,,
41.53472,8.124375,0.0019039118,41.53472,8.124375,0.001234568,,,,,,,,,,,,,,,,,,,,,,,,,,,,,,,,,,,,,,,,,,,,,,,,,,,,,,,,,,,,,41.53472,8.124375,3.7933645,41.53472,8.124375,2.0360057,,,,,,,,,,,,,,,,,41.53472,8.2143135,0.013629065,41.53472,8.2143135,0.0030297055,,,,,,,,,,,,,,,,,,,,,,,,,,,,,41.53472,8.2143135,1.0000001e-07,41.53472,8.2143135,7.0,,,,,,,
41.53472,8.154355,0.001903912,41.53472,8.154355,0.0009073329,,,,,,,,,,,,,,,,,,,,,,,,,,,,,,,,,,,,,,,,,,,,,,,,,,,,,,,,,,,,,41.53472,8.154355,3.8818092,41.53472,8.154355,0.90304947,,,,,,,,,,,,,,,,,41.53472,8.244292,0.017410042,41.53472,8.244292,-0.0014724622,,,,,,,,,,,,,,,,,,,,,,,,,,,,,41.53472,8.244292,1.0000001e-07,41.53472,8.244292,7.0,,,,,,,
41.53472,8.184334,0.0019485349,41.53472,8.184334,0.00087758445,,,,,,,,,,,,,,,,,,,,,,,,,,,,,,,,,,,,,,,,,,,,,,,,,,,,,,,,,,,,,41.53472,8.184334,3.9291,41.53472,8.184334,0.76108605,,,,,,,,,,,,,,,,,41.53472,8.274272,0.014866461,41.53472,8.274272,0.002657365,,,,,,,,,,,,,,,,,,,,,,,,,,,,,41.53472,8.274272,1.0000001e-07,41.53472,8.274272,7.0,,,,,,,
41.53472,8.2143135,0.0018741633,41.53472,8.2143135,0.0010412018,,,,,,,,,,,,,,,,,,,,,,,,,,,,,,,,,,,,,,,,,,,,,,,,,,,,,,,,,,,,,41.53472,8.2143135,3.7368922,41.53472,8.2143135,1.4095339,,,,,,,,,,,,,,,,,41.53472,8.304251,0.01953301,41.53472,8.304251,-0.00016912435,,,,,,,,,,,,,,,,,,,,,,,,,,,,,41.53472,8.304251,1.0000001e-07,41.53472,8.304251,7.0,,,,,,,
41.53472,8.244292,0.002141901,41.53472,8.244292,0.00083296146,,,,,,,,,,,,,,,,,,,,,,,,,,,,,,,,,,,,,,,,,,,,,,,,,,,,,,,,,,,,,41.53472,8.244292,4.6108146,41.53472,8.244292,0.6332149,,,,,,,,,,,,,,,,,41.53472,8.33423,0.0134362,41.53472,8.33423,0.0043890276,,,,,,,,,,,,,,,,,,,,,,,,,,,,,41.53472,8.33423,1.0000001e-07,41.53472,8.33423,7.0,,,,,,,
41.53472,8.274272,0.0019634091,41.53472,8.274272,0.0011006991,,,,,,,,,,,,,,,,,,,,,,,,,,,,,,,,,,,,,,,,,,,,,,,,,,,,,,,,,,,,,41.53472,8.274272,3.9833975,41.53472,8.274272,1.5715106,,,,,,,,,,,,,,,,,41.53472,8.36421,0.013160542,41.53472,8.36421,0.0005200079,,,,,,,,,,,,,,,,,,,,,,,,,,,,,41.53472,8.36421,1.0000001e-07,41.53472,8.36421,7.0,,,,,,,
41.53472,8.304251,0.0022311467,41.53472,8.304251,0.0008924587,,,,,,,,,,,,,,,,,,,,,,,,,,,,,,,,,,,,,,,,,,,,,,,,,,,,,,,,,,,,,41.53472,8.304251,4.920405,41.53472,8.304251,0.88323903,,,,,,,,,,,,,,,,,41.53472,8.394189,0.017650029,41.53472,8.394189,0.0028840278,,,,,,,,,,,,,,,,,,,,,,,,,,,,,41.53472,8.394189,1.0000001e-07,41.53472,8.394189,7.0,,,,,,,
41.53472,8.33423,0.0019336606,41.53472,8.33423,0.0011304477,,,,,,,,,,,,,,,,,,,,,,,,,,,,,,,,,,,,,,,,,,,,,,,,,,,,,,,,,,,,,41.53472,8.33423,3.9159257,41.53472,8.33423,1.6969293,,,,,,,,,,,,,,,,,41.53472,8.424169,0.018619431,41.53472,8.424169,0.0027923712,,,,,,,,,,,,,,,,,,,,,,,,,,,,,41.53472,8.424169,1.0000001e-07,41.53472,8.424169,7.0,,,,,,,
41.53472,8.364209,0.0018146661,41.53472,8.364209,0.0009519559,,,,,,,,,,,,,,,,,,,,,,,,,,,,,,,,,,,,,,,,,,,,,,,,,,,,,,,,,,,,,41.53472,8.364209,3.5236173,41.53472,8.364209,1.0630035,,,,,,,,,,,,,,,,,41.53472,8.454147,0.016862476,41.53472,8.454147,0.00091598305,,,,,,,,,,,,,,,,,,,,,,,,,,,,,41.53472,8.454147,1.0000001e-07,41.53472,8.454147,7.0,,,,,,,
41.53472,8.394189,0.002008032,41.53472,8.394189,0.0010412019,,,,,,,,,,,,,,,,,,,,,,,,,,,,,,,,,,,,,,,,,,,,,,,,,,,,,,,,,,,,,41.53472,8.394189,4.236609,41.53472,8.394189,1.3856356,,,,,,,,,,,,,,,,,41.53472,8.484127,0.019622846,41.53472,8.484127,4.321047e-05,,,,,,,,,,,,,,,,,,,,,,,,,,,,,41.53472,8.484127,1.0000001e-07,41.53472,8.484127,7.0,,,,,,,
41.53472,8.424168,0.002097278,41.53472,8.424168,0.000996579,,,,,,,,,,,,,,,,,,,,,,,,,,,,,,,,,,,,,,,,,,,,,,,,,,,,,,,,,,,,,41.53472,8.424168,4.4355106,41.53472,8.424168,1.1722182,,,,,,,,,,,,,,,,,41.53472,8.514106,0.013146935,41.53472,8.514106,-0.0011479043,,,,,,,,,,,,,,,,,,,,,,,,,,,,,41.53472,8.514106,1.0000001e-07,41.53472,8.514106,7.0,,,,,,,
41.53472,8.454147,0.001903912,41.53472,8.454147,0.0010263276,,,,,,,,,,,,,,,,,,,,,,,,,,,,,,,,,,,,,,,,,,,,,,,,,,,,,,,,,,,,,41.53472,8.454147,3.8605876,41.53472,8.454147,1.2986022,,,,,,,,,,,,,,,,,41.53472,8.5440855,0.016349802,41.53472,8.5440855,0.001363511,,,,,,,,,,,,,,,,,,,,,,,,,,,,,41.53472,8.5440855,1.0000001e-07,41.53472,8.5440855,7.0,,,,,,,
41.53472,8.484126,0.0021270267,41.53472,8.484126,0.0009668303,,,,,,,,,,,,,,,,,,,,,,,,,,,,,,,,,,,,,,,,,,,,,,,,,,,,,,,,,,,,,41.53472,8.484126,4.646349,41.53472,8.484126,1.0735898,,,,,,,,,,,,,,,,,41.53472,8.574064,0.012676441,41.53472,8.574064,0.0013450212,,,,,,,,,,,,,,,,,,,,,,,,,,,,,41.53472,8.574064,1.0000001e-07,41.53472,8.574064,7.0,,,,,,,
41.53472,8.514106,0.0018295406,41.53472,8.514106,0.0008924587,,,,,,,,,,,,,,,,,,,,,,,,,,,,,,,,,,,,,,,,,,,,,,,,,,,,,,,,,,,,,41.53472,8.514106,3.6664095,41.53472,8.514106,0.8555073,,,,,,,,,,,,,,,,,41.53472,8.604044,0.016906053,41.53472,8.604044,-0.0014556017,,,,,,,,,,,,,,,,,,,,,,,,,,,,,41.53472,8.604044,1.0000001e-07,41.53472,8.604044,7.0,,,,,,,
41.53472,8.5440855,0.0018592889,41.53472,8.5440855,0.0010412018,,,,,,,,,,,,,,,,,,,,,,,,,,,,,,,,,,,,,,,,,,,,,,,,,,,,,,,,,,,,,41.53472,8.5440855,3.7636604,41.53472,8.5440855,1.3833529,,,,,,,,,,,,,,,,,41.53472,8.634023,0.015238985,41.53472,8.634023,-0.0009496211,,,,,,,,,,,,,,,,,,,,,,,,,,,,,41.53472,8.634023,1.0000001e-07,41.53472,8.634023,7.0,,,,,,,
41.53472,8.574064,0.0016956715,41.53472,8.574064,0.0009370816,,,,,,,,,,,,,,,,,,,,,,,,,,,,,,,,,,,,,,,,,,,,,,,,,,,,,,,,,,,,,41.53472,8.574064,3.1657012,41.53472,8.574064,1.0041144,,,,,,,,,,,,,,,,,41.53472,8.664002,0.014508281,41.53472,8.664002,-0.0031687254,,,,,,,,,,,,,,,,,,,,,,,,,,,,,41.53472,8.664002,1.0000001e-07,41.53472,8.664002,7.0,,,,,,,
41.53472,8.604044,0.0019336606,41.53472,8.604044,0.0008180872,,,,,,,,,,,,,,,,,,,,,,,,,,,,,,,,,,,,,,,,,,,,,,,,,,,,,,,,,,,,,41.53472,8.604044,3.9454165,41.53472,8.604044,0.64720654,,,,,,,,,,,,,,,,,41.53472,8.693981,0.014191871,41.53472,8.693981,-0.000985052,,,,,,,,,,,,,,,,,,,,,,,,,,,,,41.53472,8.693981,1.0000001e-07,41.53472,8.693981,7.0,,,,,,,
41.53472,8.634023,0.0018741635,41.53472,8.634023,0.0008478357,,,,,,,,,,,,,,,,,,,,,,,,,,,,,,,,,,,,,,,,,,,,,,,,,,,,,,,,,,,,,41.53472,8.634023,3.793245,41.53472,8.634023,0.74081165,,,,,,,,,,,,,,,,,41.53472,8.723961,0.013982281,41.53472,8.723961,0.0012577348,,,,,,,,,,,,,,,,,,,,,,,,,,,,,41.53472,8.723961,1.0000001e-07,41.53472,8.723961,7.0,,,,,,,
41.53472,8.664002,0.0017402944,41.53472,8.664002,0.0007585899,,,,,,,,,,,,,,,,,,,,,,,,,,,,,,,,,,,,,,,,,,,,,,,,,,,,,,,,,,,,,41.53472,8.664002,3.2896864,41.53472,8.664002,0.39928338,,,,,,,,,,,,,,,,,41.53472,8.75394,0.015540623,41.53472,8.75394,0.0013404004,,,,,,,,,,,,,,,,,,,,,,,,,,,,,41.53472,8.75394,1.0000001e-07,41.53472,8.75394,7.0,,,,,,,
41.53472,8.693981,0.0017105459,41.53472,8.693981,0.00083296146,,,,,,,,,,,,,,,,,,,,,,,,,,,,,,,,,,,,,,,,,,,,,,,,,,,,,,,,,,,,,41.53472,8.693981,3.1572368,41.53472,8.693981,0.65467846,,,,,,,,,,,,,,,,,41.53472,8.783919,0.014911937,41.53472,8.783919,-0.00036122196,,,,,,,,,,,,,,,,,,,,,,,,,,,,,41.53472,8.783919,1.0000001e-07,41.53472,8.783919,7.0,,,,,,,
41.53472,8.723961,0.0017849175,41.53472,8.723961,0.0009222073,,,,,,,,,,,,,,,,,,,,,,,,,,,,,,,,,,,,,,,,,,,,,,,,,,,,,,,,,,,,,41.53472,8.723961,3.48666,41.53472,8.723961,0.94603944,,,,,,,,,,,,,,,,,41.53472,8.813898,0.013622304,41.53472,8.813898,-0.0011308544,,,,,,,,,,,,,,,,,,,,,,,,,,,,,41.53472,8.813898,1.0000001e-07,41.53472,8.813898,7.0,,,,,,,
41.53472,8.75394,0.0018295404,41.53472,8.75394,0.0010263274,,,,,,,,,,,,,,,,,,,,,,,,,,,,,,,,,,,,,,,,,,,,,,,,,,,,,,,,,,,,,41.53472,8.75394,3.5769746,41.53472,8.75394,1.3604993,,,,,,,,,,,,,,,,,41.53472,8.843878,0.01356755,41.53472,8.843878,-0.00016362863,,,,,,,,,,,,,,,,,,,,,,,,,,,,,41.53472,8.843878,1.0000001e-07,41.53472,8.843878,7.0,,,,,,,
41.53472,8.783919,0.0018295404,41.53472,8.783919,0.0008924587,,,,,,,,,,,,,,,,,,,,,,,,,,,,,,,,,,,,,,,,,,,,,,,,,,,,,,,,,,,,,41.53472,8.783919,3.6181917,41.53472,8.783919,0.7966449,,,,,,,,,,,,,,,,,41.53472,8.873857,0.019397443,41.53472,8.873857,0.0014192241,,,,,,,,,,,,,,,,,,,,,,,,,,,,,41.53472,8.873857,1.0000001e-07,41.53472,8.873857,7.0,,,,,,,
41.53472,8.813898,0.0018146661,41.53472,8.813898,0.0009222073,,,,,,,,,,,,,,,,,,,,,,,,,,,,,,,,,,,,,,,,,,,,,,,,,,,,,,,,,,,,,41.53472,8.813898,3.5581436,41.53472,8.813898,0.9184581,,,,,,,,,,,,,,,,,41.53472,8.903836,0.02039003,41.53472,8.903836,0.00076666713,,,,,,,,,,,,,,,,,,,,,,,,,,,,,41.53472,8.903836,1.0000001e-07,41.53472,8.903836,7.0,,,,,,,
41.53472,8.843878,0.0016659229,41.53472,8.843878,0.00086271006,,,,,,,,,,,,,,,,,,,,,,,,,,,,,,,,,,,,,,,,,,,,,,,,,,,,,,,,,,,,,41.53472,8.843878,3.1028507,41.53472,8.843878,0.7103731,,,,,,,,,,,,,,,,,41.53472,8.933815,0.011234211,41.53472,8.933815,-0.003557426,,,,,,,,,,,,,,,,,,,,,,,,,,,,,41.53472,8.933815,1.0000001e-07,41.53472,8.933815,7.0,,,,,,,
41.53472,8.873857,0.001993158,41.53472,8.873857,0.0009222073,,,,,,,,,,,,,,,,,,,,,,,,,,,,,,,,,,,,,,,,,,,,,,,,,,,,,,,,,,,,,41.53472,8.873857,4.065254,41.53472,8.873857,0.94920295,,,,,,,,,,,,,,,,,41.53472,8.963795,0.01773178,41.53472,8.963795,-0.0012143584,,,,,,,,,,,,,,,,,,,,,,,,,,,,,41.53472,8.963795,1.0000001e-07,41.53472,8.963795,7.0,,,,,,,
41.53472,8.903836,0.0020229062,41.53472,8.903836,0.00093708164,,,,,,,,,,,,,,,,,,,,,,,,,,,,,,,,,,,,,,,,,,,,,,,,,,,,,,,,,,,,,41.53472,8.903836,4.2136416,41.53472,8.903836,0.90999615,,,,,,,,,,,,,,,,,41.53472,8.993773,0.0077551254,41.53472,8.993773,-0.00014482315,,,,,,,,,,,,,,,,,,,,,,,,,,,,,41.53472,8.993773,1.0000001e-07,41.53472,8.993773,7.0,,,,,,,
41.53472,8.933815,0.0016956716,41.53472,8.933815,0.000669344,,,,,,,,,,,,,,,,,,,,,,,,,,,,,,,,,,,,,,,,,,,,,,,,,,,,,,,,,,,,,41.53472,8.933815,3.1305296,41.53472,8.933815,0.0062525403,,,,,,,,,,,,,,,,,41.53472,9.023753,0.01704343,41.53472,9.023753,-0.00014947407,,,,,,,,,,,,,,,,,,,,,,,,,,,,,41.53472,9.023753,1.0000001e-07,41.53472,9.023753,7.0,,,,,,,
41.53472,8.963795,0.0018592889,41.53472,8.963795,0.0008032128,,,,,,,,,,,,,,,,,,,,,,,,,,,,,,,,,,,,,,,,,,,,,,,,,,,,,,,,,,,,,41.53472,8.963795,3.6896389,41.53472,8.963795,0.5640235,,,,,,,,,,,,,,,,,41.53472,9.053732,0.019277556,41.53472,9.053732,0.002006272,,,,,,,,,,,,,,,,,,,,,,,,,,,,,41.53472,9.053732,1.0000001e-07,41.53472,9.053732,7.0,,,,,,,
41.53472,8.993773,0.0014130595,41.53472,8.993773,0.00083296146,,,,,,,,,,,,,,,,,,,,,,,,,,,,,,,,,,,,,,,,,,,,,,,,,,,,,,,,,,,,,41.53472,8.993773,2.2962227,41.53472,8.993773,0.61557156,,,,,,,,,,,,,,,,,41.53472,9.083712,0.012443358,41.53472,9.083712,0.00097125146,,,,,,,,,,,,,,,,,,,,,,,,,,,,,41.53472,9.083712,1.0000001e-07,41.53472,9.083712,7.0,,,,,,,
41.53472,9.023753,0.0017997916,41.53472,9.023753,0.00087758433,,,,,,,,,,,,,,,,,,,,,,,,,,,,,,,,,,,,,,,,,,,,,,,,,,,,,,,,,,,,,41.53472,9.023753,3.5490289,41.53472,9.023753,0.78354037,,,,,,,,,,,,,,,,,41.53472,9.11369,0.013420786,41.53472,9.11369,-0.003720508,,,,,,,,,,,,,,,,,,,,,,,,,,,,,41.53472,9.11369,1.0000001e-07,41.53472,9.11369,7.0,,,,,,,
41.53472,9.053732,0.001993158,41.53472,9.053732,0.0010114531,,,,,,,,,,,,,,,,,,,,,,,,,,,,,,,,,,,,,,,,,,,,,,,,,,,,,,,,,,,,,41.53472,9.053732,4.138989,41.53472,9.053732,1.2056217,,,,,,,,,,,,,,,,,41.53472,9.14367,0.015379591,41.53472,9.14367,0.0027794219,,,,,,,,,,,,,,,,,,,,,,,,,,,,,41.53472,9.14367,1.0000001e-07,41.53472,9.14367,7.0,,,,,,,
41.53472,9.083712,0.0015915514,41.53472,9.083712,0.0009222072,,,,,,,,,,,,,,,,,,,,,,,,,,,,,,,,,,,,,,,,,,,,,,,,,,,,,,,,,,,,,41.53472,9.083712,2.862148,41.53472,9.083712,0.94231766,,,,,,,,,,,,,,,,,41.53472,9.17365,0.01671014,41.53472,9.17365,0.0016552544,,,,,,,,,,,,,,,,,,,,,,,,,,,,,41.53472,9.17365,1.0000001e-07,41.53472,9.17365,7.0,,,,,,,
41.53472,9.11369,0.0016212999,41.53472,9.11369,0.0007437156,,,,,,,,,,,,,,,,,,,,,,,,,,,,,,,,,,,,,,,,,,,,,,,,,,,,,,,,,,,,,41.53472,9.11369,2.973958,41.53472,9.11369,0.2970718,,,,,,,,,,,,,,,,,41.53472,9.203629,0.009964709,41.53472,9.203629,-0.008649577,,,,,,,,,,,,,,,,,,,,,,,,,,,,,41.53472,9.203629,1.0000001e-07,41.53472,9.203629,7.0,,,,,,,
41.53472,9.14367,0.0017551689,41.53472,9.14367,0.0011006991,,,,,,,,,,,,,,,,,,,,,,,,,,,,,,,,,,,,,,,,,,,,,,,,,,,,,,,,,,,,,41.53472,9.14367,3.3730006,41.53472,9.14367,1.5973549,,,,,,,,,,,,,,,,,41.53472,9.233608,0.011249713,41.53472,9.233608,0.0007757137,,,,,,,,,,,,,,,,,,,,,,,,,,,,,41.53472,9.233608,1.0000001e-07,41.53472,9.233608,7.0,,,,,,,
41.53472,9.173649,0.0017700432,41.53472,9.173649,0.0009222073,,,,,,,,,,,,,,,,,,,,,,,,,,,,,,,,,,,,,,,,,,,,,,,,,,,,,,,,,,,,,41.53472,9.173649,3.4872665,41.53472,9.173649,0.9073139,,,,,,,,,,,,,,,,,41.53472,9.263587,0.012937703,41.53472,9.263587,0.00019438658,,,,,,,,,,,,,,,,,,,,,,,,,,,,,41.53472,9.263587,1.0000001e-07,41.53472,9.263587,7.0,,,,,,,
41.53472,9.203629,0.001472557,41.53472,9.203629,0.0005206009,,,,,,,,,,,,,,,,,,,,,,,,,,,,,,,,,,,,,,,,,,,,,,,,,,,,,,,,,,,,,41.53472,9.203629,2.4659126,41.53472,9.203629,-0.49019787,,,,,,,,,,,,,,,,,41.53472,9.293567,0.011738422,41.53472,9.293567,0.005437062,,,,,,,,,,,,,,,,,,,,,,,,,,,,,41.53472,9.293567,1.0000001e-07,41.53472,9.293567,7.0,,,,,,,
41.53472,9.233607,0.0015171798,41.53472,9.233607,0.00090733304,,,,,,,,,,,,,,,,,,,,,,,,,,,,,,,,,,,,,,,,,,,,,,,,,,,,,,,,,,,,,41.53472,9.233607,2.5744405,41.53472,9.233607,0.84907466,,,,,,,,,,,,,,,,,41.53472,9.323545,0.016532686,41.53472,9.323545,-0.0017314426,,,,,,,,,,,,,,,,,,,,,,,,,,,,,41.53472,9.323545,1.0000001e-07,41.53472,9.323545,7.0,,,,,,,
41.53472,9.263587,0.0016361743,41.53472,9.263587,0.0009668302,,,,,,,,,,,,,,,,,,,,,,,,,,,,,,,,,,,,,,,,,,,,,,,,,,,,,,,,,,,,,41.53472,9.263587,2.9791899,41.53472,9.263587,1.0809731,,,,,,,,,,,,,,,,,41.53472,9.353525,0.011744823,41.53472,9.353525,-0.0028820217,,,,,,,,,,,,,,,,,,,,,,,,,,,,,41.53472,9.353525,1.0000001e-07,41.53472,9.353525,7.0,,,,,,,
41.53472,9.293566,0.0014725567,41.53472,9.293566,0.0011155735,,,,,,,,,,,,,,,,,,,,,,,,,,,,,,,,,,,,,,,,,,,,,,,,,,,,,,,,,,,,,41.53472,9.293566,2.4726312,41.53472,9.293566,1.6081315,,,,,,,,,,,,,,,,,41.53472,9.383504,0.015188698,41.53472,9.383504,0.005586711,,,,,,,,,,,,,,,,,,,,,,,,,,,,,41.53472,9.383504,1.0000001e-07,41.53472,9.383504,7.0,,,,,,,
41.53472,9.323545,0.0017402946,41.53472,9.323545,0.00075858994,,,,,,,,,,,,,,,,,,,,,,,,,,,,,,,,,,,,,,,,,,,,,,,,,,,,,,,,,,,,,41.53472,9.323545,3.410474,41.53472,9.323545,0.4112622,,,,,,,,,,,,,,,,,41.53472,9.413484,0.012288289,41.53472,9.413484,7.1251896e-05,,,,,,,,,,,,,,,,,,,,,,,,,,,,,41.53472,9.413484,1.0000001e-07,41.53472,9.413484,7.0,,,,,,,
41.53472,9.353524,0.0015171799,41.53472,9.353524,0.00069909263,,,,,,,,,,,,,,,,,,,,,,,,,,,,,,,,,,,,,,,,,,,,,,,,,,,,,,,,,,,,,41.53472,9.353524,2.625128,41.53472,9.353524,0.16786365,,,,,,,,,,,,,,,,,41.53472,9.443462,0.014292353,41.53472,9.443462,-0.0017437426,,,,,,,,,,,,,,,,,,,,,,,,,,,,,41.53472,9.443462,1.0000001e-07,41.53472,9.443462,7.0,,,,,,,
41.53472,9.383504,0.0017402944,41.53472,9.383504,0.001100699,,,,,,,,,,,,,,,,,,,,,,,,,,,,,,,,,,,,,,,,,,,,,,,,,,,,,,,,,,,,,41.53472,9.383504,3.320844,41.53472,9.383504,1.585808,,,,,,,,,,,,,,,,,41.53472,9.473442,0.014240886,41.53472,9.473442,0.004865242,,,,,,,,,,,,,,,,,,,,,,,,,,,,,41.53472,9.473442,1.0000001e-07,41.53472,9.473442,7.0,,,,,,,
41.53472,9.413484,0.0015023055,41.53472,9.413484,0.0008478358,,,,,,,,,,,,,,,,,,,,,,,,,,,,,,,,,,,,,,,,,,,,,,,,,,,,,,,,,,,,,41.53472,9.413484,2.5083158,41.53472,9.413484,0.67396224,,,,,,,,,,,,,,,,,41.53472,9.503421,0.012201072,41.53472,9.503421,-0.00055527943,,,,,,,,,,,,,,,,,,,,,,,,,,,,,41.53472,9.503421,1.0000001e-07,41.53472,9.503421,7.0,,,,,,,
41.53472,9.443462,0.0015469283,41.53472,9.443462,0.0008180871,,,,,,,,,,,,,,,,,,,,,,,,,,,,,,,,,,,,,,,,,,,,,,,,,,,,,,,,,,,,,41.53472,9.443462,2.7126265,41.53472,9.443462,0.5626993,,,,,,,,,,,,,,,,,41.53472,9.533401,0.00859518,41.53472,9.533401,-0.0006277239,,,,,,,,,,,,,,,,,,,,,,,,,,,,,41.53472,9.533401,1.0000001e-07,41.53472,9.533401,7.0,,,,,,,
41.53472,9.473442,0.0015469284,41.53472,9.473442,0.0010709504,,,,,,,,,,,,,,,,,,,,,,,,,,,,,,,,,,,,,,,,,,,,,,,,,,,,,,,,,,,,,41.53472,9.473442,2.6790917,41.53472,9.473442,1.5002922,,,,,,,,,,,,,,,,,41.53472,9.563379,0.011667092,41.53472,9.563379,0.0031328758,,,,,,,,,,,,,,,,,,,,,,,,,,,,,41.53472,9.563379,1.0000001e-07,41.53472,9.563379,7.0,,,,,,,
41.53472,9.503421,0.0014725568,41.53472,9.503421,0.00090733304,,,,,,,,,,,,,,,,,,,,,,,,,,,,,,,,,,,,,,,,,,,,,,,,,,,,,,,,,,,,,41.53472,9.503421,2.484511,41.53472,9.503421,0.95652103,,,,,,,,,,,,,,,,,41.53472,9.593359,0.0072282734,41.53472,9.593359,0.001109364,,,,,,,,,,,,,,,,,,,,,,,,,,,,,41.53472,9.593359,1.0000001e-07,41.53472,9.593359,7.0,,,,,,,
41.53472,9.533401,0.0014279339,41.53472,9.533401,0.000818087,,,,,,,,,,,,,,,,,,,,,,,,,,,,,,,,,,,,,,,,,,,,,,,,,,,,,,,,,,,,,41.53472,9.533401,2.3723204,41.53472,9.533401,0.60454476,,,,,,,,,,,,,,,,,41.53472,9.623338,0.0072747883,41.53472,9.623338,0.00044909585,,,,,,,,,,,,,,,,,,,,,,,,,,,,,41.53472,9.623338,1.0000001e-07,41.53472,9.623338,7.0,,,,,,,
41.53472,9.563379,0.0015023056,41.53472,9.563379,0.0010709504,,,,,,,,,,,,,,,,,,,,,,,,,,,,,,,,,,,,,,,,,,,,,,,,,,,,,,,,,,,,,41.53472,9.563379,2.5471535,41.53472,9.563379,1.4700241,,,,,,,,,,,,,,,,,41.53472,9.653317,0.00922556,41.53472,9.653317,-0.0015983745,,,,,,,,,,,,,,,,,,,,,,,,,,,,,41.53472,9.653317,1.0000001e-07,41.53472,9.653317,7.0,,,,,,,
41.53472,9.593359,0.0012940652,41.53472,9.593359,0.00093708176,,,,,,,,,,,,,,,,,,,,,,,,,,,,,,,,,,,,,,,,,,,,,,,,,,,,,,,,,,,,,41.53472,9.593359,1.7907565,41.53472,9.593359,0.9385383,,,,,,,,,,,,,,,,,41.53472,9.683296,0.019163197,41.53472,9.683296,0.00030911714,,,,,,,,,,,,,,,,,,,,,,,,,,,,,41.53472,9.683296,1.0000001e-07,41.53472,9.683296,7.0,,,,,,,
41.53472,9.623338,0.0012494422,41.53472,9.623338,0.0008032128,,,,,,,,,,,,,,,,,,,,,,,,,,,,,,,,,,,,,,,,,,,,,,,,,,,,,,,,,,,,,41.53472,9.623338,1.7297187,41.53472,9.623338,0.4953362,,,,,,,,,,,,,,,,,41.53472,9.713276,0.009072996,41.53472,9.713276,-0.00034635141,,,,,,,,,,,,,,,,,,,,,,,,,,,,,41.53472,9.713276,1.0000001e-07,41.53472,9.713276,7.0,,,,,,,
41.53472,9.653317,0.0013684367,41.53472,9.653317,0.00081808714,,,,,,,,,,,,,,,,,,,,,,,,,,,,,,,,,,,,,,,,,,,,,,,,,,,,,,,,,,,,,41.53472,9.653317,2.1480608,41.53472,9.653317,0.49063382,,,,,,,,,,,,,,,,,41.53472,9.743255,0.013479884,41.53472,9.743255,0.0043582553,,,,,,,,,,,,,,,,,,,,,,,,,,,,,41.53472,9.743255,1.0000001e-07,41.53472,9.743255,7.0,,,,,,,
41.53472,9.683296,0.0018295401,41.53472,9.683296,0.0009817046,,,,,,,,,,,,,,,,,,,,,,,,,,,,,,,,,,,,,,,,,,,,,,,,,,,,,,,,,,,,,41.53472,9.683296,3.6005385,41.53472,9.683296,1.2250465,,,,,,,,,,,,,,,,,41.53472,9.773234,0.014324512,41.53472,9.773234,0.003778597,,,,,,,,,,,,,,,,,,,,,,,,,,,,,41.53472,9.773234,1.0000001e-07,41.53472,9.773234,7.0,,,,,,,
41.53472,9.713276,0.0014725567,41.53472,9.713276,0.00090733304,,,,,,,,,,,,,,,,,,,,,,,,,,,,,,,,,,,,,,,,,,,,,,,,,,,,,,,,,,,,,41.53472,9.713276,2.509337,41.53472,9.713276,0.89777875,,,,,,,,,,,,,,,,,41.53472,9.803213,0.016424766,41.53472,9.803213,-0.0012685865,,,,,,,,,,,,,,,,,,,,,,,,,,,,,41.53472,9.803213,1.0000001e-07,41.53472,9.803213,7.0,,,,,,,
41.53472,9.743255,0.0015469284,41.53472,9.743255,0.0010560761,,,,,,,,,,,,,,,,,,,,,,,,,,,,,,,,,,,,,,,,,,,,,,,,,,,,,,,,,,,,,41.53472,9.743255,2.676847,41.53472,9.743255,1.4438642,,,,,,,,,,,,,,,,,41.53472,9.833193,0.012930002,41.53472,9.833193,0.0031089846,,,,,,,,,,,,,,,,,,,,,,,,,,,,,41.53472,9.833193,1.0000001e-07,41.53472,9.833193,7.0,,,,,,,
41.53472,9.773234,0.0015469283,41.53472,9.773234,0.0009668303,,,,,,,,,,,,,,,,,,,,,,,,,,,,,,,,,,,,,,,,,,,,,,,,,,,,,,,,,,,,,41.53472,9.773234,2.7641914,41.53472,9.773234,1.1146913,,,,,,,,,,,,,,,,,41.53472,9.863172,0.012560612,41.53472,9.863172,-0.004278319,,,,,,,,,,,,,,,,,,,,,,,,,,,,,41.53472,9.863172,1.0000001e-07,41.53472,9.863172,7.0,,,,,,,
41.53472,9.803213,0.0016956716,41.53472,9.803213,0.00077346415,,,,,,,,,,,,,,,,,,,,,,,,,,,,,,,,,,,,,,,,,,,,,,,,,,,,,,,,,,,,,41.53472,9.803213,3.1781855,41.53472,9.803213,0.42141807,,,,,,,,,,,,,,,,,41.53472,9.893151,0.014615868,41.53472,9.893151,-0.00038966257,,,,,,,,,,,,,,,,,,,,,,,,,,,,,41.53472,9.893151,1.0000001e-07,41.53472,9.893151,7.0,,,,,,,
41.53472,9.833193,0.001532054,41.53472,9.833193,0.00090733304,,,,,,,,,,,,,,,,,,,,,,,,,,,,,,,,,,,,,,,,,,,,,,,,,,,,,,,,,,,,,41.53472,9.833193,2.6430826,41.53472,9.833193,0.9377985,,,,,,,,,,,,,,,,,41.53472,9.92313,0.012029597,41.53472,9.92313,-0.0028128596,,,,,,,,,,,,,,,,,,,,,,,,,,,,,41.53472,9.92313,1.0000001e-07,41.53472,9.92313,7.0,,,,,,,
41.53472,9.863172,0.0015320542,41.53472,9.863172,0.00069909263,,,,,,,,,,,,,,,,,,,,,,,,,,,,,,,,,,,,,,,,,,,,,,,,,,,,,,,,,,,,,41.53472,9.863172,2.6597376,41.53472,9.863172,0.107094646,,,,,,,,,,,,,,,,,41.53472,9.95311,0.016481606,41.53472,9.95311,0.0009177271,,,,,,,,,,,,,,,,,,,,,,,,,,,,,41.53472,9.95311,1.0000001e-07,41.53472,9.95311,7.0,,,,,,,
41.53472,9.893151,0.0016064257,41.53472,9.893151,0.00080321287,,,,,,,,,,,,,,,,,,,,,,,,,,,,,,,,,,,,,,,,,,,,,,,,,,,,,,,,,,,,,41.53472,9.893151,2.9131346,41.53472,9.893151,0.51620376,,,,,,,,,,,,,,,,,41.53472,9.9830885,0.016664384,41.53472,9.9830885,0.0040472876,,,,,,,,,,,,,,,,,,,,,,,,,,,,,41.53472,9.9830885,1.0000001e-07,41.53472,9.9830885,7.0,,,,,,,
41.53472,9.92313,0.0015023055,41.53472,9.92313,0.00075858994,,,,,,,,,,,,,,,,,,,,,,,,,,,,,,,,,,,,,,,,,,,,,,,,,,,,,,,,,,,,,41.53472,9.92313,2.572581,41.53472,9.92313,0.3061765,,,,,,,,,,,,,,,,,41.53472,10.013068,0.014768647,41.53472,10.013068,0.00021812493,,,,,,,,,,,,,,,,,,,,,,,,,,,,,41.53472,10.013068,1.0000001e-07,41.53472,10.013068,7.0,,,,,,,
41.53472,9.95311,0.001665923,41.53472,9.95311,0.00087758433,,,,,,,,,,,,,,,,,,,,,,,,,,,,,,,,,,,,,,,,,,,,,,,,,,,,,,,,,,,,,41.53472,9.95311,3.1440845,41.53472,9.95311,0.7956577,,,,,,,,,,,,,,,,,41.53472,10.043048,0.009939031,41.53472,10.043048,0.0012840608,,,,,,,,,,,,,,,,,,,,,,,,,,,,,41.53472,10.043048,1.0000001e-07,41.53472,10.043048,7.0,,,,,,,
41.53472,9.9830885,0.0017105459,41.53472,9.9830885,0.0009817046,,,,,,,,,,,,,,,,,,,,,,,,,,,,,,,,,,,,,,,,,,,,,,,,,,,,,,,,,,,,,41.53472,9.9830885,3.2116342,41.53472,9.9830885,1.1779783,,,,,,,,,,,,,,,,,41.53472,10.073027,0.010396849,41.53472,10.073027,0.0012884843,,,,,,,,,,,,,,,,,,,,,,,,,,,,,41.53472,10.073027,1.0000001e-07,41.53472,10.073027,7.0,,,,,,,
41.53472,10.013068,0.0015320542,41.53472,10.013068,0.00087758445,,,,,,,,,,,,,,,,,,,,,,,,,,,,,,,,,,,,,,,,,,,,,,,,,,,,,,,,,,,,,41.53472,10.013068,2.7275255,41.53472,10.013068,0.77119577,,,,,,,,,,,,,,,,,41.53472,10.103006,0.011053901,41.53472,10.103006,-0.0014108678,,,,,,,,,,,,,,,,,,,,,,,,,,,,,41.53472,10.103006,1.0000001e-07,41.53472,10.103006,7.0,,,,,,,
41.53472,10.043047,0.0014279339,41.53472,10.043047,0.0008924587,,,,,,,,,,,,,,,,,,,,,,,,,,,,,,,,,,,,,,,,,,,,,,,,,,,,,,,,,,,,,41.53472,10.043047,2.3044248,41.53472,10.043047,0.8280416,,,,,,,,,,,,,,,,,41.53472,10.132985,0.021063238,41.53472,10.132985,0.0012814945,,,,,,,,,,,,,,,,,,,,,,,,,,,,,41.53472,10.132985,1.0000001e-07,41.53472,10.132985,7.0,,,,,,,
41.53472,10.073027,0.0012940652,41.53472,10.073027,0.0008924587,,,,,,,,,,,,,,,,,,,,,,,,,,,,,,,,,,,,,,,,,,,,,,,,,,,,,,,,,,,,,41.53472,10.073027,1.8708625,41.53472,10.073027,0.87822086,,,,,,,,,,,,,,,,,41.53472,10.162965,0.013351366,41.53472,10.162965,0.0047661173,,,,,,,,,,,,,,,,,,,,,,,,,,,,,41.53472,10.162965,1.0000001e-07,41.53472,10.162965,7.0,,,,,,,
41.53472,10.103005,0.0013981853,41.53472,10.103005,0.0007883385,,,,,,,,,,,,,,,,,,,,,,,,,,,,,,,,,,,,,,,,,,,,,,,,,,,,,,,,,,,,,41.53472,10.103005,2.2187674,41.53472,10.103005,0.5032623,,,,,,,,,,,,,,,,,41.53472,10.192944,0.0138342865,41.53472,10.192944,-0.006668777,,,,,,,,,,,,,,,,,,,,,,,,,,,,,41.53472,10.192944,1.0000001e-07,41.53472,10.192944,7.0,,,,,,,
41.53472,10.132985,0.0018295401,41.53472,10.132985,0.00087758433,,,,,,,,,,,,,,,,,,,,,,,,,,,,,,,,,,,,,,,,,,,,,,,,,,,,,,,,,,,,,41.53472,10.132985,3.6229277,41.53472,10.132985,0.71759725,,,,,,,,,,,,,,,,,41.53472,10.222923,0.0109809805,41.53472,10.222923,0.00028302285,,,,,,,,,,,,,,,,,,,,,,,,,,,,,41.53472,10.222923,1.0000001e-07,41.53472,10.222923,7.0,,,,,,,
41.53472,10.162964,0.0015023055,41.53472,10.162964,0.0010263275,,,,,,,,,,,,,,,,,,,,,,,,,,,,,,,,,,,,,,,,,,,,,,,,,,,,,,,,,,,,,41.53472,10.162964,2.6337101,41.53472,10.162964,1.3671938,,,,,,,,,,,,,,,,,41.53472,10.252902,0.014280879,41.53472,10.252902,0.0034918238,,,,,,,,,,,,,,,,,,,,,,,,,,,,,41.53472,10.252902,1.0000001e-07,41.53472,10.252902,7.0,,,,,,,
41.53472,10.192944,0.0014576825,41.53472,10.192944,0.0006395953,,,,,,,,,,,,,,,,,,,,,,,,,,,,,,,,,,,,,,,,,,,,,,,,,,,,,,,,,,,,,41.53472,10.192944,2.406868,41.53472,10.192944,-0.09749932,,,,,,,,,,,,,,,,,41.53472,10.282882,0.0117315585,41.53472,10.282882,-0.0008651861,,,,,,,,,,,,,,,,,,,,,,,,,,,,,41.53472,10.282882,1.0000001e-07,41.53472,10.282882,7.0,,,,,,,
41.53472,10.222922,0.0013535623,41.53472,10.222922,0.0008180871,,,,,,,,,,,,,,,,,,,,,,,,,,,,,,,,,,,,,,,,,,,,,,,,,,,,,,,,,,,,,41.53472,10.222922,2.0434215,41.53472,10.222922,0.53321385,,,,,,,,,,,,,,,,,41.53472,10.3128605,0.016954117,41.53472,10.3128605,-0.0056666145,,,,,,,,,,,,,,,,,,,,,,,,,,,,,41.53472,10.3128605,1.0000001e-07,41.53472,10.3128605,7.0,,,,,,,
41.53472,10.252902,0.0015171799,41.53472,10.252902,0.0009222073,,,,,,,,,,,,,,,,,,,,,,,,,,,,,,,,,,,,,,,,,,,,,,,,,,,,,,,,,,,,,41.53472,10.252902,2.6047354,41.53472,10.252902,0.9573265,,,,,,,,,,,,,,,,,41.53472,10.34284,0.015183788,41.53472,10.34284,0.0052771606,,,,,,,,,,,,,,,,,,,,,,,,,,,,,41.53472,10.34284,1.0000001e-07,41.53472,10.34284,7.0,,,,,,,
41.53472,10.282882,0.0014130597,41.53472,10.282882,0.00074371556,,,,,,,,,,,,,,,,,,,,,,,,,,,,,,,,,,,,,,,,,,,,,,,,,,,,,,,,,,,,,41.53472,10.282882,2.3020275,41.53472,10.282882,0.2561386,,,,,,,,,,,,,,,,,41.53472,10.372819,0.01428669,41.53472,10.372819,0.0032619594,,,,,,,,,,,,,,,,,,,,,,,,,,,,,41.53472,10.372819,1.0000001e-07,41.53472,10.372819,7.0,,,,,,,
41.53472,10.3128605,0.0015915514,41.53472,10.3128605,0.00062472105,,,,,,,,,,,,,,,,,,,,,,,,,,,,,,,,,,,,,,,,,,,,,,,,,,,,,,,,,,,,,41.53472,10.3128605,2.8354287,41.53472,10.3128605,-0.13523091,,,,,,,,,,,,,,,,,41.53472,10.402799,0.01140456,41.53472,10.402799,0.001440948,,,,,,,,,,,,,,,,,,,,,,,,,,,,,41.53472,10.402799,1.0000001e-07,41.53472,10.402799,7.0,,,,,,,
41.53472,10.34284,0.0015469284,41.53472,10.34284,0.0009817046,,,,,,,,,,,,,,,,,,,,,,,,,,,,,,,,,,,,,,,,,,,,,,,,,,,,,,,,,,,,,41.53472,10.34284,2.711177,41.53472,10.34284,1.1877975,,,,,,,,,,,,,,,,,41.53472,10.432777,0.006446807,41.53472,10.432777,0.0022338354,,,,,,,,,,,,,,,,,,,,,,,,,,,,,41.53472,10.432777,1.0000001e-07,41.53472,10.432777,7.0,,,,,,,
41.53472,10.372819,0.001472557,41.53472,10.372819,0.0009817046,,,,,,,,,,,,,,,,,,,,,,,,,,,,,,,,,,,,,,,,,,,,,,,,,,,,,,,,,,,,,41.53472,10.372819,2.4789062,41.53472,10.372819,1.0962145,,,,,,,,,,,,,,,,,41.53472,10.462757,0.008192692,41.53472,10.462757,-0.00069342955,,,,,,,,,,,,,,,,,,,,,,,,,,,,,41.53472,10.462757,1.0000001e-07,41.53472,10.462757,7.0,,,,,,,
41.53472,10.402799,0.0013684367,41.53472,10.402799,0.00092220743,,,,,,,,,,,,,,,,,,,,,,,,,,,,,,,,,,,,,,,,,,,,,,,,,,,,,,,,,,,,,41.53472,10.402799,2.0870395,41.53472,10.402799,0.976513,,,,,,,,,,,,,,,,,41.53472,10.492736,0.009669217,41.53472,10.492736,-0.0011998161,,,,,,,,,,,,,,,,,,,,,,,,,,,,,41.53472,10.492736,1.0000001e-07,41.53472,10.492736,7.0,,,,,,,
41.53472,10.432777,0.001189945,41.53472,10.432777,0.0009222073,,,,,,,,,,,,,,,,,,,,,,,,,,,,,,,,,,,,,,,,,,,,,,,,,,,,,,,,,,,,,41.53472,10.432777,1.5301876,41.53472,10.432777,0.9107215,,,,,,,,,,,,,,,,,41.53472,10.522716,0.015417536,41.53472,10.522716,0.0016739103,,,,,,,,,,,,,,,,,,,,,,,,,,,,,41.53472,10.522716,1.0000001e-07,41.53472,10.522716,7.0,,,,,,,
41.53472,10.462757,0.0012643165,41.53472,10.462757,0.0008924587,,,,,,,,,,,,,,,,,,,,,,,,,,,,,,,,,,,,,,,,,,,,,,,,,,,,,,,,,,,,,41.53472,10.462757,1.7914181,41.53472,10.462757,0.78779525,,,,,,,,,,,,,,,,,41.53472,10.552694,0.0076518185,41.53472,10.552694,-0.0012375206,,,,,,,,,,,,,,,,,,,,,,,,,,,,,41.53472,10.552694,1.0000001e-07,41.53472,10.552694,7.0,,,,,,,
41.53472,10.492736,0.0013238139,41.53472,10.492736,0.0008180871,,,,,,,,,,,,,,,,,,,,,,,,,,,,,,,,,,,,,,,,,,,,,,,,,,,,,,,,,,,,,41.53472,10.492736,1.9882437,41.53472,10.492736,0.5888422,,,,,,,,,,,,,,,,,41.53472,10.582674,0.008957241,41.53472,10.582674,0.0020353894,,,,,,,,,,,,,,,,,,,,,,,,,,,,,41.53472,10.582674,1.0000001e-07,41.53472,10.582674,7.0,,,,,,,
41.53472,10.522716,0.0014428082,41.53472,10.522716,0.0008478358,,,,,,,,,,,,,,,,,,,,,,,,,,,,,,,,,,,,,,,,,,,,,,,,,,,,,,,,,,,,,41.53472,10.522716,2.3533514,41.53472,10.522716,0.6680512,,,,,,,,,,,,,,,,,41.53472,10.612653,0.00767896,41.53472,10.612653,0.009777195,,,,,,,,,,,,,,,,,,,,,,,,,,,,,41.53472,10.612653,1.0000001e-07,41.53472,10.612653,7.0,,,,,,,
41.53472,10.552694,0.001234568,41.53472,10.552694,0.00080321275,,,,,,,,,,,,,,,,,,,,,,,,,,,,,,,,,,,,,,,,,,,,,,,,,,,,,,,,,,,,,41.53472,10.552694,1.6602311,41.53472,10.552694,0.52573764,,,,,,,,,,,,,,,,,41.53472,10.6426325,0.008922916,41.53472,10.6426325,-0.0009955737,,,,,,,,,,,,,,,,,,,,,,,,,,,,,41.53472,10.6426325,1.0000001e-07,41.53472,10.6426325,7.0,,,,,,,
41.53472,10.582674,0.0012791908,41.53472,10.582674,0.0008478358,,,,,,,,,,,,,,,,,,,,,,,,,,,,,,,,,,,,,,,,,,,,,,,,,,,,,,,,,,,,,41.53472,10.582674,1.8641726,41.53472,10.582674,0.7410731,,,,,,,,,,,,,,,,,41.53472,10.672611,0.0072552795,41.53472,10.672611,0.0019387504,,,,,,,,,,,,,,,,,,,,,,,,,,,,,41.53472,10.672611,1.0000001e-07,41.53472,10.672611,7.0,,,,,,,
41.53472,10.612653,0.0012048193,41.53472,10.612653,0.0012048193,,,,,,,,,,,,,,,,,,,,,,,,,,,,,,,,,,,,,,,,,,,,,,,,,,,,,,,,,,,,,41.53472,10.612653,1.5517612,41.53472,10.612653,1.989123,,,,,,,,,,,,,,,,,41.53472,10.702591,0.015236078,41.53472,10.702591,0.0033530646,,,,,,,,,,,,,,,,,,,,,,,,,,,,,41.53472,10.702591,1.0000001e-07,41.53472,10.702591,7.0,,,,,,,
41.53472,10.6426325,0.0011750706,41.53472,10.6426325,0.00080321287,,,,,,,,,,,,,,,,,,,,,,,,,,,,,,,,,,,,,,,,,,,,,,,,,,,,,,,,,,,,,41.53472,10.6426325,1.489306,41.53472,10.6426325,0.5413253,,,,,,,,,,,,,,,,,41.53472,10.73257,0.015156832,41.53472,10.73257,0.00021154972,,,,,,,,,,,,,,,,,,,,,,,,,,,,,41.53472,10.73257,1.0000001e-07,41.53472,10.73257,7.0,,,,,,,
41.53472,10.672611,0.0012196936,41.53472,10.672611,0.0009519559,,,,,,,,,,,,,,,,,,,,,,,,,,,,,,,,,,,,,,,,,,,,,,,,,,,,,,,,,,,,,41.53472,10.672611,1.6526661,41.53472,10.672611,1.0894982,,,,,,,,,,,,,,,,,41.53472,10.762549,0.019546691,41.53472,10.762549,0.0019729666,,,,,,,,,,,,,,,,,,,,,,,,,,,,,41.53472,10.762549,1.0000001e-07,41.53472,10.762549,7.0,,,,,,,
41.53472,10.702591,0.0014874312,41.53472,10.702591,0.0009668302,,,,,,,,,,,,,,,,,,,,,,,,,,,,,,,,,,,,,,,,,,,,,,,,,,,,,,,,,,,,,41.53472,10.702591,2.556848,41.53472,10.702591,1.0445733,,,,,,,,,,,,,,,,,41.53472,10.792528,0.013099302,41.53472,10.792528,0.002199659,,,,,,,,,,,,,,,,,,,,,,,,,,,,,41.53472,10.792528,1.0000001e-07,41.53472,10.792528,7.0,,,,,,,
41.53472,10.73257,0.0014130595,41.53472,10.73257,0.000818087,,,,,,,,,,,,,,,,,,,,,,,,,,,,,,,,,,,,,,,,,,,,,,,,,,,,,,,,,,,,,41.53472,10.73257,2.2802763,41.53472,10.73257,0.5798409,,,,,,,,,,,,,,,,,41.53472,10.822508,0.015539901,41.53472,10.822508,0.0046270667,,,,,,,,,,,,,,,,,,,,,,,,,,,,,41.53472,10.822508,1.0000001e-07,41.53472,10.822508,7.0,,,,,,,
41.53472,10.762549,0.0014874312,41.53472,10.762549,0.00090733304,,,,,,,,,,,,,,,,,,,,,,,,,,,,,,,,,,,,,,,,,,,,,,,,,,,,,,,,,,,,,41.53472,10.762549,2.5098293,41.53472,10.762549,0.8599786,,,,,,,,,,,,,,,,,41.53472,10.852488,0.0120998155,41.53472,10.852488,0.005415283,,,,,,,,,,,,,,,,,,,,,,,,,,,,,41.53472,10.852488,1.0000001e-07,41.53472,10.852488,7.0,,,,,,,
41.53472,10.792528,0.0012791908,41.53472,10.792528,0.00087758445,,,,,,,,,,,,,,,,,,,,,,,,,,,,,,,,,,,,,,,,,,,,,,,,,,,,,,,,,,,,,41.53472,10.792528,1.860999,41.53472,10.792528,0.778723,,,,,,,,,,,,,,,,,41.53472,10.882466,0.0052603874,41.53472,10.882466,0.0023566564,,,,,,,,,,,,,,,,,,,,,,,,,,,,,41.53472,10.882466,1.0000001e-07,41.53472,10.882466,7.0,,,,,,,
41.53472,10.822508,0.0014725567,41.53472,10.822508,0.0009222073,,,,,,,,,,,,,,,,,,,,,,,,,,,,,,,,,,,,,,,,,,,,,,,,,,,,,,,,,,,,,41.53472,10.822508,2.4986434,41.53472,10.822508,0.9412914,,,,,,,,,,,,,,,,,41.53472,10.912446,0.01076805,41.53472,10.912446,-0.0066426457,,,,,,,,,,,,,,,,,,,,,,,,,,,,,41.53472,10.912446,1.0000001e-07,41.53472,10.912446,7.0,,,,,,,
41.53472,10.852487,0.0013089393,41.53472,10.852487,0.0009668303,,,,,,,,,,,,,,,,,,,,,,,,,,,,,,,,,,,,,,,,,,,,,,,,,,,,,,,,,,,,,41.53472,10.852487,1.9509577,41.53472,10.852487,1.0806335,,,,,,,,,,,,,,,,,41.53472,10.942425,0.018209098,41.53472,10.942425,-0.0028632635,,,,,,,,,,,,,,,,,,,,,,,,,,,,,41.53472,10.942425,1.0000001e-07,41.53472,10.942425,7.0,,,,,,,
41.53472,10.882466,0.0010709505,41.53472,10.882466,0.0008924587,,,,,,,,,,,,,,,,,,,,,,,,,,,,,,,,,,,,,,,,,,,,,,,,,,,,,,,,,,,,,41.53472,10.882466,1.1712703,41.53472,10.882466,0.83216053,,,,,,,,,,,,,,,,,41.53472,10.9724045,0.010196748,41.53472,10.9724045,-0.0006355967,,,,,,,,,,,,,,,,,,,,,,,,,,,,,41.53472,10.9724045,1.0000001e-07,41.53472,10.9724045,7.0,,,,,,,
41.53472,10.912445,0.0013386881,41.53472,10.912445,0.0005800982,,,,,,,,,,,,,,,,,,,,,,,,,,,,,,,,,,,,,,,,,,,,,,,,,,,,,,,,,,,,,41.53472,10.912445,2.023624,41.53472,10.912445,-0.24666911,,,,,,,,,,,,,,,,,41.53472,11.002383,0.015812479,41.53472,11.002383,0.00084000675,,,,,,,,,,,,,,,,,,,,,,,,,,,,,41.53472,11.002383,1.0000001e-07,41.53472,11.002383,7.0,,,,,,,
41.53472,10.942425,0.001576677,41.53472,10.942425,0.000713967,,,,,,,,,,,,,,,,,,,,,,,,,,,,,,,,,,,,,,,,,,,,,,,,,,,,,,,,,,,,,41.53472,10.942425,2.8171763,41.53472,10.942425,0.24059622,,,,,,,,,,,,,,,,,41.53472,11.032363,0.012553314,41.53472,11.032363,0.00060781254,,,,,,,,,,,,,,,,,,,,,,,,,,,,,41.53472,11.032363,1.0000001e-07,41.53472,11.032363,7.0,,,,,,,
41.53472,10.972404,0.0011899448,41.53472,10.972404,0.00086271006,,,,,,,,,,,,,,,,,,,,,,,,,,,,,,,,,,,,,,,,,,,,,,,,,,,,,,,,,,,,,41.53472,10.972404,1.5797416,41.53472,10.972404,0.7132831,,,,,,,,,,,,,,,,,41.53472,11.062342,0.015077312,41.53472,11.062342,0.0023741382,,,,,,,,,,,,,,,,,,,,,,,,,,,,,41.53472,11.062342,1.0000001e-07,41.53472,11.062342,7.0,,,,,,,
41.53472,11.002383,0.0014428082,41.53472,11.002383,0.0008329614,,,,,,,,,,,,,,,,,,,,,,,,,,,,,,,,,,,,,,,,,,,,,,,,,,,,,,,,,,,,,41.53472,11.002383,2.4088376,41.53472,11.002383,0.5573725,,,,,,,,,,,,,,,,,41.53472,11.092321,0.009866314,41.53472,11.092321,0.0013105882,,,,,,,,,,,,,,,,,,,,,,,,,,,,,41.53472,11.092321,1.0000001e-07,41.53472,11.092321,7.0,,,,,,,
41.53472,11.032362,0.001383311,41.53472,11.032362,0.0007734642,,,,,,,,,,,,,,,,,,,,,,,,,,,,,,,,,,,,,,,,,,,,,,,,,,,,,,,,,,,,,41.53472,11.032362,2.163862,41.53472,11.032362,0.4551452,,,,,,,,,,,,,,,,,41.53472,11.1223,0.0069832853,41.53472,11.1223,0.00068809727,,,,,,,,,,,,,,,,,,,,,,,,,,,,,41.53472,11.1223,1.0000001e-07,41.53472,11.1223,7.0,,,,,,,
41.53472,11.062342,0.001472557,41.53472,11.062342,0.000951956,,,,,,,,,,,,,,,,,,,,,,,,,,,,,,,,,,,,,,,,,,,,,,,,,,,,,,,,,,,,,41.53472,11.062342,2.453474,41.53472,11.062342,1.0690665,,,,,,,,,,,,,,,,,41.53472,11.15228,0.009966024,41.53472,11.15228,0.00013348227,,,,,,,,,,,,,,,,,,,,,,,,,,,,,41.53472,11.15228,1.0000001e-07,41.53472,11.15228,7.0,,,,,,,
41.53472,11.092321,0.0013386881,41.53472,11.092321,0.0009073329,,,,,,,,,,,,,,,,,,,,,,,,,,,,,,,,,,,,,,,,,,,,,,,,,,,,,,,,,,,,,41.53472,11.092321,2.054912,41.53472,11.092321,0.86339146,,,,,,,,,,,,,,,,,41.53472,11.182259,0.013674036,41.53472,11.182259,0.00015706419,,,,,,,,,,,,,,,,,,,,,,,,,,,,,41.53472,11.182259,1.0000001e-07,41.53472,11.182259,7.0,,,,,,,
41.53472,11.1223,0.0012196936,41.53472,11.1223,0.0007585899,,,,,,,,,,,,,,,,,,,,,,,,,,,,,,,,,,,,,,,,,,,,,,,,,,,,,,,,,,,,,41.53472,11.1223,1.6235148,41.53472,11.1223,0.40838808,,,,,,,,,,,,,,,,,41.53472,11.212238,0.0048920056,41.53472,11.212238,-0.0008048282,,,,,,,,,,,,,,,,,,,,,,,,,,,,,41.53472,11.212238,1.0000001e-07,41.53472,11.212238,7.0,,,,,,,
41.53472,11.15228,0.0012494422,41.53472,11.15228,0.00086271,,,,,,,,,,,,,,,,,,,,,,,,,,,,,,,,,,,,,,,,,,,,,,,,,,,,,,,,,,,,,41.53472,11.15228,1.710296,41.53472,11.15228,0.7061702,,,,,,,,,,,,,,,,,41.53472,11.242217,0.016297817,41.53472,11.242217,-0.0045612147,,,,,,,,,,,,,,,,,,,,,,,,,,,,,41.53472,11.242217,1.0000001e-07,41.53472,11.242217,7.0,,,,,,,
41.53472,11.182259,0.0014130597,41.53472,11.182259,0.0007437156,,,,,,,,,,,,,,,,,,,,,,,,,,,,,,,,,,,,,,,,,,,,,,,,,,,,,,,,,,,,,41.53472,11.182259,2.2587938,41.53472,11.182259,0.33903393,,,,,,,,,,,,,,,,,41.53472,11.272197,0.013790049,41.53472,11.272197,-0.0018789896,,,,,,,,,,,,,,,,,,,,,,,,,,,,,41.53472,11.272197,1.0000001e-07,41.53472,11.272197,7.0,,,,,,,
41.53472,11.212238,0.0010412019,41.53472,11.212238,0.0008032128,,,,,,,,,,,,,,,,,,,,,,,,,,,,,,,,,,,,,,,,,,,,,,,,,,,,,,,,,,,,,41.53472,11.212238,1.0472054,41.53472,11.212238,0.556774,,,,,,,,,,,,,,,,,41.53472,11.3021755,0.008783524,41.53472,11.3021755,-0.0012911095,,,,,,,,,,,,,,,,,,,,,,,,,,,,,41.53472,11.3021755,1.0000001e-07,41.53472,11.3021755,7.0,,,,,,,
41.53472,11.242217,0.0013981853,41.53472,11.242217,0.0007437156,,,,,,,,,,,,,,,,,,,,,,,,,,,,,,,,,,,,,,,,,,,,,,,,,,,,,,,,,,,,,41.53472,11.242217,2.211734,41.53472,11.242217,0.29902738,,,,,,,,,,,,,,,,,41.53472,11.332155,0.016735425,41.53472,11.332155,-0.004159573,,,,,,,,,,,,,,,,,,,,,,,,,,,,,41.53472,11.332155,1.0000001e-07,41.53472,11.332155,7.0,,,,,,,
41.53472,11.272197,0.0013238138,41.53472,11.272197,0.0008180872,,,,,,,,,,,,,,,,,,,,,,,,,,,,,,,,,,,,,,,,,,,,,,,,,,,,,,,,,,,,,41.53472,11.272197,2.0658064,41.53472,11.272197,0.540968,,,,,,,,,,,,,,,,,41.53472,11.362134,0.017227892,41.53472,11.362134,0.0019194359,,,,,,,,,,,,,,,,,,,,,,,,,,,,,41.53472,11.362134,1.0000001e-07,41.53472,11.362134,7.0,,,,,,,
41.53472,11.3021755,0.0011899449,41.53472,11.3021755,0.0007734642,,,,,,,,,,,,,,,,,,,,,,,,,,,,,,,,,,,,,,,,,,,,,,,,,,,,,,,,,,,,,41.53472,11.3021755,1.541672,41.53472,11.3021755,0.41362652,,,,,,,,,,,,,,,,,41.53472,11.392114,0.007480787,41.53472,11.392114,0.0025246085,,,,,,,,,,,,,,,,,,,,,,,,,,,,,41.53472,11.392114,1.0000001e-07,41.53472,11.392114,7.0,,,,,,,
41.53472,11.332155,0.001383311,41.53472,11.332155,0.0006395953,,,,,,,,,,,,,,,,,,,,,,,,,,,,,,,,,,,,,,,,,,,,,,,,,,,,,,,,,,,,,41.53472,11.332155,2.2077458,41.53472,11.332155,-0.03382537,,,,,,,,,,,,,,,,,41.53472,11.422092,0.01860193,41.53472,11.422092,0.0017950492,,,,,,,,,,,,,,,,,,,,,,,,,,,,,41.53472,11.422092,1.0000001e-07,41.53472,11.422092,7.0,,,,,,,
41.53472,11.362134,0.0015171799,41.53472,11.362134,0.00087758445,,,,,,,,,,,,,,,,,,,,,,,,,,,,,,,,,,,,,,,,,,,,,,,,,,,,,,,,,,,,,41.53472,11.362134,2.659745,41.53472,11.362134,0.8031204,,,,,,,,,,,,,,,,,41.53472,11.452072,0.0069300476,41.53472,11.452072,-0.004698678,,,,,,,,,,,,,,,,,,,,,,,,,,,,,41.53472,11.452072,1.0000001e-07,41.53472,11.452072,7.0,,,,,,,
41.53472,11.392114,0.001145322,41.53472,11.392114,0.00090733304,,,,,,,,,,,,,,,,,,,,,,,,,,,,,,,,,,,,,,,,,,,,,,,,,,,,,,,,,,,,,41.53472,11.392114,1.4451048,41.53472,11.392114,0.8793694,,,,,,,,,,,,,,,,,41.53472,11.482051,0.010839778,41.53472,11.482051,0.0069747535,,,,,,,,,,,,,,,,,,,,,,,,,,,,,41.53472,11.482051,1.0000001e-07,41.53472,11.482051,7.0,,,,,,,
41.53472,11.422092,0.0013535623,41.53472,11.422092,0.0009073329,,,,,,,,,,,,,,,,,,,,,,,,,,,,,,,,,,,,,,,,,,,,,,,,,,,,,,,,,,,,,41.53472,11.422092,2.1731918,41.53472,11.422092,0.94759953,,,,,,,,,,,,,,,,,41.53472,11.512031,0.014289629,41.53472,11.512031,0.00137854,,,,,,,,,,,,,,,,,,,,,,,,,,,,,41.53472,11.512031,1.0000001e-07,41.53472,11.512031,7.0,,,,,,,
41.53472,11.452072,0.001145322,41.53472,11.452072,0.000669344,,,,,,,,,,,,,,,,,,,,,,,,,,,,,,,,,,,,,,,,,,,,,,,,,,,,,,,,,,,,,41.53472,11.452072,1.3596826,41.53472,11.452072,0.07186353,,,,,,,,,,,,,,,,,41.53472,11.542009,0.011480408,41.53472,11.542009,-0.0058971727,,,,,,,,,,,,,,,,,,,,,,,,,,,,,41.53472,11.542009,1.0000001e-07,41.53472,11.542009,7.0,,,,,,,
41.53472,11.482051,0.0012791908,41.53472,11.482051,0.0010412018,,,,,,,,,,,,,,,,,,,,,,,,,,,,,,,,,,,,,,,,,,,,,,,,,,,,,,,,,,,,,41.53472,11.482051,1.8461558,41.53472,11.482051,1.3408635,,,,,,,,,,,,,,,,,41.53472,11.571989,0.008994163,41.53472,11.571989,0.00437701,,,,,,,,,,,,,,,,,,,,,,,,,,,,,41.53472,11.571989,1.0000001e-07,41.53472,11.571989,7.0,,,,,,,
41.53472,11.512031,0.0014576825,41.53472,11.512031,0.00084783573,,,,,,,,,,,,,,,,,,,,,,,,,,,,,,,,,,,,,,,,,,,,,,,,,,,,,,,,,,,,,41.53472,11.512031,2.4181185,41.53472,11.512031,0.6360789,,,,,,,,,,,,,,,,,41.53472,11.601968,0.010169589,41.53472,11.601968,-0.0010289788,,,,,,,,,,,,,,,,,,,,,,,,,,,,,41.53472,11.601968,1.0000001e-07,41.53472,11.601968,7.0,,,,,,,
41.53472,11.542009,0.0011453219,41.53472,11.542009,0.00072884123,,,,,,,,,,,,,,,,,,,,,,,,,,,,,,,,,,,,,,,,,,,,,,,,,,,,,,,,,,,,,41.53472,11.542009,1.4320371,41.53472,11.542009,0.2583419,,,,,,,,,,,,,,,,,41.53472,11.6319475,0.0048966194,41.53472,11.6319475,0.0009766812,,,,,,,,,,,,,,,,,,,,,,,,,,,,,41.53472,11.6319475,1.0000001e-07,41.53472,11.6319475,7.0,,,,,,,
41.53472,11.571989,0.0011899448,41.53472,11.571989,0.0008924587,,,,,,,,,,,,,,,,,,,,,,,,,,,,,,,,,,,,,,,,,,,,,,,,,,,,,,,,,,,,,41.53472,11.571989,1.5900967,41.53472,11.571989,0.78015643,,,,,,,,,,,,,,,,,41.53472,11.661927,0.0138892615,41.53472,11.661927,0.003243582,,,,,,,,,,,,,,,,,,,,,,,,,,,,,41.53472,11.661927,1.0000001e-07,41.53472,11.661927,7.0,,,,,,,
41.53472,11.601968,0.0012643165,41.53472,11.601968,0.0008180872,,,,,,,,,,,,,,,,,,,,,,,,,,,,,,,,,,,,,,,,,,,,,,,,,,,,,,,,,,,,,41.53472,11.601968,1.8200548,41.53472,11.601968,0.52170086,,,,,,,,,,,,,,,,,41.53472,11.691906,0.012918039,41.53472,11.691906,0.0014133423,,,,,,,,,,,,,,,,,,,,,,,,,,,,,41.53472,11.691906,1.0000001e-07,41.53472,11.691906,7.0,,,,,,,
41.53472,11.6319475,0.001100699,41.53472,11.6319475,0.0008924587,,,,,,,,,,,,,,,,,,,,,,,,,,,,,,,,,,,,,,,,,,,,,,,,,,,,,,,,,,,,,41.53472,11.6319475,1.262137,41.53472,11.6319475,0.8110074,,,,,,,,,,,,,,,,,41.53472,11.721886,0.010207029,41.53472,11.721886,0.010109065,,,,,,,,,,,,,,,,,,,,,,,,,,,,,41.53472,11.721886,1.0000001e-07,41.53472,11.721886,7.0,,,,,,,
41.53472,11.661926,0.0013238138,41.53472,11.661926,0.0008924587,,,,,,,,,,,,,,,,,,,,,,,,,,,,,,,,,,,,,,,,,,,,,,,,,,,,,,,,,,,,,41.53472,11.661926,2.0065227,41.53472,11.661926,0.8163588,,,,,,,,,,,,,,,,,41.53472,11.751864,0.010708929,41.53472,11.751864,-0.0038491136,,,,,,,,,,,,,,,,,,,,,,,,,,,,,41.53472,11.751864,1.0000001e-07,41.53472,11.751864,7.0,,,,,,,
41.53472,11.691906,0.0012494422,41.53472,11.691906,0.0008478358,,,,,,,,,,,,,,,,,,,,,,,,,,,,,,,,,,,,,,,,,,,,,,,,,,,,,,,,,,,,,41.53472,11.691906,1.754957,41.53472,11.691906,0.70137364,,,,,,,,,,,,,,,,,41.53472,11.781844,0.013639288,41.53472,11.781844,0.005133352,,,,,,,,,,,,,,,,,,,,,,,,,,,,,41.53472,11.781844,1.0000001e-07,41.53472,11.781844,7.0,,,,,,,
41.53472,11.721885,0.0011899448,41.53472,11.721885,0.000996579,,,,,,,,,,,,,,,,,,,,,,,,,,,,,,,,,,,,,,,,,,,,,,,,,,,,,,,,,,,,,41.53472,11.721885,1.5829437,41.53472,11.721885,1.1356231,,,,,,,,,,,,,,,,,41.53472,11.811823,0.009140537,41.53472,11.811823,0.0034323488,,,,,,,,,,,,,,,,,,,,,,,,,,,,,41.53472,11.811823,1.0000001e-07,41.53472,11.811823,7.0,,,,,,,
41.53472,11.751864,0.001189945,41.53472,11.751864,0.00071396696,,,,,,,,,,,,,,,,,,,,,,,,,,,,,,,,,,,,,,,,,,,,,,,,,,,,,,,,,,,,,41.53472,11.751864,1.5719438,41.53472,11.751864,0.19616565,,,,,,,,,,,,,,,,,41.53472,11.841803,0.013242904,41.53472,11.841803,-0.00030217122,,,,,,,,,,,,,,,,,,,,,,,,,,,,,41.53472,11.841803,1.0000001e-07,41.53472,11.841803,7.0,,,,,,,
41.53472,11.781843,0.0012345681,41.53472,11.781843,0.000951956,,,,,,,,,,,,,,,,,,,,,,,,,,,,,,,,,,,,,,,,,,,,,,,,,,,,,,,,,,,,,41.53472,11.781843,1.7331183,41.53472,11.781843,0.9570539,,,,,,,,,,,,,,,,,41.53472,11.871781,0.011149458,41.53472,11.871781,0.0010065002,,,,,,,,,,,,,,,,,,,,,,,,,,,,,41.53472,11.871781,1.0000001e-07,41.53472,11.871781,7.0,,,,,,,
41.53472,11.811823,0.0011453221,41.53472,11.811823,0.00084783573,,,,,,,,,,,,,,,,,,,,,,,,,,,,,,,,,,,,,,,,,,,,,,,,,,,,,,,,,,,,,41.53472,11.811823,1.4086388,41.53472,11.811823,0.7023695,,,,,,,,,,,,,,,,,41.53472,11.901761,0.011128536,41.53472,11.901761,0.002811085,,,,,,,,,,,,,,,,,,,,,,,,,,,,,41.53472,11.901761,1.0000001e-07,41.53472,11.901761,7.0,,,,,,,
41.53472,11.841802,0.0012048193,41.53472,11.841802,0.00086271006,,,,,,,,,,,,,,,,,,,,,,,,,,,,,,,,,,,,,,,,,,,,,,,,,,,,,,,,,,,,,41.53472,11.841802,1.6501926,41.53472,11.841802,0.7738779,,,,,,,,,,,,,,,,,41.53472,11.93174,0.010238128,41.53472,11.93174,-0.00044067844,,,,,,,,,,,,,,,,,,,,,,,,,,,,,41.53472,11.93174,1.0000001e-07,41.53472,11.93174,7.0,,,,,,,
41.53472,11.871781,0.0012791908,41.53472,11.871781,0.0008032128,,,,,,,,,,,,,,,,,,,,,,,,,,,,,,,,,,,,,,,,,,,,,,,,,,,,,,,,,,,,,41.53472,11.871781,1.9007422,41.53472,11.871781,0.52602965,,,,,,,,,,,,,,,,,41.53472,11.9617195,0.017879773,41.53472,11.9617195,-0.0058782944,,,,,,,,,,,,,,,,,,,,,,,,,,,,,41.53472,11.9617195,1.0000001e-07,41.53472,11.9617195,7.0,,,,,,,
41.53472,11.90176,0.0011601964,41.53472,11.90176,0.00084783573,,,,,,,,,,,,,,,,,,,,,,,,,,,,,,,,,,,,,,,,,,,,,,,,,,,,,,,,,,,,,41.53472,11.90176,1.4864001,41.53472,11.90176,0.72881734,,,,,,,,,,,,,,,,,41.53472,11.991698,0.0047034915,41.53472,11.991698,0.0037042142,,,,,,,,,,,,,,,,,,,,,,,,,,,,,41.53472,11.991698,1.0000001e-07,41.53472,11.991698,7.0,,,,,,,
41.53472,11.93174,0.0011899449,41.53472,11.93174,0.00084783573,,,,,,,,,,,,,,,,,,,,,,,,,,,,,,,,,,,,,,,,,,,,,,,,,,,,,,,,,,,,,41.53472,11.93174,1.5849074,41.53472,11.93174,0.6913566,,,,,,,,,,,,,,,,,41.53472,12.021678,0.0068339016,41.53472,12.021678,-0.00075803924,,,,,,,,,,,,,,,,,,,,,,,,,,,,,41.53472,12.021678,1.0000001e-07,41.53472,12.021678,7.0,,,,,,,
41.53472,11.9617195,0.0013535623,41.53472,11.9617195,0.00068421825,,,,,,,,,,,,,,,,,,,,,,,,,,,,,,,,,,,,,,,,,,,,,,,,,,,,,,,,,,,,,41.53472,11.9617195,2.095799,41.53472,11.9617195,0.07785377,,,,,,,,,,,,,,,,,41.53472,12.051657,0.011707076,41.53472,12.051657,0.0016375323,,,,,,,,,,,,,,,,,,,,,,,,,,,,,41.53472,12.051657,1.0000001e-07,41.53472,12.051657,7.0,,,,,,,
41.53472,11.991698,0.0010412018,41.53472,11.991698,0.0009965788,,,,,,,,,,,,,,,,,,,,,,,,,,,,,,,,,,,,,,,,,,,,,,,,,,,,,,,,,,,,,41.53472,11.991698,1.1065781,41.53472,11.991698,1.1837591,,,,,,,,,,,,,,,,,41.53472,12.081636,0.0098424805,41.53472,12.081636,0.0026231809,,,,,,,,,,,,,,,,,,,,,,,,,,,,,41.53472,12.081636,1.0000001e-07,41.53472,12.081636,7.0,,,,,,,
41.53472,12.021678,0.0011006991,41.53472,12.021678,0.00072884123,,,,,,,,,,,,,,,,,,,,,,,,,,,,,,,,,,,,,,,,,,,,,,,,,,,,,,,,,,,,,41.53472,12.021678,1.2776546,41.53472,12.021678,0.22163896,,,,,,,,,,,,,,,,,41.53472,12.111615,0.01701456,41.53472,12.111615,-0.0006165796,,,,,,,,,,,,,,,,,,,,,,,,,,,,,41.53472,12.111615,1.0000001e-07,41.53472,12.111615,7.0,,,,,,,
41.53472,12.051657,0.0012345678,41.53472,12.051657,0.0008627101,,,,,,,,,,,,,,,,,,,,,,,,,,,,,,,,,,,,,,,,,,,,,,,,,,,,,,,,,,,,,41.53472,12.051657,1.696057,41.53472,12.051657,0.81155133,,,,,,,,,,,,,,,,,41.53472,12.141595,0.013409613,41.53472,12.141595,0.00075723627,,,,,,,,,,,,,,,,,,,,,,,,,,,,,41.53472,12.141595,1.0000001e-07,41.53472,12.141595,7.0,,,,,,,
41.53472,12.081636,0.0012048192,41.53472,12.081636,0.0007883385,,,,,,,,,,,,,,,,,,,,,,,,,,,,,,,,,,,,,,,,,,,,,,,,,,,,,,,,,,,,,41.53472,12.081636,1.6439836,41.53472,12.081636,0.49715123,,,,,,,,,,,,,,,,,41.53472,12.171574,0.011207366,41.53472,12.171574,-0.004489847,,,,,,,,,,,,,,,,,,,,,,,,,,,,,41.53472,12.171574,1.0000001e-07,41.53472,12.171574,7.0,,,,,,,
41.53472,12.111615,0.001294065,41.53472,12.111615,0.00074371556,,,,,,,,,,,,,,,,,,,,,,,,,,,,,,,,,,,,,,,,,,,,,,,,,,,,,,,,,,,,,41.53472,12.111615,1.937514,41.53472,12.111615,0.3228389,,,,,,,,,,,,,,,,,41.53472,12.201553,0.012497828,41.53472,12.201553,-0.0020158207,,,,,,,,,,,,,,,,,,,,,,,,,,,,,41.53472,12.201553,1.0000001e-07,41.53472,12.201553,7.0,,,,,,,
41.53472,12.141595,0.0011453221,41.53472,12.141595,0.0008180871,,,,,,,,,,,,,,,,,,,,,,,,,,,,,,,,,,,,,,,,,,,,,,,,,,,,,,,,,,,,,41.53472,12.141595,1.4313507,41.53472,12.141595,0.5100553,,,,,,,,,,,,,,,,,41.53472,12.231532,0.0025077914,41.53472,12.231532,0.0041705375,,,,,,,,,,,,,,,,,,,,,,,,,,,,,41.53472,12.231532,1.0000001e-07,41.53472,12.231532,7.0,,,,,,,
41.53472,12.171574,0.0011750706,41.53472,12.171574,0.00066934404,,,,,,,,,,,,,,,,,,,,,,,,,,,,,,,,,,,,,,,,,,,,,,,,,,,,,,,,,,,,,41.53472,12.171574,1.5442301,41.53472,12.171574,0.05241851,,,,,,,,,,,,,,,,,41.53472,12.261512,0.012410262,41.53472,12.261512,8.426193e-05,,,,,,,,,,,,,,,,,,,,,,,,,,,,,41.53472,12.261512,1.0000001e-07,41.53472,12.261512,7.0,,,,,,,
41.53472,12.201553,0.0012791906,41.53472,12.201553,0.0007585899,,,,,,,,,,,,,,,,,,,,,,,,,,,,,,,,,,,,,,,,,,,,,,,,,,,,,,,,,,,,,41.53472,12.201553,1.8859016,41.53472,12.201553,0.37064412,,,,,,,,,,,,,,,,,41.53472,12.291491,0.0035815442,41.53472,12.291491,-0.00028250192,,,,,,,,,,,,,,,,,,,,,,,,,,,,,41.53472,12.291491,1.0000001e-07,41.53472,12.291491,7.0,,,,,,,
41.53472,12.231532,0.0009519559,41.53472,12.231532,0.00093708164,,,,,,,,,,,,,,,,,,,,,,,,,,,,,,,,,,,,,,,,,,,,,,,,,,,,,,,,,,,,,41.53472,12.231532,0.7643044,41.53472,12.231532,0.97442937,,,,,,,,,,,,,,,,,41.53472,12.32147,0.016398015,41.53472,12.32147,0.003384569,,,,,,,,,,,,,,,,,,,,,,,,,,,,,41.53472,12.32147,1.0000001e-07,41.53472,12.32147,7.0,,,,,,,
41.53472,12.261512,0.0012494422,41.53472,12.261512,0.0007883386,,,,,,,,,,,,,,,,,,,,,,,,,,,,,,,,,,,,,,,,,,,,,,,,,,,,,,,,,,,,,41.53472,12.261512,1.718619,41.53472,12.261512,0.47311136,,,,,,,,,,,,,,,,,41.53472,12.351449,0.006059268,41.53472,12.351449,0.005667032,,,,,,,,,,,,,,,,,,,,,,,,,,,,,41.53472,12.351449,1.0000001e-07,41.53472,12.351449,7.0,,,,,,,
41.53472,12.291491,0.0010263275,41.53472,12.291491,0.0007437156,,,,,,,,,,,,,,,,,,,,,,,,,,,,,,,,,,,,,,,,,,,,,,,,,,,,,,,,,,,,,41.53472,12.291491,1.0999945,41.53472,12.291491,0.30523017,,,,,,,,,,,,,,,,,41.53472,12.381429,0.007562802,41.53472,12.381429,-0.0016608883,,,,,,,,,,,,,,,,,,,,,,,,,,,,,41.53472,12.381429,1.0000001e-07,41.53472,12.381429,7.0,,,,,,,
41.53472,12.32147,0.001383311,41.53472,12.32147,0.0008924587,,,,,,,,,,,,,,,,,,,,,,,,,,,,,,,,,,,,,,,,,,,,,,,,,,,,,,,,,,,,,41.53472,12.32147,2.195392,41.53472,12.32147,0.82900536,,,,,,,,,,,,,,,,,41.53472,12.411407,0.022453807,41.53472,12.411407,0.0030950415,,,,,,,,,,,,,,,,,,,,,,,,,,,,,41.53472,12.411407,1.0000001e-07,41.53472,12.411407,7.0,,,,,,,
41.53472,12.351449,0.0010412018,41.53472,12.351449,0.00087758433,,,,,,,,,,,,,,,,,,,,,,,,,,,,,,,,,,,,,,,,,,,,,,,,,,,,,,,,,,,,,41.53472,12.351449,1.12058,41.53472,12.351449,0.81525254,,,,,,,,,,,,,,,,,41.53472,12.441387,0.014791359,41.53472,12.441387,-0.000112165384,,,,,,,,,,,,,,,,,,,,,,,,,,,,,41.53472,12.441387,1.0000001e-07,41.53472,12.441387,7.0,,,,,,,
41.53472,12.381429,0.000996579,41.53472,12.381429,0.0007734643,,,,,,,,,,,,,,,,,,,,,,,,,,,,,,,,,,,,,,,,,,,,,,,,,,,,,,,,,,,,,41.53472,12.381429,0.9137054,41.53472,12.381429,0.38215563,,,,,,,,,,,,,,,,,41.53472,12.471366,0.01280647,41.53472,12.471366,0.01053572,,,,,,,,,,,,,,,,,,,,,,,,,,,,,41.53472,12.471366,1.0000001e-07,41.53472,12.471366,7.0,,,,,,,
41.53472,12.411407,0.0014428083,41.53472,12.411407,0.00090733304,,,,,,,,,,,,,,,,,,,,,,,,,,,,,,,,,,,,,,,,,,,,,,,,,,,,,,,,,,,,,41.53472,12.411407,2.3749595,41.53472,12.411407,0.9349541,,,,,,,,,,,,,,,,,41.53472,12.501346,0.01411491,41.53472,12.501346,0.00198171,,,,,,,,,,,,,,,,,,,,,,,,,,,,,41.53472,12.501346,1.0000001e-07,41.53472,12.501346,7.0,,,,,,,
41.53472,12.441387,0.0012643165,41.53472,12.441387,0.00080321275,,,,,,,,,,,,,,,,,,,,,,,,,,,,,,,,,,,,,,,,,,,,,,,,,,,,,,,,,,,,,41.53472,12.441387,1.7899895,41.53472,12.441387,0.4838349,,,,,,,,,,,,,,,,,41.53472,12.531325,0.007117326,41.53472,12.531325,0.0023691852,,,,,,,,,,,,,,,,,,,,,,,,,,,,,41.53472,12.531325,1.0000001e-07,41.53472,12.531325,7.0,,,,,,,
41.53472,12.471366,0.0013238137,41.53472,12.471366,0.0010709505,,,,,,,,,,,,,,,,,,,,,,,,,,,,,,,,,,,,,,,,,,,,,,,,,,,,,,,,,,,,,41.53472,12.471366,1.9519247,41.53472,12.471366,1.4716843,,,,,,,,,,,,,,,,,41.53472,12.561304,0.0147085525,41.53472,12.561304,0.013012335,,,,,,,,,,,,,,,,,,,,,,,,,,,,,41.53472,12.561304,1.0000001e-07,41.53472,12.561304,7.0,,,,,,,
41.53472,12.501346,0.0012345681,41.53472,12.501346,0.00075858994,,,,,,,,,,,,,,,,,,,,,,,,,,,,,,,,,,,,,,,,,,,,,,,,,,,,,,,,,,,,,41.53472,12.501346,1.7419397,41.53472,12.501346,0.39748287,,,,,,,,,,,,,,,,,41.53472,12.591284,0.011172576,41.53472,12.591284,0.0038212282,,,,,,,,,,,,,,,,,,,,,,,,,,,,,41.53472,12.591284,1.0000001e-07,41.53472,12.591284,7.0,,,,,,,
41.53472,12.531324,0.0010412019,41.53472,12.531324,0.0008478358,,,,,,,,,,,,,,,,,,,,,,,,,,,,,,,,,,,,,,,,,,,,,,,,,,,,,,,,,,,,,41.53472,12.531324,1.1348584,41.53472,12.531324,0.6624388,,,,,,,,,,,,,,,,,41.53472,12.621263,0.0203914,41.53472,12.621263,0.0047767716,,,,,,,,,,,,,,,,,,,,,,,,,,,,,41.53472,12.621263,1.0000001e-07,41.53472,12.621263,7.0,,,,,,,
41.53472,12.561304,0.0012643165,41.53472,12.561304,0.001056076,,,,,,,,,,,,,,,,,,,,,,,,,,,,,,,,,,,,,,,,,,,,,,,,,,,,,,,,,,,,,41.53472,12.561304,1.7933816,41.53472,12.561304,1.4692348,,,,,,,,,,,,,,,,,41.53472,12.651242,0.0042371983,41.53472,12.651242,0.0006439809,,,,,,,,,,,,,,,,,,,,,,,,,,,,,41.53472,12.651242,1.0000001e-07,41.53472,12.651242,7.0,,,,,,,
41.53472,12.591283,0.0011601964,41.53472,12.591283,0.00086271006,,,,,,,,,,,,,,,,,,,,,,,,,,,,,,,,,,,,,,,,,,,,,,,,,,,,,,,,,,,,,41.53472,12.591283,1.4629163,41.53472,12.591283,0.7594628,,,,,,,,,,,,,,,,,41.53472,12.681221,0.007719256,41.53472,12.681221,-0.0014178538,,,,,,,,,,,,,,,,,,,,,,,,,,,,,41.53472,12.681221,1.0000001e-07,41.53472,12.681221,7.0,,,,,,,
41.53472,12.621263,0.0013089394,41.53472,12.621263,0.0009668303,,,,,,,,,,,,,,,,,,,,,,,,,,,,,,,,,,,,,,,,,,,,,,,,,,,,,,,,,,,,,41.53472,12.621263,1.9575448,41.53472,12.621263,1.1238714,,,,,,,,,,,,,,,,,41.53472,12.711201,0.008996104,41.53472,12.711201,-0.0027472314,,,,,,,,,,,,,,,,,,,,,,,,,,,,,41.53472,12.711201,1.0000001e-07,41.53472,12.711201,7.0,,,,,,,
41.53472,12.651241,0.0009222073,41.53472,12.651241,0.00080321287,,,,,,,,,,,,,,,,,,,,,,,,,,,,,,,,,,,,,,,,,,,,,,,,,,,,,,,,,,,,,41.53472,12.651241,0.67729974,41.53472,12.651241,0.48461568,,,,,,,,,,,,,,,,,41.53472,12.741179,0.0029366275,41.53472,12.741179,0.0039142817,,,,,,,,,,,,,,,,,,,,,,,,,,,,,41.53472,12.741179,1.0000001e-07,41.53472,12.741179,7.0,,,,,,,
41.53472,12.681221,0.0010114532,41.53472,12.681221,0.00071396696,,,,,,,,,,,,,,,,,,,,,,,,,,,,,,,,,,,,,,,,,,,,,,,,,,,,,,,,,,,,,41.53472,12.681221,1.000621,41.53472,12.681221,0.21554019,,,,,,,,,,,,,,,,,41.53472,12.771159,0.0034568019,41.53472,12.771159,-0.0047225947,,,,,,,,,,,,,,,,,,,,,,,,,,,,,41.53472,12.771159,1.0000001e-07,41.53472,12.771159,7.0,,,,,,,
41.53472,12.7112,0.0011750706,41.53472,12.7112,0.00069909263,,,,,,,,,,,,,,,,,,,,,,,,,,,,,,,,,,,,,,,,,,,,,,,,,,,,,,,,,,,,,41.53472,12.7112,1.48551,41.53472,12.7112,0.15157789,,,,,,,,,,,,,,,,,41.53472,12.801138,0.005861216,41.53472,12.801138,0.0077295396,,,,,,,,,,,,,,,,,,,,,,,,,,,,,41.53472,12.801138,1.0000001e-07,41.53472,12.801138,7.0,,,,,,,
41.53472,12.741179,0.00093708164,41.53472,12.741179,0.00090733304,,,,,,,,,,,,,,,,,,,,,,,,,,,,,,,,,,,,,,,,,,,,,,,,,,,,,,,,,,,,,41.53472,12.741179,0.7324883,41.53472,12.741179,0.9260468,,,,,,,,,,,,,,,,,41.53472,12.831118,0.009876516,41.53472,12.831118,-0.0021029015,,,,,,,,,,,,,,,,,,,,,,,,,,,,,41.53472,12.831118,1.0000001e-07,41.53472,12.831118,7.0,,,,,,,
41.53472,12.771158,0.00093708164,41.53472,12.771158,0.0006098467,,,,,,,,,,,,,,,,,,,,,,,,,,,,,,,,,,,,,,,,,,,,,,,,,,,,,,,,,,,,,41.53472,12.771158,0.75531083,41.53472,12.771158,-0.156059,,,,,,,,,,,,,,,,,41.53472,12.861096,0.0028179153,41.53472,12.861096,0.001980789,,,,,,,,,,,,,,,,,,,,,,,,,,,,,41.53472,12.861096,1.0000001e-07,41.53472,12.861096,7.0,,,,,,,
41.53472,12.801138,0.000996579,41.53472,12.801138,0.0009519558,,,,,,,,,,,,,,,,,,,,,,,,,,,,,,,,,,,,,,,,,,,,,,,,,,,,,,,,,,,,,41.53472,12.801138,0.89331084,41.53472,12.801138,1.0932803,,,,,,,,,,,,,,,,,41.53472,12.891076,0.014492143,41.53472,12.891076,-0.00078473677,,,,,,,,,,,,,,,,,,,,,,,,,,,,,41.53472,12.891076,1.0000001e-07,41.53472,12.891076,7.0,,,,,,,
41.53472,12.831118,0.0011006991,41.53472,12.831118,0.0007585898,,,,,,,,,,,,,,,,,,,,,,,,,,,,,,,,,,,,,,,,,,,,,,,,,,,,,,,,,,,,,41.53472,12.831118,1.1907111,41.53472,12.831118,0.42286277,,,,,,,,,,,,,,,,,41.53472,12.921055,0.010535404,41.53472,12.921055,-0.00271177,,,,,,,,,,,,,,,,,,,,,,,,,,,,,41.53472,12.921055,1.0000001e-07,41.53472,12.921055,7.0,,,,,,,
41.53472,12.861096,0.0009222072,41.53472,12.861096,0.00084783573,,,,,,,,,,,,,,,,,,,,,,,,,,,,,,,,,,,,,,,,,,,,,,,,,,,,,,,,,,,,,41.53472,12.861096,0.7233742,41.53472,12.861096,0.62998986,,,,,,,,,,,,,,,,,41.53472,12.951035,0.0027650674,41.53472,12.951035,-0.0014171549,,,,,,,,,,,,,,,,,,,,,,,,,,,,,41.53472,12.951035,1.0000001e-07,41.53472,12.951035,7.0,,,,,,,
41.53472,12.891076,0.0011155733,41.53472,12.891076,0.00080321287,,,,,,,,,,,,,,,,,,,,,,,,,,,,,,,,,,,,,,,,,,,,,,,,,,,,,,,,,,,,,41.53472,12.891076,1.3234076,41.53472,12.891076,0.5176885,,,,,,,,,,,,,,,,,41.53472,12.981013,0.0114400545,41.53472,12.981013,0.00249705,,,,,,,,,,,,,,,,,,,,,,,,,,,,,41.53472,12.981013,1.0000001e-07,41.53472,12.981013,7.0,,,,,,,
41.53472,12.921055,0.0011006991,41.53472,12.921055,0.00069909263,,,,,,,,,,,,,,,,,,,,,,,,,,,,,,,,,,,,,,,,,,,,,,,,,,,,,,,,,,,,,41.53472,12.921055,1.2264615,41.53472,12.921055,0.15765336,,,,,,,,,,,,,,,,,41.53472,13.010993,0.0073363013,41.53472,13.010993,0.003547051,,,,,,,,,,,,,,,,,,,,,,,,,,,,,41.53472,13.010993,1.0000001e-07,41.53472,13.010993,7.0,,,,,,,
41.53472,12.951035,0.0009817047,41.53472,12.951035,0.00068421825,,,,,,,,,,,,,,,,,,,,,,,,,,,,,,,,,,,,,,,,,,,,,,,,,,,,,,,,,,,,,41.53472,12.951035,0.90679616,41.53472,12.951035,0.044120446,,,,,,,,,,,,,,,,,41.53472,13.040972,0.014659592,41.53472,13.040972,-0.0016745777,,,,,,,,,,,,,,,,,,,,,,,,,,,,,41.53472,13.040972,1.0000001e-07,41.53472,13.040972,7.0,,,,,,,
41.53472,12.981013,0.0011006991,41.53472,12.981013,0.0007437156,,,,,,,,,,,,,,,,,,,,,,,,,,,,,,,,,,,,,,,,,,,,,,,,,,,,,,,,,,,,,41.53472,12.981013,1.260995,41.53472,12.981013,0.3164678,,,,,,,,,,,,,,,,,41.53472,13.070951,0.004686335,41.53472,13.070951,0.007129396,,,,,,,,,,,,,,,,,,,,,,,,,,,,,41.53472,13.070951,1.0000001e-07,41.53472,13.070951,7.0,,,,,,,
41.53472,13.010993,0.0010114532,41.53472,13.010993,0.0008180871,,,,,,,,,,,,,,,,,,,,,,,,,,,,,,,,,,,,,,,,,,,,,,,,,,,,,,,,,,,,,41.53472,13.010993,0.9987651,41.53472,13.010993,0.5089726,,,,,,,,,,,,,,,,,41.53472,13.10093,0.0032798157,41.53472,13.10093,-0.005517876,,,,,,,,,,,,,,,,,,,,,,,,,,,,,41.53472,13.10093,1.0000001e-07,41.53472,13.10093,7.0,,,,,,,
41.53472,13.040972,0.0011899449,41.53472,13.040972,0.0006990926,,,,,,,,,,,,,,,,,,,,,,,,,,,,,,,,,,,,,,,,,,,,,,,,,,,,,,,,,,,,,41.53472,13.040972,1.5539963,41.53472,13.040972,0.20538975,,,,,,,,,,,,,,,,,41.53472,13.13091,0.013359133,41.53472,13.13091,-0.0030238475,,,,,,,,,,,,,,,,,,,,,,,,,,,,,41.53472,13.13091,1.0000001e-07,41.53472,13.13091,7.0,,,,,,,
41.53472,13.070951,0.0010560761,41.53472,13.070951,0.000996579,,,,,,,,,,,,,,,,,,,,,,,,,,,,,,,,,,,,,,,,,,,,,,,,,,,,,,,,,,,,,41.53472,13.070951,1.1246984,41.53472,13.070951,1.168217,,,,,,,,,,,,,,,,,41.53472,13.160889,0.012114147,41.53472,13.160889,-0.0009815407,,,,,,,,,,,,,,,,,,,,,,,,,,,,,41.53472,13.160889,1.0000001e-07,41.53472,13.160889,7.0,,,,,,,
41.53472,13.10093,0.0009519559,41.53472,13.10093,0.0006990927,,,,,,,,,,,,,,,,,,,,,,,,,,,,,,,,,,,,,,,,,,,,,,,,,,,,,,,,,,,,,41.53472,13.10093,0.8219269,41.53472,13.10093,0.11376487,,,,,,,,,,,,,,,,,41.53472,13.190868,0.0053565823,41.53472,13.190868,-0.0014845334,,,,,,,,,,,,,,,,,,,,,,,,,,,,,41.53472,13.190868,1.0000001e-07,41.53472,13.190868,7.0,,,,,,,
41.53472,13.13091,0.0010560763,41.53472,13.13091,0.00066934404,,,,,,,,,,,,,,,,,,,,,,,,,,,,,,,,,,,,,,,,,,,,,,,,,,,,,,,,,,,,,41.53472,13.13091,1.1195732,41.53472,13.13091,0.011332035,,,,,,,,,,,,,,,,,41.53472,13.220847,0.0050175516,41.53472,13.220847,-0.0032489921,,,,,,,,,,,,,,,,,,,,,,,,,,,,,41.53472,13.220847,1.0000001e-07,41.53472,13.220847,7.0,,,,,,,
41.53472,13.160889,0.0011304476,41.53472,13.160889,0.00066934404,,,,,,,,,,,,,,,,,,,,,,,,,,,,,,,,,,,,,,,,,,,,,,,,,,,,,,,,,,,,,41.53472,13.160889,1.3580217,41.53472,13.160889,0.044676874,,,,,,,,,,,,,,,,,41.53472,13.250827,0.012211205,41.53472,13.250827,-0.0016732755,,,,,,,,,,,,,,,,,,,,,,,,,,,,,41.53472,13.250827,1.0000001e-07,41.53472,13.250827,7.0,,,,,,,
41.53472,13.190868,0.0010263275,41.53472,13.190868,0.0007288413,,,,,,,,,,,,,,,,,,,,,,,,,,,,,,,,,,,,,,,,,,,,,,,,,,,,,,,,,,,,,41.53472,13.190868,1.0764098,41.53472,13.190868,0.26463944,,,,,,,,,,,,,,,,,41.53472,13.280806,0.0115073,41.53472,13.280806,-0.0070646107,,,,,,,,,,,,,,,,,,,,,,,,,,,,,41.53472,13.280806,1.0000001e-07,41.53472,13.280806,7.0,,,,,,,
41.53472,13.220847,0.0009519559,41.53472,13.220847,0.00074371556,,,,,,,,,,,,,,,,,,,,,,,,,,,,,,,,,,,,,,,,,,,,,,,,,,,,,,,,,,,,,41.53472,13.220847,0.75394464,41.53472,13.220847,0.291397,,,,,,,,,,,,,,,,,41.53472,13.310785,0.017440308,41.53472,13.310785,-0.0003961425,,,,,,,,,,,,,,,,,,,,,,,,,,,,,41.53472,13.310785,1.0000001e-07,41.53472,13.310785,7.0,,,,,,,
41.53472,13.250827,0.0011453221,41.53472,13.250827,0.0008478358,,,,,,,,,,,,,,,,,,,,,,,,,,,,,,,,,,,,,,,,,,,,,,,,,,,,,,,,,,,,,41.53472,13.250827,1.394864,41.53472,13.250827,0.67991954,,,,,,,,,,,,,,,,,41.53472,13.340765,0.0024627652,41.53472,13.340765,-0.0029702384,,,,,,,,,,,,,,,,,,,,,,,,,,,,,41.53472,13.340765,1.0000001e-07,41.53472,13.340765,7.0,,,,,,,
41.53472,13.280806,0.0010858248,41.53472,13.280806,0.0006098468,,,,,,,,,,,,,,,,,,,,,,,,,,,,,,,,,,,,,,,,,,,,,,,,,,,,,,,,,,,,,41.53472,13.280806,1.2432282,41.53472,13.280806,-0.1762914,,,,,,,,,,,,,,,,,41.53472,13.370744,0.008827938,41.53472,13.370744,0.0028840324,,,,,,,,,,,,,,,,,,,,,,,,,,,,,41.53472,13.370744,1.0000001e-07,41.53472,13.370744,7.0,,,,,,,
41.53472,13.310785,0.001294065,41.53472,13.310785,0.00072884123,,,,,,,,,,,,,,,,,,,,,,,,,,,,,,,,,,,,,,,,,,,,,,,,,,,,,,,,,,,,,41.53472,13.310785,1.9118849,41.53472,13.310785,0.32367083,,,,,,,,,,,,,,,,,41.53472,13.400723,0.008922794,41.53472,13.400723,0.004964422,,,,,,,,,,,,,,,,,,,,,,,,,,,,,41.53472,13.400723,1.0000001e-07,41.53472,13.400723,7.0,,,,,,,
41.53472,13.340764,0.00087758433,41.53472,13.340764,0.000713967,,,,,,,,,,,,,,,,,,,,,,,,,,,,,,,,,,,,,,,,,,,,,,,,,,,,,,,,,,,,,41.53472,13.340764,0.52611965,41.53472,13.340764,0.19621302,,,,,,,,,,,,,,,,,41.53472,13.430702,0.009479752,41.53472,13.430702,0.003921301,,,,,,,,,,,,,,,,,,,,,,,,,,,,,41.53472,13.430702,1.0000001e-07,41.53472,13.430702,7.0,,,,,,,
41.53472,13.370744,0.0010412018,41.53472,13.370744,0.0007734641,,,,,,,,,,,,,,,,,,,,,,,,,,,,,,,,,,,,,,,,,,,,,,,,,,,,,,,,,,,,,41.53472,13.370744,1.0737432,41.53472,13.370744,0.4505216,,,,,,,,,,,,,,,,,41.53472,13.460682,0.013377051,41.53472,13.460682,0.0043665264,,,,,,,,,,,,,,,,,,,,,,,,,,,,,41.53472,13.460682,1.0000001e-07,41.53472,13.460682,7.0,,,,,,,
41.53472,13.4007225,0.0010560761,41.53472,13.4007225,0.00087758433,,,,,,,,,,,,,,,,,,,,,,,,,,,,,,,,,,,,,,,,,,,,,,,,,,,,,,,,,,,,,41.53472,13.4007225,1.1196529,41.53472,13.4007225,0.7840738,,,,,,,,,,,,,,,,,41.53472,13.490661,0.0089214025,41.53472,13.490661,0.0018024058,,,,,,,,,,,,,,,,,,,,,,,,,,,,,41.53472,13.490661,1.0000001e-07,41.53472,13.490661,7.0,,,,,,,
41.53472,13.430702,0.0011304476,41.53472,13.430702,0.00086271006,,,,,,,,,,,,,,,,,,,,,,,,,,,,,,,,,,,,,,,,,,,,,,,,,,,,,,,,,,,,,41.53472,13.430702,1.3303906,41.53472,13.430702,0.73964137,,,,,,,,,,,,,,,,,41.53472,13.52064,0.014743209,41.53472,13.52064,0.0021488685,,,,,,,,,,,,,,,,,,,,,,,,,,,,,41.53472,13.52064,1.0000001e-07,41.53472,13.52064,7.0,,,,,,,
41.53472,13.460681,0.0011601965,41.53472,13.460681,0.00086270995,,,,,,,,,,,,,,,,,,,,,,,,,,,,,,,,,,,,,,,,,,,,,,,,,,,,,,,,,,,,,41.53472,13.460681,1.4701585,41.53472,13.460681,0.74363524,,,,,,,,,,,,,,,,,41.53472,13.550619,0.0133427195,41.53472,13.550619,0.002427752,,,,,,,,,,,,,,,,,,,,,,,,,,,,,41.53472,13.550619,1.0000001e-07,41.53472,13.550619,7.0,,,,,,,
41.53472,13.490661,0.0010263276,41.53472,13.490661,0.0008180871,,,,,,,,,,,,,,,,,,,,,,,,,,,,,,,,,,,,,,,,,,,,,,,,,,,,,,,,,,,,,41.53472,13.490661,1.0385127,41.53472,13.490661,0.5680599,,,,,,,,,,,,,,,,,41.53472,13.580599,0.019782169,41.53472,13.580599,0.0025789698,,,,,,,,,,,,,,,,,,,,,,,,,,,,,41.53472,13.580599,1.0000001e-07,41.53472,13.580599,7.0,,,,,,,
41.53472,13.520639,0.001189945,41.53472,13.520639,0.0007883385,,,,,,,,,,,,,,,,,,,,,,,,,,,,,,,,,,,,,,,,,,,,,,,,,,,,,,,,,,,,,41.53472,13.520639,1.6566619,41.53472,13.520639,0.4337318,,,,,,,,,,,,,,,,,41.53472,13.610578,0.0052173263,41.53472,13.610578,0.007945378,,,,,,,,,,,,,,,,,,,,,,,,,,,,,41.53472,13.610578,1.0000001e-07,41.53472,13.610578,7.0,,,,,,,
41.53472,13.550619,0.0010560761,41.53472,13.550619,0.00083296146,,,,,,,,,,,,,,,,,,,,,,,,,,,,,,,,,,,,,,,,,,,,,,,,,,,,,,,,,,,,,41.53472,13.550619,1.1683987,41.53472,13.550619,0.66807455,,,,,,,,,,,,,,,,,41.53472,13.640557,0.005084752,41.53472,13.640557,0.0050317254,,,,,,,,,,,,,,,,,,,,,,,,,,,,,41.53472,13.640557,1.0000001e-07,41.53472,13.640557,7.0,,,,,,,
41.53472,13.580598,0.0012940652,41.53472,13.580598,0.0007883385,,,,,,,,,,,,,,,,,,,,,,,,,,,,,,,,,,,,,,,,,,,,,,,,,,,,,,,,,,,,,41.53472,13.580598,1.9015613,41.53472,13.580598,0.5596056,,,,,,,,,,,,,,,,,41.53472,13.670536,0.0018395585,41.53472,13.670536,0.0037686813,,,,,,,,,,,,,,,,,,,,,,,,,,,,,41.53472,13.670536,1.0000001e-07,41.53472,13.670536,7.0,,,,,,,
41.53472,13.610578,0.0009668303,41.53472,13.610578,0.00093708164,,,,,,,,,,,,,,,,,,,,,,,,,,,,,,,,,,,,,,,,,,,,,,,,,,,,,,,,,,,,,41.53472,13.610578,0.81187767,41.53472,13.610578,1.0647345,,,,,,,,,,,,,,,,,41.53472,13.700516,0.010955294,41.53472,13.700516,-0.004518155,,,,,,,,,,,,,,,,,,,,,,,,,,,,,41.53472,13.700516,1.0000001e-07,41.53472,13.700516,7.0,,,,,,,
41.53472,13.640556,0.0009668302,41.53472,13.640556,0.0008924587,,,,,,,,,,,,,,,,,,,,,,,,,,,,,,,,,,,,,,,,,,,,,,,,,,,,,,,,,,,,,41.53472,13.640556,0.8679539,41.53472,13.640556,0.8483462,,,,,,,,,,,,,,,,,41.53472,13.7304945,-0.010255051,41.53472,13.7304945,-0.0014111865,,,,,,,,,,,,,,,,,,,,,,,,,,,,,41.53472,13.7304945,1.0000001e-07,41.53472,13.7304945,7.0,,,,,,,
41.53472,13.670536,0.00092220743,41.53472,13.670536,0.00090733304,,,,,,,,,,,,,,,,,,,,,,,,,,,,,,,,,,,,,,,,,,,,,,,,,,,,,,,,,,,,,41.53472,13.670536,0.73846686,41.53472,13.670536,0.9209995,,,,,,,,,,,,,,,,,41.53472,13.760474,0.021596268,41.53472,13.760474,0.007780436,,,,,,,,,,,,,,,,,,,,,,,,,,,,,41.53472,13.760474,1.0000001e-07,41.53472,13.760474,7.0,,,,,,,
41.53472,13.700516,0.0010560761,41.53472,13.700516,0.00065446965,,,,,,,,,,,,,,,,,,,,,,,,,,,,,,,,,,,,,,,,,,,,,,,,,,,,,,,,,,,,,41.53472,13.700516,1.1331685,41.53472,13.700516,-0.08560065,,,,,,,,,,,,,,,,,41.53472,13.790453,0.009623025,41.53472,13.790453,-0.002208761,,,,,,,,,,,,,,,,,,,,,,,,,,,,,41.53472,13.790453,1.0000001e-07,41.53472,13.790453,7.0,,,,,,,
41.53472,13.7304945,0.00066934404,41.53472,13.7304945,0.00069909275,,,,,,,,,,,,,,,,,,,,,,,,,,,,,,,,,,,,,,,,,,,,,,,,,,,,,,,,,,,,,41.53472,13.7304945,-0.10148683,41.53472,13.7304945,0.16668226,,,,,,,,,,,,,,,,,41.53472,13.820433,0.015055895,41.53472,13.820433,-0.001267393,,,,,,,,,,,,,,,,,,,,,,,,,,,,,41.53472,13.820433,1.0000001e-07,41.53472,13.820433,7.0,,,,,,,
41.53472,13.760474,0.0012791908,41.53472,13.760474,0.00083296146,,,,,,,,,,,,,,,,,,,,,,,,,,,,,,,,,,,,,,,,,,,,,,,,,,,,,,,,,,,,,41.53472,13.760474,1.8801627,41.53472,13.760474,0.60676855,,,,,,,,,,,,,,,,,41.53472,13.850411,0.013645877,41.53472,13.850411,-0.0043911343,,,,,,,,,,,,,,,,,,,,,,,,,,,,,41.53472,13.850411,1.0000001e-07,41.53472,13.850411,7.0,,,,,,,
41.53472,13.790453,0.0009817046,41.53472,13.790453,0.00072884123,,,,,,,,,,,,,,,,,,,,,,,,,,,,,,,,,,,,,,,,,,,,,,,,,,,,,,,,,,,,,41.53472,13.790453,0.83754617,41.53472,13.790453,0.20449236,,,,,,,,,,,,,,,,,41.53472,13.880391,0.0056124246,41.53472,13.880391,0.0010172398,,,,,,,,,,,,,,,,,,,,,,,,,,,,,41.53472,13.880391,1.0000001e-07,41.53472,13.880391,7.0,,,,,,,
41.53472,13.820433,0.0012196936,41.53472,13.820433,0.0007437156,,,,,,,,,,,,,,,,,,,,,,,,,,,,,,,,,,,,,,,,,,,,,,,,,,,,,,,,,,,,,41.53472,13.820433,1.6826916,41.53472,13.820433,0.26663765,,,,,,,,,,,,,,,,,41.53472,13.91037,0.0074972487,41.53472,13.91037,0.006779872,,,,,,,,,,,,,,,,,,,,,,,,,,,,,41.53472,13.91037,1.0000001e-07,41.53472,13.91037,7.0,,,,,,,
41.53472,13.850411,0.0011006991,41.53472,13.850411,0.00068421825,,,,,,,,,,,,,,,,,,,,,,,,,,,,,,,,,,,,,,,,,,,,,,,,,,,,,,,,,,,,,41.53472,13.850411,1.2581216,41.53472,13.850411,0.13511726,,,,,,,,,,,,,,,,,41.53472,13.94035,-0.0018143492,41.53472,13.94035,-0.008516112,,,,,,,,,,,,,,,,,,,,,,,,,,,,,41.53472,13.94035,1.0000001e-07,41.53472,13.94035,7.0,,,,,,,
41.53472,13.880391,0.00093708164,41.53472,13.880391,0.0007883385,,,,,,,,,,,,,,,,,,,,,,,,,,,,,,,,,,,,,,,,,,,,,,,,,,,,,,,,,,,,,41.53472,13.880391,0.7488989,41.53472,13.880391,0.47415605,,,,,,,,,,,,,,,,,41.53472,13.970328,0.01511943,41.53472,13.970328,0.0065272693,,,,,,,,,,,,,,,,,,,,,,,,,,,,,41.53472,13.970328,1.0000001e-07,41.53472,13.970328,7.0,,,,,,,
41.53472,13.91037,0.0010263275,41.53472,13.91037,0.00093708164,,,,,,,,,,,,,,,,,,,,,,,,,,,,,,,,,,,,,,,,,,,,,,,,,,,,,,,,,,,,,41.53472,13.91037,1.0494506,41.53472,13.91037,1.0243607,,,,,,,,,,,,,,,,,41.53472,14.000308,0.011228652,41.53472,14.000308,0.0010364396,,,,,,,,,,,,,,,,,,,,,,,,,,,,,41.53472,14.000308,1.0000001e-07,41.53472,14.000308,7.0,,,,,,,
41.53472,13.94035,0.0007883386,41.53472,13.94035,0.000669344,,,,,,,,,,,,,,,,,,,,,,,,,,,,,,,,,,,,,,,,,,,,,,,,,,,,,,,,,,,,,41.53472,13.94035,0.27475357,41.53472,13.94035,0.058501244,,,,,,,,,,,,,,,,,41.53472,14.030287,0.0001462282,41.53472,14.030287,0.0039265766,,,,,,,,,,,,,,,,,,,,,,,,,,,,,41.53472,14.030287,1.0000001e-07,41.53472,14.030287,7.0,,,,,,,
41.53472,13.970328,0.0010560761,41.53472,13.970328,0.0009817046,,,,,,,,,,,,,,,,,,,,,,,,,,,,,,,,,,,,,,,,,,,,,,,,,,,,,,,,,,,,,41.53472,13.970328,1.1480037,41.53472,13.970328,1.1698352,,,,,,,,,,,,,,,,,41.53472,14.0602665,0.00011021406,41.53472,14.0602665,-0.00015016769,,,,,,,,,,,,,,,,,,,,,,,,,,,,,41.53472,14.0602665,1.0000001e-07,41.53472,14.0602665,7.0,,,,,,,
41.53472,14.000308,0.0010858248,41.53472,14.000308,0.0007883385,,,,,,,,,,,,,,,,,,,,,,,,,,,,,,,,,,,,,,,,,,,,,,,,,,,,,,,,,,,,,41.53472,14.000308,1.2546297,41.53472,14.000308,0.51109654,,,,,,,,,,,,,,,,,41.53472,14.090245,0.0044901334,41.53472,14.090245,-0.000807931,,,,,,,,,,,,,,,,,,,,,,,,,,,,,41.53472,14.090245,1.0000001e-07,41.53472,14.090245,7.0,,,,,,,
41.53472,14.030287,0.0008627101,41.53472,14.030287,0.0008478358,,,,,,,,,,,,,,,,,,,,,,,,,,,,,,,,,,,,,,,,,,,,,,,,,,,,,,,,,,,,,41.53472,14.030287,0.5071277,41.53472,14.030287,0.6446922,,,,,,,,,,,,,,,,,41.53472,14.120225,0.006279627,41.53472,14.120225,0.00057762593,,,,,,,,,,,,,,,,,,,,,,,,,,,,,41.53472,14.120225,1.0000001e-07,41.53472,14.120225,7.0,,,,,,,
41.53472,14.0602665,0.00084783573,41.53472,14.0602665,0.00080321287,,,,,,,,,,,,,,,,,,,,,,,,,,,,,,,,,,,,,,,,,,,,,,,,,,,,,,,,,,,,,41.53472,14.0602665,0.4538171,41.53472,14.0602665,0.50689536,,,,,,,,,,,,,,,,,41.53472,14.150205,0.0043715555,41.53472,14.150205,-0.0020764202,,,,,,,,,,,,,,,,,,,,,,,,,,,,,41.53472,14.150205,1.0000001e-07,41.53472,14.150205,7.0,,,,,,,
41.53472,14.090245,0.00087758433,41.53472,14.090245,0.0008032128,,,,,,,,,,,,,,,,,,,,,,,,,,,,,,,,,,,,,,,,,,,,,,,,,,,,,,,,,,,,,41.53472,14.090245,0.53137004,41.53472,14.090245,0.60393405,,,,,,,,,,,,,,,,,41.53472,14.180183,0.010810729,41.53472,14.180183,0.0020417913,,,,,,,,,,,,,,,,,,,,,,,,,,,,,41.53472,14.180183,1.0000001e-07,41.53472,14.180183,7.0,,,,,,,
41.53472,14.120225,0.0008924587,41.53472,14.120225,0.00074371556,,,,,,,,,,,,,,,,,,,,,,,,,,,,,,,,,,,,,,,,,,,,,,,,,,,,,,,,,,,,,41.53472,14.120225,0.5847282,41.53472,14.120225,0.3292577,,,,,,,,,,,,,,,,,41.53472,14.210163,0.008421406,41.53472,14.210163,-0.0064730383,,,,,,,,,,,,,,,,,,,,,,,,,,,,,41.53472,14.210163,1.0000001e-07,41.53472,14.210163,7.0,,,,,,,
41.53472,14.150204,0.0009668303,41.53472,14.150204,0.0007585898,,,,,,,,,,,,,,,,,,,,,,,,,,,,,,,,,,,,,,,,,,,,,,,,,,,,,,,,,,,,,41.53472,14.150204,0.8641253,41.53472,14.150204,0.4193394,,,,,,,,,,,,,,,,,41.53472,14.240142,0.01431896,41.53472,14.240142,0.01211862,,,,,,,,,,,,,,,,,,,,,,,,,,,,,41.53472,14.240142,1.0000001e-07,41.53472,14.240142,7.0,,,,,,,
41.53472,14.180183,0.0009370816,41.53472,14.180183,0.0007883384,,,,,,,,,,,,,,,,,,,,,,,,,,,,,,,,,,,,,,,,,,,,,,,,,,,,,,,,,,,,,41.53472,14.180183,0.7420128,41.53472,14.180183,0.46386582,,,,,,,,,,,,,,,,,41.53472,14.270122,0.006421725,41.53472,14.270122,0.009490192,,,,,,,,,,,,,,,,,,,,,,,,,,,,,41.53472,14.270122,1.0000001e-07,41.53472,14.270122,7.0,,,,,,,
41.53472,14.210162,0.0009222073,41.53472,14.210162,0.0006544697,,,,,,,,,,,,,,,,,,,,,,,,,,,,,,,,,,,,,,,,,,,,,,,,,,,,,,,,,,,,,41.53472,14.210162,0.71446073,41.53472,14.210162,-0.03727252,,,,,,,,,,,,,,,,,41.53472,14.3001,0.009453311,41.53472,14.3001,0.0036453211,,,,,,,,,,,,,,,,,,,,,,,,,,,,,41.53472,14.3001,1.0000001e-07,41.53472,14.3001,7.0,,,,,,,
41.53472,14.240142,0.0011601964,41.53472,14.240142,0.0009817047,,,,,,,,,,,,,,,,,,,,,,,,,,,,,,,,,,,,,,,,,,,,,,,,,,,,,,,,,,,,,41.53472,14.240142,1.4820948,41.53472,14.240142,1.0962237,,,,,,,,,,,,,,,,,41.53472,14.33008,0.0043033645,41.53472,14.33008,0.010666556,,,,,,,,,,,,,,,,,,,,,,,,,,,,,41.53472,14.33008,1.0000001e-07,41.53472,14.33008,7.0,,,,,,,
41.53472,14.270121,0.0008924587,41.53472,14.270121,0.0009222073,,,,,,,,,,,,,,,,,,,,,,,,,,,,,,,,,,,,,,,,,,,,,,,,,,,,,,,,,,,,,41.53472,14.270121,0.59705424,41.53472,14.270121,0.96368665,,,,,,,,,,,,,,,,,41.53472,14.360059,0.0038235337,41.53472,14.360059,-0.006343417,,,,,,,,,,,,,,,,,,,,,,,,,,,,,41.53472,14.360059,1.0000001e-07,41.53472,14.360059,7.0,,,,,,,
41.53472,14.3001,0.0009519559,41.53472,14.3001,0.00086271006,,,,,,,,,,,,,,,,,,,,,,,,,,,,,,,,,,,,,,,,,,,,,,,,,,,,,,,,,,,,,41.53472,14.3001,0.82768565,41.53472,14.3001,0.67645085,,,,,,,,,,,,,,,,,41.53472,14.3900385,0.004498914,41.53472,14.3900385,0.00807492,,,,,,,,,,,,,,,,,,,,,,,,,,,,,41.53472,14.3900385,1.0000001e-07,41.53472,14.3900385,7.0,,,,,,,
41.53472,14.330079,0.0009668303,41.53472,14.330079,0.0009073329,,,,,,,,,,,,,,,,,,,,,,,,,,,,,,,,,,,,,,,,,,,,,,,,,,,,,,,,,,,,,41.53472,14.330079,0.8542096,41.53472,14.330079,0.9388695,,,,,,,,,,,,,,,,,41.53472,14.420017,0.019269073,41.53472,14.420017,-0.0012087827,,,,,,,,,,,,,,,,,,,,,,,,,,,,,41.53472,14.420017,1.0000001e-07,41.53472,14.420017,7.0,,,,,,,
41.53472,14.360059,0.00092220743,41.53472,14.360059,0.00068421825,,,,,,,,,,,,,,,,,,,,,,,,,,,,,,,,,,,,,,,,,,,,,,,,,,,,,,,,,,,,,41.53472,14.360059,0.70663834,41.53472,14.360059,0.069119625,,,,,,,,,,,,,,,,,41.53472,14.449997,0.012240913,41.53472,14.449997,0.0022744085,,,,,,,,,,,,,,,,,,,,,,,,,,,,,41.53472,14.449997,1.0000001e-07,41.53472,14.449997,7.0,,,,,,,
41.53472,14.390038,0.0009668303,41.53472,14.390038,0.00093708164,,,,,,,,,,,,,,,,,,,,,,,,,,,,,,,,,,,,,,,,,,,,,,,,,,,,,,,,,,,,,41.53472,14.390038,0.81733537,41.53472,14.390038,1.050724,,,,,,,,,,,,,,,,,41.53472,14.479976,0.0059347195,41.53472,14.479976,0.008832304,,,,,,,,,,,,,,,,,,,,,,,,,,,,,41.53472,14.479976,1.0000001e-07,41.53472,14.479976,7.0,,,,,,,
41.53472,14.420017,0.0011899449,41.53472,14.420017,0.0007883385,,,,,,,,,,,,,,,,,,,,,,,,,,,,,,,,,,,,,,,,,,,,,,,,,,,,,,,,,,,,,41.53472,14.420017,1.6327614,41.53472,14.420017,0.46891567,,,,,,,,,,,,,,,,,41.53472,14.509955,0.0068138856,41.53472,14.509955,0.0016126208,,,,,,,,,,,,,,,,,,,,,,,,,,,,,41.53472,14.509955,1.0000001e-07,41.53472,14.509955,7.0,,,,,,,
41.53472,14.449996,0.0010263274,41.53472,14.449996,0.0008329614,,,,,,,,,,,,,,,,,,,,,,,,,,,,,,,,,,,,,,,,,,,,,,,,,,,,,,,,,,,,,41.53472,14.449996,1.0619776,41.53472,14.449996,0.6314816,,,,,,,,,,,,,,,,,41.53472,14.539934,0.021182803,41.53472,14.539934,0.012770042,,,,,,,,,,,,,,,,,,,,,,,,,,,,,41.53472,14.539934,1.0000001e-07,41.53472,14.539934,7.0,,,,,,,
41.53472,14.479976,0.0008924587,41.53472,14.479976,0.00084783573,,,,,,,,,,,,,,,,,,,,,,,,,,,,,,,,,,,,,,,,,,,,,,,,,,,,,,,,,,,,,41.53472,14.479976,0.5885639,41.53472,14.479976,0.69834477,,,,,,,,,,,,,,,,,41.53472,14.569914,0.016400652,41.53472,14.569914,-0.000957994,,,,,,,,,,,,,,,,,,,,,,,,,,,,,41.53472,14.569914,1.0000001e-07,41.53472,14.569914,7.0,,,,,,,
41.53472,14.509955,0.0010709504,41.53472,14.509955,0.0007883385,,,,,,,,,,,,,,,,,,,,,,,,,,,,,,,,,,,,,,,,,,,,,,,,,,,,,,,,,,,,,41.53472,14.509955,1.1878492,41.53472,14.509955,0.5064469,,,,,,,,,,,,,,,,,41.53472,14.599893,0.00021449549,41.53472,14.599893,-5.5518726e-06,,,,,,,,,,,,,,,,,,,,,,,,,,,,,41.53472,14.599893,1.0000001e-07,41.53472,14.599893,7.0,,,,,,,
41.53472,14.539934,0.0011304476,41.53472,14.539934,0.00093708164,,,,,,,,,,,,,,,,,,,,,,,,,,,,,,,,,,,,,,,,,,,,,,,,,,,,,,,,,,,,,41.53472,14.539934,1.3904588,41.53472,14.539934,1.073356,,,,,,,,,,,,,,,,,41.53472,14.629872,0.016585348,41.53472,14.629872,-0.0012646328,,,,,,,,,,,,,,,,,,,,,,,,,,,,,41.53472,14.629872,1.0000001e-07,41.53472,14.629872,7.0,,,,,,,
41.53472,14.569914,0.0011750706,41.53472,14.569914,0.00081808714,,,,,,,,,,,,,,,,,,,,,,,,,,,,,,,,,,,,,,,,,,,,,,,,,,,,,,,,,,,,,41.53472,14.569914,1.4937646,41.53472,14.569914,0.58632356,,,,,,,,,,,,,,,,,41.53472,14.659851,0.0053509558,41.53472,14.659851,-0.0014962654,,,,,,,,,,,,,,,,,,,,,,,,,,,,,41.53472,14.659851,1.0000001e-07,41.53472,14.659851,7.0,,,,,,,
41.53472,14.599893,0.0007883385,41.53472,14.599893,0.00066934404,,,,,,,,,,,,,,,,,,,,,,,,,,,,,,,,,,,,,,,,,,,,,,,,,,,,,,,,,,,,,41.53472,14.599893,0.25605378,41.53472,14.599893,0.027919045,,,,,,,,,,,,,,,,,41.53472,14.689831,0.0014828698,41.53472,14.689831,0.0045679095,,,,,,,,,,,,,,,,,,,,,,,,,,,,,41.53472,14.689831,1.0000001e-07,41.53472,14.689831,7.0,,,,,,,
41.53472,14.629872,0.0010560761,41.53472,14.629872,0.0007437156,,,,,,,,,,,,,,,,,,,,,,,,,,,,,,,,,,,,,,,,,,,,,,,,,,,,,,,,,,,,,41.53472,14.629872,1.1651872,41.53472,14.629872,0.29943287,,,,,,,,,,,,,,,,,41.53472,14.71981,-0.0023571332,41.53472,14.71981,-0.0011474801,,,,,,,,,,,,,,,,,,,,,,,,,,,,,41.53472,14.71981,1.0000001e-07,41.53472,14.71981,7.0,,,,,,,
41.53472,14.659851,0.0009668302,41.53472,14.659851,0.0007734642,,,,,,,,,,,,,,,,,,,,,,,,,,,,,,,,,,,,,,,,,,,,,,,,,,,,,,,,,,,,,41.53472,14.659851,0.8644359,41.53472,14.659851,0.44274056,,,,,,,,,,,,,,,,,41.53472,14.749789,0.0068973918,41.53472,14.749789,-0.00074146985,,,,,,,,,,,,,,,,,,,,,,,,,,,,,41.53472,14.749789,1.0000001e-07,41.53472,14.749789,7.0,,,,,,,
41.53472,14.689831,0.00080321287,41.53472,14.689831,0.00087758445,,,,,,,,,,,,,,,,,,,,,,,,,,,,,,,,,,,,,,,,,,,,,,,,,,,,,,,,,,,,,41.53472,14.689831,0.34224975,41.53472,14.689831,0.8085177,,,,,,,,,,,,,,,,,41.53472,14.779768,0.012224417,41.53472,14.779768,-0.00083173416,,,,,,,,,,,,,,,,,,,,,,,,,,,,,41.53472,14.779768,1.0000001e-07,41.53472,14.779768,7.0,,,,,,,
41.53472,14.71981,0.00083296146,41.53472,14.71981,0.00077346415,,,,,,,,,,,,,,,,,,,,,,,,,,,,,,,,,,,,,,,,,,,,,,,,,,,,,,,,,,,,,41.53472,14.71981,0.41905245,41.53472,14.71981,0.38867974,,,,,,,,,,,,,,,,,41.53472,14.809748,0.0057394016,41.53472,14.809748,-0.00031587543,,,,,,,,,,,,,,,,,,,,,,,,,,,,,41.53472,14.809748,1.0000001e-07,41.53472,14.809748,7.0,,,,,,,
41.53472,14.749789,0.00093708164,41.53472,14.749789,0.0008329614,,,,,,,,,,,,,,,,,,,,,,,,,,,,,,,,,,,,,,,,,,,,,,,,,,,,,,,,,,,,,41.53472,14.749789,0.7665789,41.53472,14.749789,0.62143844,,,,,,,,,,,,,,,,,41.53472,14.839726,0.004722392,41.53472,14.839726,0.0062546115,,,,,,,,,,,,,,,,,,,,,,,,,,,,,41.53472,14.839726,1.0000001e-07,41.53472,14.839726,7.0,,,,,,,
41.53472,14.779768,0.001100699,41.53472,14.779768,0.0006842183,,,,,,,,,,,,,,,,,,,,,,,,,,,,,,,,,,,,,,,,,,,,,,,,,,,,,,,,,,,,,41.53472,14.779768,1.2501239,41.53472,14.779768,0.13918068,,,,,,,,,,,,,,,,,41.53472,14.869706,0.015615647,41.53472,14.869706,-0.006223108,,,,,,,,,,,,,,,,,,,,,,,,,,,,,41.53472,14.869706,1.0000001e-07,41.53472,14.869706,7.0,,,,,,,
41.53472,14.809748,0.0009817047,41.53472,14.809748,0.00072884123,,,,,,,,,,,,,,,,,,,,,,,,,,,,,,,,,,,,,,,,,,,,,,,,,,,,,,,,,,,,,41.53472,14.809748,0.88226676,41.53472,14.809748,0.34440327,,,,,,,,,,,,,,,,,41.53472,14.899685,0.017507639,41.53472,14.899685,-0.0027781604,,,,,,,,,,,,,,,,,,,,,,,,,,,,,41.53472,14.899685,1.0000001e-07,41.53472,14.899685,7.0,,,,,,,
41.53472,14.839726,0.00090733304,41.53472,14.839726,0.00087758445,,,,,,,,,,,,,,,,,,,,,,,,,,,,,,,,,,,,,,,,,,,,,,,,,,,,,,,,,,,,,41.53472,14.839726,0.66526735,41.53472,14.839726,0.7306107,,,,,,,,,,,,,,,,,41.53472,14.929665,0.015430161,41.53472,14.929665,-0.0011041837,,,,,,,,,,,,,,,,,,,,,,,,,,,,,41.53472,14.929665,1.0000001e-07,41.53472,14.929665,7.0,,,,,,,
41.53472,14.869706,0.0011155733,41.53472,14.869706,0.0006098467,,,,,,,,,,,,,,,,,,,,,,,,,,,,,,,,,,,,,,,,,,,,,,,,,,,,,,,,,,,,,41.53472,14.869706,1.3219253,41.53472,14.869706,-0.21755356,,,,,,,,,,,,,,,,,41.53472,14.959643,0.002023478,41.53472,14.959643,-0.008036018,,,,,,,,,,,,,,,,,,,,,,,,,,,,,41.53472,14.959643,1.0000001e-07,41.53472,14.959643,7.0,,,,,,,
41.53472,14.899685,0.0011304476,41.53472,14.899685,0.00068421825,,,,,,,,,,,,,,,,,,,,,,,,,,,,,,,,,,,,,,,,,,,,,,,,,,,,,,,,,,,,,41.53472,14.899685,1.3865631,41.53472,14.899685,0.08693777,,,,,,,,,,,,,,,,,41.53472,14.989623,0.0092493305,41.53472,14.989623,0.001671651,,,,,,,,,,,,,,,,,,,,,,,,,,,,,41.53472,14.989623,1.0000001e-07,41.53472,14.989623,7.0,,,,,,,
41.53472,14.929665,0.0010858247,41.53472,14.929665,0.0006990926,,,,,,,,,,,,,,,,,,,,,,,,,,,,,,,,,,,,,,,,,,,,,,,,,,,,,,,,,,,,,41.53472,14.929665,1.2376157,41.53472,14.929665,0.08651955,,,,,,,,,,,,,,,,,41.53472,15.019603,0.0031712144,41.53472,15.019603,0.0034521807,,,,,,,,,,,,,,,,,,,,,,,,,,,,,41.53472,15.019603,1.0000001e-07,41.53472,15.019603,7.0,,,,,,,
41.53472,14.959643,0.00087758433,41.53472,14.959643,0.00066934404,,,,,,,,,,,,,,,,,,,,,,,,,,,,,,,,,,,,,,,,,,,,,,,,,,,,,,,,,,,,,41.53472,14.959643,0.5156138,41.53472,14.959643,0.06681552,,,,,,,,,,,,,,,,,41.53472,15.049582,-0.004449695,41.53472,15.049582,0.0020415643,,,,,,,,,,,,,,,,,,,,,,,,,,,,,41.53472,15.049582,1.0000001e-07,41.53472,15.049582,7.0,,,,,,,
41.53472,14.989623,0.0010263275,41.53472,14.989623,0.0007734642,,,,,,,,,,,,,,,,,,,,,,,,,,,,,,,,,,,,,,,,,,,,,,,,,,,,,,,,,,,,,41.53472,14.989623,1.0683103,41.53472,14.989623,0.41240686,,,,,,,,,,,,,,,,,41.53472,15.079561,0.004150393,41.53472,15.079561,0.0053940658,,,,,,,,,,,,,,,,,,,,,,,,,,,,,41.53472,15.079561,1.0000001e-07,41.53472,15.079561,7.0,,,,,,,
41.53472,15.019602,0.0009817047,41.53472,15.019602,0.0007734642,,,,,,,,,,,,,,,,,,,,,,,,,,,,,,,,,,,,,,,,,,,,,,,,,,,,,,,,,,,,,41.53472,15.019602,0.8664911,41.53472,15.019602,0.4537807,,,,,,,,,,,,,,,,,41.53472,15.10954,0.015581152,41.53472,15.10954,-0.009437952,,,,,,,,,,,,,,,,,,,,,,,,,,,,,41.53472,15.10954,1.0000001e-07,41.53472,15.10954,7.0,,,,,,,
41.53472,15.049582,0.00083296146,41.53472,15.049582,0.0006842183,,,,,,,,,,,,,,,,,,,,,,,,,,,,,,,,,,,,,,,,,,,,,,,,,,,,,,,,,,,,,41.53472,15.049582,0.42927158,41.53472,15.049582,0.07378006,,,,,,,,,,,,,,,,,41.53472,15.13952,0.0044261147,41.53472,15.13952,0.0113771325,,,,,,,,,,,,,,,,,,,,,,,,,,,,,41.53472,15.13952,1.0000001e-07,41.53472,15.13952,7.0,,,,,,,
41.53472,15.07956,0.00086271006,41.53472,15.07956,0.0008329614,,,,,,,,,,,,,,,,,,,,,,,,,,,,,,,,,,,,,,,,,,,,,,,,,,,,,,,,,,,,,41.53472,15.07956,0.49371952,41.53472,15.07956,0.54243594,,,,,,,,,,,,,,,,,41.53472,15.169498,0.015556542,41.53472,15.169498,0.00030207282,,,,,,,,,,,,,,,,,,,,,,,,,,,,,41.53472,15.169498,1.0000001e-07,41.53472,15.169498,7.0,,,,,,,
41.53472,15.10954,0.0010263275,41.53472,15.10954,0.00058009813,,,,,,,,,,,,,,,,,,,,,,,,,,,,,,,,,,,,,,,,,,,,,,,,,,,,,,,,,,,,,41.53472,15.10954,1.1018236,41.53472,15.10954,-0.29072225,,,,,,,,,,,,,,,,,41.53472,15.199478,0.012490018,41.53472,15.199478,-0.014518026,,,,,,,,,,,,,,,,,,,,,,,,,,,,,41.53472,15.199478,1.0000001e-07,41.53472,15.199478,7.0,,,,,,,
41.53472,15.139519,0.00083296146,41.53472,15.139519,0.00090733304,,,,,,,,,,,,,,,,,,,,,,,,,,,,,,,,,,,,,,,,,,,,,,,,,,,,,,,,,,,,,41.53472,15.139519,0.36953935,41.53472,15.139519,0.87760425,,,,,,,,,,,,,,,,,41.53472,15.229457,-0.0082371365,41.53472,15.229457,0.004813392,,,,,,,,,,,,,,,,,,,,,,,,,,,,,41.53472,15.229457,1.0000001e-07,41.53472,15.229457,7.0,,,,,,,
41.53472,15.169498,0.0011304477,41.53472,15.169498,0.00074371556,,,,,,,,,,,,,,,,,,,,,,,,,,,,,,,,,,,,,,,,,,,,,,,,,,,,,,,,,,,,,41.53472,15.169498,1.3995403,41.53472,15.169498,0.3201347,,,,,,,,,,,,,,,,,41.53472,15.259437,0.011931208,41.53472,15.259437,-0.0005671798,,,,,,,,,,,,,,,,,,,,,,,,,,,,,41.53472,15.259437,1.0000001e-07,41.53472,15.259437,7.0,,,,,,,
41.53472,15.199477,0.000996579,41.53472,15.199477,0.00062472105,,,,,,,,,,,,,,,,,,,,,,,,,,,,,,,,,,,,,,,,,,,,,,,,,,,,,,,,,,,,,41.53472,15.199477,0.90930545,41.53472,15.199477,-0.14570399,,,,,,,,,,,,,,,,,41.53472,15.289415,-0.0049621076,41.53472,15.289415,0.005922062,,,,,,,,,,,,,,,,,,,,,,,,,,,,,41.53472,15.289415,1.0000001e-07,41.53472,15.289415,7.0,,,,,,,
41.53472,15.229457,0.0007437156,41.53472,15.229457,0.0008032128,,,,,,,,,,,,,,,,,,,,,,,,,,,,,,,,,,,,,,,,,,,,,,,,,,,,,,,,,,,,,41.53472,15.229457,0.12928063,41.53472,15.229457,0.45196882,,,,,,,,,,,,,,,,,41.53472,15.319395,0.019189565,41.53472,15.319395,0.0015640446,,,,,,,,,,,,,,,,,,,,,,,,,,,,,41.53472,15.319395,1.0000001e-07,41.53472,15.319395,7.0,,,,,,,
41.53472,15.259436,0.0009668303,41.53472,15.259436,0.00066934404,,,,,,,,,,,,,,,,,,,,,,,,,,,,,,,,,,,,,,,,,,,,,,,,,,,,,,,,,,,,,41.53472,15.259436,0.8546626,41.53472,15.259436,0.033398893,,,,,,,,,,,,,,,,,41.53472,15.349374,0.012626616,41.53472,15.349374,-0.008070173,,,,,,,,,,,,,,,,,,,,,,,,,,,,,41.53472,15.349374,1.0000001e-07,41.53472,15.349374,7.0,,,,,,,
41.53472,15.289415,0.00069909263,41.53472,15.289415,0.0008329614,,,,,,,,,,,,,,,,,,,,,,,,,,,,,,,,,,,,,,,,,,,,,,,,,,,,,,,,,,,,,41.53472,15.289415,0.012472368,41.53472,15.289415,0.61017555,,,,,,,,,,,,,,,,,41.53472,15.379354,0.016194887,41.53472,15.379354,0.0027061529,,,,,,,,,,,,,,,,,,,,,,,,,,,,,41.53472,15.379354,1.0000001e-07,41.53472,15.379354,7.0,,,,,,,
41.53472,15.319394,0.0011155735,41.53472,15.319394,0.0007288412,,,,,,,,,,,,,,,,,,,,,,,,,,,,,,,,,,,,,,,,,,,,,,,,,,,,,,,,,,,,,41.53472,15.319394,1.3591654,41.53472,15.319394,0.23016773,,,,,,,,,,,,,,,,,41.53472,15.409332,0.013936015,41.53472,15.409332,0.001802098,,,,,,,,,,,,,,,,,,,,,,,,,,,,,41.53472,15.409332,1.0000001e-07,41.53472,15.409332,7.0,,,,,,,
41.53472,15.349374,0.001056076,41.53472,15.349374,0.0005800982,,,,,,,,,,,,,,,,,,,,,,,,,,,,,,,,,,,,,,,,,,,,,,,,,,,,,,,,,,,,,41.53472,15.349374,1.0814605,41.53472,15.349374,-0.30271313,,,,,,,,,,,,,,,,,41.53472,15.439312,0.017916026,41.53472,15.439312,0.009837879,,,,,,,,,,,,,,,,,,,,,,,,,,,,,41.53472,15.439312,1.0000001e-07,41.53472,15.439312,7.0,,,,,,,
41.53472,15.379354,0.0010858248,41.53472,15.379354,0.0008180871,,,,,,,,,,,,,,,,,,,,,,,,,,,,,,,,,,,,,,,,,,,,,,,,,,,,,,,,,,,,,41.53472,15.379354,1.2518606,41.53472,15.379354,0.5870769,,,,,,,,,,,,,,,,,41.53472,15.469291,0.014090257,41.53472,15.469291,0.023498077,,,,,,,,,,,,,,,,,,,,,,,,,,,,,41.53472,15.469291,1.0000001e-07,41.53472,15.469291,7.0,,,,,,,
41.53472,15.409332,0.0011155733,41.53472,15.409332,0.00069909263,,,,,,,,,,,,,,,,,,,,,,,,,,,,,,,,,,,,,,,,,,,,,,,,,,,,,,,,,,,,,41.53472,15.409332,1.3174901,41.53472,15.409332,0.16026428,,,,,,,,,,,,,,,,,41.53472,15.49927,0.0080230525,41.53472,15.49927,0.0044060475,,,,,,,,,,,,,,,,,,,,,,,,,,,,,41.53472,15.49927,1.0000001e-07,41.53472,15.49927,7.0,,,,,,,
41.53472,15.439312,0.0011006991,41.53472,15.439312,0.0008924588,,,,,,,,,,,,,,,,,,,,,,,,,,,,,,,,,,,,,,,,,,,,,,,,,,,,,,,,,,,,,41.53472,15.439312,1.3106424,41.53472,15.439312,0.89890915,,,,,,,,,,,,,,,,,41.53472,15.529249,0.011713623,41.53472,15.529249,0.00018338456,,,,,,,,,,,,,,,,,,,,,,,,,,,,,41.53472,15.529249,1.0000001e-07,41.53472,15.529249,7.0,,,,,,,
41.53472,15.469291,0.0010412019,41.53472,15.469291,0.0011304477,,,,,,,,,,,,,,,,,,,,,,,,,,,,,,,,,,,,,,,,,,,,,,,,,,,,,,,,,,,,,41.53472,15.469291,1.1211468,41.53472,15.469291,1.7007403,,,,,,,,,,,,,,,,,41.53472,15.559229,-0.003973764,41.53472,15.559229,0.008809818,,,,,,,,,,,,,,,,,,,,,,,,,,,,,41.53472,15.559229,1.0000001e-07,41.53472,15.559229,7.0,,,,,,,
41.53472,15.49927,0.0009519559,41.53472,15.49927,0.0008032128,,,,,,,,,,,,,,,,,,,,,,,,,,,,,,,,,,,,,,,,,,,,,,,,,,,,,,,,,,,,,41.53472,15.49927,0.8120723,41.53472,15.49927,0.5196333,,,,,,,,,,,,,,,,,41.53472,15.589208,0.015409766,41.53472,15.589208,0.0014701848,,,,,,,,,,,,,,,,,,,,,,,,,,,,,41.53472,15.589208,1.0000001e-07,41.53472,15.589208,7.0,,,,,,,
41.53472,15.529249,0.000996579,41.53472,15.529249,0.00066934404,,,,,,,,,,,,,,,,,,,,,,,,,,,,,,,,,,,,,,,,,,,,,,,,,,,,,,,,,,,,,41.53472,15.529249,0.9361548,41.53472,15.529249,0.020297183,,,,,,,,,,,,,,,,,41.53472,15.619187,0.006744718,41.53472,15.619187,0.006529385,,,,,,,,,,,,,,,,,,,,,,,,,,,,,41.53472,15.619187,1.0000001e-07,41.53472,15.619187,7.0,,,,,,,
41.53472,15.559229,0.00083296135,41.53472,15.559229,0.00087758433,,,,,,,,,,,,,,,,,,,,,,,,,,,,,,,,,,,,,,,,,,,,,,,,,,,,,,,,,,,,,41.53472,15.559229,0.42539793,41.53472,15.559229,0.7695401,,,,,,,,,,,,,,,,,41.53472,15.649166,0.00046553867,41.53472,15.649166,-0.005611972,,,,,,,,,,,,,,,,,,,,,,,,,,,,,41.53472,15.649166,1.0000001e-07,41.53472,15.649166,7.0,,,,,,,
41.53472,15.589208,0.0010263275,41.53472,15.589208,0.00078833854,,,,,,,,,,,,,,,,,,,,,,,,,,,,,,,,,,,,,,,,,,,,,,,,,,,,,,,,,,,,,41.53472,15.589208,1.0351692,41.53472,15.589208,0.4608832,,,,,,,,,,,,,,,,,41.53472,15.679146,0.007316,41.53472,15.679146,0.002992861,,,,,,,,,,,,,,,,,,,,,,,,,,,,,41.53472,15.679146,1.0000001e-07,41.53472,15.679146,7.0,,,,,,,
41.53472,15.619187,0.00084783573,41.53472,15.619187,0.00087758433,,,,,,,,,,,,,,,,,,,,,,,,,,,,,,,,,,,,,,,,,,,,,,,,,,,,,,,,,,,,,41.53472,15.619187,0.45155233,41.53472,15.619187,0.80449444,,,,,,,,,,,,,,,,,41.53472,15.709125,0.0139896255,41.53472,15.709125,-0.0076777404,,,,,,,,,,,,,,,,,,,,,,,,,,,,,41.53472,15.709125,1.0000001e-07,41.53472,15.709125,7.0,,,,,,,
41.53472,15.649166,0.00087758433,41.53472,15.649166,0.0006395954,,,,,,,,,,,,,,,,,,,,,,,,,,,,,,,,,,,,,,,,,,,,,,,,,,,,,,,,,,,,,41.53472,15.649166,0.5760618,41.53472,15.649166,-0.028705822,,,,,,,,,,,,,,,,,41.53472,15.739104,0.008532295,41.53472,15.739104,-0.0017061592,,,,,,,,,,,,,,,,,,,,,,,,,,,,,41.53472,15.739104,1.0000001e-07,41.53472,15.739104,7.0,,,,,,,
41.53472,15.679146,0.0010114532,41.53472,15.679146,0.0008180871,,,,,,,,,,,,,,,,,,,,,,,,,,,,,,,,,,,,,,,,,,,,,,,,,,,,,,,,,,,,,41.53472,15.679146,0.9324677,41.53472,15.679146,0.6008575,,,,,,,,,,,,,,,,,41.53472,15.769083,0.015534784,41.53472,15.769083,-0.002498613,,,,,,,,,,,,,,,,,,,,,,,,,,,,,41.53472,15.769083,1.0000001e-07,41.53472,15.769083,7.0,,,,,,,
41.53472,15.709125,0.0009668304,41.53472,15.709125,0.00058009813,,,,,,,,,,,,,,,,,,,,,,,,,,,,,,,,,,,,,,,,,,,,,,,,,,,,,,,,,,,,,41.53472,15.709125,0.8531775,41.53472,15.709125,-0.2532109,,,,,,,,,,,,,,,,,41.53472,15.799063,-0.0061895284,41.53472,15.799063,-0.006167396,,,,,,,,,,,,,,,,,,,,,,,,,,,,,41.53472,15.799063,1.0000001e-07,41.53472,15.799063,7.0,,,,,,,
41.53472,15.739104,0.00087758433,41.53472,15.739104,0.0007734642,,,,,,,,,,,,,,,,,,,,,,,,,,,,,,,,,,,,,,,,,,,,,,,,,,,,,,,,,,,,,41.53472,15.739104,0.5515656,41.53472,15.739104,0.4233906,,,,,,,,,,,,,,,,,41.53472,15.829042,0.008642874,41.53472,15.829042,0.0016551877,,,,,,,,,,,,,,,,,,,,,,,,,,,,,41.53472,15.829042,1.0000001e-07,41.53472,15.829042,7.0,,,,,,,
41.53472,15.769083,0.0010560761,41.53472,15.769083,0.0006395954,,,,,,,,,,,,,,,,,,,,,,,,,,,,,,,,,,,,,,,,,,,,,,,,,,,,,,,,,,,,,41.53472,15.769083,1.2243601,41.53472,15.769083,-0.079932906,,,,,,,,,,,,,,,,,41.53472,15.859021,0.017866943,41.53472,15.859021,-0.0016736655,,,,,,,,,,,,,,,,,,,,,,,,,,,,,41.53472,15.859021,1.0000001e-07,41.53472,15.859021,7.0,,,,,,,
41.53472,15.799063,0.0006395954,41.53472,15.799063,0.0006693441,,,,,,,,,,,,,,,,,,,,,,,,,,,,,,,,,,,,,,,,,,,,,,,,,,,,,,,,,,,,,41.53472,15.799063,-0.1713956,41.53472,15.799063,0.092104316,,,,,,,,,,,,,,,,,41.53472,15.889001,0.0024580196,41.53472,15.889001,0.0058950502,,,,,,,,,,,,,,,,,,,,,,,,,,,,,41.53472,15.889001,1.0000001e-07,41.53472,15.889001,7.0,,,,,,,
41.53472,15.8290415,0.00092220743,41.53472,15.8290415,0.0007734641,,,,,,,,,,,,,,,,,,,,,,,,,,,,,,,,,,,,,,,,,,,,,,,,,,,,,,,,,,,,,41.53472,15.8290415,0.70272857,41.53472,15.8290415,0.46120712,,,,,,,,,,,,,,,,,41.53472,15.91898,-0.0019002658,41.53472,15.91898,-0.00902814,,,,,,,,,,,,,,,,,,,,,,,,,,,,,41.53472,15.91898,1.0000001e-07,41.53472,15.91898,7.0,,,,,,,
41.53472,15.859021,0.0010114532,41.53472,15.859021,0.0007437156,,,,,,,,,,,,,,,,,,,,,,,,,,,,,,,,,,,,,,,,,,,,,,,,,,,,,,,,,,,,,41.53472,15.859021,0.9874149,41.53472,15.859021,0.33871168,,,,,,,,,,,,,,,,,41.53472,15.948959,-0.013097939,41.53472,15.948959,0.00857239,,,,,,,,,,,,,,,,,,,,,,,,,,,,,41.53472,15.948959,1.0000001e-07,41.53472,15.948959,7.0,,,,,,,
41.53472,15.889,0.0007883385,41.53472,15.889,0.0007734642,,,,,,,,,,,,,,,,,,,,,,,,,,,,,,,,,,,,,,,,,,,,,,,,,,,,,,,,,,,,,41.53472,15.889,0.2722506,41.53472,15.889,0.3759974,,,,,,,,,,,,,,,,,41.53472,15.978938,0.011220519,41.53472,15.978938,0.00026057556,,,,,,,,,,,,,,,,,,,,,,,,,,,,,41.53472,15.978938,1.0000001e-07,41.53472,15.978938,7.0,,,,,,,
41.53472,15.91898,0.0008032128,41.53472,15.91898,0.0005949724,,,,,,,,,,,,,,,,,,,,,,,,,,,,,,,,,,,,,,,,,,,,,,,,,,,,,,,,,,,,,41.53472,15.91898,0.32273093,41.53472,15.91898,-0.23287027,,,,,,,,,,,,,,,,,41.53472,16.008917,0.010961599,41.53472,16.008917,-0.005579127,,,,,,,,,,,,,,,,,,,,,,,,,,,,,41.53472,16.008917,1.0000001e-07,41.53472,16.008917,7.0,,,,,,,
41.53472,15.948958,0.00060984667,41.53472,15.948958,0.0008627102,,,,,,,,,,,,,,,,,,,,,,,,,,,,,,,,,,,,,,,,,,,,,,,,,,,,,,,,,,,,,41.53472,15.948958,-0.2839534,41.53472,15.948958,0.7025214,,,,,,,,,,,,,,,,,41.53472,16.038897,0.02253572,41.53472,16.038897,0.0007442159,,,,,,,,,,,,,,,,,,,,,,,,,,,,,41.53472,16.038897,1.0000001e-07,41.53472,16.038897,7.0,,,,,,,
41.53472,15.978938,0.0009668303,41.53472,15.978938,0.0007734642,,,,,,,,,,,,,,,,,,,,,,,,,,,,,,,,,,,,,,,,,,,,,,,,,,,,,,,,,,,,,41.53472,15.978938,0.8347028,41.53472,15.978938,0.40837464,,,,,,,,,,,,,,,,,41.53472,16.068876,0.00074376335,41.53472,16.068876,-0.0068534715,,,,,,,,,,,,,,,,,,,,,,,,,,,,,41.53472,16.068876,1.0000001e-07,41.53472,16.068876,7.0,,,,,,,
41.53472,16.008917,0.0009817047,41.53472,16.008917,0.0007437156,,,,,,,,,,,,,,,,,,,,,,,,,,,,,,,,,,,,,,,,,,,,,,,,,,,,,,,,,,,,,41.53472,16.008917,0.9129045,41.53472,16.008917,0.34147635,,,,,,,,,,,,,,,,,41.53472,16.098856,0.013552697,41.53472,16.098856,-0.001585416,,,,,,,,,,,,,,,,,,,,,,,,,,,,,41.53472,16.098856,1.0000001e-07,41.53472,16.098856,7.0,,,,,,,
41.53472,16.038897,0.0011750706,41.53472,16.038897,0.0007437156,,,,,,,,,,,,,,,,,,,,,,,,,,,,,,,,,,,,,,,,,,,,,,,,,,,,,,,,,,,,,41.53472,16.038897,1.5363624,41.53472,16.038897,0.3440138,,,,,,,,,,,,,,,,,41.53472,16.128834,0.007432027,41.53472,16.128834,-0.004431539,,,,,,,,,,,,,,,,,,,,,,,,,,,,,41.53472,16.128834,1.0000001e-07,41.53472,16.128834,7.0,,,,,,,
41.53472,16.068876,0.00080321287,41.53472,16.068876,0.0006098468,,,,,,,,,,,,,,,,,,,,,,,,,,,,,,,,,,,,,,,,,,,,,,,,,,,,,,,,,,,,,41.53472,16.068876,0.296039,41.53472,16.068876,-0.18273899,,,,,,,,,,,,,,,,,41.53472,16.158813,0.018848702,41.53472,16.158813,0.007275291,,,,,,,,,,,,,,,,,,,,,,,,,,,,,41.53472,16.158813,1.0000001e-07,41.53472,16.158813,7.0,,,,,,,
41.53472,16.098854,0.0010263275,41.53472,16.098854,0.00072884123,,,,,,,,,,,,,,,,,,,,,,,,,,,,,,,,,,,,,,,,,,,,,,,,,,,,,,,,,,,,,41.53472,16.098854,1.0618678,41.53472,16.098854,0.24854136,,,,,,,,,,,,,,,,,41.53472,16.188793,0.025681354,41.53472,16.188793,0.0043708812,,,,,,,,,,,,,,,,,,,,,,,,,,,,,41.53472,16.188793,1.0000001e-07,41.53472,16.188793,7.0,,,,,,,
41.53472,16.128834,0.00086271006,41.53472,16.128834,0.00065446965,,,,,,,,,,,,,,,,,,,,,,,,,,,,,,,,,,,,,,,,,,,,,,,,,,,,,,,,,,,,,41.53472,16.128834,0.5147289,41.53472,16.128834,-0.036509752,,,,,,,,,,,,,,,,,41.53472,16.218773,0.01494658,41.53472,16.218773,0.0024680255,,,,,,,,,,,,,,,,,,,,,,,,,,,,,41.53472,16.218773,1.0000001e-07,41.53472,16.218773,7.0,,,,,,,
41.53472,16.158813,0.0010263275,41.53472,16.158813,0.0007585899,,,,,,,,,,,,,,,,,,,,,,,,,,,,,,,,,,,,,,,,,,,,,,,,,,,,,,,,,,,,,41.53472,16.158813,1.0353779,41.53472,16.158813,0.32949507,,,,,,,,,,,,,,,,,41.53472,16.24875,-0.0032184294,41.53472,16.24875,-0.0028071015,,,,,,,,,,,,,,,,,,,,,,,,,,,,,41.53472,16.24875,1.0000001e-07,41.53472,16.24875,7.0,,,,,,,
41.53472,16.188793,0.0010858248,41.53472,16.188793,0.00080321287,,,,,,,,,,,,,,,,,,,,,,,,,,,,,,,,,,,,,,,,,,,,,,,,,,,,,,,,,,,,,41.53472,16.188793,1.2514886,41.53472,16.188793,0.5119718,,,,,,,,,,,,,,,,,41.53472,16.27873,0.029343043,41.53472,16.27873,0.0056955083,,,,,,,,,,,,,,,,,,,,,,,,,,,,,41.53472,16.27873,1.0000001e-07,41.53472,16.27873,7.0,,,,,,,
41.53472,16.218773,0.0010114532,41.53472,16.218773,0.00087758445,,,,,,,,,,,,,,,,,,,,,,,,,,,,,,,,,,,,,,,,,,,,,,,,,,,,,,,,,,,,,41.53472,16.218773,1.0089291,41.53472,16.218773,0.7385149,,,,,,,,,,,,,,,,,41.53472,16.30871,0.0008990976,41.53472,16.30871,0.0074278275,,,,,,,,,,,,,,,,,,,,,,,,,,,,,41.53472,16.30871,1.0000001e-07,41.53472,16.30871,7.0,,,,,,,
41.53472,16.24875,0.00080321287,41.53472,16.24875,0.0006544697,,,,,,,,,,,,,,,,,,,,,,,,,,,,,,,,,,,,,,,,,,,,,,,,,,,,,,,,,,,,,41.53472,16.24875,0.35274136,41.53472,16.24875,-0.026467895,,,,,,,,,,,,,,,,,41.53472,16.33869,-0.0058297315,41.53472,16.33869,0.009436528,,,,,,,,,,,,,,,,,,,,,,,,,,,,,41.53472,16.33869,1.0000001e-07,41.53472,16.33869,7.0,,,,,,,
41.53472,16.27873,0.0012196936,41.53472,16.27873,0.00075858994,,,,,,,,,,,,,,,,,,,,,,,,,,,,,,,,,,,,,,,,,,,,,,,,,,,,,,,,,,,,,41.53472,16.27873,1.6793435,41.53472,16.27873,0.32270867,,,,,,,,,,,,,,,,,41.53472,16.368668,0.0027556836,41.53472,16.368668,0.00085276616,,,,,,,,,,,,,,,,,,,,,,,,,,,,,41.53472,16.368668,1.0000001e-07,41.53472,16.368668,7.0,,,,,,,
41.53472,16.30871,0.00083296146,41.53472,16.30871,0.0008924588,,,,,,,,,,,,,,,,,,,,,,,,,,,,,,,,,,,,,,,,,,,,,,,,,,,,,,,,,,,,,41.53472,16.30871,0.39583907,41.53472,16.30871,0.7970534,,,,,,,,,,,,,,,,,41.53472,16.398647,0.027485317,41.53472,16.398647,-0.0046555363,,,,,,,,,,,,,,,,,,,,,,,,,,,,,41.53472,16.398647,1.0000001e-07,41.53472,16.398647,7.0,,,,,,,
41.53472,16.33869,0.00066934404,41.53472,16.33869,0.0009073329,,,,,,,,,,,,,,,,,,,,,,,,,,,,,,,,,,,,,,,,,,,,,,,,,,,,,,,,,,,,,41.53472,16.33869,-0.09849433,41.53472,16.33869,0.80148983,,,,,,,,,,,,,,,,,41.53472,16.428627,0.018464474,41.53472,16.428627,-0.011036327,,,,,,,,,,,,,,,,,,,,,,,,,,,,,41.53472,16.428627,1.0000001e-07,41.53472,16.428627,7.0,,,,,,,
41.53472,16.368668,0.0008180871,41.53472,16.368668,0.0007139669,,,,,,,,,,,,,,,,,,,,,,,,,,,,,,,,,,,,,,,,,,,,,,,,,,,,,,,,,,,,,41.53472,16.368668,0.3675608,41.53472,16.368668,0.16624019,,,,,,,,,,,,,,,,,41.53472,16.458607,-0.007965831,41.53472,16.458607,-0.004976841,,,,,,,,,,,,,,,,,,,,,,,,,,,,,41.53472,16.458607,1.0000001e-07,41.53472,16.458607,7.0,,,,,,,
41.53472,16.398647,0.0011899449,41.53472,16.398647,0.0005949724,,,,,,,,,,,,,,,,,,,,,,,,,,,,,,,,,,,,,,,,,,,,,,,,,,,,,,,,,,,,,41.53472,16.398647,1.5132192,41.53472,16.398647,-0.26005253,,,,,,,,,,,,,,,,,41.53472,16.488585,0.012466093,41.53472,16.488585,-0.0019597502,,,,,,,,,,,,,,,,,,,,,,,,,,,,,41.53472,16.488585,1.0000001e-07,41.53472,16.488585,7.0,,,,,,,
41.53472,16.428627,0.000996579,41.53472,16.428627,0.0006098467,,,,,,,,,,,,,,,,,,,,,,,,,,,,,,,,,,,,,,,,,,,,,,,,,,,,,,,,,,,,,41.53472,16.428627,0.9787711,41.53472,16.428627,-0.16103514,,,,,,,,,,,,,,,,,41.53472,16.518564,-0.007767921,41.53472,16.518564,0.0012369553,,,,,,,,,,,,,,,,,,,,,,,,,,,,,41.53472,16.518564,1.0000001e-07,41.53472,16.518564,7.0,,,,,,,
41.53472,16.458607,0.0007288412,41.53472,16.458607,0.0006247211,,,,,,,,,,,,,,,,,,,,,,,,,,,,,,,,,,,,,,,,,,,,,,,,,,,,,,,,,,,,,41.53472,16.458607,0.05221364,41.53472,16.458607,-0.074621655,,,,,,,,,,,,,,,,,41.53472,16.548544,0.005531914,41.53472,16.548544,0.008560928,,,,,,,,,,,,,,,,,,,,,,,,,,,,,41.53472,16.548544,1.0000001e-07,41.53472,16.548544,7.0,,,,,,,
41.53472,16.488585,0.0009370816,41.53472,16.488585,0.0007585899,,,,,,,,,,,,,,,,,,,,,,,,,,,,,,,,,,,,,,,,,,,,,,,,,,,,,,,,,,,,,41.53472,16.488585,0.75634956,41.53472,16.488585,0.35524628,,,,,,,,,,,,,,,,,41.53472,16.578524,0.009474759,41.53472,16.578524,-0.009784253,,,,,,,,,,,,,,,,,,,,,,,,,,,,,41.53472,16.578524,1.0000001e-07,41.53472,16.578524,7.0,,,,,,,
41.53472,16.518564,0.0006098468,41.53472,16.518564,0.0006990927,,,,,,,,,,,,,,,,,,,,,,,,,,,,,,,,,,,,,,,,,,,,,,,,,,,,,,,,,,,,,41.53472,16.518564,-0.3285145,41.53472,16.518564,0.14461993,,,,,,,,,,,,,,,,,41.53472,16.608501,0.0133723635,41.53472,16.608501,0.011341138,,,,,,,,,,,,,,,,,,,,,,,,,,,,,41.53472,16.608501,1.0000001e-07,41.53472,16.608501,7.0,,,,,,,
41.53472,16.548544,0.00087758445,41.53472,16.548544,0.0008180872,,,,,,,,,,,,,,,,,,,,,,,,,,,,,,,,,,,,,,,,,,,,,,,,,,,,,,,,,,,,,41.53472,16.548544,0.5355125,41.53472,16.548544,0.5572416,,,,,,,,,,,,,,,,,41.53472,16.638481,0.011165207,41.53472,16.638481,-0.001911147,,,,,,,,,,,,,,,,,,,,,,,,,,,,,41.53472,16.638481,1.0000001e-07,41.53472,16.638481,7.0,,,,,,,
41.53472,16.578524,0.0009668303,41.53472,16.578524,0.00068421836,,,,,,,,,,,,,,,,,,,,,,,,,,,,,,,,,,,,,,,,,,,,,,,,,,,,,,,,,,,,,41.53472,16.578524,0.81194836,41.53472,16.578524,0.10731004,,,,,,,,,,,,,,,,,41.53472,16.66846,0.004074768,41.53472,16.66846,0.011119493,,,,,,,,,,,,,,,,,,,,,,,,,,,,,41.53472,16.66846,1.0000001e-07,41.53472,16.66846,7.0,,,,,,,
41.53472,16.608501,0.000996579,41.53472,16.608501,0.00083296146,,,,,,,,,,,,,,,,,,,,,,,,,,,,,,,,,,,,,,,,,,,,,,,,,,,,,,,,,,,,,41.53472,16.608501,0.9793165,41.53472,16.608501,0.63847125,,,,,,,,,,,,,,,,,41.53472,16.69844,0.0008900178,41.53472,16.69844,0.0006467198,,,,,,,,,,,,,,,,,,,,,,,,,,,,,41.53472,16.69844,1.0000001e-07,41.53472,16.69844,7.0,,,,,,,
41.53472,16.638481,0.00093708164,41.53472,16.638481,0.0007734641,,,,,,,,,,,,,,,,,,,,,,,,,,,,,,,,,,,,,,,,,,,,,,,,,,,,,,,,,,,,,41.53472,16.638481,0.7813301,41.53472,16.638481,0.41935098,,,,,,,,,,,,,,,,,41.53472,16.72842,0.01812961,41.53472,16.72842,0.012391189,,,,,,,,,,,,,,,,,,,,,,,,,,,,,41.53472,16.72842,1.0000001e-07,41.53472,16.72842,7.0,,,,,,,
41.53472,16.66846,0.0009222073,41.53472,16.66846,0.00081808714,,,,,,,,,,,,,,,,,,,,,,,,,,,,,,,,,,,,,,,,,,,,,,,,,,,,,,,,,,,,,41.53472,16.66846,0.68327975,41.53472,16.66846,0.58394486,,,,,,,,,,,,,,,,,41.53472,16.758398,0.007827956,41.53472,16.758398,-0.0145459045,,,,,,,,,,,,,,,,,,,,,,,,,,,,,41.53472,16.758398,1.0000001e-07,41.53472,16.758398,7.0,,,,,,,
41.53472,16.69844,0.0007734642,41.53472,16.69844,0.00066934404,,,,,,,,,,,,,,,,,,,,,,,,,,,,,,,,,,,,,,,,,,,,,,,,,,,,,,,,,,,,,41.53472,16.69844,0.28415197,41.53472,16.69844,0.054756954,,,,,,,,,,,,,,,,,41.53472,16.788378,-0.0039680623,41.53472,16.788378,-0.017820645,,,,,,,,,,,,,,,,,,,,,,,,,,,,,41.53472,16.788378,1.0000001e-07,41.53472,16.788378,7.0,,,,,,,
41.53472,16.728418,0.0010560763,41.53472,16.728418,0.00087758445,,,,,,,,,,,,,,,,,,,,,,,,,,,,,,,,,,,,,,,,,,,,,,,,,,,,,,,,,,,,,41.53472,16.728418,1.1807522,41.53472,16.728418,0.7775168,,,,,,,,,,,,,,,,,41.53472,16.818357,0.018671937,41.53472,16.818357,0.003977951,,,,,,,,,,,,,,,,,,,,,,,,,,,,,41.53472,16.818357,1.0000001e-07,41.53472,16.818357,7.0,,,,,,,
41.53472,16.758398,0.00086271006,41.53472,16.758398,0.0004908523,,,,,,,,,,,,,,,,,,,,,,,,,,,,,,,,,,,,,,,,,,,,,,,,,,,,,,,,,,,,,41.53472,16.758398,0.5111671,41.53472,16.758398,-0.6095944,,,,,,,,,,,,,,,,,41.53472,16.848337,-0.003845459,41.53472,16.848337,0.004732427,,,,,,,,,,,,,,,,,,,,,,,,,,,,,41.53472,16.848337,1.0000001e-07,41.53472,16.848337,7.0,,,,,,,
41.53472,16.788378,0.00078833854,41.53472,16.788378,0.00043135503,,,,,,,,,,,,,,,,,,,,,,,,,,,,,,,,,,,,,,,,,,,,,,,,,,,,,,,,,,,,,41.53472,16.788378,0.2978593,41.53472,16.788378,-0.7920256,,,,,,,,,,,,,,,,,41.53472,16.878315,-0.00037735762,41.53472,16.878315,0.0043688756,,,,,,,,,,,,,,,,,,,,,,,,,,,,,41.53472,16.878315,1.0000001e-07,41.53472,16.878315,7.0,,,,,,,
41.53472,16.818357,0.0009965788,41.53472,16.818357,0.0007437156,,,,,,,,,,,,,,,,,,,,,,,,,,,,,,,,,,,,,,,,,,,,,,,,,,,,,,,,,,,,,41.53472,16.818357,0.92199105,41.53472,16.818357,0.263078,,,,,,,,,,,,,,,,,41.53472,16.908295,0.009735505,41.53472,16.908295,0.0071208295,,,,,,,,,,,,,,,,,,,,,,,,,,,,,41.53472,16.908295,1.0000001e-07,41.53472,16.908295,7.0,,,,,,,
41.53472,16.848335,0.00072884123,41.53472,16.848335,0.0007585898,,,,,,,,,,,,,,,,,,,,,,,,,,,,,,,,,,,,,,,,,,,,,,,,,,,,,,,,,,,,,41.53472,16.848335,0.06602638,41.53472,16.848335,0.39284453,,,,,,,,,,,,,,,,,41.53472,16.938274,0.0076761427,41.53472,16.938274,-6.249795e-05,,,,,,,,,,,,,,,,,,,,,,,,,,,,,41.53472,16.938274,1.0000001e-07,41.53472,16.938274,7.0,,,,,,,
41.53472,16.878315,0.00074371556,41.53472,16.878315,0.00072884123,,,,,,,,,,,,,,,,,,,,,,,,,,,,,,,,,,,,,,,,,,,,,,,,,,,,,,,,,,,,,41.53472,16.878315,0.123997845,41.53472,16.878315,0.30065238,,,,,,,,,,,,,,,,,41.53472,16.968254,-0.012230415,41.53472,16.968254,-0.008171979,,,,,,,,,,,,,,,,,,,,,,,,,,,,,41.53472,16.968254,1.0000001e-07,41.53472,16.968254,7.0,,,,,,,
41.53472,16.908295,0.0010263275,41.53472,16.908295,0.00081808714,,,,,,,,,,,,,,,,,,,,,,,,,,,,,,,,,,,,,,,,,,,,,,,,,,,,,,,,,,,,,41.53472,16.908295,1.0168202,41.53472,16.908295,0.6305441,,,,,,,,,,,,,,,,,41.53472,16.998232,-0.00047812605,41.53472,16.998232,-0.0019034413,,,,,,,,,,,,,,,,,,,,,,,,,,,,,41.53472,16.998232,1.0000001e-07,41.53472,16.998232,7.0,,,,,,,
41.53472,16.938274,0.0008924587,41.53472,16.938274,0.0007437155,,,,,,,,,,,,,,,,,,,,,,,,,,,,,,,,,,,,,,,,,,,,,,,,,,,,,,,,,,,,,41.53472,16.938274,0.620944,41.53472,16.938274,0.280312,,,,,,,,,,,,,,,,,41.53472,17.028212,0.0046404433,41.53472,17.028212,-0.013083159,,,,,,,,,,,,,,,,,,,,,,,,,,,,,41.53472,17.028212,1.0000001e-07,41.53472,17.028212,7.0,,,,,,,
41.53472,16.968252,0.00066934404,41.53472,16.968252,0.0005949724,,,,,,,,,,,,,,,,,,,,,,,,,,,,,,,,,,,,,,,,,,,,,,,,,,,,,,,,,,,,,41.53472,16.968252,-0.118494935,41.53472,16.968252,-0.2789184,,,,,,,,,,,,,,,,,41.53472,17.058191,-0.005502529,41.53472,17.058191,0.007710553,,,,,,,,,,,,,,,,,,,,,,,,,,,,,41.53472,17.058191,1.0000001e-07,41.53472,17.058191,7.0,,,,,,,
41.53472,16.998232,0.00086270995,41.53472,16.998232,0.0007437155,,,,,,,,,,,,,,,,,,,,,,,,,,,,,,,,,,,,,,,,,,,,,,,,,,,,,,,,,,,,,41.53472,16.998232,0.5185658,41.53472,16.998232,0.31612322,,,,,,,,,,,,,,,,,41.53472,17.088171,0.010765096,41.53472,17.088171,0.016414177,,,,,,,,,,,,,,,,,,,,,,,,,,,,,41.53472,17.088171,1.0000001e-07,41.53472,17.088171,7.0,,,,,,,
41.53472,17.028212,0.0008180871,41.53472,17.028212,0.0005949724,,,,,,,,,,,,,,,,,,,,,,,,,,,,,,,,,,,,,,,,,,,,,,,,,,,,,,,,,,,,,41.53472,17.028212,0.38891265,41.53472,17.028212,-0.23196024,,,,,,,,,,,,,,,,,41.53472,17.118149,0.004220397,41.53472,17.118149,0.006997352,,,,,,,,,,,,,,,,,,,,,,,,,,,,,41.53472,17.118149,1.0000001e-07,41.53472,17.118149,7.0,,,,,,,
41.53472,17.058191,0.00069909263,41.53472,17.058191,0.0008180872,,,,,,,,,,,,,,,,,,,,,,,,,,,,,,,,,,,,,,,,,,,,,,,,,,,,,,,,,,,,,41.53472,17.058191,-0.009307656,41.53472,17.058191,0.5714841,,,,,,,,,,,,,,,,,41.53472,17.148129,-0.00079157454,41.53472,17.148129,0.009518922,,,,,,,,,,,,,,,,,,,,,,,,,,,,,41.53472,17.148129,1.0000001e-07,41.53472,17.148129,7.0,,,,,,,
41.53472,17.088171,0.0009222073,41.53472,17.088171,0.0010114532,,,,,,,,,,,,,,,,,,,,,,,,,,,,,,,,,,,,,,,,,,,,,,,,,,,,,,,,,,,,,41.53472,17.088171,0.75080854,41.53472,17.088171,1.3066168,,,,,,,,,,,,,,,,,41.53472,17.178108,-0.011886851,41.53472,17.178108,0.015665924,,,,,,,,,,,,,,,,,,,,,,,,,,,,,41.53472,17.178108,1.0000001e-07,41.53472,17.178108,7.0,,,,,,,
41.53472,17.118149,0.0008627101,41.53472,17.118149,0.00080321275,,,,,,,,,,,,,,,,,,,,,,,,,,,,,,,,,,,,,,,,,,,,,,,,,,,,,,,,,,,,,41.53472,17.118149,0.5353348,41.53472,17.118149,0.54328734,,,,,,,,,,,,,,,,,41.53472,17.208088,0.0015682741,41.53472,17.208088,0.0005597801,,,,,,,,,,,,,,,,,,,,,,,,,,,,,41.53472,17.208088,1.0000001e-07,41.53472,17.208088,7.0,,,,,,,
41.53472,17.148129,0.000713967,41.53472,17.148129,0.00078833854,,,,,,,,,,,,,,,,,,,,,,,,,,,,,,,,,,,,,,,,,,,,,,,,,,,,,,,,,,,,,41.53472,17.148129,0.03875677,41.53472,17.148129,0.4603902,,,,,,,,,,,,,,,,,41.53472,17.238066,-0.008043912,41.53472,17.238066,0.010486179,,,,,,,,,,,,,,,,,,,,,,,,,,,,,41.53472,17.238066,1.0000001e-07,41.53472,17.238066,7.0,,,,,,,
41.53472,17.178108,0.00069909263,41.53472,17.178108,0.0009668303,,,,,,,,,,,,,,,,,,,,,,,,,,,,,,,,,,,,,,,,,,,,,,,,,,,,,,,,,,,,,41.53472,17.178108,0.0014110141,41.53472,17.178108,1.0807052,,,,,,,,,,,,,,,,,41.53472,17.268045,0.0010972396,41.53472,17.268045,-0.003102223,,,,,,,,,,,,,,,,,,,,,,,,,,,,,41.53472,17.268045,1.0000001e-07,41.53472,17.268045,7.0,,,,,,,
41.53472,17.208088,0.00080321275,41.53472,17.208088,0.00081808714,,,,,,,,,,,,,,,,,,,,,,,,,,,,,,,,,,,,,,,,,,,,,,,,,,,,,,,,,,,,,41.53472,17.208088,0.36089563,41.53472,17.208088,0.58448243,,,,,,,,,,,,,,,,,41.53472,17.298025,0.0052147266,41.53472,17.298025,0.0048693656,,,,,,,,,,,,,,,,,,,,,,,,,,,,,41.53472,17.298025,1.0000001e-07,41.53472,17.298025,7.0,,,,,,,
41.53472,17.238066,0.00072884135,41.53472,17.238066,0.00081808714,,,,,,,,,,,,,,,,,,,,,,,,,,,,,,,,,,,,,,,,,,,,,,,,,,,,,,,,,,,,,41.53472,17.238066,0.04304037,41.53472,17.238066,0.568002,,,,,,,,,,,,,,,,,41.53472,17.328005,0.008906805,41.53472,17.328005,0.014028053,,,,,,,,,,,,,,,,,,,,,,,,,,,,,41.53472,17.328005,1.0000001e-07,41.53472,17.328005,7.0,,,,,,,
41.53472,17.268045,0.0008924587,41.53472,17.268045,0.0007585899,,,,,,,,,,,,,,,,,,,,,,,,,,,,,,,,,,,,,,,,,,,,,,,,,,,,,,,,,,,,,41.53472,17.268045,0.6176673,41.53472,17.268045,0.39406666,,,,,,,,,,,,,,,,,41.53472,17.357983,0.020471007,41.53472,17.357983,-3.1544543e-05,,,,,,,,,,,,,,,,,,,,,,,,,,,,,41.53472,17.357983,1.0000001e-07,41.53472,17.357983,7.0,,,,,,,
41.53472,17.298025,0.0009073329,41.53472,17.298025,0.0008180871,,,,,,,,,,,,,,,,,,,,,,,,,,,,,,,,,,,,,,,,,,,,,,,,,,,,,,,,,,,,,41.53472,17.298025,0.62761784,41.53472,17.298025,0.49805212,,,,,,,,,,,,,,,,,41.53472,17.387962,0.021344768,41.53472,17.387962,0.003042881,,,,,,,,,,,,,,,,,,,,,,,,,,,,,41.53472,17.387962,1.0000001e-07,41.53472,17.387962,7.0,,,,,,,
41.53472,17.328005,0.00087758445,41.53472,17.328005,0.00087758433,,,,,,,,,,,,,,,,,,,,,,,,,,,,,,,,,,,,,,,,,,,,,,,,,,,,,,,,,,,,,41.53472,17.328005,0.56710917,41.53472,17.328005,0.78292006,,,,,,,,,,,,,,,,,41.53472,17.417942,-0.0014159663,41.53472,17.417942,-0.021910502,,,,,,,,,,,,,,,,,,,,,,,,,,,,,41.53472,17.417942,1.0000001e-07,41.53472,17.417942,7.0,,,,,,,
41.53472,17.357983,0.0010114531,41.53472,17.357983,0.00071396696,,,,,,,,,,,,,,,,,,,,,,,,,,,,,,,,,,,,,,,,,,,,,,,,,,,,,,,,,,,,,41.53472,17.357983,0.9974285,41.53472,17.357983,0.2521349,,,,,,,,,,,,,,,,,41.53472,17.447922,0.011775289,41.53472,17.447922,-0.010988107,,,,,,,,,,,,,,,,,,,,,,,,,,,,,41.53472,17.447922,1.0000001e-07,41.53472,17.447922,7.0,,,,,,,
41.53472,17.387962,0.0011155733,41.53472,17.387962,0.00069909263,,,,,,,,,,,,,,,,,,,,,,,,,,,,,,,,,,,,,,,,,,,,,,,,,,,,,,,,,,,,,41.53472,17.387962,1.3418891,41.53472,17.387962,0.11615998,,,,,,,,,,,,,,,,,41.53472,17.477901,-0.0058497377,41.53472,17.477901,-0.00033478026,,,,,,,,,,,,,,,,,,,,,,,,,,,,,41.53472,17.477901,1.0000001e-07,41.53472,17.477901,7.0,,,,,,,
41.53472,17.417942,0.00086271006,41.53472,17.417942,0.00050572655,,,,,,,,,,,,,,,,,,,,,,,,,,,,,,,,,,,,,,,,,,,,,,,,,,,,,,,,,,,,,41.53472,17.417942,0.5091177,41.53472,17.417942,-0.50390404,,,,,,,,,,,,,,,,,41.53472,17.50788,-0.0019501934,41.53472,17.50788,0.0031069268,,,,,,,,,,,,,,,,,,,,,,,,,,,,,41.53472,17.50788,1.0000001e-07,41.53472,17.50788,7.0,,,,,,,
41.53472,17.447922,0.00093708164,41.53472,17.447922,0.00065446965,,,,,,,,,,,,,,,,,,,,,,,,,,,,,,,,,,,,,,,,,,,,,,,,,,,,,,,,,,,,,41.53472,17.447922,0.77083313,41.53472,17.447922,-0.0065209866,,,,,,,,,,,,,,,,,41.53472,17.537859,0.022286389,41.53472,17.537859,0.0035684805,,,,,,,,,,,,,,,,,,,,,,,,,,,,,41.53472,17.537859,1.0000001e-07,41.53472,17.537859,7.0,,,,,,,
41.53472,17.4779,0.0007288413,41.53472,17.4779,0.0007437155,,,,,,,,,,,,,,,,,,,,,,,,,,,,,,,,,,,,,,,,,,,,,,,,,,,,,,,,,,,,,41.53472,17.4779,0.09350521,41.53472,17.4779,0.32086256,,,,,,,,,,,,,,,,,41.53472,17.567839,0.0026397987,41.53472,17.567839,-0.0036545184,,,,,,,,,,,,,,,,,,,,,,,,,,,,,41.53472,17.567839,1.0000001e-07,41.53472,17.567839,7.0,,,,,,,
41.53472,17.50788,0.000818087,41.53472,17.50788,0.0007883385,,,,,,,,,,,,,,,,,,,,,,,,,,,,,,,,,,,,,,,,,,,,,,,,,,,,,,,,,,,,,41.53472,17.50788,0.34578145,41.53472,17.50788,0.41611388,,,,,,,,,,,,,,,,,41.53472,17.597818,0.017234523,41.53472,17.597818,-0.0060804547,,,,,,,,,,,,,,,,,,,,,,,,,,,,,41.53472,17.597818,1.0000001e-07,41.53472,17.597818,7.0,,,,,,,
41.53472,17.537859,0.0010412018,41.53472,17.537859,0.00074371556,,,,,,,,,,,,,,,,,,,,,,,,,,,,,,,,,,,,,,,,,,,,,,,,,,,,,,,,,,,,,41.53472,17.537859,1.0937064,41.53472,17.537859,0.35847747,,,,,,,,,,,,,,,,,41.53472,17.627796,0.015564536,41.53472,17.627796,0.0040909075,,,,,,,,,,,,,,,,,,,,,,,,,,,,,41.53472,17.627796,1.0000001e-07,41.53472,17.627796,7.0,,,,,,,
41.53472,17.567839,0.00093708164,41.53472,17.567839,0.000713967,,,,,,,,,,,,,,,,,,,,,,,,,,,,,,,,,,,,,,,,,,,,,,,,,,,,,,,,,,,,,41.53472,17.567839,0.74702793,41.53472,17.567839,0.16442508,,,,,,,,,,,,,,,,,41.53472,17.657776,-0.0050388565,41.53472,17.657776,0.011417415,,,,,,,,,,,,,,,,,,,,,,,,,,,,,41.53472,17.657776,1.0000001e-07,41.53472,17.657776,7.0,,,,,,,
41.53472,17.597816,0.000996579,41.53472,17.597816,0.0006395954,,,,,,,,,,,,,,,,,,,,,,,,,,,,,,,,,,,,,,,,,,,,,,,,,,,,,,,,,,,,,41.53472,17.597816,0.9857308,41.53472,17.597816,-0.09242179,,,,,,,,,,,,,,,,,41.53472,17.687756,-0.0074868053,41.53472,17.687756,-0.003925615,,,,,,,,,,,,,,,,,,,,,,,,,,,,,41.53472,17.687756,1.0000001e-07,41.53472,17.687756,7.0,,,,,,,
41.53472,17.627796,0.000951956,41.53472,17.627796,0.00069909263,,,,,,,,,,,,,,,,,,,,,,,,,,,,,,,,,,,,,,,,,,,,,,,,,,,,,,,,,,,,,41.53472,17.627796,0.78544235,41.53472,17.627796,0.16418298,,,,,,,,,,,,,,,,,41.53472,17.717735,0.011718885,41.53472,17.717735,-0.0020992402,,,,,,,,,,,,,,,,,,,,,,,,,,,,,41.53472,17.717735,1.0000001e-07,41.53472,17.717735,7.0,,,,,,,
41.53472,17.657776,0.00080321287,41.53472,17.657776,0.00084783573,,,,,,,,,,,,,,,,,,,,,,,,,,,,,,,,,,,,,,,,,,,,,,,,,,,,,,,,,,,,,41.53472,17.657776,0.29283342,41.53472,17.657776,0.6721709,,,,,,,,,,,,,,,,,41.53472,17.747713,0.008265678,41.53472,17.747713,-0.007679565,,,,,,,,,,,,,,,,,,,,,,,,,,,,,41.53472,17.747713,1.0000001e-07,41.53472,17.747713,7.0,,,,,,,
41.53472,17.687756,0.00068421836,41.53472,17.687756,0.0005503495,,,,,,,,,,,,,,,,,,,,,,,,,,,,,,,,,,,,,,,,,,,,,,,,,,,,,,,,,,,,,41.53472,17.687756,-0.069490895,41.53472,17.687756,-0.33994994,,,,,,,,,,,,,,,,,41.53472,17.777693,0.0044356724,41.53472,17.777693,0.0055195135,,,,,,,,,,,,,,,,,,,,,,,,,,,,,41.53472,17.777693,1.0000001e-07,41.53472,17.777693,7.0,,,,,,,
41.53472,17.717733,0.00086271006,41.53472,17.717733,0.00065446965,,,,,,,,,,,,,,,,,,,,,,,,,,,,,,,,,,,,,,,,,,,,,,,,,,,,,,,,,,,,,41.53472,17.717733,0.5194051,41.53472,17.717733,-0.035494566,,,,,,,,,,,,,,,,,41.53472,17.807673,0.0023260056,41.53472,17.807673,-0.0078973835,,,,,,,,,,,,,,,,,,,,,,,,,,,,,41.53472,17.807673,1.0000001e-07,41.53472,17.807673,7.0,,,,,,,
41.53472,17.747713,0.00086271006,41.53472,17.747713,0.0006395954,,,,,,,,,,,,,,,,,,,,,,,,,,,,,,,,,,,,,,,,,,,,,,,,,,,,,,,,,,,,,41.53472,17.747713,0.5896469,41.53472,17.747713,-0.081588835,,,,,,,,,,,,,,,,,41.53472,17.837652,0.011234642,41.53472,17.837652,0.0120556075,,,,,,,,,,,,,,,,,,,,,,,,,,,,,41.53472,17.837652,1.0000001e-07,41.53472,17.837652,7.0,,,,,,,
41.53472,17.777693,0.0007585899,41.53472,17.777693,0.0007585898,,,,,,,,,,,,,,,,,,,,,,,,,,,,,,,,,,,,,,,,,,,,,,,,,,,,,,,,,,,,,41.53472,17.777693,0.17471212,41.53472,17.777693,0.3595029,,,,,,,,,,,,,,,,,41.53472,17.86763,0.011578019,41.53472,17.86763,0.0033931737,,,,,,,,,,,,,,,,,,,,,,,,,,,,,41.53472,17.86763,1.0000001e-07,41.53472,17.86763,7.0,,,,,,,
41.53472,17.807673,0.0007883386,41.53472,17.807673,0.0006544697,,,,,,,,,,,,,,,,,,,,,,,,,,,,,,,,,,,,,,,,,,,,,,,,,,,,,,,,,,,,,41.53472,17.807673,0.27838126,41.53472,17.807673,-0.023786597,,,,,,,,,,,,,,,,,41.53472,17.89761,0.0041663786,41.53472,17.89761,0.007305261,,,,,,,,,,,,,,,,,,,,,,,,,,,,,41.53472,17.89761,1.0000001e-07,41.53472,17.89761,7.0,,,,,,,
41.53472,17.83765,0.0009222073,41.53472,17.83765,0.00078833854,,,,,,,,,,,,,,,,,,,,,,,,,,,,,,,,,,,,,,,,,,,,,,,,,,,,,,,,,,,,,41.53472,17.83765,0.7018174,41.53472,17.83765,0.4869194,,,,,,,,,,,,,,,,,41.53472,17.92759,0.007329545,41.53472,17.92759,-0.00086624525,,,,,,,,,,,,,,,,,,,,,,,,,,,,,41.53472,17.92759,1.0000001e-07,41.53472,17.92759,7.0,,,,,,,
41.53472,17.86763,0.0010263274,41.53472,17.86763,0.00072884123,,,,,,,,,,,,,,,,,,,,,,,,,,,,,,,,,,,,,,,,,,,,,,,,,,,,,,,,,,,,,41.53472,17.86763,1.0390925,41.53472,17.86763,0.19058168,,,,,,,,,,,,,,,,,41.53472,17.95757,0.0104372995,41.53472,17.95757,-0.003265615,,,,,,,,,,,,,,,,,,,,,,,,,,,,,41.53472,17.95757,1.0000001e-07,41.53472,17.95757,7.0,,,,,,,
41.53472,17.89761,0.0009222073,41.53472,17.89761,0.00078833854,,,,,,,,,,,,,,,,,,,,,,,,,,,,,,,,,,,,,,,,,,,,,,,,,,,,,,,,,,,,,41.53472,17.89761,0.70614743,41.53472,17.89761,0.43091646,,,,,,,,,,,,,,,,,41.53472,17.987547,0.0017658485,41.53472,17.987547,0.0110698305,,,,,,,,,,,,,,,,,,,,,,,,,,,,,41.53472,17.987547,1.0000001e-07,41.53472,17.987547,7.0,,,,,,,
41.53472,17.92759,0.00084783573,41.53472,17.92759,0.00069909263,,,,,,,,,,,,,,,,,,,,,,,,,,,,,,,,,,,,,,,,,,,,,,,,,,,,,,,,,,,,,41.53472,17.92759,0.46507582,41.53472,17.92759,0.15273967,,,,,,,,,,,,,,,,,41.53472,18.017527,0.011534533,41.53472,18.017527,0.00018013998,,,,,,,,,,,,,,,,,,,,,,,,,,,,,41.53472,18.017527,1.0000001e-07,41.53472,18.017527,7.0,,,,,,,
41.53472,17.95757,0.0008478358,41.53472,17.95757,0.00068421836,,,,,,,,,,,,,,,,,,,,,,,,,,,,,,,,,,,,,,,,,,,,,,,,,,,,,,,,,,,,,41.53472,17.95757,0.49293247,41.53472,17.95757,0.091001764,,,,,,,,,,,,,,,,,41.53472,18.047506,-0.00035244453,41.53472,18.047506,-0.008134502,,,,,,,,,,,,,,,,,,,,,,,,,,,,,41.53472,18.047506,1.0000001e-07,41.53472,18.047506,7.0,,,,,,,
41.53472,17.987547,0.0008180871,41.53472,17.987547,0.0008924588,,,,,,,,,,,,,,,,,,,,,,,,,,,,,,,,,,,,,,,,,,,,,,,,,,,,,,,,,,,,,41.53472,17.987547,0.4346903,41.53472,17.987547,0.8715335,,,,,,,,,,,,,,,,,41.53472,18.077486,0.018390073,41.53472,18.077486,-0.012331636,,,,,,,,,,,,,,,,,,,,,,,,,,,,,41.53472,18.077486,1.0000001e-07,41.53472,18.077486,7.0,,,,,,,
41.53472,18.017527,0.0008924587,41.53472,18.017527,0.0007437155,,,,,,,,,,,,,,,,,,,,,,,,,,,,,,,,,,,,,,,,,,,,,,,,,,,,,,,,,,,,,41.53472,18.017527,0.57085973,41.53472,18.017527,0.25178033,,,,,,,,,,,,,,,,,41.53472,18.107464,-0.0030307004,41.53472,18.107464,-0.010433813,,,,,,,,,,,,,,,,,,,,,,,,,,,,,41.53472,18.107464,1.0000001e-07,41.53472,18.107464,7.0,,,,,,,
41.53472,18.047506,0.0007585899,41.53472,18.047506,0.00065446965,,,,,,,,,,,,,,,,,,,,,,,,,,,,,,,,,,,,,,,,,,,,,,,,,,,,,,,,,,,,,41.53472,18.047506,0.12149867,41.53472,18.047506,-0.046330146,,,,,,,,,,,,,,,,,41.53472,18.137444,-0.007258936,41.53472,18.137444,-0.01580786,,,,,,,,,,,,,,,,,,,,,,,,,,,,,41.53472,18.137444,1.0000001e-07,41.53472,18.137444,7.0,,,,,,,
41.53472,18.077486,0.0010263275,41.53472,18.077486,0.0006098467,,,,,,,,,,,,,,,,,,,,,,,,,,,,,,,,,,,,,,,,,,,,,,,,,,,,,,,,,,,,,41.53472,18.077486,1.0435245,41.53472,18.077486,-0.10941863,,,,,,,,,,,,,,,,,41.53472,18.167423,0.011524584,41.53472,18.167423,-0.0048960606,,,,,,,,,,,,,,,,,,,,,,,,,,,,,41.53472,18.167423,1.0000001e-07,41.53472,18.167423,7.0,,,,,,,
41.53472,18.107464,0.00083296146,41.53472,18.107464,0.00062472105,,,,,,,,,,,,,,,,,,,,,,,,,,,,,,,,,,,,,,,,,,,,,,,,,,,,,,,,,,,,,41.53472,18.107464,0.3905176,41.53472,18.107464,-0.15566278,,,,,,,,,,,,,,,,,41.53472,18.197403,0.015894959,41.53472,18.197403,0.0060745873,,,,,,,,,,,,,,,,,,,,,,,,,,,,,41.53472,18.197403,1.0000001e-07,41.53472,18.197403,7.0,,,,,,,
41.53472,18.137444,0.0006544697,41.53472,18.137444,0.0005206009,,,,,,,,,,,,,,,,,,,,,,,,,,,,,,,,,,,,,,,,,,,,,,,,,,,,,,,,,,,,,41.53472,18.137444,-0.18483774,41.53472,18.137444,-0.52423894,,,,,,,,,,,,,,,,,41.53472,18.22738,0.005556701,41.53472,18.22738,0.028290536,,,,,,,,,,,,,,,,,,,,,,,,,,,,,41.53472,18.22738,1.0000001e-07,41.53472,18.22738,7.0,,,,,,,
41.53472,18.167423,0.000996579,41.53472,18.167423,0.0006395953,,,,,,,,,,,,,,,,,,,,,,,,,,,,,,,,,,,,,,,,,,,,,,,,,,,,,,,,,,,,,41.53472,18.167423,0.93827724,41.53472,18.167423,-0.111716785,,,,,,,,,,,,,,,,,41.53472,18.25736,0.008740542,41.53472,18.25736,-0.0018910845,,,,,,,,,,,,,,,,,,,,,,,,,,,,,41.53472,18.25736,1.0000001e-07,41.53472,18.25736,7.0,,,,,,,
41.53472,18.197403,0.0010114531,41.53472,18.197403,0.00080321287,,,,,,,,,,,,,,,,,,,,,,,,,,,,,,,,,,,,,,,,,,,,,,,,,,,,,,,,,,,,,41.53472,18.197403,1.020556,41.53472,18.197403,0.50594616,,,,,,,,,,,,,,,,,41.53472,18.28734,-0.0072899815,41.53472,18.28734,-0.009499075,,,,,,,,,,,,,,,,,,,,,,,,,,,,,41.53472,18.28734,1.0000001e-07,41.53472,18.28734,7.0,,,,,,,
41.53472,18.22738,0.00081808714,41.53472,18.22738,0.0009817047,,,,,,,,,,,,,,,,,,,,,,,,,,,,,,,,,,,,,,,,,,,,,,,,,,,,,,,,,,,,,41.53472,18.22738,0.44767916,41.53472,18.22738,1.1354303,,,,,,,,,,,,,,,,,41.53472,18.31732,-0.0018838979,41.53472,18.31732,0.0030286415,,,,,,,,,,,,,,,,,,,,,,,,,,,,,41.53472,18.31732,1.0000001e-07,41.53472,18.31732,7.0,,,,,,,
41.53472,18.25736,0.0008180872,41.53472,18.25736,0.00066934404,,,,,,,,,,,,,,,,,,,,,,,,,,,,,,,,,,,,,,,,,,,,,,,,,,,,,,,,,,,,,41.53472,18.25736,0.4242903,41.53472,18.25736,0.07865482,,,,,,,,,,,,,,,,,41.53472,18.3473,0.0185859,41.53472,18.3473,-0.0018440927,,,,,,,,,,,,,,,,,,,,,,,,,,,,,41.53472,18.3473,1.0000001e-07,41.53472,18.3473,7.0,,,,,,,
41.53472,18.28734,0.0007139669,41.53472,18.28734,0.0005949724,,,,,,,,,,,,,,,,,,,,,,,,,,,,,,,,,,,,,,,,,,,,,,,,,,,,,,,,,,,,,41.53472,18.28734,-0.0122567015,41.53472,18.28734,-0.22110456,,,,,,,,,,,,,,,,,41.53472,18.377277,0.003496838,41.53472,18.377277,-0.005382883,,,,,,,,,,,,,,,,,,,,,,,,,,,,,41.53472,18.377277,1.0000001e-07,41.53472,18.377277,7.0,,,,,,,
41.53472,18.31732,0.0008180872,41.53472,18.31732,0.0007288412,,,,,,,,,,,,,,,,,,,,,,,,,,,,,,,,,,,,,,,,,,,,,,,,,,,,,,,,,,,,,41.53472,18.31732,0.42183462,41.53472,18.31732,0.25727236,,,,,,,,,,,,,,,,,41.53472,18.407257,0.0044185654,41.53472,18.407257,0.0053828973,,,,,,,,,,,,,,,,,,,,,,,,,,,,,41.53472,18.407257,1.0000001e-07,41.53472,18.407257,7.0,,,,,,,
41.53472,18.347298,0.0009668302,41.53472,18.347298,0.000713967,,,,,,,,,,,,,,,,,,,,,,,,,,,,,,,,,,,,,,,,,,,,,,,,,,,,,,,,,,,,,41.53472,18.347298,0.8163876,41.53472,18.347298,0.105925255,,,,,,,,,,,,,,,,,41.53472,18.437237,-0.009743217,41.53472,18.437237,0.015958967,,,,,,,,,,,,,,,,,,,,,,,,,,,,,41.53472,18.437237,1.0000001e-07,41.53472,18.437237,7.0,,,,,,,
41.53472,18.377277,0.00077346415,41.53472,18.377277,0.00062472105,,,,,,,,,,,,,,,,,,,,,,,,,,,,,,,,,,,,,,,,,,,,,,,,,,,,,,,,,,,,,41.53472,18.377277,0.2117356,41.53472,18.377277,-0.1302509,,,,,,,,,,,,,,,,,41.53472,18.467216,0.0057614986,41.53472,18.467216,0.00017579293,,,,,,,,,,,,,,,,,,,,,,,,,,,,,41.53472,18.467216,1.0000001e-07,41.53472,18.467216,7.0,,,,,,,
41.53472,18.407257,0.0008329614,41.53472,18.407257,0.000669344,,,,,,,,,,,,,,,,,,,,,,,,,,,,,,,,,,,,,,,,,,,,,,,,,,,,,,,,,,,,,41.53472,18.407257,0.3912118,41.53472,18.407257,-0.017426755,,,,,,,,,,,,,,,,,41.53472,18.497194,0.006873879,41.53472,18.497194,0.01355122,,,,,,,,,,,,,,,,,,,,,,,,,,,,,41.53472,18.497194,1.0000001e-07,41.53472,18.497194,7.0,,,,,,,
41.53472,18.437237,0.0006842183,41.53472,18.437237,0.0008924587,,,,,,,,,,,,,,,,,,,,,,,,,,,,,,,,,,,,,,,,,,,,,,,,,,,,,,,,,,,,,41.53472,18.437237,-0.034694925,41.53472,18.437237,0.8098268,,,,,,,,,,,,,,,,,41.53472,18.527174,-0.010305096,41.53472,18.527174,-0.00674455,,,,,,,,,,,,,,,,,,,,,,,,,,,,,41.53472,18.527174,1.0000001e-07,41.53472,18.527174,7.0,,,,,,,
41.53472,18.467215,0.0007883385,41.53472,18.467215,0.0006990926,,,,,,,,,,,,,,,,,,,,,,,,,,,,,,,,,,,,,,,,,,,,,,,,,,,,,,,,,,,,,41.53472,18.467215,0.23626511,41.53472,18.467215,0.13318953,,,,,,,,,,,,,,,,,41.53472,18.557154,0.01808842,41.53472,18.557154,0.00538594,,,,,,,,,,,,,,,,,,,,,,,,,,,,,41.53472,18.557154,1.0000001e-07,41.53472,18.557154,7.0,,,,,,,
41.53472,18.497194,0.00083296146,41.53472,18.497194,0.00092220743,,,,,,,,,,,,,,,,,,,,,,,,,,,,,,,,,,,,,,,,,,,,,,,,,,,,,,,,,,,,,41.53472,18.497194,0.40251622,41.53472,18.497194,0.9070499,,,,,,,,,,,,,,,,,41.53472,18.587133,0.0052362536,41.53472,18.587133,-0.004780513,,,,,,,,,,,,,,,,,,,,,,,,,,,,,41.53472,18.587133,1.0000001e-07,41.53472,18.587133,7.0,,,,,,,
41.53472,18.527174,0.0007437156,41.53472,18.527174,0.00068421825,,,,,,,,,,,,,,,,,,,,,,,,,,,,,,,,,,,,,,,,,,,,,,,,,,,,,,,,,,,,,41.53472,18.527174,0.15877622,41.53472,18.527174,0.067932405,,,,,,,,,,,,,,,,,41.53472,18.617111,0.010583884,41.53472,18.617111,-0.0036196415,,,,,,,,,,,,,,,,,,,,,,,,,,,,,41.53472,18.617111,1.0000001e-07,41.53472,18.617111,7.0,,,,,,,
41.53472,18.557154,0.000996579,41.53472,18.557154,0.00069909263,,,,,,,,,,,,,,,,,,,,,,,,,,,,,,,,,,,,,,,,,,,,,,,,,,,,,,,,,,,,,41.53472,18.557154,0.94058526,41.53472,18.557154,0.12825178,,,,,,,,,,,,,,,,,41.53472,18.64709,0.0012951965,41.53472,18.64709,0.015018476,,,,,,,,,,,,,,,,,,,,,,,,,,,,,41.53472,18.64709,1.0000001e-07,41.53472,18.64709,7.0,,,,,,,
41.53472,18.587132,0.0007734642,41.53472,18.587132,0.00065446965,,,,,,,,,,,,,,,,,,,,,,,,,,,,,,,,,,,,,,,,,,,,,,,,,,,,,,,,,,,,,41.53472,18.587132,0.19924195,41.53472,18.587132,-0.033488274,,,,,,,,,,,,,,,,,41.53472,18.67707,-0.0062971907,41.53472,18.67707,0.0013056812,,,,,,,,,,,,,,,,,,,,,,,,,,,,,41.53472,18.67707,1.0000001e-07,41.53472,18.67707,7.0,,,,,,,
41.53472,18.617111,0.00087758445,41.53472,18.617111,0.00062472105,,,,,,,,,,,,,,,,,,,,,,,,,,,,,,,,,,,,,,,,,,,,,,,,,,,,,,,,,,,,,41.53472,18.617111,0.56927717,41.53472,18.617111,-0.11856726,,,,,,,,,,,,,,,,,41.53472,18.70705,-0.0043268004,41.53472,18.70705,0.0171139,,,,,,,,,,,,,,,,,,,,,,,,,,,,,41.53472,18.70705,1.0000001e-07,41.53472,18.70705,7.0,,,,,,,
41.53472,18.64709,0.0008032128,41.53472,18.64709,0.00086271006,,,,,,,,,,,,,,,,,,,,,,,,,,,,,,,,,,,,,,,,,,,,,,,,,,,,,,,,,,,,,41.53472,18.64709,0.30808595,41.53472,18.64709,0.73070294,,,,,,,,,,,,,,,,,41.53472,18.737028,0.0002812709,41.53472,18.737028,-0.010905687,,,,,,,,,,,,,,,,,,,,,,,,,,,,,41.53472,18.737028,1.0000001e-07,41.53472,18.737028,7.0,,,,,,,
41.53472,18.67707,0.00074371556,41.53472,18.67707,0.00074371556,,,,,,,,,,,,,,,,,,,,,,,,,,,,,,,,,,,,,,,,,,,,,,,,,,,,,,,,,,,,,41.53472,18.67707,0.15114412,41.53472,18.67707,0.30125728,,,,,,,,,,,,,,,,,41.53472,18.767008,-0.0027158393,41.53472,18.767008,0.0069951764,,,,,,,,,,,,,,,,,,,,,,,,,,,,,41.53472,18.767008,1.0000001e-07,41.53472,18.767008,7.0,,,,,,,
41.53472,18.707048,0.0006693441,41.53472,18.707048,0.000951956,,,,,,,,,,,,,,,,,,,,,,,,,,,,,,,,,,,,,,,,,,,,,,,,,,,,,,,,,,,,,41.53472,18.707048,-0.11164914,41.53472,18.707048,1.057944,,,,,,,,,,,,,,,,,41.53472,18.796988,0.014414595,41.53472,18.796988,-0.0033954598,,,,,,,,,,,,,,,,,,,,,,,,,,,,,41.53472,18.796988,1.0000001e-07,41.53472,18.796988,7.0,,,,,,,
41.53472,18.737028,0.00077346415,41.53472,18.737028,0.0006247211,,,,,,,,,,,,,,,,,,,,,,,,,,,,,,,,,,,,,,,,,,,,,,,,,,,,,,,,,,,,,41.53472,18.737028,0.24322698,41.53472,18.737028,-0.0788714,,,,,,,,,,,,,,,,,41.53472,18.826967,-0.0046109427,41.53472,18.826967,-0.010920906,,,,,,,,,,,,,,,,,,,,,,,,,,,,,41.53472,18.826967,1.0000001e-07,41.53472,18.826967,7.0,,,,,,,
41.53472,18.767008,0.0007883385,41.53472,18.767008,0.0007585899,,,,,,,,,,,,,,,,,,,,,,,,,,,,,,,,,,,,,,,,,,,,,,,,,,,,,,,,,,,,,41.53472,18.767008,0.33231077,41.53472,18.767008,0.36501455,,,,,,,,,,,,,,,,,41.53472,18.856945,-0.0027623894,41.53472,18.856945,-0.013598286,,,,,,,,,,,,,,,,,,,,,,,,,,,,,41.53472,18.856945,1.0000001e-07,41.53472,18.856945,7.0,,,,,,,
41.53472,18.796988,0.00092220743,41.53472,18.796988,0.00062472105,,,,,,,,,,,,,,,,,,,,,,,,,,,,,,,,,,,,,,,,,,,,,,,,,,,,,,,,,,,,,41.53472,18.796988,0.73382384,41.53472,18.796988,-0.13369836,,,,,,,,,,,,,,,,,41.53472,18.886925,0.0046419157,41.53472,18.886925,0.01853006,,,,,,,,,,,,,,,,,,,,,,,,,,,,,41.53472,18.886925,1.0000001e-07,41.53472,18.886925,7.0,,,,,,,
41.53472,18.826967,0.00062472105,41.53472,18.826967,0.0006395953,,,,,,,,,,,,,,,,,,,,,,,,,,,,,,,,,,,,,,,,,,,,,,,,,,,,,,,,,,,,,41.53472,18.826967,-0.26976743,41.53472,18.826967,-0.07751017,,,,,,,,,,,,,,,,,41.53472,18.916904,0.021286424,41.53472,18.916904,0.015937833,,,,,,,,,,,,,,,,,,,,,,,,,,,,,41.53472,18.916904,1.0000001e-07,41.53472,18.916904,7.0,,,,,,,
41.53472,18.856945,0.0007437155,41.53472,18.856945,0.0005354752,,,,,,,,,,,,,,,,,,,,,,,,,,,,,,,,,,,,,,,,,,,,,,,,,,,,,,,,,,,,,41.53472,18.856945,0.13010632,41.53472,18.856945,-0.40825006,,,,,,,,,,,,,,,,,41.53472,18.946884,-0.005358547,41.53472,18.946884,-0.005117824,,,,,,,,,,,,,,,,,,,,,,,,,,,,,41.53472,18.946884,1.0000001e-07,41.53472,18.946884,7.0,,,,,,,
41.53472,18.886925,0.00087758445,41.53472,18.886925,0.00081808714,,,,,,,,,,,,,,,,,,,,,,,,,,,,,,,,,,,,,,,,,,,,,,,,,,,,,,,,,,,,,41.53472,18.886925,0.5388036,41.53472,18.886925,0.5229602,,,,,,,,,,,,,,,,,41.53472,18.976862,1.10103024e-07,41.53472,18.976862,0.006392353,,,,,,,,,,,,,,,,,,,,,,,,,,,,,41.53472,18.976862,1.0000001e-07,41.53472,18.976862,7.0,,,,,,,
41.53472,18.916904,0.0009817047,41.53472,18.916904,0.0008924587,,,,,,,,,,,,,,,,,,,,,,,,,,,,,,,,,,,,,,,,,,,,,,,,,,,,,,,,,,,,,41.53472,18.916904,0.9173226,41.53472,18.916904,0.9011876,,,,,,,,,,,,,,,,,41.53472,19.006842,0.005635799,41.53472,19.006842,0.005283534,,,,,,,,,,,,,,,,,,,,,,,,,,,,,41.53472,19.006842,1.0000001e-07,41.53472,19.006842,7.0,,,,,,,
41.53472,18.946884,0.0007437155,41.53472,18.946884,0.000713967,,,,,,,,,,,,,,,,,,,,,,,,,,,,,,,,,,,,,,,,,,,,,,,,,,,,,,,,,,,,,41.53472,18.946884,0.12669933,41.53472,18.946884,0.14500886,,,,,,,,,,,,,,,,,41.53472,19.036821,-0.011458737,41.53472,19.036821,-0.0023138577,,,,,,,,,,,,,,,,,,,,,,,,,,,,,41.53472,19.036821,1.0000001e-07,41.53472,19.036821,7.0,,,,,,,
41.53472,18.976862,0.00077346415,41.53472,18.976862,0.0007734642,,,,,,,,,,,,,,,,,,,,,,,,,,,,,,,,,,,,,,,,,,,,,,,,,,,,,,,,,,,,,41.53472,18.976862,0.1975921,41.53472,18.976862,0.4089632,,,,,,,,,,,,,,,,,41.53472,19.066801,-0.0035683447,41.53472,19.066801,0.0017397387,,,,,,,,,,,,,,,,,,,,,,,,,,,,,41.53472,19.066801,1.0000001e-07,41.53472,19.066801,7.0,,,,,,,
41.53472,19.006842,0.00071396696,41.53472,19.006842,0.0008180872,,,,,,,,,,,,,,,,,,,,,,,,,,,,,,,,,,,,,,,,,,,,,,,,,,,,,,,,,,,,,41.53472,19.006842,0.074564874,41.53472,19.006842,0.5995836,,,,,,,,,,,,,,,,,41.53472,19.096779,-0.0010380284,41.53472,19.096779,-0.0057084016,,,,,,,,,,,,,,,,,,,,,,,,,,,,,41.53472,19.096779,1.0000001e-07,41.53472,19.096779,7.0,,,,,,,
41.53472,19.036821,0.0006544697,41.53472,19.036821,0.000669344,,,,,,,,,,,,,,,,,,,,,,,,,,,,,,,,,,,,,,,,,,,,,,,,,,,,,,,,,,,,,41.53472,19.036821,-0.15432644,41.53472,19.036821,0.013444841,,,,,,,,,,,,,,,,,41.53472,19.126759,0.01074338,41.53472,19.126759,-0.004094783,,,,,,,,,,,,,,,,,,,,,,,,,,,,,41.53472,19.126759,1.0000001e-07,41.53472,19.126759,7.0,,,,,,,
41.53472,19.066801,0.0007585899,41.53472,19.066801,0.00080321287,,,,,,,,,,,,,,,,,,,,,,,,,,,,,,,,,,,,,,,,,,,,,,,,,,,,,,,,,,,,,41.53472,19.066801,0.16850078,41.53472,19.066801,0.512521,,,,,,,,,,,,,,,,,41.53472,19.156738,-0.004567285,41.53472,19.156738,0.018684067,,,,,,,,,,,,,,,,,,,,,,,,,,,,,41.53472,19.156738,1.0000001e-07,41.53472,19.156738,7.0,,,,,,,
41.53472,19.096779,0.00083296146,41.53472,19.096779,0.0006395954,,,,,,,,,,,,,,,,,,,,,,,,,,,,,,,,,,,,,,,,,,,,,,,,,,,,,,,,,,,,,41.53472,19.096779,0.4155345,41.53472,19.096779,-0.07030697,,,,,,,,,,,,,,,,,41.53472,19.186718,-0.009871194,41.53472,19.186718,0.018747918,,,,,,,,,,,,,,,,,,,,,,,,,,,,,41.53472,19.186718,1.0000001e-07,41.53472,19.186718,7.0,,,,,,,
41.53472,19.126759,0.0008627101,41.53472,19.126759,0.00066934404,,,,,,,,,,,,,,,,,,,,,,,,,,,,,,,,,,,,,,,,,,,,,,,,,,,,,,,,,,,,,41.53472,19.126759,0.5243016,41.53472,19.126759,0.042685356,,,,,,,,,,,,,,,,,41.53472,19.216698,0.017325886,41.53472,19.216698,0.0023412188,,,,,,,,,,,,,,,,,,,,,,,,,,,,,41.53472,19.216698,1.0000001e-07,41.53472,19.216698,7.0,,,,,,,
41.53472,19.156738,0.0007883384,41.53472,19.156738,0.0008924587,,,,,,,,,,,,,,,,,,,,,,,,,,,,,,,,,,,,,,,,,,,,,,,,,,,,,,,,,,,,,41.53472,19.156738,0.30576804,41.53472,19.156738,0.8589964,,,,,,,,,,,,,,,,,41.53472,19.246675,0.016388692,41.53472,19.246675,-0.0054248488,,,,,,,,,,,,,,,,,,,,,,,,,,,,,41.53472,19.246675,1.0000001e-07,41.53472,19.246675,7.0,,,,,,,
41.53472,19.186718,0.0007437155,41.53472,19.186718,0.0009370816,,,,,,,,,,,,,,,,,,,,,,,,,,,,,,,,,,,,,,,,,,,,,,,,,,,,,,,,,,,,,41.53472,19.186718,0.15456602,41.53472,19.186718,1.0205941,,,,,,,,,,,,,,,,,41.53472,19.276655,0.024573654,41.53472,19.276655,0.003720615,,,,,,,,,,,,,,,,,,,,,,,,,,,,,41.53472,19.276655,1.0000001e-07,41.53472,19.276655,7.0,,,,,,,
41.53472,19.216696,0.000996579,41.53472,19.216696,0.0007585899,,,,,,,,,,,,,,,,,,,,,,,,,,,,,,,,,,,,,,,,,,,,,,,,,,,,,,,,,,,,,41.53472,19.216696,0.9191174,41.53472,19.216696,0.330941,,,,,,,,,,,,,,,,,41.53472,19.306635,0.0007562857,41.53472,19.306635,-0.015923206,,,,,,,,,,,,,,,,,,,,,,,,,,,,,41.53472,19.306635,1.0000001e-07,41.53472,19.306635,7.0,,,,,,,
41.53472,19.246675,0.0009817047,41.53472,19.246675,0.00065446977,,,,,,,,,,,,,,,,,,,,,,,,,,,,,,,,,,,,,,,,,,,,,,,,,,,,,,,,,,,,,41.53472,19.246675,0.8735685,41.53472,19.246675,-0.026993155,,,,,,,,,,,,,,,,,41.53472,19.336615,0.0017710009,41.53472,19.336615,0.010287962,,,,,,,,,,,,,,,,,,,,,,,,,,,,,41.53472,19.336615,1.0000001e-07,41.53472,19.336615,7.0,,,,,,,
41.53472,19.276655,0.0010412018,41.53472,19.276655,0.0007437155,,,,,,,,,,,,,,,,,,,,,,,,,,,,,,,,,,,,,,,,,,,,,,,,,,,,,,,,,,,,,41.53472,19.276655,1.1631134,41.53472,19.276655,0.30648062,,,,,,,,,,,,,,,,,41.53472,19.366592,0.00097652274,41.53472,19.366592,-0.015929403,,,,,,,,,,,,,,,,,,,,,,,,,,,,,41.53472,19.366592,1.0000001e-07,41.53472,19.366592,7.0,,,,,,,
41.53472,19.306635,0.00080321287,41.53472,19.306635,0.0005949725,,,,,,,,,,,,,,,,,,,,,,,,,,,,,,,,,,,,,,,,,,,,,,,,,,,,,,,,,,,,,41.53472,19.306635,0.29445776,41.53472,19.306635,-0.21642813,,,,,,,,,,,,,,,,,41.53472,19.396572,0.0019712017,41.53472,19.396572,-0.0042303,,,,,,,,,,,,,,,,,,,,,,,,,,,,,41.53472,19.396572,1.0000001e-07,41.53472,19.396572,7.0,,,,,,,
41.53472,19.336613,0.0007734642,41.53472,19.336613,0.0007437155,,,,,,,,,,,,,,,,,,,,,,,,,,,,,,,,,,,,,,,,,,,,,,,,,,,,,,,,,,,,,41.53472,19.336613,0.1977117,41.53472,19.336613,0.34645054,,,,,,,,,,,,,,,,,41.53472,19.426552,0.0036959173,41.53472,19.426552,-0.009510508,,,,,,,,,,,,,,,,,,,,,,,,,,,,,41.53472,19.426552,1.0000001e-07,41.53472,19.426552,7.0,,,,,,,
41.53472,19.366592,0.00078833854,41.53472,19.366592,0.00056522386,,,,,,,,,,,,,,,,,,,,,,,,,,,,,,,,,,,,,,,,,,,,,,,,,,,,,,,,,,,,,41.53472,19.366592,0.2532802,41.53472,19.366592,-0.3712958,,,,,,,,,,,,,,,,,41.53472,19.456532,0.020082213,41.53472,19.456532,0.021367105,,,,,,,,,,,,,,,,,,,,,,,,,,,,,41.53472,19.456532,1.0000001e-07,41.53472,19.456532,7.0,,,,,,,
41.53472,19.396572,0.0007585899,41.53472,19.396572,0.00066934404,,,,,,,,,,,,,,,,,,,,,,,,,,,,,,,,,,,,,,,,,,,,,,,,,,,,,,,,,,,,,41.53472,19.396572,0.17807208,41.53472,19.396572,0.065972105,,,,,,,,,,,,,,,,,41.53472,19.48651,0.007772108,41.53472,19.48651,0.011916636,,,,,,,,,,,,,,,,,,,,,,,,,,,,,41.53472,19.48651,1.0000001e-07,41.53472,19.48651,7.0,,,,,,,
41.53472,19.426552,0.00083296146,41.53472,19.426552,0.0005949725,,,,,,,,,,,,,,,,,,,,,,,,,,,,,,,,,,,,,,,,,,,,,,,,,,,,,,,,,,,,,41.53472,19.426552,0.42719278,41.53472,19.426552,-0.3000732,,,,,,,,,,,,,,,,,41.53472,19.516489,-0.006263706,41.53472,19.516489,-0.013974981,,,,,,,,,,,,,,,,,,,,,,,,,,,,,41.53472,19.516489,1.0000001e-07,41.53472,19.516489,7.0,,,,,,,
41.53472,19.45653,0.0009370816,41.53472,19.45653,0.0008924587,,,,,,,,,,,,,,,,,,,,,,,,,,,,,,,,,,,,,,,,,,,,,,,,,,,,,,,,,,,,,41.53472,19.45653,0.772248,41.53472,19.45653,0.8612506,,,,,,,,,,,,,,,,,41.53472,19.546469,0.019339293,41.53472,19.546469,-0.00024886781,,,,,,,,,,,,,,,,,,,,,,,,,,,,,41.53472,19.546469,1.0000001e-07,41.53472,19.546469,7.0,,,,,,,
41.53472,19.48651,0.0008478358,41.53472,19.48651,0.0008180871,,,,,,,,,,,,,,,,,,,,,,,,,,,,,,,,,,,,,,,,,,,,,,,,,,,,,,,,,,,,,41.53472,19.48651,0.47316995,41.53472,19.48651,0.5266708,,,,,,,,,,,,,,,,,41.53472,19.576448,-0.003965477,41.53472,19.576448,-0.0020544848,,,,,,,,,,,,,,,,,,,,,,,,,,,,,41.53472,19.576448,1.0000001e-07,41.53472,19.576448,7.0,,,,,,,
41.53472,19.516489,0.0007437155,41.53472,19.516489,0.00058009825,,,,,,,,,,,,,,,,,,,,,,,,,,,,,,,,,,,,,,,,,,,,,,,,,,,,,,,,,,,,,41.53472,19.516489,0.1305133,41.53472,19.516489,-0.24753383,,,,,,,,,,,,,,,,,41.53472,19.606426,0.0069070803,41.53472,19.606426,0.02150448,,,,,,,,,,,,,,,,,,,,,,,,,,,,,41.53472,19.606426,1.0000001e-07,41.53472,19.606426,7.0,,,,,,,
41.53472,19.546469,0.0008924588,41.53472,19.546469,0.00068421825,,,,,,,,,,,,,,,,,,,,,,,,,,,,,,,,,,,,,,,,,,,,,,,,,,,,,,,,,,,,,41.53472,19.546469,0.57553834,41.53472,19.546469,0.14505118,,,,,,,,,,,,,,,,,41.53472,19.636406,-0.011648749,41.53472,19.636406,0.017382542,,,,,,,,,,,,,,,,,,,,,,,,,,,,,41.53472,19.636406,1.0000001e-07,41.53472,19.636406,7.0,,,,,,,
41.53472,19.576447,0.00072884123,41.53472,19.576447,0.00068421836,,,,,,,,,,,,,,,,,,,,,,,,,,,,,,,,,,,,,,,,,,,,,,,,,,,,,,,,,,,,,41.53472,19.576447,0.07618909,41.53472,19.576447,0.11065518,,,,,,,,,,,,,,,,,41.53472,19.666386,0.0059693614,41.53472,19.666386,-0.0065904977,,,,,,,,,,,,,,,,,,,,,,,,,,,,,41.53472,19.666386,1.0000001e-07,41.53472,19.666386,7.0,,,,,,,
41.53472,19.606426,0.0008924587,41.53472,19.606426,0.000951956,,,,,,,,,,,,,,,,,,,,,,,,,,,,,,,,,,,,,,,,,,,,,,,,,,,,,,,,,,,,,41.53472,19.606426,0.59430474,41.53472,19.606426,1.0149853,,,,,,,,,,,,,,,,,41.53472,19.696365,-0.0018765972,41.53472,19.696365,-0.005574803,,,,,,,,,,,,,,,,,,,,,,,,,,,,,41.53472,19.696365,1.0000001e-07,41.53472,19.696365,7.0,,,,,,,
41.53472,19.636406,0.00068421825,41.53472,19.636406,0.0008329614,,,,,,,,,,,,,,,,,,,,,,,,,,,,,,,,,,,,,,,,,,,,,,,,,,,,,,,,,,,,,41.53472,19.636406,-0.047699843,41.53472,19.636406,0.5966785,,,,,,,,,,,,,,,,,41.53472,19.726343,-0.00032157905,41.53472,19.726343,0.002252787,,,,,,,,,,,,,,,,,,,,,,,,,,,,,41.53472,19.726343,1.0000001e-07,41.53472,19.726343,7.0,,,,,,,
41.53472,19.666386,0.00083296146,41.53472,19.666386,0.00069909263,,,,,,,,,,,,,,,,,,,,,,,,,,,,,,,,,,,,,,,,,,,,,,,,,,,,,,,,,,,,,41.53472,19.666386,0.42688015,41.53472,19.666386,0.18384035,,,,,,,,,,,,,,,,,41.53472,19.756323,0.016836682,41.53472,19.756323,0.017970355,,,,,,,,,,,,,,,,,,,,,,,,,,,,,41.53472,19.756323,1.0000001e-07,41.53472,19.756323,7.0,,,,,,,
41.53472,19.696365,0.0007734642,41.53472,19.696365,0.00062472105,,,,,,,,,,,,,,,,,,,,,,,,,,,,,,,,,,,,,,,,,,,,,,,,,,,,,,,,,,,,,41.53472,19.696365,0.24328205,41.53472,19.696365,-0.12756716,,,,,,,,,,,,,,,,,41.53472,19.786303,0.020371452,41.53472,19.786303,-0.004828831,,,,,,,,,,,,,,,,,,,,,,,,,,,,,41.53472,19.786303,1.0000001e-07,41.53472,19.786303,7.0,,,,,,,
41.53472,19.726343,0.00072884123,41.53472,19.726343,0.00072884135,,,,,,,,,,,,,,,,,,,,,,,,,,,,,,,,,,,,,,,,,,,,,,,,,,,,,,,,,,,,,41.53472,19.726343,0.07643585,41.53472,19.726343,0.2322727,,,,,,,,,,,,,,,,,41.53472,19.816282,0.0018692762,41.53472,19.816282,-0.0064548277,,,,,,,,,,,,,,,,,,,,,,,,,,,,,41.53472,19.816282,1.0000001e-07,41.53472,19.816282,7.0,,,,,,,
41.53472,19.756323,0.0009222073,41.53472,19.756323,0.00093708164,,,,,,,,,,,,,,,,,,,,,,,,,,,,,,,,,,,,,,,,,,,,,,,,,,,,,,,,,,,,,41.53472,19.756323,0.6950603,41.53472,19.756323,1.0715479,,,,,,,,,,,,,,,,,41.53472,19.84626,-0.014362817,41.53472,19.84626,-0.00900336,,,,,,,,,,,,,,,,,,,,,,,,,,,,,41.53472,19.84626,1.0000001e-07,41.53472,19.84626,7.0,,,,,,,
41.53472,19.786303,0.0010560761,41.53472,19.786303,0.0006098467,,,,,,,,,,,,,,,,,,,,,,,,,,,,,,,,,,,,,,,,,,,,,,,,,,,,,,,,,,,,,41.53472,19.786303,1.1208684,41.53472,19.786303,-0.15086442,,,,,,,,,,,,,,,,,41.53472,19.87624,-0.0013866429,41.53472,19.87624,0.018123815,,,,,,,,,,,,,,,,,,,,,,,,,,,,,41.53472,19.87624,1.0000001e-07,41.53472,19.87624,7.0,,,,,,,
41.53472,19.816282,0.0008180872,41.53472,19.816282,0.00068421836,,,,,,,,,,,,,,,,,,,,,,,,,,,,,,,,,,,,,,,,,,,,,,,,,,,,,,,,,,,,,41.53472,19.816282,0.34522432,41.53472,19.816282,0.08337557,,,,,,,,,,,,,,,,,41.53472,19.90622,0.008497132,41.53472,19.90622,0.0028197172,,,,,,,,,,,,,,,,,,,,,,,,,,,,,41.53472,19.90622,1.0000001e-07,41.53472,19.90622,7.0,,,,,,,
41.53472,19.84626,0.0005652238,41.53472,19.84626,0.0006395954,,,,,,,,,,,,,,,,,,,,,,,,,,,,,,,,,,,,,,,,,,,,,,,,,,,,,,,,,,,,,41.53472,19.84626,-0.43081748,41.53472,19.84626,-0.09328038,,,,,,,,,,,,,,,,,41.53472,19.9362,0.0064082793,41.53472,19.9362,0.0060453583,,,,,,,,,,,,,,,,,,,,,,,,,,,,,41.53472,19.9362,1.0000001e-07,41.53472,19.9362,7.0,,,,,,,
41.53472,19.87624,0.0007585899,41.53472,19.87624,0.00087758445,,,,,,,,,,,,,,,,,,,,,,,,,,,,,,,,,,,,,,,,,,,,,,,,,,,,,,,,,,,,,41.53472,19.87624,0.18855955,41.53472,19.87624,0.72603506,,,,,,,,,,,,,,,,,41.53472,19.966177,-0.007193672,41.53472,19.966177,0.0071961996,,,,,,,,,,,,,,,,,,,,,,,,,,,,,41.53472,19.966177,1.0000001e-07,41.53472,19.966177,7.0,,,,,,,
41.53472,19.90622,0.0009073329,41.53472,19.90622,0.00066934404,,,,,,,,,,,,,,,,,,,,,,,,,,,,,,,,,,,,,,,,,,,,,,,,,,,,,,,,,,,,,41.53472,19.90622,0.6406292,41.53472,19.90622,0.08196124,,,,,,,,,,,,,,,,,41.53472,19.996157,0.00071466033,41.53472,19.996157,0.0010431854,,,,,,,,,,,,,,,,,,,,,,,,,,,,,41.53472,19.996157,1.0000001e-07,41.53472,19.996157,7.0,,,,,,,
41.53472,19.9362,0.00083296146,41.53472,19.9362,0.00080321287,,,,,,,,,,,,,,,,,,,,,,,,,,,,,,,,,,,,,,,,,,,,,,,,,,,,,,,,,,,,,41.53472,19.9362,0.43859884,41.53472,19.9362,0.4392442,,,,,,,,,,,,,,,,,,,,,,,,,,,,,,,,,,,,,,,,,,,,,,,,,,,,,,,,,,,,,,,
41.53472,19.966177,0.00069909263,41.53472,19.966177,0.0007437155,,,,,,,,,,,,,,,,,,,,,,,,,,,,,,,,,,,,,,,,,,,,,,,,,,,,,,,,,,,,,41.53472,19.966177,0.013611887,41.53472,19.966177,0.26229382,,,,,,,,,,,,,,,,,,,,,,,,,,,,,,,,,,,,,,,,,,,,,,,,,,,,,,,,,,,,,,,
41.53472,19.996157,0.0007437155,41.53472,19.996157,0.00072884123,,,,,,,,,,,,,,,,,,,,,,,,,,,,,,,,,,,,,,,,,,,,,,,,,,,,,,,,,,,,,41.53472,19.996157,0.16575867,41.53472,19.996157,0.28652823,,,,,,,,,,,,,,,,,,,,,,,,,,,,,,,,,,,,,,,,,,,,,,,,,,,,,,,,,,,,,,,
41.53472,20.026136,0.00090733304,41.53472,20.026136,0.00068421825,,,,,,,,,,,,,,,,,,,,,,,,,,,,,,,,,,,,,,,,,,,,,,,,,,,,,,,,,,,,,41.53472,20.026136,0.6368945,41.53472,20.026136,0.082055755,,,,,,,,,,,,,,,,,,,,,,,,,,,,,,,,,,,,,,,,,,,,,,,,,,,,,,,,,,,,,,,
41.53472,20.056116,0.00080321287,41.53472,20.056116,0.00069909263,,,,,,,,,,,,,,,,,,,,,,,,,,,,,,,,,,,,,,,,,,,,,,,,,,,,,,,,,,,,,41.53472,20.056116,0.2935417,41.53472,20.056116,0.15310034,,,,,,,,,,,,,,,,,,,,,,,,,,,,,,,,,,,,,,,,,,,,,,,,,,,,,,,,,,,,,,,
41.53472,20.086094,0.0009519559,41.53472,20.086094,0.00062472105,,,,,,,,,,,,,,,,,,,,,,,,,,,,,,,,,,,,,,,,,,,,,,,,,,,,,,,,,,,,,41.53472,20.086094,0.85640883,41.53472,20.086094,-0.07724045,,,,,,,,,,,,,,,,,,,,,,,,,,,,,,,,,,,,,,,,,,,,,,,,,,,,,,,,,,,,,,,
41.53472,20.116074,0.0007734641,41.53472,20.116074,0.0008180871,,,,,,,,,,,,,,,,,,,,,,,,,,,,,,,,,,,,,,,,,,,,,,,,,,,,,,,,,,,,,41.53472,20.116074,0.22229253,41.53472,20.116074,0.5344889,,,,,,,,,,,,,,,,,,,,,,,,,,,,,,,,,,,,,,,,,,,,,,,,,,,,,,,,,,,,,,,
41.53472,20.146053,0.0009668303,41.53472,20.146053,0.00050572655,,,,,,,,,,,,,,,,,,,,,,,,,,,,,,,,,,,,,,,,,,,,,,,,,,,,,,,,,,,,,41.53472,20.146053,0.855922,41.53472,20.146053,-0.5844075,,,,,,,,,,,,,,,,,,,,,,,,,,,,,,,,,,,,,,,,,,,,,,,,,,,,,,,,,,,,,,,
41.53472,20.176033,0.00059497246,41.53472,20.176033,0.00047597795,,,,,,,,,,,,,,,,,,,,,,,,,,,,,,,,,,,,,,,,,,,,,,,,,,,,,,,,,,,,,41.53472,20.176033,-0.32776964,41.53472,20.176033,-0.6785794,,,,,,,,,,,,,,,,,,,,,,,,,,,,,,,,,,,,,,,,,,,,,,,,,,,,,,,,,,,,,,,
41.53472,20.20601,0.0007585898,41.53472,20.20601,0.00059497246,,,,,,,,,,,,,,,,,,,,,,,,,,,,,,,,,,,,,,,,,,,,,,,,,,,,,,,,,,,,,41.53472,20.20601,0.14417607,41.53472,20.20601,-0.21490283,,,,,,,,,,,,,,,,,,,,,,,,,,,,,,,,,,,,,,,,,,,,,,,,,,,,,,,,,,,,,,,
41.53472,20.23599,0.0008478358,41.53472,20.23599,0.00080321275,,,,,,,,,,,,,,,,,,,,,,,,,,,,,,,,,,,,,,,,,,,,,,,,,,,,,,,,,,,,,41.53472,20.23599,0.44803274,41.53472,20.23599,0.4657793,,,,,,,,,,,,,,,,,,,,,,,,,,,,,,,,,,,,,,,,,,,,,,,,,,,,,,,,,,,,,,,
41.53472,20.26597,0.0009370816,41.53472,20.26597,0.00066934404,,,,,,,,,,,,,,,,,,,,,,,,,,,,,,,,,,,,,,,,,,,,,,,,,,,,,,,,,,,,,41.53472,20.26597,0.76903415,41.53472,20.26597,0.004460863,,,,,,,,,,,,,,,,,,,,,,,,,,,,,,,,,,,,,,,,,,,,,,,,,,,,,,,,,,,,,,,
41.53472,20.29595,0.0008924588,41.53472,20.29595,0.0009668303,,,,,,,,,,,,,,,,,,,,,,,,,,,,,,,,,,,,,,,,,,,,,,,,,,,,,,,,,,,,,41.53472,20.29595,0.5686681,41.53472,20.29595,1.0574723,,,,,,,,,,,,,,,,,,,,,,,,,,,,,,,,,,,,,,,,,,,,,,,,,,,,,,,,,,,,,,,
41.53472,20.325928,0.00078833854,41.53472,20.325928,0.00072884123,,,,,,,,,,,,,,,,,,,,,,,,,,,,,,,,,,,,,,,,,,,,,,,,,,,,,,,,,,,,,41.53472,20.325928,0.24809071,41.53472,20.325928,0.22920455,,,,,,,,,,,,,,,,,,,,,,,,,,,,,,,,,,,,,,,,,,,,,,,,,,,,,,,,,,,,,,,
41.53472,20.355907,0.00077346415,41.53472,20.355907,0.0007734642,,,,,,,,,,,,,,,,,,,,,,,,,,,,,,,,,,,,,,,,,,,,,,,,,,,,,,,,,,,,,41.53472,20.355907,0.24881223,41.53472,20.355907,0.39559478,,,,,,,,,,,,,,,,,,,,,,,,,,,,,,,,,,,,,,,,,,,,,,,,,,,,,,,,,,,,,,,
41.53472,20.385887,0.0006098468,41.53472,20.385887,0.0007437155,,,,,,,,,,,,,,,,,,,,,,,,,,,,,,,,,,,,,,,,,,,,,,,,,,,,,,,,,,,,,41.53472,20.385887,-0.32902208,41.53472,20.385887,0.34547344,,,,,,,,,,,,,,,,,,,,,,,,,,,,,,,,,,,,,,,,,,,,,,,,,,,,,,,,,,,,,,,
41.53472,20.415867,0.00087758445,41.53472,20.415867,0.00056522386,,,,,,,,,,,,,,,,,,,,,,,,,,,,,,,,,,,,,,,,,,,,,,,,,,,,,,,,,,,,,41.53472,20.415867,0.561673,41.53472,20.415867,-0.35148802,,,,,,,,,,,,,,,,,,,,,,,,,,,,,,,,,,,,,,,,,,,,,,,,,,,,,,,,,,,,,,,
41.53472,20.445845,0.0008924587,41.53472,20.445845,0.00065446965,,,,,,,,,,,,,,,,,,,,,,,,,,,,,,,,,,,,,,,,,,,,,,,,,,,,,,,,,,,,,41.53472,20.445845,0.6844403,41.53472,20.445845,0.008340842,,,,,,,,,,,,,,,,,,,,,,,,,,,,,,,,,,,,,,,,,,,,,,,,,,,,,,,,,,,,,,,
41.53472,20.475824,0.00080321275,41.53472,20.475824,0.0007437156,,,,,,,,,,,,,,,,,,,,,,,,,,,,,,,,,,,,,,,,,,,,,,,,,,,,,,,,,,,,,41.53472,20.475824,0.39300466,41.53472,20.475824,0.26506817,,,,,,,,,,,,,,,,,,,,,,,,,,,,,,,,,,,,,,,,,,,,,,,,,,,,,,,,,,,,,,,
41.53472,20.505804,0.0008478358,41.53472,20.505804,0.00052060094,,,,,,,,,,,,,,,,,,,,,,,,,,,,,,,,,,,,,,,,,,,,,,,,,,,,,,,,,,,,,41.53472,20.505804,0.46503353,41.53472,20.505804,-0.5157923,,,,,,,,,,,,,,,,,,,,,,,,,,,,,,,,,,,,,,,,,,,,,,,,,,,,,,,,,,,,,,,
41.53472,20.535784,0.00086271006,41.53472,20.535784,0.00072884123,,,,,,,,,,,,,,,,,,,,,,,,,,,,,,,,,,,,,,,,,,,,,,,,,,,,,,,,,,,,,41.53472,20.535784,0.51744634,41.53472,20.535784,0.22332393,,,,,,,,,,,,,,,,,,,,,,,,,,,,,,,,,,,,,,,,,,,,,,,,,,,,,,,,,,,,,,,
41.53472,20.565763,0.00090733304,41.53472,20.565763,0.0009817047,,,,,,,,,,,,,,,,,,,,,,,,,,,,,,,,,,,,,,,,,,,,,,,,,,,,,,,,,,,,,41.53472,20.565763,0.65645504,41.53472,20.565763,1.163261,,,,,,,,,,,,,,,,,,,,,,,,,,,,,,,,,,,,,,,,,,,,,,,,,,,,,,,,,,,,,,,
41.53472,20.595741,0.00087758433,41.53472,20.595741,0.00055034953,,,,,,,,,,,,,,,,,,,,,,,,,,,,,,,,,,,,,,,,,,,,,,,,,,,,,,,,,,,,,41.53472,20.595741,0.60065335,41.53472,20.595741,-0.3986388,,,,,,,,,,,,,,,,,,,,,,,,,,,,,,,,,,,,,,,,,,,,,,,,,,,,,,,,,,,,,,,
41.53472,20.625721,0.00080321275,41.53472,20.625721,0.00072884123,,,,,,,,,,,,,,,,,,,,,,,,,,,,,,,,,,,,,,,,,,,,,,,,,,,,,,,,,,,,,41.53472,20.625721,0.4006995,41.53472,20.625721,0.26705182,,,,,,,,,,,,,,,,,,,,,,,,,,,,,,,,,,,,,,,,,,,,,,,,,,,,,,,,,,,,,,,
41.53472,20.6557,0.0009222073,41.53472,20.6557,0.0008180872,,,,,,,,,,,,,,,,,,,,,,,,,,,,,,,,,,,,,,,,,,,,,,,,,,,,,,,,,,,,,41.53472,20.6557,0.75750166,41.53472,20.6557,0.56691825,,,,,,,,,,,,,,,,,,,,,,,,,,,,,,,,,,,,,,,,,,,,,,,,,,,,,,,,,,,,,,,
41.53472,20.68568,0.0007139669,41.53472,20.68568,0.0009519559,,,,,,,,,,,,,,,,,,,,,,,,,,,,,,,,,,,,,,,,,,,,,,,,,,,,,,,,,,,,,41.53472,20.68568,0.04525859,41.53472,20.68568,1.0479856,,,,,,,,,,,,,,,,,,,,,,,,,,,,,,,,,,,,,,,,,,,,,,,,,,,,,,,,,,,,,,,
41.53472,20.715658,0.0007585899,41.53472,20.715658,0.00081808714,,,,,,,,,,,,,,,,,,,,,,,,,,,,,,,,,,,,,,,,,,,,,,,,,,,,,,,,,,,,,41.53472,20.715658,0.16459987,41.53472,20.715658,0.62691283,,,,,,,,,,,,,,,,,,,,,,,,,,,,,,,,,,,,,,,,,,,,,,,,,,,,,,,,,,,,,,,
41.53472,20.745638,0.00075858994,41.53472,20.745638,0.00084783573,,,,,,,,,,,,,,,,,,,,,,,,,,,,,,,,,,,,,,,,,,,,,,,,,,,,,,,,,,,,,41.53472,20.745638,0.18029088,41.53472,20.745638,0.68311405,,,,,,,,,,,,,,,,,,,,,,,,,,,,,,,,,,,,,,,,,,,,,,,,,,,,,,,,,,,,,,,
41.53472,20.775618,0.00066934404,41.53472,20.775618,0.0006098468,,,,,,,,,,,,,,,,,,,,,,,,,,,,,,,,,,,,,,,,,,,,,,,,,,,,,,,,,,,,,41.53472,20.775618,-0.1494069,41.53472,20.775618,-0.21583627,,,,,,,,,,,,,,,,,,,,,,,,,,,,,,,,,,,,,,,,,,,,,,,,,,,,,,,,,,,,,,,
41.53472,20.805597,0.0005652238,41.53472,20.805597,0.0007734642,,,,,,,,,,,,,,,,,,,,,,,,,,,,,,,,,,,,,,,,,,,,,,,,,,,,,,,,,,,,,41.53472,20.805597,-0.42327654,41.53472,20.805597,0.39496627,,,,,,,,,,,,,,,,,,,,,,,,,,,,,,,,,,,,,,,,,,,,,,,,,,,,,,,,,,,,,,,
41.53472,20.835575,0.0008180872,41.53472,20.835575,0.00072884135,,,,,,,,,,,,,,,,,,,,,,,,,,,,,,,,,,,,,,,,,,,,,,,,,,,,,,,,,,,,,41.53472,20.835575,0.34366867,41.53472,20.835575,0.26326802,,,,,,,,,,,,,,,,,,,,,,,,,,,,,,,,,,,,,,,,,,,,,,,,,,,,,,,,,,,,,,,
41.53472,20.865555,0.0006098467,41.53472,20.865555,0.0009519559,,,,,,,,,,,,,,,,,,,,,,,,,,,,,,,,,,,,,,,,,,,,,,,,,,,,,,,,,,,,,41.53472,20.865555,-0.28609177,41.53472,20.865555,1.0633965,,,,,,,,,,,,,,,,,,,,,,,,,,,,,,,,,,,,,,,,,,,,,,,,,,,,,,,,,,,,,,,
41.53472,20.895535,0.0005800982,41.53472,20.895535,0.0007139669,,,,,,,,,,,,,,,,,,,,,,,,,,,,,,,,,,,,,,,,,,,,,,,,,,,,,,,,,,,,,41.53472,20.895535,-0.41100544,41.53472,20.895535,0.2309903,,,,,,,,,,,,,,,,,,,,,,,,,,,,,,,,,,,,,,,,,,,,,,,,,,,,,,,,,,,,,,,
41.53472,20.925514,0.00069909263,41.53472,20.925514,0.00068421825,,,,,,,,,,,,,,,,,,,,,,,,,,,,,,,,,,,,,,,,,,,,,,,,,,,,,,,,,,,,,41.53472,20.925514,-0.013038331,41.53472,20.925514,0.077576675,,,,,,,,,,,,,,,,,,,,,,,,,,,,,,,,,,,,,,,,,,,,,,,,,,,,,,,,,,,,,,,
41.53472,20.955492,0.0007288412,41.53472,20.955492,0.0005354752,,,,,,,,,,,,,,,,,,,,,,,,,,,,,,,,,,,,,,,,,,,,,,,,,,,,,,,,,,,,,41.53472,20.955492,0.13359085,41.53472,20.955492,-0.41881377,,,,,,,,,,,,,,,,,,,,,,,,,,,,,,,,,,,,,,,,,,,,,,,,,,,,,,,,,,,,,,,
41.53472,20.985472,0.00060984667,41.53472,20.985472,0.0007139669,,,,,,,,,,,,,,,,,,,,,,,,,,,,,,,,,,,,,,,,,,,,,,,,,,,,,,,,,,,,,41.53472,20.985472,-0.2850281,41.53472,20.985472,0.20990783,,,,,,,,,,,,,,,,,,,,,,,,,,,,,,,,,,,,,,,,,,,,,,,,,,,,,,,,,,,,,,,
41.53472,21.015451,0.0007734642,41.53472,21.015451,0.00065446965,,,,,,,,,,,,,,,,,,,,,,,,,,,,,,,,,,,,,,,,,,,,,,,,,,,,,,,,,,,,,41.53472,21.015451,0.2354553,41.53472,21.015451,0.008834362,,,,,,,,,,,,,,,,,,,,,,,,,,,,,,,,,,,,,,,,,,,,,,,,,,,,,,,,,,,,,,,
41.53472,21.045431,0.00090733304,41.53472,21.045431,0.0006395953,,,,,,,,,,,,,,,,,,,,,,,,,,,,,,,,,,,,,,,,,,,,,,,,,,,,,,,,,,,,,41.53472,21.045431,0.6809054,41.53472,21.045431,-0.095185995,,,,,,,,,,,,,,,,,,,,,,,,,,,,,,,,,,,,,,,,,,,,,,,,,,,,,,,,,,,,,,,
41.53472,21.075409,0.00080321287,41.53472,21.075409,0.0007734641,,,,,,,,,,,,,,,,,,,,,,,,,,,,,,,,,,,,,,,,,,,,,,,,,,,,,,,,,,,,,41.53472,21.075409,0.367325,41.53472,21.075409,0.44379452,,,,,,,,,,,,,,,,,,,,,,,,,,,,,,,,,,,,,,,,,,,,,,,,,,,,,,,,,,,,,,,
41.53472,21.105389,0.00069909263,41.53472,21.105389,0.0004908523,,,,,,,,,,,,,,,,,,,,,,,,,,,,,,,,,,,,,,,,,,,,,,,,,,,,,,,,,,,,,41.53472,21.105389,-0.05583277,41.53472,21.105389,-0.6211103,,,,,,,,,,,,,,,,,,,,,,,,,,,,,,,,,,,,,,,,,,,,,,,,,,,,,,,,,,,,,,,
41.53472,21.135368,0.0005800982,41.53472,21.135368,0.0005949724,,,,,,,,,,,,,,,,,,,,,,,,,,,,,,,,,,,,,,,,,,,,,,,,,,,,,,,,,,,,,41.53472,21.135368,-0.4104828,41.53472,21.135368,-0.19117813,,,,,,,,,,,,,,,,,,,,,,,,,,,,,,,,,,,,,,,,,,,,,,,,,,,,,,,,,,,,,,,
41.53472,21.165348,0.0011006991,41.53472,21.165348,0.00066934404,,,,,,,,,,,,,,,,,,,,,,,,,,,,,,,,,,,,,,,,,,,,,,,,,,,,,,,,,,,,,41.53472,21.165348,1.2589926,41.53472,21.165348,0.044709817,,,,,,,,,,,,,,,,,,,,,,,,,,,,,,,,,,,,,,,,,,,,,,,,,,,,,,,,,,,,,,,
41.53472,21.195326,0.00080321287,41.53472,21.195326,0.0007288412,,,,,,,,,,,,,,,,,,,,,,,,,,,,,,,,,,,,,,,,,,,,,,,,,,,,,,,,,,,,,41.53472,21.195326,0.3342787,41.53472,21.195326,0.23954804,,,,,,,,,,,,,,,,,,,,,,,,,,,,,,,,,,,,,,,,,,,,,,,,,,,,,,,,,,,,,,,
41.53472,21.225306,0.0006990926,41.53472,21.225306,0.0006842183,,,,,,,,,,,,,,,,,,,,,,,,,,,,,,,,,,,,,,,,,,,,,,,,,,,,,,,,,,,,,41.53472,21.225306,0.03471435,41.53472,21.225306,0.048303563,,,,,,,,,,,,,,,,,,,,,,,,,,,,,,,,,,,,,,,,,,,,,,,,,,,,,,,,,,,,,,,
41.53472,21.255285,0.0008180872,41.53472,21.255285,0.0006395954,,,,,,,,,,,,,,,,,,,,,,,,,,,,,,,,,,,,,,,,,,,,,,,,,,,,,,,,,,,,,41.53472,21.255285,0.36715266,41.53472,21.255285,0.0066132676,,,,,,,,,,,,,,,,,,,,,,,,,,,,,,,,,,,,,,,,,,,,,,,,,,,,,,,,,,,,,,,
41.53472,21.285265,0.0008329614,41.53472,21.285265,0.0006395953,,,,,,,,,,,,,,,,,,,,,,,,,,,,,,,,,,,,,,,,,,,,,,,,,,,,,,,,,,,,,41.53472,21.285265,0.44552052,41.53472,21.285265,-0.07889381,,,,,,,,,,,,,,,,,,,,,,,,,,,,,,,,,,,,,,,,,,,,,,,,,,,,,,,,,,,,,,,
41.53472,21.315243,0.00058009813,41.53472,21.315243,0.00062472105,,,,,,,,,,,,,,,,,,,,,,,,,,,,,,,,,,,,,,,,,,,,,,,,,,,,,,,,,,,,,41.53472,21.315243,-0.3654441,41.53472,21.315243,-0.124171585,,,,,,,,,,,,,,,,,,,,,,,,,,,,,,,,,,,,,,,,,,,,,,,,,,,,,,,,,,,,,,,
41.53472,21.345222,0.0007883385,41.53472,21.345222,0.00047597795,,,,,,,,,,,,,,,,,,,,,,,,,,,,,,,,,,,,,,,,,,,,,,,,,,,,,,,,,,,,,41.53472,21.345222,0.2954145,41.53472,21.345222,-0.61113197,,,,,,,,,,,,,,,,,,,,,,,,,,,,,,,,,,,,,,,,,,,,,,,,,,,,,,,,,,,,,,,
41.53472,21.375202,0.00066934404,41.53472,21.375202,0.0007437156,,,,,,,,,,,,,,,,,,,,,,,,,,,,,,,,,,,,,,,,,,,,,,,,,,,,,,,,,,,,,41.53472,21.375202,-0.14374083,41.53472,21.375202,0.2885624,,,,,,,,,,,,,,,,,,,,,,,,,,,,,,,,,,,,,,,,,,,,,,,,,,,,,,,,,,,,,,,
41.53472,21.405182,0.0007734641,41.53472,21.405182,0.0007883385,,,,,,,,,,,,,,,,,,,,,,,,,,,,,,,,,,,,,,,,,,,,,,,,,,,,,,,,,,,,,41.53472,21.405182,0.19881044,41.53472,21.405182,0.46320465,,,,,,,,,,,,,,,,,,,,,,,,,,,,,,,,,,,,,,,,,,,,,,,,,,,,,,,,,,,,,,,
41.53472,21.435162,0.0008329614,41.53472,21.435162,0.00072884123,,,,,,,,,,,,,,,,,,,,,,,,,,,,,,,,,,,,,,,,,,,,,,,,,,,,,,,,,,,,,41.53472,21.435162,0.39685723,41.53472,21.435162,0.25367314,,,,,,,,,,,,,,,,,,,,,,,,,,,,,,,,,,,,,,,,,,,,,,,,,,,,,,,,,,,,,,,
41.53472,21.46514,0.00071396696,41.53472,21.46514,0.0005800982,,,,,,,,,,,,,,,,,,,,,,,,,,,,,,,,,,,,,,,,,,,,,,,,,,,,,,,,,,,,,41.53472,21.46514,0.064127706,41.53472,21.46514,-0.26373067,,,,,,,,,,,,,,,,,,,,,,,,,,,,,,,,,,,,,,,,,,,,,,,,,,,,,,,,,,,,,,,
41.53472,21.49512,0.0010263276,41.53472,21.49512,0.0006098467,,,,,,,,,,,,,,,,,,,,,,,,,,,,,,,,,,,,,,,,,,,,,,,,,,,,,,,,,,,,,41.53472,21.49512,1.0013452,41.53472,21.49512,-0.15845293,,,,,,,,,,,,,,,,,,,,,,,,,,,,,,,,,,,,,,,,,,,,,,,,,,,,,,,,,,,,,,,
41.53472,21.525099,0.0007288412,41.53472,21.525099,0.000669344,,,,,,,,,,,,,,,,,,,,,,,,,,,,,,,,,,,,,,,,,,,,,,,,,,,,,,,,,,,,,41.53472,21.525099,0.027944347,41.53472,21.525099,0.074359536,,,,,,,,,,,,,,,,,,,,,,,,,,,,,,,,,,,,,,,,,,,,,,,,,,,,,,,,,,,,,,,
41.53472,21.555079,0.00075858994,41.53472,21.555079,0.0005652238,,,,,,,,,,,,,,,,,,,,,,,,,,,,,,,,,,,,,,,,,,,,,,,,,,,,,,,,,,,,,41.53472,21.555079,0.22254746,41.53472,21.555079,-0.35101563,,,,,,,,,,,,,,,,,,,,,,,,,,,,,,,,,,,,,,,,,,,,,,,,,,,,,,,,,,,,,,,
41.53472,21.585056,0.00078833854,41.53472,21.585056,0.00062472105,,,,,,,,,,,,,,,,,,,,,,,,,,,,,,,,,,,,,,,,,,,,,,,,,,,,,,,,,,,,,41.53472,21.585056,0.27144808,41.53472,21.585056,-0.16580746,,,,,,,,,,,,,,,,,,,,,,,,,,,,,,,,,,,,,,,,,,,,,,,,,,,,,,,,,,,,,,,
41.53472,21.615036,0.0007883386,41.53472,21.615036,0.00069909263,,,,,,,,,,,,,,,,,,,,,,,,,,,,,,,,,,,,,,,,,,,,,,,,,,,,,,,,,,,,,41.53472,21.615036,0.26532498,41.53472,21.615036,0.13219823,,,,,,,,,,,,,,,,,,,,,,,,,,,,,,,,,,,,,,,,,,,,,,,,,,,,,,,,,,,,,,,
41.53472,21.645016,0.00087758433,41.53472,21.645016,0.00071396696,,,,,,,,,,,,,,,,,,,,,,,,,,,,,,,,,,,,,,,,,,,,,,,,,,,,,,,,,,,,,41.53472,21.645016,0.58679986,41.53472,21.645016,0.19732296,,,,,,,,,,,,,,,,,,,,,,,,,,,,,,,,,,,,,,,,,,,,,,,,,,,,,,,,,,,,,,,
41.53472,21.674995,0.00075858994,41.53472,21.674995,0.0008180871,,,,,,,,,,,,,,,,,,,,,,,,,,,,,,,,,,,,,,,,,,,,,,,,,,,,,,,,,,,,,41.53472,21.674995,0.1923962,41.53472,21.674995,0.597264,,,,,,,,,,,,,,,,,,,,,,,,,,,,,,,,,,,,,,,,,,,,,,,,,,,,,,,,,,,,,,,
41.53472,21.704973,0.00087758445,41.53472,21.704973,0.0010560761,,,,,,,,,,,,,,,,,,,,,,,,,,,,,,,,,,,,,,,,,,,,,,,,,,,,,,,,,,,,,41.53472,21.704973,0.621149,41.53472,21.704973,1.4065268,,,,,,,,,,,,,,,,,,,,,,,,,,,,,,,,,,,,,,,,,,,,,,,,,,,,,,,,,,,,,,,
41.53472,21.734953,0.0010560761,41.53472,21.734953,0.0007437156,,,,,,,,,,,,,,,,,,,,,,,,,,,,,,,,,,,,,,,,,,,,,,,,,,,,,,,,,,,,,41.53472,21.734953,1.1577375,41.53472,21.734953,0.3133761,,,,,,,,,,,,,,,,,,,,,,,,,,,,,,,,,,,,,,,,,,,,,,,,,,,,,,,,,,,,,,,
41.53472,21.764933,0.0008478357,41.53472,21.764933,0.00056522386,,,,,,,,,,,,,,,,,,,,,,,,,,,,,,,,,,,,,,,,,,,,,,,,,,,,,,,,,,,,,41.53472,21.764933,0.4728809,41.53472,21.764933,-0.3616703,,,,,,,,,,,,,,,,,,,,,,,,,,,,,,,,,,,,,,,,,,,,,,,,,,,,,,,,,,,,,,,
41.53472,21.794912,0.0007734641,41.53472,21.794912,0.000713967,,,,,,,,,,,,,,,,,,,,,,,,,,,,,,,,,,,,,,,,,,,,,,,,,,,,,,,,,,,,,41.53472,21.794912,0.23490241,41.53472,21.794912,0.24457544,,,,,,,,,,,,,,,,,,,,,,,,,,,,,,,,,,,,,,,,,,,,,,,,,,,,,,,,,,,,,,,
41.53472,21.82489,0.00090733304,41.53472,21.82489,0.00071396696,,,,,,,,,,,,,,,,,,,,,,,,,,,,,,,,,,,,,,,,,,,,,,,,,,,,,,,,,,,,,41.53472,21.82489,0.64947355,41.53472,21.82489,0.20416081,,,,,,,,,,,,,,,,,,,,,,,,,,,,,,,,,,,,,,,,,,,,,,,,,,,,,,,,,,,,,,,
41.53472,21.85487,0.0006842183,41.53472,21.85487,0.0008924587,,,,,,,,,,,,,,,,,,,,,,,,,,,,,,,,,,,,,,,,,,,,,,,,,,,,,,,,,,,,,41.53472,21.85487,-0.097141236,41.53472,21.85487,0.7949006,,,,,,,,,,,,,,,,,,,,,,,,,,,,,,,,,,,,,,,,,,,,,,,,,,,,,,,,,,,,,,,
41.53472,21.88485,0.00068421825,41.53472,21.88485,0.0006098467,,,,,,,,,,,,,,,,,,,,,,,,,,,,,,,,,,,,,,,,,,,,,,,,,,,,,,,,,,,,,41.53472,21.88485,-0.092711896,41.53472,21.88485,-0.17429191,,,,,,,,,,,,,,,,,,,,,,,,,,,,,,,,,,,,,,,,,,,,,,,,,,,,,,,,,,,,,,,
41.53472,21.91483,0.000669344,41.53472,21.91483,0.0007883385,,,,,,,,,,,,,,,,,,,,,,,,,,,,,,,,,,,,,,,,,,,,,,,,,,,,,,,,,,,,,41.53472,21.91483,-0.12581961,41.53472,21.91483,0.4620589,,,,,,,,,,,,,,,,,,,,,,,,,,,,,,,,,,,,,,,,,,,,,,,,,,,,,,,,,,,,,,,
41.53472,21.944807,0.00084783573,41.53472,21.944807,0.0006990927,,,,,,,,,,,,,,,,,,,,,,,,,,,,,,,,,,,,,,,,,,,,,,,,,,,,,,,,,,,,,41.53472,21.944807,0.49568594,41.53472,21.944807,0.14371486,,,,,,,,,,,,,,,,,,,,,,,,,,,,,,,,,,,,,,,,,,,,,,,,,,,,,,,,,,,,,,,
41.53472,21.974787,0.00090733304,41.53472,21.974787,0.0008627101,,,,,,,,,,,,,,,,,,,,,,,,,,,,,,,,,,,,,,,,,,,,,,,,,,,,,,,,,,,,,41.53472,21.974787,0.66913766,41.53472,21.974787,0.72198623,,,,,,,,,,,,,,,,,,,,,,,,,,,,,,,,,,,,,,,,,,,,,,,,,,,,,,,,,,,,,,,
41.53472,22.004766,0.00092220743,41.53472,22.004766,0.00065446965,,,,,,,,,,,,,,,,,,,,,,,,,,,,,,,,,,,,,,,,,,,,,,,,,,,,,,,,,,,,,41.53472,22.004766,0.7434416,41.53472,22.004766,-0.025472654,,,,,,,,,,,,,,,,,,,,,,,,,,,,,,,,,,,,,,,,,,,,,,,,,,,,,,,,,,,,,,,
41.53472,22.034746,0.00065446965,41.53472,22.034746,0.00069909263,,,,,,,,,,,,,,,,,,,,,,,,,,,,,,,,,,,,,,,,,,,,,,,,,,,,,,,,,,,,,41.53472,22.034746,-0.19057168,41.53472,22.034746,0.14493264,,,,,,,,,,,,,,,,,,,,,,,,,,,,,,,,,,,,,,,,,,,,,,,,,,,,,,,,,,,,,,,
41.53472,22.064724,0.00068421825,41.53472,22.064724,0.0007734642,,,,,,,,,,,,,,,,,,,,,,,,,,,,,,,,,,,,,,,,,,,,,,,,,,,,,,,,,,,,,41.53472,22.064724,-0.016770614,41.53472,22.064724,0.37661695,,,,,,,,,,,,,,,,,,,,,,,,,,,,,,,,,,,,,,,,,,,,,,,,,,,,,,,,,,,,,,,
41.53472,22.094704,0.0006395953,41.53472,22.094704,0.0007883384,,,,,,,,,,,,,,,,,,,,,,,,,,,,,,,,,,,,,,,,,,,,,,,,,,,,,,,,,,,,,41.53472,22.094704,-0.24326849,41.53472,22.094704,0.48937714,,,,,,,,,,,,,,,,,,,,,,,,,,,,,,,,,,,,,,,,,,,,,,,,,,,,,,,,,,,,,,,
41.53472,22.124683,0.00084783573,41.53472,22.124683,0.0007437156,,,,,,,,,,,,,,,,,,,,,,,,,,,,,,,,,,,,,,,,,,,,,,,,,,,,,,,,,,,,,41.53472,22.124683,0.5048037,41.53472,22.124683,0.30181,,,,,,,,,,,,,,,,,,,,,,,,,,,,,,,,,,,,,,,,,,,,,,,,,,,,,,,,,,,,,,,
41.53472,22.154663,0.0005503495,41.53472,22.154663,0.0005949724,,,,,,,,,,,,,,,,,,,,,,,,,,,,,,,,,,,,,,,,,,,,,,,,,,,,,,,,,,,,,41.53472,22.154663,-0.5046425,41.53472,22.154663,-0.25190577,,,,,,,,,,,,,,,,,,,,,,,,,,,,,,,,,,,,,,,,,,,,,,,,,,,,,,,,,,,,,,,
41.53472,22.184643,0.00090733304,41.53472,22.184643,0.00068421836,,,,,,,,,,,,,,,,,,,,,,,,,,,,,,,,,,,,,,,,,,,,,,,,,,,,,,,,,,,,,41.53472,22.184643,0.7062508,41.53472,22.184643,0.10243057,,,,,,,,,,,,,,,,,,,,,,,,,,,,,,,,,,,,,,,,,,,,,,,,,,,,,,,,,,,,,,,
41.53472,22.21462,0.00074371556,41.53472,22.21462,0.00062472105,,,,,,,,,,,,,,,,,,,,,,,,,,,,,,,,,,,,,,,,,,,,,,,,,,,,,,,,,,,,,41.53472,22.21462,0.12523572,41.53472,22.21462,-0.13442433,,,,,,,,,,,,,,,,,,,,,,,,,,,,,,,,,,,,,,,,,,,,,,,,,,,,,,,,,,,,,,,
41.53472,22.2446,0.00080321287,41.53472,22.2446,0.00066934404,,,,,,,,,,,,,,,,,,,,,,,,,,,,,,,,,,,,,,,,,,,,,,,,,,,,,,,,,,,,,41.53472,22.2446,0.36249107,41.53472,22.2446,0.030812839,,,,,,,,,,,,,,,,,,,,,,,,,,,,,,,,,,,,,,,,,,,,,,,,,,,,,,,,,,,,,,,
41.53472,22.27458,0.0008180871,41.53472,22.27458,0.0005503495,,,,,,,,,,,,,,,,,,,,,,,,,,,,,,,,,,,,,,,,,,,,,,,,,,,,,,,,,,,,,41.53472,22.27458,0.3694174,41.53472,22.27458,-0.41112876,,,,,,,,,,,,,,,,,,,,,,,,,,,,,,,,,,,,,,,,,,,,,,,,,,,,,,,,,,,,,,,
41.53472,22.30456,0.00083296146,41.53472,22.30456,0.0005949724,,,,,,,,,,,,,,,,,,,,,,,,,,,,,,,,,,,,,,,,,,,,,,,,,,,,,,,,,,,,,41.53472,22.30456,0.42943722,41.53472,22.30456,-0.21041898,,,,,,,,,,,,,,,,,,,,,,,,,,,,,,,,,,,,,,,,,,,,,,,,,,,,,,,,,,,,,,,
41.53472,22.334538,0.00074371556,41.53472,22.334538,0.0005503495,,,,,,,,,,,,,,,,,,,,,,,,,,,,,,,,,,,,,,,,,,,,,,,,,,,,,,,,,,,,,41.53472,22.334538,0.15298101,41.53472,22.334538,-0.3883007,,,,,,,,,,,,,,,,,,,,,,,,,,,,,,,,,,,,,,,,,,,,,,,,,,,,,,,,,,,,,,,
41.53472,22.364517,0.00080321287,41.53472,22.364517,0.0007734642,,,,,,,,,,,,,,,,,,,,,,,,,,,,,,,,,,,,,,,,,,,,,,,,,,,,,,,,,,,,,41.53472,22.364517,0.34810555,41.53472,22.364517,0.43647835,,,,,,,,,,,,,,,,,,,,,,,,,,,,,,,,,,,,,,,,,,,,,,,,,,,,,,,,,,,,,,,
41.53472,22.394497,0.0007139669,41.53472,22.394497,0.0005652238,,,,,,,,,,,,,,,,,,,,,,,,,,,,,,,,,,,,,,,,,,,,,,,,,,,,,,,,,,,,,41.53472,22.394497,-0.016760059,41.53472,22.394497,-0.32089555,,,,,,,,,,,,,,,,,,,,,,,,,,,,,,,,,,,,,,,,,,,,,,,,,,,,,,,,,,,,,,,
41.53472,22.424477,0.0006098468,41.53472,22.424477,0.00065446965,,,,,,,,,,,,,,,,,,,,,,,,,,,,,,,,,,,,,,,,,,,,,,,,,,,,,,,,,,,,,41.53472,22.424477,-0.32563147,41.53472,22.424477,0.015783455,,,,,,,,,,,,,,,,,,,,,,,,,,,,,,,,,,,,,,,,,,,,,,,,,,,,,,,,,,,,,,,
41.53472,22.454454,0.00077346415,41.53472,22.454454,0.0005949724,,,,,,,,,,,,,,,,,,,,,,,,,,,,,,,,,,,,,,,,,,,,,,,,,,,,,,,,,,,,,41.53472,22.454454,0.16610265,41.53472,22.454454,-0.23755985,,,,,,,,,,,,,,,,,,,,,,,,,,,,,,,,,,,,,,,,,,,,,,,,,,,,,,,,,,,,,,,
41.53472,22.484434,0.00068421825,41.53472,22.484434,0.0008478358,,,,,,,,,,,,,,,,,,,,,,,,,,,,,,,,,,,,,,,,,,,,,,,,,,,,,,,,,,,,,41.53472,22.484434,-0.0047443043,41.53472,22.484434,0.6608882,,,,,,,,,,,,,,,,,,,,,,,,,,,,,,,,,,,,,,,,,,,,,,,,,,,,,,,,,,,,,,,
41.53472,22.514414,0.00080321287,41.53472,22.514414,0.0005652238,,,,,,,,,,,,,,,,,,,,,,,,,,,,,,,,,,,,,,,,,,,,,,,,,,,,,,,,,,,,,41.53472,22.514414,0.37439895,41.53472,22.514414,-0.36394536,,,,,,,,,,,,,,,,,,,,,,,,,,,,,,,,,,,,,,,,,,,,,,,,,,,,,,,,,,,,,,,
41.53472,22.544394,0.00078833854,41.53472,22.544394,0.0006395954,,,,,,,,,,,,,,,,,,,,,,,,,,,,,,,,,,,,,,,,,,,,,,,,,,,,,,,,,,,,,41.53472,22.544394,0.2683755,41.53472,22.544394,-0.07286036,,,,,,,,,,,,,,,,,,,,,,,,,,,,,,,,,,,,,,,,,,,,,,,,,,,,,,,,,,,,,,,
41.53472,22.574371,0.000669344,41.53472,22.574371,0.0006842183,,,,,,,,,,,,,,,,,,,,,,,,,,,,,,,,,,,,,,,,,,,,,,,,,,,,,,,,,,,,,41.53472,22.574371,-0.1471135,41.53472,22.574371,0.14031732,,,,,,,,,,,,,,,,,,,,,,,,,,,,,,,,,,,,,,,,,,,,,,,,,,,,,,,,,,,,,,,
41.53472,22.604351,0.0005949724,41.53472,22.604351,0.0008478358,,,,,,,,,,,,,,,,,,,,,,,,,,,,,,,,,,,,,,,,,,,,,,,,,,,,,,,,,,,,,41.53472,22.604351,-0.3123827,41.53472,22.604351,0.6711,,,,,,,,,,,,,,,,,,,,,,,,,,,,,,,,,,,,,,,,,,,,,,,,,,,,,,,,,,,,,,,
41.53472,22.63433,0.0006395954,41.53472,22.63433,0.0006098467,,,,,,,,,,,,,,,,,,,,,,,,,,,,,,,,,,,,,,,,,,,,,,,,,,,,,,,,,,,,,41.53472,22.63433,-0.20326279,41.53472,22.63433,-0.2047138,,,,,,,,,,,,,,,,,,,,,,,,,,,,,,,,,,,,,,,,,,,,,,,,,,,,,,,,,,,,,,,
41.53472,22.66431,0.0006544697,41.53472,22.66431,0.00066934404,,,,,,,,,,,,,,,,,,,,,,,,,,,,,,,,,,,,,,,,,,,,,,,,,,,,,,,,,,,,,41.53472,22.66431,-0.09867714,41.53472,22.66431,0.030609382,,,,,,,,,,,,,,,,,,,,,,,,,,,,,,,,,,,,,,,,,,,,,,,,,,,,,,,,,,,,,,,
41.53472,22.694288,0.0008924586,41.53472,22.694288,0.0007437155,,,,,,,,,,,,,,,,,,,,,,,,,,,,,,,,,,,,,,,,,,,,,,,,,,,,,,,,,,,,,41.53472,22.694288,0.62993085,41.53472,22.694288,0.23905812,,,,,,,,,,,,,,,,,,,,,,,,,,,,,,,,,,,,,,,,,,,,,,,,,,,,,,,,,,,,,,,
41.53472,22.724268,0.0009222073,41.53472,22.724268,0.0007734642,,,,,,,,,,,,,,,,,,,,,,,,,,,,,,,,,,,,,,,,,,,,,,,,,,,,,,,,,,,,,41.53472,22.724268,0.6709721,41.53472,22.724268,0.3491555,,,,,,,,,,,,,,,,,,,,,,,,,,,,,,,,,,,,,,,,,,,,,,,,,,,,,,,,,,,,,,,
41.53472,22.754248,0.0007734641,41.53472,22.754248,0.00065446977,,,,,,,,,,,,,,,,,,,,,,,,,,,,,,,,,,,,,,,,,,,,,,,,,,,,,,,,,,,,,41.53472,22.754248,0.23783885,41.53472,22.754248,-0.03639461,,,,,,,,,,,,,,,,,,,,,,,,,,,,,,,,,,,,,,,,,,,,,,,,,,,,,,,,,,,,,,,
41.53472,22.784227,0.0006990926,41.53472,22.784227,0.0005354752,,,,,,,,,,,,,,,,,,,,,,,,,,,,,,,,,,,,,,,,,,,,,,,,,,,,,,,,,,,,,41.53472,22.784227,0.011601362,41.53472,22.784227,-0.4178061,,,,,,,,,,,,,,,,,,,,,,,,,,,,,,,,,,,,,,,,,,,,,,,,,,,,,,,,,,,,,,,
41.53472,22.814205,0.0008478358,41.53472,22.814205,0.0007734642,,,,,,,,,,,,,,,,,,,,,,,,,,,,,,,,,,,,,,,,,,,,,,,,,,,,,,,,,,,,,41.53472,22.814205,0.5008616,41.53472,22.814205,0.39088023,,,,,,,,,,,,,,,,,,,,,,,,,,,,,,,,,,,,,,,,,,,,,,,,,,,,,,,,,,,,,,,
41.53472,22.844185,0.00083296146,41.53472,22.844185,0.0005652238,,,,,,,,,,,,,,,,,,,,,,,,,,,,,,,,,,,,,,,,,,,,,,,,,,,,,,,,,,,,,41.53472,22.844185,0.40858096,41.53472,22.844185,-0.32889828,,,,,,,,,,,,,,,,,,,,,,,,,,,,,,,,,,,,,,,,,,,,,,,,,,,,,,,,,,,,,,,
41.53472,22.874165,0.0006842183,41.53472,22.874165,0.0007288412,,,,,,,,,,,,,,,,,,,,,,,,,,,,,,,,,,,,,,,,,,,,,,,,,,,,,,,,,,,,,41.53472,22.874165,-0.066522054,41.53472,22.874165,0.26849872,,,,,,,,,,,,,,,,,,,,,,,,,,,,,,,,,,,,,,,,,,,,,,,,,,,,,,,,,,,,,,,
41.53472,22.904144,0.0008180871,41.53472,22.904144,0.0006395954,,,,,,,,,,,,,,,,,,,,,,,,,,,,,,,,,,,,,,,,,,,,,,,,,,,,,,,,,,,,,41.53472,22.904144,0.38322833,41.53472,22.904144,-0.095221005,,,,,,,,,,,,,,,,,,,,,,,,,,,,,,,,,,,,,,,,,,,,,,,,,,,,,,,,,,,,,,,
41.53472,22.934122,0.0007883385,41.53472,22.934122,0.00084783573,,,,,,,,,,,,,,,,,,,,,,,,,,,,,,,,,,,,,,,,,,,,,,,,,,,,,,,,,,,,,41.53472,22.934122,0.30527577,41.53472,22.934122,0.76685286,,,,,,,,,,,,,,,,,,,,,,,,,,,,,,,,,,,,,,,,,,,,,,,,,,,,,,,,,,,,,,,
41.53472,22.964102,0.0008032128,41.53472,22.964102,0.00072884123,,,,,,,,,,,,,,,,,,,,,,,,,,,,,,,,,,,,,,,,,,,,,,,,,,,,,,,,,,,,,41.53472,22.964102,0.36850828,41.53472,22.964102,0.2626064,,,,,,,,,,,,,,,,,,,,,,,,,,,,,,,,,,,,,,,,,,,,,,,,,,,,,,,,,,,,,,,
41.53472,22.994081,0.0007734641,41.53472,22.994081,0.0006395954,,,,,,,,,,,,,,,,,,,,,,,,,,,,,,,,,,,,,,,,,,,,,,,,,,,,,,,,,,,,,41.53472,22.994081,0.262752,41.53472,22.994081,-0.0754679,,,,,,,,,,,,,,,,,,,,,,,,,,,,,,,,,,,,,,,,,,,,,,,,,,,,,,,,,,,,,,,
41.53472,23.024061,0.0009222073,41.53472,23.024061,0.0007288412,,,,,,,,,,,,,,,,,,,,,,,,,,,,,,,,,,,,,,,,,,,,,,,,,,,,,,,,,,,,,41.53472,23.024061,0.74530923,41.53472,23.024061,0.25404564,,,,,,,,,,,,,,,,,,,,,,,,,,,,,,,,,,,,,,,,,,,,,,,,,,,,,,,,,,,,,,,
41.53472,23.05404,0.0008478358,41.53472,23.05404,0.0005354752,,,,,,,,,,,,,,,,,,,,,,,,,,,,,,,,,,,,,,,,,,,,,,,,,,,,,,,,,,,,,41.53472,23.05404,0.47125134,41.53472,23.05404,-0.44325605,,,,,,,,,,,,,,,,,,,,,,,,,,,,,,,,,,,,,,,,,,,,,,,,,,,,,,,,,,,,,,,
41.53472,23.084019,0.00086271,41.53472,23.084019,0.00068421825,,,,,,,,,,,,,,,,,,,,,,,,,,,,,,,,,,,,,,,,,,,,,,,,,,,,,,,,,,,,,41.53472,23.084019,0.5329529,41.53472,23.084019,0.06465622,,,,,,,,,,,,,,,,,,,,,,,,,,,,,,,,,,,,,,,,,,,,,,,,,,,,,,,,,,,,,,,
41.53472,23.113998,0.0007139669,41.53472,23.113998,0.0008478358,,,,,,,,,,,,,,,,,,,,,,,,,,,,,,,,,,,,,,,,,,,,,,,,,,,,,,,,,,,,,41.53472,23.113998,0.041552015,41.53472,23.113998,0.66239613,,,,,,,,,,,,,,,,,,,,,,,,,,,,,,,,,,,,,,,,,,,,,,,,,,,,,,,,,,,,,,,
41.53472,23.143978,0.00062472105,41.53472,23.143978,0.0006395953,,,,,,,,,,,,,,,,,,,,,,,,,,,,,,,,,,,,,,,,,,,,,,,,,,,,,,,,,,,,,41.53472,23.143978,-0.24715693,41.53472,23.143978,-0.02986696,,,,,,,,,,,,,,,,,,,,,,,,,,,,,,,,,,,,,,,,,,,,,,,,,,,,,,,,,,,,,,,
41.53472,23.173958,0.00069909263,41.53472,23.173958,0.0008180871,,,,,,,,,,,,,,,,,,,,,,,,,,,,,,,,,,,,,,,,,,,,,,,,,,,,,,,,,,,,,41.53472,23.173958,0.00969904,41.53472,23.173958,0.5223904,,,,,,,,,,,,,,,,,,,,,,,,,,,,,,,,,,,,,,,,,,,,,,,,,,,,,,,,,,,,,,,
41.53472,23.203936,0.0008180872,41.53472,23.203936,0.0007437155,,,,,,,,,,,,,,,,,,,,,,,,,,,,,,,,,,,,,,,,,,,,,,,,,,,,,,,,,,,,,41.53472,23.203936,0.38368627,41.53472,23.203936,0.4098383,,,,,,,,,,,,,,,,,,,,,,,,,,,,,,,,,,,,,,,,,,,,,,,,,,,,,,,,,,,,,,,
41.53472,23.233915,0.00072884123,41.53472,23.233915,0.0006098467,,,,,,,,,,,,,,,,,,,,,,,,,,,,,,,,,,,,,,,,,,,,,,,,,,,,,,,,,,,,,41.53472,23.233915,0.053834036,41.53472,23.233915,-0.14520065,,,,,,,,,,,,,,,,,,,,,,,,,,,,,,,,,,,,,,,,,,,,,,,,,,,,,,,,,,,,,,,
41.53472,23.263895,0.0010412019,41.53472,23.263895,0.00083296146,,,,,,,,,,,,,,,,,,,,,,,,,,,,,,,,,,,,,,,,,,,,,,,,,,,,,,,,,,,,,41.53472,23.263895,1.0896536,41.53472,23.263895,0.6028465,,,,,,,,,,,,,,,,,,,,,,,,,,,,,,,,,,,,,,,,,,,,,,,,,,,,,,,,,,,,,,,
41.53472,23.293875,0.0007437155,41.53472,23.293875,0.0005503495,,,,,,,,,,,,,,,,,,,,,,,,,,,,,,,,,,,,,,,,,,,,,,,,,,,,,,,,,,,,,41.53472,23.293875,0.13427483,41.53472,23.293875,-0.38703167,,,,,,,,,,,,,,,,,,,,,,,,,,,,,,,,,,,,,,,,,,,,,,,,,,,,,,,,,,,,,,,
41.53472,23.323853,0.0007437156,41.53472,23.323853,0.0007734642,,,,,,,,,,,,,,,,,,,,,,,,,,,,,,,,,,,,,,,,,,,,,,,,,,,,,,,,,,,,,41.53472,23.323853,0.10711605,41.53472,23.323853,0.39504033,,,,,,,,,,,,,,,,,,,,,,,,,,,,,,,,,,,,,,,,,,,,,,,,,,,,,,,,,,,,,,,
41.53472,23.353832,0.00069909263,41.53472,23.353832,0.00078833854,,,,,,,,,,,,,,,,,,,,,,,,,,,,,,,,,,,,,,,,,,,,,,,,,,,,,,,,,,,,,41.53472,23.353832,-0.031018104,41.53472,23.353832,0.44097987,,,,,,,,,,,,,,,,,,,,,,,,,,,,,,,,,,,,,,,,,,,,,,,,,,,,,,,,,,,,,,,
41.53472,23.383812,0.0008180872,41.53472,23.383812,0.0007585899,,,,,,,,,,,,,,,,,,,,,,,,,,,,,,,,,,,,,,,,,,,,,,,,,,,,,,,,,,,,,41.53472,23.383812,0.36320382,41.53472,23.383812,0.3487047,,,,,,,,,,,,,,,,,,,,,,,,,,,,,,,,,,,,,,,,,,,,,,,,,,,,,,,,,,,,,,,
41.53472,23.413792,0.0007288412,41.53472,23.413792,0.00056522386,,,,,,,,,,,,,,,,,,,,,,,,,,,,,,,,,,,,,,,,,,,,,,,,,,,,,,,,,,,,,41.53472,23.413792,0.07208078,41.53472,23.413792,-0.26306957,,,,,,,,,,,,,,,,,,,,,,,,,,,,,,,,,,,,,,,,,,,,,,,,,,,,,,,,,,,,,,,
41.53472,23.44377,0.00072884123,41.53472,23.44377,0.0005652238,,,,,,,,,,,,,,,,,,,,,,,,,,,,,,,,,,,,,,,,,,,,,,,,,,,,,,,,,,,,,41.53472,23.44377,0.111776814,41.53472,23.44377,-0.33122098,,,,,,,,,,,,,,,,,,,,,,,,,,,,,,,,,,,,,,,,,,,,,,,,,,,,,,,,,,,,,,,
41.53472,23.47375,0.0006990926,41.53472,23.47375,0.00055034953,,,,,,,,,,,,,,,,,,,,,,,,,,,,,,,,,,,,,,,,,,,,,,,,,,,,,,,,,,,,,41.53472,23.47375,0.011951838,41.53472,23.47375,-0.37329876,,,,,,,,,,,,,,,,,,,,,,,,,,,,,,,,,,,,,,,,,,,,,,,,,,,,,,,,,,,,,,,
41.53472,23.503729,0.0006395954,41.53472,23.503729,0.0007437155,,,,,,,,,,,,,,,,,,,,,,,,,,,,,,,,,,,,,,,,,,,,,,,,,,,,,,,,,,,,,41.53472,23.503729,-0.17588095,41.53472,23.503729,0.33741134,,,,,,,,,,,,,,,,,,,,,,,,,,,,,,,,,,,,,,,,,,,,,,,,,,,,,,,,,,,,,,,
41.53472,23.533709,0.0005503495,41.53472,23.533709,0.0005503495,,,,,,,,,,,,,,,,,,,,,,,,,,,,,,,,,,,,,,,,,,,,,,,,,,,,,,,,,,,,,41.53472,23.533709,-0.50540185,41.53472,23.533709,-0.33395496,,,,,,,,,,,,,,,,,,,,,,,,,,,,,,,,,,,,,,,,,,,,,,,,,,,,,,,,,,,,,,,
41.53472,23.563686,0.00069909263,41.53472,23.563686,0.00083296146,,,,,,,,,,,,,,,,,,,,,,,,,,,,,,,,,,,,,,,,,,,,,,,,,,,,,,,,,,,,,41.53472,23.563686,0.0047813356,41.53472,23.563686,0.64016205,,,,,,,,,,,,,,,,,,,,,,,,,,,,,,,,,,,,,,,,,,,,,,,,,,,,,,,,,,,,,,,
41.53472,23.593666,0.00080321287,41.53472,23.593666,0.00077346415,,,,,,,,,,,,,,,,,,,,,,,,,,,,,,,,,,,,,,,,,,,,,,,,,,,,,,,,,,,,,41.53472,23.593666,0.27425218,41.53472,23.593666,0.3597742,,,,,,,,,,,,,,,,,,,,,,,,,,,,,,,,,,,,,,,,,,,,,,,,,,,,,,,,,,,,,,,
41.53472,23.623646,0.00074371556,41.53472,23.623646,0.00065446965,,,,,,,,,,,,,,,,,,,,,,,,,,,,,,,,,,,,,,,,,,,,,,,,,,,,,,,,,,,,,41.53472,23.623646,0.08522627,41.53472,23.623646,-0.0117053585,,,,,,,,,,,,,,,,,,,,,,,,,,,,,,,,,,,,,,,,,,,,,,,,,,,,,,,,,,,,,,,
41.53472,23.653625,0.0007288413,41.53472,23.653625,0.0006395954,,,,,,,,,,,,,,,,,,,,,,,,,,,,,,,,,,,,,,,,,,,,,,,,,,,,,,,,,,,,,41.53472,23.653625,0.079333626,41.53472,23.653625,-0.12906557,,,,,,,,,,,,,,,,,,,,,,,,,,,,,,,,,,,,,,,,,,,,,,,,,,,,,,,,,,,,,,,
41.53472,23.683603,0.000996579,41.53472,23.683603,0.00081808714,,,,,,,,,,,,,,,,,,,,,,,,,,,,,,,,,,,,,,,,,,,,,,,,,,,,,,,,,,,,,41.53472,23.683603,0.93114495,41.53472,23.683603,0.52798533,,,,,,,,,,,,,,,,,,,,,,,,,,,,,,,,,,,,,,,,,,,,,,,,,,,,,,,,,,,,,,,
41.53472,23.713583,0.0007139669,41.53472,23.713583,0.00069909263,,,,,,,,,,,,,,,,,,,,,,,,,,,,,,,,,,,,,,,,,,,,,,,,,,,,,,,,,,,,,41.53472,23.713583,0.07197604,41.53472,23.713583,0.14229353,,,,,,,,,,,,,,,,,,,,,,,,,,,,,,,,,,,,,,,,,,,,,,,,,,,,,,,,,,,,,,,
41.53472,23.743563,0.0007585898,41.53472,23.743563,0.0006098468,,,,,,,,,,,,,,,,,,,,,,,,,,,,,,,,,,,,,,,,,,,,,,,,,,,,,,,,,,,,,41.53472,23.743563,0.1926463,41.53472,23.743563,-0.16945924,,,,,,,,,,,,,,,,,,,,,,,,,,,,,,,,,,,,,,,,,,,,,,,,,,,,,,,,,,,,,,,
41.53472,23.773542,0.0007883384,41.53472,23.773542,0.0005800982,,,,,,,,,,,,,,,,,,,,,,,,,,,,,,,,,,,,,,,,,,,,,,,,,,,,,,,,,,,,,41.53472,23.773542,0.2996595,41.53472,23.773542,-0.3013575,,,,,,,,,,,,,,,,,,,,,,,,,,,,,,,,,,,,,,,,,,,,,,,,,,,,,,,,,,,,,,,
41.53472,23.80352,0.0007883385,41.53472,23.80352,0.0007883385,,,,,,,,,,,,,,,,,,,,,,,,,,,,,,,,,,,,,,,,,,,,,,,,,,,,,,,,,,,,,41.53472,23.80352,0.30345586,41.53472,23.80352,0.44125092,,,,,,,,,,,,,,,,,,,,,,,,,,,,,,,,,,,,,,,,,,,,,,,,,,,,,,,,,,,,,,,
41.53472,23.8335,0.00068421825,41.53472,23.8335,0.00052060094,,,,,,,,,,,,,,,,,,,,,,,,,,,,,,,,,,,,,,,,,,,,,,,,,,,,,,,,,,,,,41.53472,23.8335,-0.036207333,41.53472,23.8335,-0.5340358,,,,,,,,,,,,,,,,,,,,,,,,,,,,,,,,,,,,,,,,,,,,,,,,,,,,,,,,,,,,,,,
41.53472,23.86348,0.00078833854,41.53472,23.86348,0.0005949724,,,,,,,,,,,,,,,,,,,,,,,,,,,,,,,,,,,,,,,,,,,,,,,,,,,,,,,,,,,,,41.53472,23.86348,0.28215492,41.53472,23.86348,-0.17428361,,,,,,,,,,,,,,,,,,,,,,,,,,,,,,,,,,,,,,,,,,,,,,,,,,,,,,,,,,,,,,,
41.53472,23.89346,0.00071396696,41.53472,23.89346,0.00068421825,,,,,,,,,,,,,,,,,,,,,,,,,,,,,,,,,,,,,,,,,,,,,,,,,,,,,,,,,,,,,41.53472,23.89346,0.011650775,41.53472,23.89346,0.10763845,,,,,,,,,,,,,,,,,,,,,,,,,,,,,,,,,,,,,,,,,,,,,,,,,,,,,,,,,,,,,,,
41.53472,23.923439,0.00058009813,41.53472,23.923439,0.00047597795,,,,,,,,,,,,,,,,,,,,,,,,,,,,,,,,,,,,,,,,,,,,,,,,,,,,,,,,,,,,,41.53472,23.923439,-0.40415585,41.53472,23.923439,-0.6369598,,,,,,,,,,,,,,,,,,,,,,,,,,,,,,,,,,,,,,,,,,,,,,,,,,,,,,,,,,,,,,,
41.53472,23.953417,0.0007734642,41.53472,23.953417,0.00068421825,,,,,,,,,,,,,,,,,,,,,,,,,,,,,,,,,,,,,,,,,,,,,,,,,,,,,,,,,,,,,41.53472,23.953417,0.20188512,41.53472,23.953417,0.07227429,,,,,,,,,,,,,,,,,,,,,,,,,,,,,,,,,,,,,,,,,,,,,,,,,,,,,,,,,,,,,,,
41.53472,23.983397,0.00080321287,41.53472,23.983397,0.00065446965,,,,,,,,,,,,,,,,,,,,,,,,,,,,,,,,,,,,,,,,,,,,,,,,,,,,,,,,,,,,,41.53472,23.983397,0.35405037,41.53472,23.983397,-0.13379812,,,,,,,,,,,,,,,,,,,,,,,,,,,,,,,,,,,,,,,,,,,,,,,,,,,,,,,,,,,,,,,
41.53472,24.013376,0.0007585898,41.53472,24.013376,0.00058009813,,,,,,,,,,,,,,,,,,,,,,,,,,,,,,,,,,,,,,,,,,,,,,,,,,,,,,,,,,,,,41.53472,24.013376,0.16009049,41.53472,24.013376,-0.3387426,,,,,,,,,,,,,,,,,,,,,,,,,,,,,,,,,,,,,,,,,,,,,,,,,,,,,,,,,,,,,,,
41.53472,24.043356,0.00081808714,41.53472,24.043356,0.00068421825,,,,,,,,,,,,,,,,,,,,,,,,,,,,,,,,,,,,,,,,,,,,,,,,,,,,,,,,,,,,,41.53472,24.043356,0.3387102,41.53472,24.043356,0.17225976,,,,,,,,,,,,,,,,,,,,,,,,,,,,,,,,,,,,,,,,,,,,,,,,,,,,,,,,,,,,,,,
41.53472,24.073334,0.000669344,41.53472,24.073334,0.0006395953,,,,,,,,,,,,,,,,,,,,,,,,,,,,,,,,,,,,,,,,,,,,,,,,,,,,,,,,,,,,,41.53472,24.073334,-0.11669448,41.53472,24.073334,-0.061395474,,,,,,,,,,,,,,,,,,,,,,,,,,,,,,,,,,,,,,,,,,,,,,,,,,,,,,,,,,,,,,,
41.53472,24.103313,0.00074371556,41.53472,24.103313,0.00062472105,,,,,,,,,,,,,,,,,,,,,,,,,,,,,,,,,,,,,,,,,,,,,,,,,,,,,,,,,,,,,41.53472,24.103313,0.11674348,41.53472,24.103313,-0.11858291,,,,,,,,,,,,,,,,,,,,,,,,,,,,,,,,,,,,,,,,,,,,,,,,,,,,,,,,,,,,,,,
41.53472,24.133293,0.0006247211,41.53472,24.133293,0.0007288413,,,,,,,,,,,,,,,,,,,,,,,,,,,,,,,,,,,,,,,,,,,,,,,,,,,,,,,,,,,,,41.53472,24.133293,-0.24754211,41.53472,24.133293,0.28576028,,,,,,,,,,,,,,,,,,,,,,,,,,,,,,,,,,,,,,,,,,,,,,,,,,,,,,,,,,,,,,,
41.53472,24.163273,0.0006842183,41.53472,24.163273,0.00068421825,,,,,,,,,,,,,,,,,,,,,,,,,,,,,,,,,,,,,,,,,,,,,,,,,,,,,,,,,,,,,41.53472,24.163273,-0.07265702,41.53472,24.163273,0.05516622,,,,,,,,,,,,,,,,,,,,,,,,,,,,,,,,,,,,,,,,,,,,,,,,,,,,,,,,,,,,,,,
41.53472,24.19325,0.0008478358,41.53472,24.19325,0.0006395953,,,,,,,,,,,,,,,,,,,,,,,,,,,,,,,,,,,,,,,,,,,,,,,,,,,,,,,,,,,,,41.53472,24.19325,0.45996502,41.53472,24.19325,-0.01100712,,,,,,,,,,,,,,,,,,,,,,,,,,,,,,,,,,,,,,,,,,,,,,,,,,,,,,,,,,,,,,,
41.53472,24.22323,0.0006842183,41.53472,24.22323,0.0006544697,,,,,,,,,,,,,,,,,,,,,,,,,,,,,,,,,,,,,,,,,,,,,,,,,,,,,,,,,,,,,41.53472,24.22323,-0.08411182,41.53472,24.22323,-0.032915726,,,,,,,,,,,,,,,,,,,,,,,,,,,,,,,,,,,,,,,,,,,,,,,,,,,,,,,,,,,,,,,
41.53472,24.25321,0.00066934404,41.53472,24.25321,0.0007734642,,,,,,,,,,,,,,,,,,,,,,,,,,,,,,,,,,,,,,,,,,,,,,,,,,,,,,,,,,,,,41.53472,24.25321,-0.112354435,41.53472,24.25321,0.4521152,,,,,,,,,,,,,,,,,,,,,,,,,,,,,,,,,,,,,,,,,,,,,,,,,,,,,,,,,,,,,,,
41.53472,24.28319,0.0009668302,41.53472,24.28319,0.0006395954,,,,,,,,,,,,,,,,,,,,,,,,,,,,,,,,,,,,,,,,,,,,,,,,,,,,,,,,,,,,,41.53472,24.28319,0.88232434,41.53472,24.28319,-0.012900978,,,,,,,,,,,,,,,,,,,,,,,,,,,,,,,,,,,,,,,,,,,,,,,,,,,,,,,,,,,,,,,
41.53472,24.313168,0.0006098467,41.53472,24.313168,0.0006395953,,,,,,,,,,,,,,,,,,,,,,,,,,,,,,,,,,,,,,,,,,,,,,,,,,,,,,,,,,,,,41.53472,24.313168,-0.2655882,41.53472,24.313168,-0.021928523,,,,,,,,,,,,,,,,,,,,,,,,,,,,,,,,,,,,,,,,,,,,,,,,,,,,,,,,,,,,,,,
41.53472,24.343147,0.0008180871,41.53472,24.343147,0.00059497246,,,,,,,,,,,,,,,,,,,,,,,,,,,,,,,,,,,,,,,,,,,,,,,,,,,,,,,,,,,,,41.53472,24.343147,0.4161697,41.53472,24.343147,-0.21634355,,,,,,,,,,,,,,,,,,,,,,,,,,,,,,,,,,,,,,,,,,,,,,,,,,,,,,,,,,,,,,,
41.53472,24.373127,0.0006990927,41.53472,24.373127,0.0008924587,,,,,,,,,,,,,,,,,,,,,,,,,,,,,,,,,,,,,,,,,,,,,,,,,,,,,,,,,,,,,41.53472,24.373127,-0.047164552,41.53472,24.373127,0.8357715,,,,,,,,,,,,,,,,,,,,,,,,,,,,,,,,,,,,,,,,,,,,,,,,,,,,,,,,,,,,,,,
41.53472,24.403107,0.00071396696,41.53472,24.403107,0.00080321287,,,,,,,,,,,,,,,,,,,,,,,,,,,,,,,,,,,,,,,,,,,,,,,,,,,,,,,,,,,,,41.53472,24.403107,0.023372067,41.53472,24.403107,0.52498114,,,,,,,,,,,,,,,,,,,,,,,,,,,,,,,,,,,,,,,,,,,,,,,,,,,,,,,,,,,,,,,
41.53472,24.433084,0.0006842183,41.53472,24.433084,0.00066934404,,,,,,,,,,,,,,,,,,,,,,,,,,,,,,,,,,,,,,,,,,,,,,,,,,,,,,,,,,,,,41.53472,24.433084,-0.096863754,41.53472,24.433084,0.059634406,,,,,,,,,,,,,,,,,,,,,,,,,,,,,,,,,,,,,,,,,,,,,,,,,,,,,,,,,,,,,,,
41.53472,24.463064,0.0006395954,41.53472,24.463064,0.00065446977,,,,,,,,,,,,,,,,,,,,,,,,,,,,,,,,,,,,,,,,,,,,,,,,,,,,,,,,,,,,,41.53472,24.463064,-0.19633514,41.53472,24.463064,0.013068054,,,,,,,,,,,,,,,,,,,,,,,,,,,,,,,,,,,,,,,,,,,,,,,,,,,,,,,,,,,,,,,
41.53472,24.493044,0.00083296146,41.53472,24.493044,0.00068421836,,,,,,,,,,,,,,,,,,,,,,,,,,,,,,,,,,,,,,,,,,,,,,,,,,,,,,,,,,,,,41.53472,24.493044,0.36697417,41.53472,24.493044,0.09926607,,,,,,,,,,,,,,,,,,,,,,,,,,,,,,,,,,,,,,,,,,,,,,,,,,,,,,,,,,,,,,,
41.53472,24.523024,0.0006842183,41.53472,24.523024,0.0006247211,,,,,,,,,,,,,,,,,,,,,,,,,,,,,,,,,,,,,,,,,,,,,,,,,,,,,,,,,,,,,41.53472,24.523024,-0.07768949,41.53472,24.523024,-0.13297547,,,,,,,,,,,,,,,,,,,,,,,,,,,,,,,,,,,,,,,,,,,,,,,,,,,,,,,,,,,,,,,
41.53472,24.553001,0.0007585899,41.53472,24.553001,0.0006247211,,,,,,,,,,,,,,,,,,,,,,,,,,,,,,,,,,,,,,,,,,,,,,,,,,,,,,,,,,,,,41.53472,24.553001,0.13270724,41.53472,24.553001,-0.1362824,,,,,,,,,,,,,,,,,,,,,,,,,,,,,,,,,,,,,,,,,,,,,,,,,,,,,,,,,,,,,,,
41.53472,24.582981,0.00080321287,41.53472,24.582981,0.00062472105,,,,,,,,,,,,,,,,,,,,,,,,,,,,,,,,,,,,,,,,,,,,,,,,,,,,,,,,,,,,,41.53472,24.582981,0.34974802,41.53472,24.582981,-0.0957685,,,,,,,,,,,,,,,,,,,,,,,,,,,,,,,,,,,,,,,,,,,,,,,,,,,,,,,,,,,,,,,
41.53472,24.61296,0.00065446965,41.53472,24.61296,0.0007437155,,,,,,,,,,,,,,,,,,,,,,,,,,,,,,,,,,,,,,,,,,,,,,,,,,,,,,,,,,,,,41.53472,24.61296,-0.18796846,41.53472,24.61296,0.2284928,,,,,,,,,,,,,,,,,,,,,,,,,,,,,,,,,,,,,,,,,,,,,,,,,,,,,,,,,,,,,,,
41.53472,24.64294,0.00077346415,41.53472,24.64294,0.0006247211,,,,,,,,,,,,,,,,,,,,,,,,,,,,,,,,,,,,,,,,,,,,,,,,,,,,,,,,,,,,,41.53472,24.64294,0.1847517,41.53472,24.64294,-0.15348837,,,,,,,,,,,,,,,,,,,,,,,,,,,,,,,,,,,,,,,,,,,,,,,,,,,,,,,,,,,,,,,
41.53472,24.672918,0.0006395954,41.53472,24.672918,0.0007437156,,,,,,,,,,,,,,,,,,,,,,,,,,,,,,,,,,,,,,,,,,,,,,,,,,,,,,,,,,,,,41.53472,24.672918,-0.20101637,41.53472,24.672918,0.27808842,,,,,,,,,,,,,,,,,,,,,,,,,,,,,,,,,,,,,,,,,,,,,,,,,,,,,,,,,,,,,,,
41.53472,24.702898,0.00077346415,41.53472,24.702898,0.0004908523,,,,,,,,,,,,,,,,,,,,,,,,,,,,,,,,,,,,,,,,,,,,,,,,,,,,,,,,,,,,,41.53472,24.702898,0.23171237,41.53472,24.702898,-0.64535457,,,,,,,,,,,,,,,,,,,,,,,,,,,,,,,,,,,,,,,,,,,,,,,,,,,,,,,,,,,,,,,
41.53472,24.732878,0.0007883384,41.53472,24.732878,0.0005800982,,,,,,,,,,,,,,,,,,,,,,,,,,,,,,,,,,,,,,,,,,,,,,,,,,,,,,,,,,,,,41.53472,24.732878,0.31711867,41.53472,24.732878,-0.24135351,,,,,,,,,,,,,,,,,,,,,,,,,,,,,,,,,,,,,,,,,,,,,,,,,,,,,,,,,,,,,,,
41.53472,24.762857,0.0006098467,41.53472,24.762857,0.00074371556,,,,,,,,,,,,,,,,,,,,,,,,,,,,,,,,,,,,,,,,,,,,,,,,,,,,,,,,,,,,,41.53472,24.762857,-0.3353543,41.53472,24.762857,0.3534058,,,,,,,,,,,,,,,,,,,,,,,,,,,,,,,,,,,,,,,,,,,,,,,,,,,,,,,,,,,,,,,
41.53472,24.792837,0.0006395954,41.53472,24.792837,0.0006098468,,,,,,,,,,,,,,,,,,,,,,,,,,,,,,,,,,,,,,,,,,,,,,,,,,,,,,,,,,,,,41.53472,24.792837,-0.21075149,41.53472,24.792837,-0.17808081,,,,,,,,,,,,,,,,,,,,,,,,,,,,,,,,,,,,,,,,,,,,,,,,,,,,,,,,,,,,,,,
41.53472,24.822815,0.00072884123,41.53472,24.822815,0.00069909263,,,,,,,,,,,,,,,,,,,,,,,,,,,,,,,,,,,,,,,,,,,,,,,,,,,,,,,,,,,,,41.53472,24.822815,0.13176078,41.53472,24.822815,0.14877363,,,,,,,,,,,,,,,,,,,,,,,,,,,,,,,,,,,,,,,,,,,,,,,,,,,,,,,,,,,,,,,
41.53472,24.852795,0.0006842183,41.53472,24.852795,0.00058009813,,,,,,,,,,,,,,,,,,,,,,,,,,,,,,,,,,,,,,,,,,,,,,,,,,,,,,,,,,,,,41.53472,24.852795,-0.103333324,41.53472,24.852795,-0.32027447,,,,,,,,,,,,,,,,,,,,,,,,,,,,,,,,,,,,,,,,,,,,,,,,,,,,,,,,,,,,,,,
41.53472,24.882774,0.0005206009,41.53472,24.882774,0.00058009813,,,,,,,,,,,,,,,,,,,,,,,,,,,,,,,,,,,,,,,,,,,,,,,,,,,,,,,,,,,,,41.53472,24.882774,-0.556879,41.53472,24.882774,-0.24147026,,,,,,,,,,,,,,,,,,,,,,,,,,,,,,,,,,,,,,,,,,,,,,,,,,,,,,,,,,,,,,,
41.53472,24.912754,0.00069909263,41.53472,24.912754,0.0006395954,,,,,,,,,,,,,,,,,,,,,,,,,,,,,,,,,,,,,,,,,,,,,,,,,,,,,,,,,,,,,41.53472,24.912754,-0.0029477344,41.53472,24.912754,-0.07807974,,,,,,,,,,,,,,,,,,,,,,,,,,,,,,,,,,,,,,,,,,,,,,,,,,,,,,,,,,,,,,,
41.53472,24.942732,0.00065446965,41.53472,24.942732,0.0006395954,,,,,,,,,,,,,,,,,,,,,,,,,,,,,,,,,,,,,,,,,,,,,,,,,,,,,,,,,,,,,41.53472,24.942732,-0.14951938,41.53472,24.942732,-0.117758475,,,,,,,,,,,,,,,,,,,,,,,,,,,,,,,,,,,,,,,,,,,,,,,,,,,,,,,,,,,,,,,
41.53472,24.972712,0.0007437155,41.53472,24.972712,0.0006842183,,,,,,,,,,,,,,,,,,,,,,,,,,,,,,,,,,,,,,,,,,,,,,,,,,,,,,,,,,,,,41.53472,24.972712,0.13536389,41.53472,24.972712,0.08196407,,,,,,,,,,,,,,,,,,,,,,,,,,,,,,,,,,,,,,,,,,,,,,,,,,,,,,,,,,,,,,,
41.53472,25.002691,0.00077346415,41.53472,25.002691,0.00078833854,,,,,,,,,,,,,,,,,,,,,,,,,,,,,,,,,,,,,,,,,,,,,,,,,,,,,,,,,,,,,41.53472,25.002691,0.20959121,41.53472,25.002691,0.512949,,,,,,,,,,,,,,,,,,,,,,,,,,,,,,,,,,,,,,,,,,,,,,,,,,,,,,,,,,,,,,,
41.53472,25.032671,0.00068421825,41.53472,25.032671,0.0006544697,,,,,,,,,,,,,,,,,,,,,,,,,,,,,,,,,,,,,,,,,,,,,,,,,,,,,,,,,,,,,41.53472,25.032671,-0.032702208,41.53472,25.032671,-0.0049344697,,,,,,,,,,,,,,,,,,,,,,,,,,,,,,,,,,,,,,,,,,,,,,,,,,,,,,,,,,,,,,,
41.53472,25.062649,0.00080321275,41.53472,25.062649,0.000713967,,,,,,,,,,,,,,,,,,,,,,,,,,,,,,,,,,,,,,,,,,,,,,,,,,,,,,,,,,,,,41.53472,25.062649,0.26346895,41.53472,25.062649,0.18545437,,,,,,,,,,,,,,,,,,,,,,,,,,,,,,,,,,,,,,,,,,,,,,,,,,,,,,,,,,,,,,,
41.53472,25.092628,0.00083296135,41.53472,25.092628,0.0005949724,,,,,,,,,,,,,,,,,,,,,,,,,,,,,,,,,,,,,,,,,,,,,,,,,,,,,,,,,,,,,41.53472,25.092628,0.4640761,41.53472,25.092628,-0.25288287,,,,,,,,,,,,,,,,,,,,,,,,,,,,,,,,,,,,,,,,,,,,,,,,,,,,,,,,,,,,,,,
41.53472,25.122608,0.0005652238,41.53472,25.122608,0.0006395953,,,,,,,,,,,,,,,,,,,,,,,,,,,,,,,,,,,,,,,,,,,,,,,,,,,,,,,,,,,,,41.53472,25.122608,-0.43594116,41.53472,25.122608,-0.08897347,,,,,,,,,,,,,,,,,,,,,,,,,,,,,,,,,,,,,,,,,,,,,,,,,,,,,,,,,,,,,,,
41.53472,25.152588,0.0007883385,41.53472,25.152588,0.0005652238,,,,,,,,,,,,,,,,,,,,,,,,,,,,,,,,,,,,,,,,,,,,,,,,,,,,,,,,,,,,,41.53472,25.152588,0.25023463,41.53472,25.152588,-0.3556922,,,,,,,,,,,,,,,,,,,,,,,,,,,,,,,,,,,,,,,,,,,,,,,,,,,,,,,,,,,,,,,
41.53472,25.182566,0.00077346415,41.53472,25.182566,0.000669344,,,,,,,,,,,,,,,,,,,,,,,,,,,,,,,,,,,,,,,,,,,,,,,,,,,,,,,,,,,,,41.53472,25.182566,0.24749091,41.53472,25.182566,0.046589747,,,,,,,,,,,,,,,,,,,,,,,,,,,,,,,,,,,,,,,,,,,,,,,,,,,,,,,,,,,,,,,
41.53472,25.212545,0.0005652238,41.53472,25.212545,0.00068421825,,,,,,,,,,,,,,,,,,,,,,,,,,,,,,,,,,,,,,,,,,,,,,,,,,,,,,,,,,,,,41.53472,25.212545,-0.45561826,41.53472,25.212545,0.07810891,,,,,,,,,,,,,,,,,,,,,,,,,,,,,,,,,,,,,,,,,,,,,,,,,,,,,,,,,,,,,,,
41.53472,25.242525,0.00071396696,41.53472,25.242525,0.00068421836,,,,,,,,,,,,,,,,,,,,,,,,,,,,,,,,,,,,,,,,,,,,,,,,,,,,,,,,,,,,,41.53472,25.242525,0.03542768,41.53472,25.242525,0.098433524,,,,,,,,,,,,,,,,,,,,,,,,,,,,,,,,,,,,,,,,,,,,,,,,,,,,,,,,,,,,,,,
41.53472,25.272505,0.00081808714,41.53472,25.272505,0.00062472105,,,,,,,,,,,,,,,,,,,,,,,,,,,,,,,,,,,,,,,,,,,,,,,,,,,,,,,,,,,,,41.53472,25.272505,0.37726203,41.53472,25.272505,-0.06525229,,,,,,,,,,,,,,,,,,,,,,,,,,,,,,,,,,,,,,,,,,,,,,,,,,,,,,,,,,,,,,,
41.53472,25.302483,0.0007288412,41.53472,25.302483,0.0008924587,,,,,,,,,,,,,,,,,,,,,,,,,,,,,,,,,,,,,,,,,,,,,,,,,,,,,,,,,,,,,41.53472,25.302483,0.11204425,41.53472,25.302483,0.84929204,,,,,,,,,,,,,,,,,,,,,,,,,,,,,,,,,,,,,,,,,,,,,,,,,,,,,,,,,,,,,,,
41.53472,25.332462,0.00053547526,41.53472,25.332462,0.00080321287,,,,,,,,,,,,,,,,,,,,,,,,,,,,,,,,,,,,,,,,,,,,,,,,,,,,,,,,,,,,,41.53472,25.332462,-0.49104077,41.53472,25.332462,0.45122325,,,,,,,,,,,,,,,,,,,,,,,,,,,,,,,,,,,,,,,,,,,,,,,,,,,,,,,,,,,,,,,
41.53472,25.362442,0.00078833854,41.53472,25.362442,0.00071396696,,,,,,,,,,,,,,,,,,,,,,,,,,,,,,,,,,,,,,,,,,,,,,,,,,,,,,,,,,,,,41.53472,25.362442,0.2867086,41.53472,25.362442,0.26642758,,,,,,,,,,,,,,,,,,,,,,,,,,,,,,,,,,,,,,,,,,,,,,,,,,,,,,,,,,,,,,,
41.53472,25.392422,0.00069909263,41.53472,25.392422,0.00068421825,,,,,,,,,,,,,,,,,,,,,,,,,,,,,,,,,,,,,,,,,,,,,,,,,,,,,,,,,,,,,41.53472,25.392422,-0.020905005,41.53472,25.392422,0.106279776,,,,,,,,,,,,,,,,,,,,,,,,,,,,,,,,,,,,,,,,,,,,,,,,,,,,,,,,,,,,,,,
41.53472,25.4224,0.0007883385,41.53472,25.4224,0.00059497246,,,,,,,,,,,,,,,,,,,,,,,,,,,,,,,,,,,,,,,,,,,,,,,,,,,,,,,,,,,,,41.53472,25.4224,0.27752697,41.53472,25.4224,-0.18360008,,,,,,,,,,,,,,,,,,,,,,,,,,,,,,,,,,,,,,,,,,,,,,,,,,,,,,,,,,,,,,,
41.53472,25.45238,0.0006098468,41.53472,25.45238,0.00072884123,,,,,,,,,,,,,,,,,,,,,,,,,,,,,,,,,,,,,,,,,,,,,,,,,,,,,,,,,,,,,41.53472,25.45238,-0.28929132,41.53472,25.45238,0.23811446,,,,,,,,,,,,,,,,,,,,,,,,,,,,,,,,,,,,,,,,,,,,,,,,,,,,,,,,,,,,,,,
41.53472,25.482359,0.0005354752,41.53472,25.482359,0.0006395953,,,,,,,,,,,,,,,,,,,,,,,,,,,,,,,,,,,,,,,,,,,,,,,,,,,,,,,,,,,,,41.53472,25.482359,-0.54979515,41.53472,25.482359,-0.069074474,,,,,,,,,,,,,,,,,,,,,,,,,,,,,,,,,,,,,,,,,,,,,,,,,,,,,,,,,,,,,,,
41.53472,25.512339,0.0008032128,41.53472,25.512339,0.00072884123,,,,,,,,,,,,,,,,,,,,,,,,,,,,,,,,,,,,,,,,,,,,,,,,,,,,,,,,,,,,,41.53472,25.512339,0.29457933,41.53472,25.512339,0.22952281,,,,,,,,,,,,,,,,,,,,,,,,,,,,,,,,,,,,,,,,,,,,,,,,,,,,,,,,,,,,,,,
41.53472,25.542316,0.00090733304,41.53472,25.542316,0.0007437156,,,,,,,,,,,,,,,,,,,,,,,,,,,,,,,,,,,,,,,,,,,,,,,,,,,,,,,,,,,,,41.53472,25.542316,0.661376,41.53472,25.542316,0.31567803,,,,,,,,,,,,,,,,,,,,,,,,,,,,,,,,,,,,,,,,,,,,,,,,,,,,,,,,,,,,,,,
41.53472,25.572296,0.000713967,41.53472,25.572296,0.0006247211,,,,,,,,,,,,,,,,,,,,,,,,,,,,,,,,,,,,,,,,,,,,,,,,,,,,,,,,,,,,,41.53472,25.572296,0.060793087,41.53472,25.572296,-0.11553853,,,,,,,,,,,,,,,,,,,,,,,,,,,,,,,,,,,,,,,,,,,,,,,,,,,,,,,,,,,,,,,
41.53472,25.602276,0.00077346415,41.53472,25.602276,0.0006247212,,,,,,,,,,,,,,,,,,,,,,,,,,,,,,,,,,,,,,,,,,,,,,,,,,,,,,,,,,,,,41.53472,25.602276,0.22410157,41.53472,25.602276,-0.1274637,,,,,,,,,,,,,,,,,,,,,,,,,,,,,,,,,,,,,,,,,,,,,,,,,,,,,,,,,,,,,,,
41.53472,25.632256,0.0008180871,41.53472,25.632256,0.00062472105,,,,,,,,,,,,,,,,,,,,,,,,,,,,,,,,,,,,,,,,,,,,,,,,,,,,,,,,,,,,,41.53472,25.632256,0.37885293,41.53472,25.632256,-0.07950412,,,,,,,,,,,,,,,,,,,,,,,,,,,,,,,,,,,,,,,,,,,,,,,,,,,,,,,,,,,,,,,
41.53472,25.662235,0.0005206008,41.53472,25.662235,0.00068421825,,,,,,,,,,,,,,,,,,,,,,,,,,,,,,,,,,,,,,,,,,,,,,,,,,,,,,,,,,,,,41.53472,25.662235,-0.62311214,41.53472,25.662235,0.08303678,,,,,,,,,,,,,,,,,,,,,,,,,,,,,,,,,,,,,,,,,,,,,,,,,,,,,,,,,,,,,,,
41.53472,25.692213,0.0007139669,41.53472,25.692213,0.0006247211,,,,,,,,,,,,,,,,,,,,,,,,,,,,,,,,,,,,,,,,,,,,,,,,,,,,,,,,,,,,,41.53472,25.692213,0.04001414,41.53472,25.692213,-0.17823951,,,,,,,,,,,,,,,,,,,,,,,,,,,,,,,,,,,,,,,,,,,,,,,,,,,,,,,,,,,,,,,
41.53472,25.722193,0.000713967,41.53472,25.722193,0.0006395954,,,,,,,,,,,,,,,,,,,,,,,,,,,,,,,,,,,,,,,,,,,,,,,,,,,,,,,,,,,,,41.53472,25.722193,0.0026658508,41.53472,25.722193,-0.15739745,,,,,,,,,,,,,,,,,,,,,,,,,,,,,,,,,,,,,,,,,,,,,,,,,,,,,,,,,,,,,,,
41.53472,25.752172,0.00084783573,41.53472,25.752172,0.0007437155,,,,,,,,,,,,,,,,,,,,,,,,,,,,,,,,,,,,,,,,,,,,,,,,,,,,,,,,,,,,,41.53472,25.752172,0.4785195,41.53472,25.752172,0.358886,,,,,,,,,,,,,,,,,,,,,,,,,,,,,,,,,,,,,,,,,,,,,,,,,,,,,,,,,,,,,,,
41.53472,25.782152,0.00074371556,41.53472,25.782152,0.00077346415,,,,,,,,,,,,,,,,,,,,,,,,,,,,,,,,,,,,,,,,,,,,,,,,,,,,,,,,,,,,,41.53472,25.782152,0.15093596,41.53472,25.782152,0.45566764,,,,,,,,,,,,,,,,,,,,,,,,,,,,,,,,,,,,,,,,,,,,,,,,,,,,,,,,,,,,,,,
41.53472,25.81213,0.00058009813,41.53472,25.81213,0.000669344,,,,,,,,,,,,,,,,,,,,,,,,,,,,,,,,,,,,,,,,,,,,,,,,,,,,,,,,,,,,,41.53472,25.81213,-0.4110074,41.53472,25.81213,0.049183886,,,,,,,,,,,,,,,,,,,,,,,,,,,,,,,,,,,,,,,,,,,,,,,,,,,,,,,,,,,,,,,
41.53472,25.84211,0.00081808714,41.53472,25.84211,0.00050572655,,,,,,,,,,,,,,,,,,,,,,,,,,,,,,,,,,,,,,,,,,,,,,,,,,,,,,,,,,,,,41.53472,25.84211,0.41303822,41.53472,25.84211,-0.53563374,,,,,,,,,,,,,,,,,,,,,,,,,,,,,,,,,,,,,,,,,,,,,,,,,,,,,,,,,,,,,,,
41.53472,25.87209,0.0007585899,41.53472,25.87209,0.0004908522,,,,,,,,,,,,,,,,,,,,,,,,,,,,,,,,,,,,,,,,,,,,,,,,,,,,,,,,,,,,,41.53472,25.87209,0.1433449,41.53472,25.87209,-0.5552064,,,,,,,,,,,,,,,,,,,,,,,,,,,,,,,,,,,,,,,,,,,,,,,,,,,,,,,,,,,,,,,
41.53472,25.90207,0.0009073329,41.53472,25.90207,0.0008627101,,,,,,,,,,,,,,,,,,,,,,,,,,,,,,,,,,,,,,,,,,,,,,,,,,,,,,,,,,,,,41.53472,25.90207,0.6583459,41.53472,25.90207,0.70018107,,,,,,,,,,,,,,,,,,,,,,,,,,,,,,,,,,,,,,,,,,,,,,,,,,,,,,,,,,,,,,,
41.53472,25.932047,0.0006247211,41.53472,25.932047,0.00065446965,,,,,,,,,,,,,,,,,,,,,,,,,,,,,,,,,,,,,,,,,,,,,,,,,,,,,,,,,,,,,41.53472,25.932047,-0.29545206,41.53472,25.932047,-0.0020358828,,,,,,,,,,,,,,,,,,,,,,,,,,,,,,,,,,,,,,,,,,,,,,,,,,,,,,,,,,,,,,,
41.53472,25.962027,0.00069909263,41.53472,25.962027,0.0005800982,,,,,,,,,,,,,,,,,,,,,,,,,,,,,,,,,,,,,,,,,,,,,,,,,,,,,,,,,,,,,41.53472,25.962027,0.014143149,41.53472,25.962027,-0.25427088,,,,,,,,,,,,,,,,,,,,,,,,,,,,,,,,,,,,,,,,,,,,,,,,,,,,,,,,,,,,,,,
41.53472,25.992006,0.000951956,41.53472,25.992006,0.00069909263,,,,,,,,,,,,,,,,,,,,,,,,,,,,,,,,,,,,,,,,,,,,,,,,,,,,,,,,,,,,,41.53472,25.992006,0.8332854,41.53472,25.992006,0.12138037,,,,,,,,,,,,,,,,,,,,,,,,,,,,,,,,,,,,,,,,,,,,,,,,,,,,,,,,,,,,,,,
41.53472,26.021986,0.00069909263,41.53472,26.021986,0.0007139669,,,,,,,,,,,,,,,,,,,,,,,,,,,,,,,,,,,,,,,,,,,,,,,,,,,,,,,,,,,,,41.53472,26.021986,-0.027319755,41.53472,26.021986,0.23739614,,,,,,,,,,,,,,,,,,,,,,,,,,,,,,,,,,,,,,,,,,,,,,,,,,,,,,,,,,,,,,,
41.53472,26.051964,0.0008329614,41.53472,26.051964,0.00066934404,,,,,,,,,,,,,,,,,,,,,,,,,,,,,,,,,,,,,,,,,,,,,,,,,,,,,,,,,,,,,41.53472,26.051964,0.4367294,41.53472,26.051964,0.047706194,,,,,,,,,,,,,,,,,,,,,,,,,,,,,,,,,,,,,,,,,,,,,,,,,,,,,,,,,,,,,,,
41.53472,26.081944,0.0008329614,41.53472,26.081944,0.0005949724,,,,,,,,,,,,,,,,,,,,,,,,,,,,,,,,,,,,,,,,,,,,,,,,,,,,,,,,,,,,,41.53472,26.081944,0.39693892,41.53472,26.081944,-0.19133641,,,,,,,,,,,,,,,,,,,,,,,,,,,,,,,,,,,,,,,,,,,,,,,,,,,,,,,,,,,,,,,
41.53472,26.111923,0.0007139669,41.53472,26.111923,0.0007437155,,,,,,,,,,,,,,,,,,,,,,,,,,,,,,,,,,,,,,,,,,,,,,,,,,,,,,,,,,,,,41.53472,26.111923,0.054098036,41.53472,26.111923,0.25727135,,,,,,,,,,,,,,,,,,,,,,,,,,,,,,,,,,,,,,,,,,,,,,,,,,,,,,,,,,,,,,,
41.53472,26.141903,0.00065446977,41.53472,26.141903,0.0009222073,,,,,,,,,,,,,,,,,,,,,,,,,,,,,,,,,,,,,,,,,,,,,,,,,,,,,,,,,,,,,41.53472,26.141903,-0.18674654,41.53472,26.141903,0.9637097,,,,,,,,,,,,,,,,,,,,,,,,,,,,,,,,,,,,,,,,,,,,,,,,,,,,,,,,,,,,,,,
41.53472,26.17188,0.00077346415,41.53472,26.17188,0.00072884123,,,,,,,,,,,,,,,,,,,,,,,,,,,,,,,,,,,,,,,,,,,,,,,,,,,,,,,,,,,,,41.53472,26.17188,0.26385546,41.53472,26.17188,0.29220173,,,,,,,,,,,,,,,,,,,,,,,,,,,,,,,,,,,,,,,,,,,,,,,,,,,,,,,,,,,,,,,
41.53472,26.20186,0.00072884123,41.53472,26.20186,0.0007734642,,,,,,,,,,,,,,,,,,,,,,,,,,,,,,,,,,,,,,,,,,,,,,,,,,,,,,,,,,,,,41.53472,26.20186,0.05633889,41.53472,26.20186,0.33979177,,,,,,,,,,,,,,,,,,,,,,,,,,,,,,,,,,,,,,,,,,,,,,,,,,,,,,,,,,,,,,,
41.53472,26.23184,0.0008478358,41.53472,26.23184,0.00050572655,,,,,,,,,,,,,,,,,,,,,,,,,,,,,,,,,,,,,,,,,,,,,,,,,,,,,,,,,,,,,41.53472,26.23184,0.45232072,41.53472,26.23184,-0.5470622,,,,,,,,,,,,,,,,,,,,,,,,,,,,,,,,,,,,,,,,,,,,,,,,,,,,,,,,,,,,,,,
41.53472,26.26182,0.0008032128,41.53472,26.26182,0.0007288413,,,,,,,,,,,,,,,,,,,,,,,,,,,,,,,,,,,,,,,,,,,,,,,,,,,,,,,,,,,,,41.53472,26.26182,0.31404302,41.53472,26.26182,0.27383757,,,,,,,,,,,,,,,,,,,,,,,,,,,,,,,,,,,,,,,,,,,,,,,,,,,,,,,,,,,,,,,
41.53472,26.291798,0.0005949724,41.53472,26.291798,0.00040160643,,,,,,,,,,,,,,,,,,,,,,,,,,,,,,,,,,,,,,,,,,,,,,,,,,,,,,,,,,,,,41.53472,26.291798,-0.38378543,41.53472,26.291798,-0.9647075,,,,,,,,,,,,,,,,,,,,,,,,,,,,,,,,,,,,,,,,,,,,,,,,,,,,,,,,,,,,,,,
41.53472,26.321777,0.00072884123,41.53472,26.321777,0.00065446965,,,,,,,,,,,,,,,,,,,,,,,,,,,,,,,,,,,,,,,,,,,,,,,,,,,,,,,,,,,,,41.53472,26.321777,0.06679407,41.53472,26.321777,-0.04096593,,,,,,,,,,,,,,,,,,,,,,,,,,,,,,,,,,,,,,,,,,,,,,,,,,,,,,,,,,,,,,,
41.53472,26.351757,0.0006098468,41.53472,26.351757,0.0008924588,,,,,,,,,,,,,,,,,,,,,,,,,,,,,,,,,,,,,,,,,,,,,,,,,,,,,,,,,,,,,41.53472,26.351757,-0.28298914,41.53472,26.351757,0.8483849,,,,,,,,,,,,,,,,,,,,,,,,,,,,,,,,,,,,,,,,,,,,,,,,,,,,,,,,,,,,,,,
41.53472,26.381737,0.00086271006,41.53472,26.381737,0.0007585899,,,,,,,,,,,,,,,,,,,,,,,,,,,,,,,,,,,,,,,,,,,,,,,,,,,,,,,,,,,,,41.53472,26.381737,0.49478516,41.53472,26.381737,0.36176103,,,,,,,,,,,,,,,,,,,,,,,,,,,,,,,,,,,,,,,,,,,,,,,,,,,,,,,,,,,,,,,
41.53472,26.411715,0.0005800982,41.53472,26.411715,0.00068421825,,,,,,,,,,,,,,,,,,,,,,,,,,,,,,,,,,,,,,,,,,,,,,,,,,,,,,,,,,,,,41.53472,26.411715,-0.42835557,41.53472,26.411715,0.0794114,,,,,,,,,,,,,,,,,,,,,,,,,,,,,,,,,,,,,,,,,,,,,,,,,,,,,,,,,,,,,,,
41.53472,26.441694,0.0005800982,41.53472,26.441694,0.00075858994,,,,,,,,,,,,,,,,,,,,,,,,,,,,,,,,,,,,,,,,,,,,,,,,,,,,,,,,,,,,,41.53472,26.441694,-0.37720582,41.53472,26.441694,0.38172498,,,,,,,,,,,,,,,,,,,,,,,,,,,,,,,,,,,,,,,,,,,,,,,,,,,,,,,,,,,,,,,
41.53472,26.471674,0.00066934404,41.53472,26.471674,0.0007734642,,,,,,,,,,,,,,,,,,,,,,,,,,,,,,,,,,,,,,,,,,,,,,,,,,,,,,,,,,,,,41.53472,26.471674,-0.08370755,41.53472,26.471674,0.41052663,,,,,,,,,,,,,,,,,,,,,,,,,,,,,,,,,,,,,,,,,,,,,,,,,,,,,,,,,,,,,,,
41.53472,26.501654,0.0009519559,41.53472,26.501654,0.0005800982,,,,,,,,,,,,,,,,,,,,,,,,,,,,,,,,,,,,,,,,,,,,,,,,,,,,,,,,,,,,,41.53472,26.501654,0.7926243,41.53472,26.501654,-0.27844667,,,,,,,,,,,,,,,,,,,,,,,,,,,,,,,,,,,,,,,,,,,,,,,,,,,,,,,,,,,,,,,
41.53472,26.531633,0.0006693439,41.53472,26.531633,0.00086271006,,,,,,,,,,,,,,,,,,,,,,,,,,,,,,,,,,,,,,,,,,,,,,,,,,,,,,,,,,,,,41.53472,26.531633,-0.16907194,41.53472,26.531633,0.75907975,,,,,,,,,,,,,,,,,,,,,,,,,,,,,,,,,,,,,,,,,,,,,,,,,,,,,,,,,,,,,,,
41.53472,26.561611,0.0008478358,41.53472,26.561611,0.0006395953,,,,,,,,,,,,,,,,,,,,,,,,,,,,,,,,,,,,,,,,,,,,,,,,,,,,,,,,,,,,,41.53472,26.561611,0.45232037,41.53472,26.561611,-0.039541934,,,,,,,,,,,,,,,,,,,,,,,,,,,,,,,,,,,,,,,,,,,,,,,,,,,,,,,,,,,,,,,
41.53472,26.59159,0.00078833854,41.53472,26.59159,0.0008180871,,,,,,,,,,,,,,,,,,,,,,,,,,,,,,,,,,,,,,,,,,,,,,,,,,,,,,,,,,,,,41.53472,26.59159,0.27267754,41.53472,26.59159,0.58231264,,,,,,,,,,,,,,,,,,,,,,,,,,,,,,,,,,,,,,,,,,,,,,,,,,,,,,,,,,,,,,,
41.53472,26.62157,0.0008329614,41.53472,26.62157,0.00068421825,,,,,,,,,,,,,,,,,,,,,,,,,,,,,,,,,,,,,,,,,,,,,,,,,,,,,,,,,,,,,41.53472,26.62157,0.43550417,41.53472,26.62157,0.110292554,,,,,,,,,,,,,,,,,,,,,,,,,,,,,,,,,,,,,,,,,,,,,,,,,,,,,,,,,,,,,,,
41.53472,26.65155,0.0007734642,41.53472,26.65155,0.00058009813,,,,,,,,,,,,,,,,,,,,,,,,,,,,,,,,,,,,,,,,,,,,,,,,,,,,,,,,,,,,,41.53472,26.65155,0.20524684,41.53472,26.65155,-0.27981198,,,,,,,,,,,,,,,,,,,,,,,,,,,,,,,,,,,,,,,,,,,,,,,,,,,,,,,,,,,,,,,
41.53472,26.681528,0.00058009813,41.53472,26.681528,0.0009222073,,,,,,,,,,,,,,,,,,,,,,,,,,,,,,,,,,,,,,,,,,,,,,,,,,,,,,,,,,,,,41.53472,26.681528,-0.4103564,41.53472,26.681528,0.93467057,,,,,,,,,,,,,,,,,,,,,,,,,,,,,,,,,,,,,,,,,,,,,,,,,,,,,,,,,,,,,,,
41.53472,26.711508,0.00087758433,41.53472,26.711508,0.00068421825,,,,,,,,,,,,,,,,,,,,,,,,,,,,,,,,,,,,,,,,,,,,,,,,,,,,,,,,,,,,,41.53472,26.711508,0.577845,41.53472,26.711508,0.10486194,,,,,,,,,,,,,,,,,,,,,,,,,,,,,,,,,,,,,,,,,,,,,,,,,,,,,,,,,,,,,,,
41.53472,26.741488,0.0008180871,41.53472,26.741488,0.0006098468,,,,,,,,,,,,,,,,,,,,,,,,,,,,,,,,,,,,,,,,,,,,,,,,,,,,,,,,,,,,,41.53472,26.741488,0.3845647,41.53472,26.741488,-0.15764914,,,,,,,,,,,,,,,,,,,,,,,,,,,,,,,,,,,,,,,,,,,,,,,,,,,,,,,,,,,,,,,
41.53472,26.771467,0.0006395954,41.53472,26.771467,0.000818087,,,,,,,,,,,,,,,,,,,,,,,,,,,,,,,,,,,,,,,,,,,,,,,,,,,,,,,,,,,,,41.53472,26.771467,-0.18793084,41.53472,26.771467,0.53746647,,,,,,,,,,,,,,,,,,,,,,,,,,,,,,,,,,,,,,,,,,,,,,,,,,,,,,,,,,,,,,,
41.53472,26.801445,0.0005503495,41.53472,26.801445,0.00055034953,,,,,,,,,,,,,,,,,,,,,,,,,,,,,,,,,,,,,,,,,,,,,,,,,,,,,,,,,,,,,41.53472,26.801445,-0.48689234,41.53472,26.801445,-0.35596928,,,,,,,,,,,,,,,,,,,,,,,,,,,,,,,,,,,,,,,,,,,,,,,,,,,,,,,,,,,,,,,
41.53472,26.831425,0.00066934404,41.53472,26.831425,0.0005949724,,,,,,,,,,,,,,,,,,,,,,,,,,,,,,,,,,,,,,,,,,,,,,,,,,,,,,,,,,,,,41.53472,26.831425,-0.06045601,41.53472,26.831425,-0.23015839,,,,,,,,,,,,,,,,,,,,,,,,,,,,,,,,,,,,,,,,,,,,,,,,,,,,,,,,,,,,,,,
41.53472,26.861404,0.00062472105,41.53472,26.861404,0.0007585899,,,,,,,,,,,,,,,,,,,,,,,,,,,,,,,,,,,,,,,,,,,,,,,,,,,,,,,,,,,,,41.53472,26.861404,-0.25361302,41.53472,26.861404,0.35809243,,,,,,,,,,,,,,,,,,,,,,,,,,,,,,,,,,,,,,,,,,,,,,,,,,,,,,,,,,,,,,,
41.53472,26.891384,0.0005949724,41.53472,26.891384,0.0005949724,,,,,,,,,,,,,,,,,,,,,,,,,,,,,,,,,,,,,,,,,,,,,,,,,,,,,,,,,,,,,41.53472,26.891384,-0.31483066,41.53472,26.891384,-0.2523399,,,,,,,,,,,,,,,,,,,,,,,,,,,,,,,,,,,,,,,,,,,,,,,,,,,,,,,,,,,,,,,
41.53472,26.921362,0.0009519559,41.53472,26.921362,0.0005949724,,,,,,,,,,,,,,,,,,,,,,,,,,,,,,,,,,,,,,,,,,,,,,,,,,,,,,,,,,,,,41.53472,26.921362,0.79563546,41.53472,26.921362,-0.21454033,,,,,,,,,,,,,,,,,,,,,,,,,,,,,,,,,,,,,,,,,,,,,,,,,,,,,,,,,,,,,,,
41.53472,26.951342,0.0006098468,41.53472,26.951342,0.00071396696,,,,,,,,,,,,,,,,,,,,,,,,,,,,,,,,,,,,,,,,,,,,,,,,,,,,,,,,,,,,,41.53472,26.951342,-0.25552815,41.53472,26.951342,0.2108636,,,,,,,,,,,,,,,,,,,,,,,,,,,,,,,,,,,,,,,,,,,,,,,,,,,,,,,,,,,,,,,
41.53472,26.981321,0.000669344,41.53472,26.981321,0.00066934404,,,,,,,,,,,,,,,,,,,,,,,,,,,,,,,,,,,,,,,,,,,,,,,,,,,,,,,,,,,,,41.53472,26.981321,-0.10830231,41.53472,26.981321,0.038021713,,,,,,,,,,,,,,,,,,,,,,,,,,,,,,,,,,,,,,,,,,,,,,,,,,,,,,,,,,,,,,,
41.53472,27.011301,0.0007288413,41.53472,27.011301,0.00055034953,,,,,,,,,,,,,,,,,,,,,,,,,,,,,,,,,,,,,,,,,,,,,,,,,,,,,,,,,,,,,41.53472,27.011301,0.09474812,41.53472,27.011301,-0.43066967,,,,,,,,,,,,,,,,,,,,,,,,,,,,,,,,,,,,,,,,,,,,,,,,,,,,,,,,,,,,,,,
41.53472,27.041279,0.0007585899,41.53472,27.041279,0.00069909263,,,,,,,,,,,,,,,,,,,,,,,,,,,,,,,,,,,,,,,,,,,,,,,,,,,,,,,,,,,,,41.53472,27.041279,0.19773763,41.53472,27.041279,0.18018708,,,,,,,,,,,,,,,,,,,,,,,,,,,,,,,,,,,,,,,,,,,,,,,,,,,,,,,,,,,,,,,
41.53472,27.071259,0.00072884123,41.53472,27.071259,0.0005949724,,,,,,,,,,,,,,,,,,,,,,,,,,,,,,,,,,,,,,,,,,,,,,,,,,,,,,,,,,,,,41.53472,27.071259,0.08300284,41.53472,27.071259,-0.24085167,,,,,,,,,,,,,,,,,,,,,,,,,,,,,,,,,,,,,,,,,,,,,,,,,,,,,,,,,,,,,,,
41.53472,27.101238,0.0007437155,41.53472,27.101238,0.0007585899,,,,,,,,,,,,,,,,,,,,,,,,,,,,,,,,,,,,,,,,,,,,,,,,,,,,,,,,,,,,,41.53472,27.101238,0.1832674,41.53472,27.101238,0.3489651,,,,,,,,,,,,,,,,,,,,,,,,,,,,,,,,,,,,,,,,,,,,,,,,,,,,,,,,,,,,,,,
41.53472,27.131218,0.0007585898,41.53472,27.131218,0.00084783573,,,,,,,,,,,,,,,,,,,,,,,,,,,,,,,,,,,,,,,,,,,,,,,,,,,,,,,,,,,,,41.53472,27.131218,0.20296533,41.53472,27.131218,0.6361471,,,,,,,,,,,,,,,,,,,,,,,,,,,,,,,,,,,,,,,,,,,,,,,,,,,,,,,,,,,,,,,
41.53472,27.161196,0.0008924587,41.53472,27.161196,0.00065446965,,,,,,,,,,,,,,,,,,,,,,,,,,,,,,,,,,,,,,,,,,,,,,,,,,,,,,,,,,,,,41.53472,27.161196,0.6315199,41.53472,27.161196,-0.006629931,,,,,,,,,,,,,,,,,,,,,,,,,,,,,,,,,,,,,,,,,,,,,,,,,,,,,,,,,,,,,,,
41.53472,27.191175,0.0008329614,41.53472,27.191175,0.00062472105,,,,,,,,,,,,,,,,,,,,,,,,,,,,,,,,,,,,,,,,,,,,,,,,,,,,,,,,,,,,,41.53472,27.191175,0.42662448,41.53472,27.191175,-0.12077839,,,,,,,,,,,,,,,,,,,,,,,,,,,,,,,,,,,,,,,,,,,,,,,,,,,,,,,,,,,,,,,
41.53472,27.221155,0.00083296146,41.53472,27.221155,0.0004908522,,,,,,,,,,,,,,,,,,,,,,,,,,,,,,,,,,,,,,,,,,,,,,,,,,,,,,,,,,,,,41.53472,27.221155,0.4334584,41.53472,27.221155,-0.5971115,,,,,,,,,,,,,,,,,,,,,,,,,,,,,,,,,,,,,,,,,,,,,,,,,,,,,,,,,,,,,,,
41.53472,27.251135,0.00080321275,41.53472,27.251135,0.0005949724,,,,,,,,,,,,,,,,,,,,,,,,,,,,,,,,,,,,,,,,,,,,,,,,,,,,,,,,,,,,,41.53472,27.251135,0.3215099,41.53472,27.251135,-0.23116663,,,,,,,,,,,,,,,,,,,,,,,,,,,,,,,,,,,,,,,,,,,,,,,,,,,,,,,,,,,,,,,
41.53472,27.281113,0.0007883386,41.53472,27.281113,0.0006544697,,,,,,,,,,,,,,,,,,,,,,,,,,,,,,,,,,,,,,,,,,,,,,,,,,,,,,,,,,,,,41.53472,27.281113,0.26164612,41.53472,27.281113,-0.05004802,,,,,,,,,,,,,,,,,,,,,,,,,,,,,,,,,,,,,,,,,,,,,,,,,,,,,,,,,,,,,,,
41.53472,27.311092,0.0007734641,41.53472,27.311092,0.0005503495,,,,,,,,,,,,,,,,,,,,,,,,,,,,,,,,,,,,,,,,,,,,,,,,,,,,,,,,,,,,,41.53472,27.311092,0.16832314,41.53472,27.311092,-0.35428417,,,,,,,,,,,,,,,,,,,,,,,,,,,,,,,,,,,,,,,,,,,,,,,,,,,,,,,,,,,,,,,
41.53472,27.341072,0.0007139669,41.53472,27.341072,0.00062472105,,,,,,,,,,,,,,,,,,,,,,,,,,,,,,,,,,,,,,,,,,,,,,,,,,,,,,,,,,,,,41.53472,27.341072,0.03726905,41.53472,27.341072,-0.109621614,,,,,,,,,,,,,,,,,,,,,,,,,,,,,,,,,,,,,,,,,,,,,,,,,,,,,,,,,,,,,,,
41.53472,27.371052,0.0006098468,41.53472,27.371052,0.0006395953,,,,,,,,,,,,,,,,,,,,,,,,,,,,,,,,,,,,,,,,,,,,,,,,,,,,,,,,,,,,,41.53472,27.371052,-0.29968178,41.53472,27.371052,-0.058478907,,,,,,,,,,,,,,,,,,,,,,,,,,,,,,,,,,,,,,,,,,,,,,,,,,,,,,,,,,,,,,,
41.53472,27.401031,0.0005800982,41.53472,27.401031,0.00068421825,,,,,,,,,,,,,,,,,,,,,,,,,,,,,,,,,,,,,,,,,,,,,,,,,,,,,,,,,,,,,41.53472,27.401031,-0.39727318,41.53472,27.401031,0.08570945,,,,,,,,,,,,,,,,,,,,,,,,,,,,,,,,,,,,,,,,,,,,,,,,,,,,,,,,,,,,,,,
41.53472,27.43101,0.00069909263,41.53472,27.43101,0.0008924587,,,,,,,,,,,,,,,,,,,,,,,,,,,,,,,,,,,,,,,,,,,,,,,,,,,,,,,,,,,,,41.53472,27.43101,-0.03471046,41.53472,27.43101,0.835224,,,,,,,,,,,,,,,,,,,,,,,,,,,,,,,,,,,,,,,,,,,,,,,,,,,,,,,,,,,,,,,
41.53472,27.460989,0.0007585899,41.53472,27.460989,0.00062472105,,,,,,,,,,,,,,,,,,,,,,,,,,,,,,,,,,,,,,,,,,,,,,,,,,,,,,,,,,,,,41.53472,27.460989,0.1981327,41.53472,27.460989,-0.10818604,,,,,,,,,,,,,,,,,,,,,,,,,,,,,,,,,,,,,,,,,,,,,,,,,,,,,,,,,,,,,,,
41.53472,27.490969,0.0007734642,41.53472,27.490969,0.0007883386,,,,,,,,,,,,,,,,,,,,,,,,,,,,,,,,,,,,,,,,,,,,,,,,,,,,,,,,,,,,,41.53472,27.490969,0.23878773,41.53472,27.490969,0.44336015,,,,,,,,,,,,,,,,,,,,,,,,,,,,,,,,,,,,,,,,,,,,,,,,,,,,,,,,,,,,,,,
41.53472,27.520948,0.0006990926,41.53472,27.520948,0.000713967,,,,,,,,,,,,,,,,,,,,,,,,,,,,,,,,,,,,,,,,,,,,,,,,,,,,,,,,,,,,,41.53472,27.520948,-0.014606691,41.53472,27.520948,0.22063401,,,,,,,,,,,,,,,,,,,,,,,,,,,,,,,,,,,,,,,,,,,,,,,,,,,,,,,,,,,,,,,
41.53472,27.550926,0.00047597795,41.53472,27.550926,0.00058009813,,,,,,,,,,,,,,,,,,,,,,,,,,,,,,,,,,,,,,,,,,,,,,,,,,,,,,,,,,,,,41.53472,27.550926,-0.7245091,41.53472,27.550926,-0.30959642,,,,,,,,,,,,,,,,,,,,,,,,,,,,,,,,,,,,,,,,,,,,,,,,,,,,,,,,,,,,,,,
41.53472,27.580906,0.0007734642,41.53472,27.580906,0.00072884123,,,,,,,,,,,,,,,,,,,,,,,,,,,,,,,,,,,,,,,,,,,,,,,,,,,,,,,,,,,,,41.53472,27.580906,0.24028958,41.53472,27.580906,0.22878014,,,,,,,,,,,,,,,,,,,,,,,,,,,,,,,,,,,,,,,,,,,,,,,,,,,,,,,,,,,,,,,
41.53472,27.610886,0.0007734642,41.53472,27.610886,0.00059497246,,,,,,,,,,,,,,,,,,,,,,,,,,,,,,,,,,,,,,,,,,,,,,,,,,,,,,,,,,,,,41.53472,27.610886,0.25442117,41.53472,27.610886,-0.21087098,,,,,,,,,,,,,,,,,,,,,,,,,,,,,,,,,,,,,,,,,,,,,,,,,,,,,,,,,,,,,,,
41.53472,27.640865,0.00083296146,41.53472,27.640865,0.0006544697,,,,,,,,,,,,,,,,,,,,,,,,,,,,,,,,,,,,,,,,,,,,,,,,,,,,,,,,,,,,,41.53472,27.640865,0.40363944,41.53472,27.640865,-0.05658104,,,,,,,,,,,,,,,,,,,,,,,,,,,,,,,,,,,,,,,,,,,,,,,,,,,,,,,,,,,,,,,
41.53472,27.670843,0.0006990927,41.53472,27.670843,0.0007585898,,,,,,,,,,,,,,,,,,,,,,,,,,,,,,,,,,,,,,,,,,,,,,,,,,,,,,,,,,,,,41.53472,27.670843,-0.026918914,41.53472,27.670843,0.42415583,,,,,,,,,,,,,,,,,,,,,,,,,,,,,,,,,,,,,,,,,,,,,,,,,,,,,,,,,,,,,,,
41.53472,27.700823,0.0006247211,41.53472,27.700823,0.0005652238,,,,,,,,,,,,,,,,,,,,,,,,,,,,,,,,,,,,,,,,,,,,,,,,,,,,,,,,,,,,,41.53472,27.700823,-0.25615025,41.53472,27.700823,-0.2993674,,,,,,,,,,,,,,,,,,,,,,,,,,,,,,,,,,,,,,,,,,,,,,,,,,,,,,,,,,,,,,,
41.53472,27.730803,0.00072884123,41.53472,27.730803,0.00062472105,,,,,,,,,,,,,,,,,,,,,,,,,,,,,,,,,,,,,,,,,,,,,,,,,,,,,,,,,,,,,41.53472,27.730803,0.075118184,41.53472,27.730803,-0.12356195,,,,,,,,,,,,,,,,,,,,,,,,,,,,,,,,,,,,,,,,,,,,,,,,,,,,,,,,,,,,,,,
41.53472,27.760782,0.0007288412,41.53472,27.760782,0.00043135497,,,,,,,,,,,,,,,,,,,,,,,,,,,,,,,,,,,,,,,,,,,,,,,,,,,,,,,,,,,,,41.53472,27.760782,0.07717436,41.53472,27.760782,-0.82771206,,,,,,,,,,,,,,,,,,,,,,,,,,,,,,,,,,,,,,,,,,,,,,,,,,,,,,,,,,,,,,,
41.53472,27.79076,0.00075858994,41.53472,27.79076,0.0007734641,,,,,,,,,,,,,,,,,,,,,,,,,,,,,,,,,,,,,,,,,,,,,,,,,,,,,,,,,,,,,41.53472,27.79076,0.19278222,41.53472,27.79076,0.49185154,,,,,,,,,,,,,,,,,,,,,,,,,,,,,,,,,,,,,,,,,,,,,,,,,,,,,,,,,,,,,,,
41.53472,27.82074,0.0006247211,41.53472,27.82074,0.00077346415,,,,,,,,,,,,,,,,,,,,,,,,,,,,,,,,,,,,,,,,,,,,,,,,,,,,,,,,,,,,,41.53472,27.82074,-0.26849866,41.53472,27.82074,0.35529783,,,,,,,,,,,,,,,,,,,,,,,,,,,,,,,,,,,,,,,,,,,,,,,,,,,,,,,,,,,,,,,
41.53472,27.85072,0.0006395954,41.53472,27.85072,0.0005949724,,,,,,,,,,,,,,,,,,,,,,,,,,,,,,,,,,,,,,,,,,,,,,,,,,,,,,,,,,,,,41.53472,27.85072,-0.19754893,41.53472,27.85072,-0.22975093,,,,,,,,,,,,,,,,,,,,,,,,,,,,,,,,,,,,,,,,,,,,,,,,,,,,,,,,,,,,,,,
41.53472,27.8807,0.00084783573,41.53472,27.8807,0.00066934404,,,,,,,,,,,,,,,,,,,,,,,,,,,,,,,,,,,,,,,,,,,,,,,,,,,,,,,,,,,,,41.53472,27.8807,0.4902633,41.53472,27.8807,0.0076992046,,,,,,,,,,,,,,,,,,,,,,,,,,,,,,,,,,,,,,,,,,,,,,,,,,,,,,,,,,,,,,,
41.53472,27.910677,0.00065446977,41.53472,27.910677,0.00066934404,,,,,,,,,,,,,,,,,,,,,,,,,,,,,,,,,,,,,,,,,,,,,,,,,,,,,,,,,,,,,41.53472,27.910677,-0.13301536,41.53472,27.910677,0.021472745,,,,,,,,,,,,,,,,,,,,,,,,,,,,,,,,,,,,,,,,,,,,,,,,,,,,,,,,,,,,,,,
41.53472,27.940657,0.0006544697,41.53472,27.940657,0.0005949724,,,,,,,,,,,,,,,,,,,,,,,,,,,,,,,,,,,,,,,,,,,,,,,,,,,,,,,,,,,,,41.53472,27.940657,-0.18700586,41.53472,27.940657,-0.21934405,,,,,,,,,,,,,,,,,,,,,,,,,,,,,,,,,,,,,,,,,,,,,,,,,,,,,,,,,,,,,,,
41.53472,27.970636,0.00074371556,41.53472,27.970636,0.0005354752,,,,,,,,,,,,,,,,,,,,,,,,,,,,,,,,,,,,,,,,,,,,,,,,,,,,,,,,,,,,,41.53472,27.970636,0.10980716,41.53472,27.970636,-0.43174362,,,,,,,,,,,,,,,,,,,,,,,,,,,,,,,,,,,,,,,,,,,,,,,,,,,,,,,,,,,,,,,
41.53472,28.000616,0.0006395953,41.53472,28.000616,0.00059497246,,,,,,,,,,,,,,,,,,,,,,,,,,,,,,,,,,,,,,,,,,,,,,,,,,,,,,,,,,,,,41.53472,28.000616,-0.21798506,41.53472,28.000616,-0.18560897,,,,,,,,,,,,,,,,,,,,,,,,,,,,,,,,,,,,,,,,,,,,,,,,,,,,,,,,,,,,,,,
41.53472,28.030594,0.00069909263,41.53472,28.030594,0.00066934404,,,,,,,,,,,,,,,,,,,,,,,,,,,,,,,,,,,,,,,,,,,,,,,,,,,,,,,,,,,,,41.53472,28.030594,0.003481451,41.53472,28.030594,0.020768477,,,,,,,,,,,,,,,,,,,,,,,,,,,,,,,,,,,,,,,,,,,,,,,,,,,,,,,,,,,,,,,
41.53472,28.060574,0.0007437156,41.53472,28.060574,0.0008478358,,,,,,,,,,,,,,,,,,,,,,,,,,,,,,,,,,,,,,,,,,,,,,,,,,,,,,,,,,,,,41.53472,28.060574,0.15488404,41.53472,28.060574,0.7124246,,,,,,,,,,,,,,,,,,,,,,,,,,,,,,,,,,,,,,,,,,,,,,,,,,,,,,,,,,,,,,,
41.53472,28.090553,0.0006098467,41.53472,28.090553,0.000713967,,,,,,,,,,,,,,,,,,,,,,,,,,,,,,,,,,,,,,,,,,,,,,,,,,,,,,,,,,,,,41.53472,28.090553,-0.31964493,41.53472,28.090553,0.19948569,,,,,,,,,,,,,,,,,,,,,,,,,,,,,,,,,,,,,,,,,,,,,,,,,,,,,,,,,,,,,,,
41.53472,28.120533,0.00074371556,41.53472,28.120533,0.0008180871,,,,,,,,,,,,,,,,,,,,,,,,,,,,,,,,,,,,,,,,,,,,,,,,,,,,,,,,,,,,,41.53472,28.120533,0.07445881,41.53472,28.120533,0.56707317,,,,,,,,,,,,,,,,,,,,,,,,,,,,,,,,,,,,,,,,,,,,,,,,,,,,,,,,,,,,,,,
41.53472,28.150513,0.00074371556,41.53472,28.150513,0.0007437155,,,,,,,,,,,,,,,,,,,,,,,,,,,,,,,,,,,,,,,,,,,,,,,,,,,,,,,,,,,,,41.53472,28.150513,0.112250485,41.53472,28.150513,0.23222028,,,,,,,,,,,,,,,,,,,,,,,,,,,,,,,,,,,,,,,,,,,,,,,,,,,,,,,,,,,,,,,
41.53472,28.18049,0.00066934404,41.53472,28.18049,0.00081808714,,,,,,,,,,,,,,,,,,,,,,,,,,,,,,,,,,,,,,,,,,,,,,,,,,,,,,,,,,,,,41.53472,28.18049,-0.09846372,41.53472,28.18049,0.557903,,,,,,,,,,,,,,,,,,,,,,,,,,,,,,,,,,,,,,,,,,,,,,,,,,,,,,,,,,,,,,,
41.53472,28.21047,0.0008180871,41.53472,28.21047,0.0005354752,,,,,,,,,,,,,,,,,,,,,,,,,,,,,,,,,,,,,,,,,,,,,,,,,,,,,,,,,,,,,41.53472,28.21047,0.40642726,41.53472,28.21047,-0.43971682,,,,,,,,,,,,,,,,,,,,,,,,,,,,,,,,,,,,,,,,,,,,,,,,,,,,,,,,,,,,,,,
41.53472,28.24045,0.0007288413,41.53472,28.24045,0.0006247211,,,,,,,,,,,,,,,,,,,,,,,,,,,,,,,,,,,,,,,,,,,,,,,,,,,,,,,,,,,,,41.53472,28.24045,0.040402684,41.53472,28.24045,-0.12848067,,,,,,,,,,,,,,,,,,,,,,,,,,,,,,,,,,,,,,,,,,,,,,,,,,,,,,,,,,,,,,,
41.53472,28.27043,0.0007585899,41.53472,28.27043,0.00059497246,,,,,,,,,,,,,,,,,,,,,,,,,,,,,,,,,,,,,,,,,,,,,,,,,,,,,,,,,,,,,41.53472,28.27043,0.16131538,41.53472,28.27043,-0.23926677,,,,,,,,,,,,,,,,,,,,,,,,,,,,,,,,,,,,,,,,,,,,,,,,,,,,,,,,,,,,,,,
41.53472,28.300407,0.0005949725,41.53472,28.300407,0.0004908523,,,,,,,,,,,,,,,,,,,,,,,,,,,,,,,,,,,,,,,,,,,,,,,,,,,,,,,,,,,,,41.53472,28.300407,-0.36726034,41.53472,28.300407,-0.63413775,,,,,,,,,,,,,,,,,,,,,,,,,,,,,,,,,,,,,,,,,,,,,,,,,,,,,,,,,,,,,,,
41.53472,28.330387,0.00066934404,41.53472,28.330387,0.0005949724,,,,,,,,,,,,,,,,,,,,,,,,,,,,,,,,,,,,,,,,,,,,,,,,,,,,,,,,,,,,,41.53472,28.330387,-0.08453135,41.53472,28.330387,-0.28067043,,,,,,,,,,,,,,,,,,,,,,,,,,,,,,,,,,,,,,,,,,,,,,,,,,,,,,,,,,,,,,,
41.53472,28.360367,0.0007437156,41.53472,28.360367,0.00056522386,,,,,,,,,,,,,,,,,,,,,,,,,,,,,,,,,,,,,,,,,,,,,,,,,,,,,,,,,,,,,41.53472,28.360367,0.09028905,41.53472,28.360367,-0.28211904,,,,,,,,,,,,,,,,,,,,,,,,,,,,,,,,,,,,,,,,,,,,,,,,,,,,,,,,,,,,,,,
41.53472,28.390347,0.00069909263,41.53472,28.390347,0.00071396696,,,,,,,,,,,,,,,,,,,,,,,,,,,,,,,,,,,,,,,,,,,,,,,,,,,,,,,,,,,,,41.53472,28.390347,0.015280085,41.53472,28.390347,0.19471154,,,,,,,,,,,,,,,,,,,,,,,,,,,,,,,,,,,,,,,,,,,,,,,,,,,,,,,,,,,,,,,
41.53472,28.420324,0.00065446965,41.53472,28.420324,0.00066934404,,,,,,,,,,,,,,,,,,,,,,,,,,,,,,,,,,,,,,,,,,,,,,,,,,,,,,,,,,,,,41.53472,28.420324,-0.14742072,41.53472,28.420324,0.040936634,,,,,,,,,,,,,,,,,,,,,,,,,,,,,,,,,,,,,,,,,,,,,,,,,,,,,,,,,,,,,,,
41.53472,28.450304,0.0008478358,41.53472,28.450304,0.0006098467,,,,,,,,,,,,,,,,,,,,,,,,,,,,,,,,,,,,,,,,,,,,,,,,,,,,,,,,,,,,,41.53472,28.450304,0.5070104,41.53472,28.450304,-0.17172611,,,,,,,,,,,,,,,,,,,,,,,,,,,,,,,,,,,,,,,,,,,,,,,,,,,,,,,,,,,,,,,
41.53472,28.480284,0.0006842183,41.53472,28.480284,0.00066934404,,,,,,,,,,,,,,,,,,,,,,,,,,,,,,,,,,,,,,,,,,,,,,,,,,,,,,,,,,,,,41.53472,28.480284,-0.03945102,41.53472,28.480284,0.101685934,,,,,,,,,,,,,,,,,,,,,,,,,,,,,,,,,,,,,,,,,,,,,,,,,,,,,,,,,,,,,,,
41.53472,28.510263,0.0005949724,41.53472,28.510263,0.0005503495,,,,,,,,,,,,,,,,,,,,,,,,,,,,,,,,,,,,,,,,,,,,,,,,,,,,,,,,,,,,,41.53472,28.510263,-0.33648857,41.53472,28.510263,-0.4067954,,,,,,,,,,,,,,,,,,,,,,,,,,,,,,,,,,,,,,,,,,,,,,,,,,,,,,,,,,,,,,,
41.53472,28.540241,0.00043135503,41.53472,28.540241,0.00062472105,,,,,,,,,,,,,,,,,,,,,,,,,,,,,,,,,,,,,,,,,,,,,,,,,,,,,,,,,,,,,41.53472,28.540241,-0.8760959,41.53472,28.540241,-0.10068711,,,,,,,,,,,,,,,,,,,,,,,,,,,,,,,,,,,,,,,,,,,,,,,,,,,,,,,,,,,,,,,
41.53472,28.57022,0.00083296146,41.53472,28.57022,0.0005949724,,,,,,,,,,,,,,,,,,,,,,,,,,,,,,,,,,,,,,,,,,,,,,,,,,,,,,,,,,,,,41.53472,28.57022,0.3906979,41.53472,28.57022,-0.2187638,,,,,,,,,,,,,,,,,,,,,,,,,,,,,,,,,,,,,,,,,,,,,,,,,,,,,,,,,,,,,,,
41.53472,28.6002,0.00066934404,41.53472,28.6002,0.0006395954,,,,,,,,,,,,,,,,,,,,,,,,,,,,,,,,,,,,,,,,,,,,,,,,,,,,,,,,,,,,,41.53472,28.6002,-0.13619344,41.53472,28.6002,-0.11940641,,,,,,,,,,,,,,,,,,,,,,,,,,,,,,,,,,,,,,,,,,,,,,,,,,,,,,,,,,,,,,,
41.53472,28.63018,0.0007883385,41.53472,28.63018,0.00069909263,,,,,,,,,,,,,,,,,,,,,,,,,,,,,,,,,,,,,,,,,,,,,,,,,,,,,,,,,,,,,41.53472,28.63018,0.29525337,41.53472,28.63018,0.11734872,,,,,,,,,,,,,,,,,,,,,,,,,,,,,,,,,,,,,,,,,,,,,,,,,,,,,,,,,,,,,,,
41.53472,28.660158,0.0007585899,41.53472,28.660158,0.0007883385,,,,,,,,,,,,,,,,,,,,,,,,,,,,,,,,,,,,,,,,,,,,,,,,,,,,,,,,,,,,,41.53472,28.660158,0.18555921,41.53472,28.660158,0.47020802,,,,,,,,,,,,,,,,,,,,,,,,,,,,,,,,,,,,,,,,,,,,,,,,,,,,,,,,,,,,,,,
41.53472,28.690138,0.0007883384,41.53472,28.690138,0.0005206008,,,,,,,,,,,,,,,,,,,,,,,,,,,,,,,,,,,,,,,,,,,,,,,,,,,,,,,,,,,,,41.53472,28.690138,0.26950857,41.53472,28.690138,-0.48487058,,,,,,,,,,,,,,,,,,,,,,,,,,,,,,,,,,,,,,,,,,,,,,,,,,,,,,,,,,,,,,,
41.53472,28.720118,0.00069909263,41.53472,28.720118,0.0008478358,,,,,,,,,,,,,,,,,,,,,,,,,,,,,,,,,,,,,,,,,,,,,,,,,,,,,,,,,,,,,41.53472,28.720118,-0.081707984,41.53472,28.720118,0.7064201,,,,,,,,,,,,,,,,,,,,,,,,,,,,,,,,,,,,,,,,,,,,,,,,,,,,,,,,,,,,,,,
41.53472,28.750097,0.0008924587,41.53472,28.750097,0.0007585899,,,,,,,,,,,,,,,,,,,,,,,,,,,,,,,,,,,,,,,,,,,,,,,,,,,,,,,,,,,,,41.53472,28.750097,0.59049726,41.53472,28.750097,0.37432104,,,,,,,,,,,,,,,,,,,,,,,,,,,,,,,,,,,,,,,,,,,,,,,,,,,,,,,,,,,,,,,
41.53472,28.780075,0.0005949724,41.53472,28.780075,0.00062472105,,,,,,,,,,,,,,,,,,,,,,,,,,,,,,,,,,,,,,,,,,,,,,,,,,,,,,,,,,,,,41.53472,28.780075,-0.31643438,41.53472,28.780075,-0.11610002,,,,,,,,,,,,,,,,,,,,,,,,,,,,,,,,,,,,,,,,,,,,,,,,,,,,,,,,,,,,,,,
41.53472,28.810055,0.00049085234,41.53472,28.810055,0.00059497246,,,,,,,,,,,,,,,,,,,,,,,,,,,,,,,,,,,,,,,,,,,,,,,,,,,,,,,,,,,,,41.53472,28.810055,-0.65666205,41.53472,28.810055,-0.22085251,,,,,,,,,,,,,,,,,,,,,,,,,,,,,,,,,,,,,,,,,,,,,,,,,,,,,,,,,,,,,,,
41.53472,28.840034,0.0005652238,41.53472,28.840034,0.00062472105,,,,,,,,,,,,,,,,,,,,,,,,,,,,,,,,,,,,,,,,,,,,,,,,,,,,,,,,,,,,,41.53472,28.840034,-0.42658508,41.53472,28.840034,-0.116567835,,,,,,,,,,,,,,,,,,,,,,,,,,,,,,,,,,,,,,,,,,,,,,,,,,,,,,,,,,,,,,,
41.53472,28.870014,0.00047597795,41.53472,28.870014,0.0005503495,,,,,,,,,,,,,,,,,,,,,,,,,,,,,,,,,,,,,,,,,,,,,,,,,,,,,,,,,,,,,41.53472,28.870014,-0.7095028,41.53472,28.870014,-0.42001116,,,,,,,,,,,,,,,,,,,,,,,,,,,,,,,,,,,,,,,,,,,,,,,,,,,,,,,,,,,,,,,
41.53472,28.899992,0.00072884123,41.53472,28.899992,0.00077346415,,,,,,,,,,,,,,,,,,,,,,,,,,,,,,,,,,,,,,,,,,,,,,,,,,,,,,,,,,,,,41.53472,28.899992,0.071219936,41.53472,28.899992,0.40776193,,,,,,,,,,,,,,,,,,,,,,,,,,,,,,,,,,,,,,,,,,,,,,,,,,,,,,,,,,,,,,,
41.53472,28.929972,0.00062472105,41.53472,28.929972,0.00080321287,,,,,,,,,,,,,,,,,,,,,,,,,,,,,,,,,,,,,,,,,,,,,,,,,,,,,,,,,,,,,41.53472,28.929972,-0.22642793,41.53472,28.929972,0.5152007,,,,,,,,,,,,,,,,,,,,,,,,,,,,,,,,,,,,,,,,,,,,,,,,,,,,,,,,,,,,,,,
41.53472,28.959951,0.00069909263,41.53472,28.959951,0.00043135503,,,,,,,,,,,,,,,,,,,,,,,,,,,,,,,,,,,,,,,,,,,,,,,,,,,,,,,,,,,,,41.53472,28.959951,-0.061912537,41.53472,28.959951,-0.78617454,,,,,,,,,,,,,,,,,,,,,,,,,,,,,,,,,,,,,,,,,,,,,,,,,,,,,,,,,,,,,,,
41.53472,28.989931,0.00083296146,41.53472,28.989931,0.0005503495,,,,,,,,,,,,,,,,,,,,,,,,,,,,,,,,,,,,,,,,,,,,,,,,,,,,,,,,,,,,,41.53472,28.989931,0.4102843,41.53472,28.989931,-0.35755143,,,,,,,,,,,,,,,,,,,,,,,,,,,,,,,,,,,,,,,,,,,,,,,,,,,,,,,,,,,,,,,
41.53472,29.01991,0.00068421825,41.53472,29.01991,0.00058009813,,,,,,,,,,,,,,,,,,,,,,,,,,,,,,,,,,,,,,,,,,,,,,,,,,,,,,,,,,,,,41.53472,29.01991,-0.06776132,41.53472,29.01991,-0.28809726,,,,,,,,,,,,,,,,,,,,,,,,,,,,,,,,,,,,,,,,,,,,,,,,,,,,,,,,,,,,,,,
41.53472,29.049889,0.0008032128,41.53472,29.049889,0.0007734642,,,,,,,,,,,,,,,,,,,,,,,,,,,,,,,,,,,,,,,,,,,,,,,,,,,,,,,,,,,,,41.53472,29.049889,0.25130805,41.53472,29.049889,0.41454354,,,,,,,,,,,,,,,,,,,,,,,,,,,,,,,,,,,,,,,,,,,,,,,,,,,,,,,,,,,,,,,
41.53472,29.079868,0.00080321275,41.53472,29.079868,0.00069909263,,,,,,,,,,,,,,,,,,,,,,,,,,,,,,,,,,,,,,,,,,,,,,,,,,,,,,,,,,,,,41.53472,29.079868,0.34158647,41.53472,29.079868,0.10255271,,,,,,,,,,,,,,,,,,,,,,,,,,,,,,,,,,,,,,,,,,,,,,,,,,,,,,,,,,,,,,,
41.53472,29.109848,0.0007585899,41.53472,29.109848,0.0005949724,,,,,,,,,,,,,,,,,,,,,,,,,,,,,,,,,,,,,,,,,,,,,,,,,,,,,,,,,,,,,41.53472,29.109848,0.17130858,41.53472,29.109848,-0.21952131,,,,,,,,,,,,,,,,,,,,,,,,,,,,,,,,,,,,,,,,,,,,,,,,,,,,,,,,,,,,,,,
41.53472,29.139828,0.0005503495,41.53472,29.139828,0.00046110366,,,,,,,,,,,,,,,,,,,,,,,,,,,,,,,,,,,,,,,,,,,,,,,,,,,,,,,,,,,,,41.53472,29.139828,-0.51286274,41.53472,29.139828,-0.66750246,,,,,,,,,,,,,,,,,,,,,,,,,,,,,,,,,,,,,,,,,,,,,,,,,,,,,,,,,,,,,,,
41.53472,29.169806,0.0006098467,41.53472,29.169806,0.0006098468,,,,,,,,,,,,,,,,,,,,,,,,,,,,,,,,,,,,,,,,,,,,,,,,,,,,,,,,,,,,,41.53472,29.169806,-0.2875954,41.53472,29.169806,-0.15981981,,,,,,,,,,,,,,,,,,,,,,,,,,,,,,,,,,,,,,,,,,,,,,,,,,,,,,,,,,,,,,,
41.53472,29.199785,0.0006395953,41.53472,29.199785,0.0005949724,,,,,,,,,,,,,,,,,,,,,,,,,,,,,,,,,,,,,,,,,,,,,,,,,,,,,,,,,,,,,41.53472,29.199785,-0.19882992,41.53472,29.199785,-0.22498448,,,,,,,,,,,,,,,,,,,,,,,,,,,,,,,,,,,,,,,,,,,,,,,,,,,,,,,,,,,,,,,
41.53472,29.229765,0.0007437155,41.53472,29.229765,0.0007437155,,,,,,,,,,,,,,,,,,,,,,,,,,,,,,,,,,,,,,,,,,,,,,,,,,,,,,,,,,,,,41.53472,29.229765,0.11986498,41.53472,29.229765,0.33380252,,,,,,,,,,,,,,,,,,,,,,,,,,,,,,,,,,,,,,,,,,,,,,,,,,,,,,,,,,,,,,,
41.53472,29.259745,0.00068421825,41.53472,29.259745,0.0009519559,,,,,,,,,,,,,,,,,,,,,,,,,,,,,,,,,,,,,,,,,,,,,,,,,,,,,,,,,,,,,41.53472,29.259745,-0.12725605,41.53472,29.259745,0.9577732,,,,,,,,,,,,,,,,,,,,,,,,,,,,,,,,,,,,,,,,,,,,,,,,,,,,,,,,,,,,,,,
41.53472,29.289722,0.0005800982,41.53472,29.289722,0.000713967,,,,,,,,,,,,,,,,,,,,,,,,,,,,,,,,,,,,,,,,,,,,,,,,,,,,,,,,,,,,,41.53472,29.289722,-0.39797965,41.53472,29.289722,0.1771946,,,,,,,,,,,,,,,,,,,,,,,,,,,,,,,,,,,,,,,,,,,,,,,,,,,,,,,,,,,,,,,
41.53472,29.319702,0.00066934404,41.53472,29.319702,0.0007437155,,,,,,,,,,,,,,,,,,,,,,,,,,,,,,,,,,,,,,,,,,,,,,,,,,,,,,,,,,,,,41.53472,29.319702,-0.07854899,41.53472,29.319702,0.30906603,,,,,,,,,,,,,,,,,,,,,,,,,,,,,,,,,,,,,,,,,,,,,,,,,,,,,,,,,,,,,,,
41.53472,29.349682,0.00055034953,41.53472,29.349682,0.0007288412,,,,,,,,,,,,,,,,,,,,,,,,,,,,,,,,,,,,,,,,,,,,,,,,,,,,,,,,,,,,,41.53472,29.349682,-0.5226947,41.53472,29.349682,0.20991017,,,,,,,,,,,,,,,,,,,,,,,,,,,,,,,,,,,,,,,,,,,,,,,,,,,,,,,,,,,,,,,
41.53472,29.379662,0.0008180871,41.53472,29.379662,0.00065446977,,,,,,,,,,,,,,,,,,,,,,,,,,,,,,,,,,,,,,,,,,,,,,,,,,,,,,,,,,,,,41.53472,29.379662,0.36069092,41.53472,29.379662,0.039491933,,,,,,,,,,,,,,,,,,,,,,,,,,,,,,,,,,,,,,,,,,,,,,,,,,,,,,,,,,,,,,,
41.53472,29.40964,0.0005800982,41.53472,29.40964,0.00083296146,,,,,,,,,,,,,,,,,,,,,,,,,,,,,,,,,,,,,,,,,,,,,,,,,,,,,,,,,,,,,41.53472,29.40964,-0.4105379,41.53472,29.40964,0.6249624,,,,,,,,,,,,,,,,,,,,,,,,,,,,,,,,,,,,,,,,,,,,,,,,,,,,,,,,,,,,,,,
41.53472,29.43962,0.0005949724,41.53472,29.43962,0.00068421825,,,,,,,,,,,,,,,,,,,,,,,,,,,,,,,,,,,,,,,,,,,,,,,,,,,,,,,,,,,,,41.53472,29.43962,-0.3284597,41.53472,29.43962,0.07066509,,,,,,,,,,,,,,,,,,,,,,,,,,,,,,,,,,,,,,,,,,,,,,,,,,,,,,,,,,,,,,,
41.53472,29.469599,0.0004759779,41.53472,29.469599,0.0005354752,,,,,,,,,,,,,,,,,,,,,,,,,,,,,,,,,,,,,,,,,,,,,,,,,,,,,,,,,,,,,41.53472,29.469599,-0.74788964,41.53472,29.469599,-0.39725888,,,,,,,,,,,,,,,,,,,,,,,,,,,,,,,,,,,,,,,,,,,,,,,,,,,,,,,,,,,,,,,
41.53472,29.499578,0.00080321287,41.53472,29.499578,0.0006395953,,,,,,,,,,,,,,,,,,,,,,,,,,,,,,,,,,,,,,,,,,,,,,,,,,,,,,,,,,,,,41.53472,29.499578,0.25501618,41.53472,29.499578,-0.030689763,,,,,,,,,,,,,,,,,,,,,,,,,,,,,,,,,,,,,,,,,,,,,,,,,,,,,,,,,,,,,,,
41.53472,29.529556,0.000713967,41.53472,29.529556,0.0007585899,,,,,,,,,,,,,,,,,,,,,,,,,,,,,,,,,,,,,,,,,,,,,,,,,,,,,,,,,,,,,41.53472,29.529556,0.0055583715,41.53472,29.529556,0.31841886,,,,,,,,,,,,,,,,,,,,,,,,,,,,,,,,,,,,,,,,,,,,,,,,,,,,,,,,,,,,,,,
41.53472,29.559536,0.0009817047,41.53472,29.559536,0.00083296146,,,,,,,,,,,,,,,,,,,,,,,,,,,,,,,,,,,,,,,,,,,,,,,,,,,,,,,,,,,,,41.53472,29.559536,0.9300889,41.53472,29.559536,0.63690424,,,,,,,,,,,,,,,,,,,,,,,,,,,,,,,,,,,,,,,,,,,,,,,,,,,,,,,,,,,,,,,
41.53472,29.589516,0.0006990926,41.53472,29.589516,0.0005800982,,,,,,,,,,,,,,,,,,,,,,,,,,,,,,,,,,,,,,,,,,,,,,,,,,,,,,,,,,,,,41.53472,29.589516,-0.0046020746,41.53472,29.589516,-0.29241621,,,,,,,,,,,,,,,,,,,,,,,,,,,,,,,,,,,,,,,,,,,,,,,,,,,,,,,,,,,,,,,
41.53472,29.619495,0.00065446965,41.53472,29.619495,0.0005652238,,,,,,,,,,,,,,,,,,,,,,,,,,,,,,,,,,,,,,,,,,,,,,,,,,,,,,,,,,,,,41.53472,29.619495,-0.15355045,41.53472,29.619495,-0.31756422,,,,,,,,,,,,,,,,,,,,,,,,,,,,,,,,,,,,,,,,,,,,,,,,,,,,,,,,,,,,,,,
41.53472,29.649473,0.0008329615,41.53472,29.649473,0.00062472105,,,,,,,,,,,,,,,,,,,,,,,,,,,,,,,,,,,,,,,,,,,,,,,,,,,,,,,,,,,,,41.53472,29.649473,0.37285635,41.53472,29.649473,-0.15774381,,,,,,,,,,,,,,,,,,,,,,,,,,,,,,,,,,,,,,,,,,,,,,,,,,,,,,,,,,,,,,,
41.53472,29.679453,0.00050572655,41.53472,29.679453,0.0006395954,,,,,,,,,,,,,,,,,,,,,,,,,,,,,,,,,,,,,,,,,,,,,,,,,,,,,,,,,,,,,41.53472,29.679453,-0.6275261,41.53472,29.679453,0.012065934,,,,,,,,,,,,,,,,,,,,,,,,,,,,,,,,,,,,,,,,,,,,,,,,,,,,,,,,,,,,,,,
41.53472,29.709433,0.0006990926,41.53472,29.709433,0.0005800981,,,,,,,,,,,,,,,,,,,,,,,,,,,,,,,,,,,,,,,,,,,,,,,,,,,,,,,,,,,,,41.53472,29.709433,0.0030327041,41.53472,29.709433,-0.2502442,,,,,,,,,,,,,,,,,,,,,,,,,,,,,,,,,,,,,,,,,,,,,,,,,,,,,,,,,,,,,,,
41.53472,29.739412,0.0007288413,41.53472,29.739412,0.0005652238,,,,,,,,,,,,,,,,,,,,,,,,,,,,,,,,,,,,,,,,,,,,,,,,,,,,,,,,,,,,,41.53472,29.739412,0.054447867,41.53472,29.739412,-0.34596536,,,,,,,,,,,,,,,,,,,,,,,,,,,,,,,,,,,,,,,,,,,,,,,,,,,,,,,,,,,,,,,
41.53472,29.76939,0.0007883385,41.53472,29.76939,0.0005949724,,,,,,,,,,,,,,,,,,,,,,,,,,,,,,,,,,,,,,,,,,,,,,,,,,,,,,,,,,,,,41.53472,29.76939,0.2977019,41.53472,29.76939,-0.25298253,,,,,,,,,,,,,,,,,,,,,,,,,,,,,,,,,,,,,,,,,,,,,,,,,,,,,,,,,,,,,,,
41.53472,29.79937,0.00071396696,41.53472,29.79937,0.00086271006,,,,,,,,,,,,,,,,,,,,,,,,,,,,,,,,,,,,,,,,,,,,,,,,,,,,,,,,,,,,,41.53472,29.79937,0.09752671,41.53472,29.79937,0.7224155,,,,,,,,,,,,,,,,,,,,,,,,,,,,,,,,,,,,,,,,,,,,,,,,,,,,,,,,,,,,,,,
41.53472,29.82935,0.0006247211,41.53472,29.82935,0.0006395953,,,,,,,,,,,,,,,,,,,,,,,,,,,,,,,,,,,,,,,,,,,,,,,,,,,,,,,,,,,,,41.53472,29.82935,-0.25351498,41.53472,29.82935,-0.09707238,,,,,,,,,,,,,,,,,,,,,,,,,,,,,,,,,,,,,,,,,,,,,,,,,,,,,,,,,,,,,,,
41.53472,29.85933,0.0005652238,41.53472,29.85933,0.000624721,,,,,,,,,,,,,,,,,,,,,,,,,,,,,,,,,,,,,,,,,,,,,,,,,,,,,,,,,,,,,41.53472,29.85933,-0.45713902,41.53472,29.85933,-0.11528786,,,,,,,,,,,,,,,,,,,,,,,,,,,,,,,,,,,,,,,,,,,,,,,,,,,,,,,,,,,,,,,
41.53472,29.889309,0.00060984667,41.53472,29.889309,0.0007288412,,,,,,,,,,,,,,,,,,,,,,,,,,,,,,,,,,,,,,,,,,,,,,,,,,,,,,,,,,,,,41.53472,29.889309,-0.31257275,41.53472,29.889309,0.23789652,,,,,,,,,,,,,,,,,,,,,,,,,,,,,,,,,,,,,,,,,,,,,,,,,,,,,,,,,,,,,,,
41.53472,29.919287,0.0005354752,41.53472,29.919287,0.0005503495,,,,,,,,,,,,,,,,,,,,,,,,,,,,,,,,,,,,,,,,,,,,,,,,,,,,,,,,,,,,,41.53472,29.919287,-0.53374434,41.53472,29.919287,-0.40363973,,,,,,,,,,,,,,,,,,,,,,,,,,,,,,,,,,,,,,,,,,,,,,,,,,,,,,,,,,,,,,,
41.53472,29.949266,0.00086271006,41.53472,29.949266,0.0007437156,,,,,,,,,,,,,,,,,,,,,,,,,,,,,,,,,,,,,,,,,,,,,,,,,,,,,,,,,,,,,41.53472,29.949266,0.505141,41.53472,29.949266,0.2681367,,,,,,,,,,,,,,,,,,,,,,,,,,,,,,,,,,,,,,,,,,,,,,,,,,,,,,,,,,,,,,,
41.53472,29.979246,0.0007437155,41.53472,29.979246,0.00071396696,,,,,,,,,,,,,,,,,,,,,,,,,,,,,,,,,,,,,,,,,,,,,,,,,,,,,,,,,,,,,41.53472,29.979246,0.08186887,41.53472,29.979246,0.18628894,,,,,,,,,,,,,,,,,,,,,,,,,,,,,,,,,,,,,,,,,,,,,,,,,,,,,,,,,,,,,,,
