day,time_tag,bin_index,range_m,analog,analog_sterr,photon_counting,pc_sterr,overflow_info,SNR_analog,SNR_Photon,photon_per_bin,analog_bg_corr,Photon_per_bin_bg_corr,afterpulse_raw,afterpulse_counts_per_bin,photon_APcorr_counts,photon_deadtime_counts,photon_deadtime_corr,k_scale,b_offset,r2_overlap,analog_scaled_for_glue,weight_w,merged_counts_per_bin,range2_corrected_counts,range2_norm,ratio_mean_overlap,ratio_std_overlap
05-01-2026,06.05,0,0.0,30.4661,0.183388,171.491,0.896712,0.0,166.12919056863046,191.2442344922339,4.287275000000001,26.74673132857143,4.281020724050001,0.0,0.0,4.281020724050001,8.993683136584899,,0.03401348876660547,4.235518169007731,0.539792907782207,5.14526781459551,0.0,5.14526781459551,0.0,0.0,1.0016771138292804,0.041283232660751526
05-01-2026,06.05,1,3.75,74.8044,0.46677,196.405,0.888103,0.0,160.25965679028215,221.15115026072428,4.910125,71.08503132857143,4.90387072405,0.0,0.0,4.90387072405,12.266846064766785,,0.03401348876660547,4.235518169007731,0.539792907782207,6.653368083575893,0.0,6.653368083575893,93.562988675286,8.978448905764095e-05,1.0016771138292804,0.041283232660751526
05-01-2026,06.05,2,7.5,301.117,2.32512,108.156,1.3585,0.0,129.50600399119185,79.61428045638573,2.7039,297.39763132857144,2.69764572405,0.0,0.0,2.69764572405,4.027490065890009,7.943215657047811,0.03401348876660547,4.235518169007731,0.539792907782207,14.351049161417171,0.0,14.351049161417171,807.2465153297159,0.00077464622441656,1.0016771138292804,0.041283232660751526
05-01-2026,06.05,3,11.25,474.092,0.0285024,0.890382,0.12087,0.0,16633.4063096441,7.36644328617523,0.022259550000000003,470.3726313285714,0.016005274050000004,0.0,0.0,0.016005274050000004,0.016036690657368336,0.01606823084205318,0.03401348876660547,4.235518169007731,0.539792907782207,20.234532380820752,0.0,20.234532380820752,2560.9330044476264,0.0024575108658955696,1.0016771138292804,0.041283232660751526
05-01-2026,06.05,4,15.0,473.457,0.0,0.0,0.0,0.0,inf,,0.0,469.7376313285714,-0.006254275949999999,0.0,0.0,-0.006254275949999999,-0.006249491817923508,-0.006244714999379535,0.03401348876660547,4.235518169007731,0.539792907782207,20.212933815453958,0.0,20.212933815453958,4547.910108477141,0.0043642447847282,1.0016771138292804,0.041283232660751526
05-01-2026,06.05,5,18.75,473.457,0.0,0.134397,0.0475216,0.0,inf,2.828124473923437,0.0033599249999999997,469.7376313285714,-0.002894350949999999,0.0,0.0,-0.002894350949999999,-0.002893325935597947,-0.0028923016469424223,0.03401348876660547,4.235518169007731,0.539792907782207,20.212933815453958,0.0,20.212933815453958,7106.109544495532,0.006819132476137811,1.0016771138292804,0.041283232660751526
05-01-2026,06.05,6,22.5,473.457,6.43677e-06,18.614,0.540989,0.0,73555059.44751793,34.40735393880467,0.46535000000000004,469.7376313285714,0.45909572405000004,0.0,0.0,0.45909572405000004,0.48642982947278646,0.5172248878243653,0.03401348876660547,4.235518169007731,0.539792907782207,20.212933815453958,0.0,20.212933815453958,10232.797744073567,0.009819550765638448,1.0016771138292804,0.041283232660751526
05-01-2026,06.05,7,26.25,473.457,9.06403e-06,5.39269,0.324731,0.0,52234712.374076426,16.606637493802562,0.13481725,469.7376313285714,0.12856297405,0.0,0.0,0.12856297405,0.13061839929113064,0.1327406153753636,0.03401348876660547,4.235518169007731,0.539792907782207,20.212933815453958,0.0,20.212933815453958,13927.974707211242,0.01336549965323011,1.0016771138292804,0.041283232660751526
05-01-2026,06.05,8,30.0,473.457,0.0,1.51197,0.194907,0.0,inf,7.7573919869476216,0.03779925,469.7376313285714,0.03154497405,0.0,0.0,0.03154497405,0.03166724460088239,0.03179046669863683,0.03401348876660547,4.235518169007731,0.539792907782207,20.212933815453958,0.0,20.212933815453958,18191.640433908564,0.0174569791389128,1.0016771138292804,0.041283232660751526
05-01-2026,06.05,9,33.75,473.457,0.0,6.55187,0.353313,0.0,inf,18.54409546209735,0.16379675000000002,469.7376313285714,0.15754247405000002,0.0,0.0,0.15754247405000002,0.16064012960830512,0.16386204275001906,0.03401348876660547,4.235518169007731,0.539792907782207,20.212933815453958,0.0,20.212933815453958,23023.794924165526,0.02209398922268651,1.0016771138292804,0.041283232660751526
05-01-2026,06.05,10,37.5,473.457,0.0,30.2562,0.687342,0.0,inf,44.019134579292405,0.756405,469.7376313285714,0.75015072405,0.0,0.0,0.75015072405,0.8259920309030763,0.9188934697326356,0.03401348876660547,4.235518169007731,0.539792907782207,20.212933815453958,0.0,20.212933815453958,28424.438177982127,0.027276529904551244,1.0016771138292804,0.041283232660751526
05-01-2026,06.05,11,41.25,473.457,0.0,89.2062,1.03239,0.0,inf,86.40746229622526,2.230155,469.7376313285714,2.22390072405,0.0,0.0,2.22390072405,3.0556710267266234,4.881373831405812,0.03401348876660547,4.235518169007731,0.539792907782207,20.212933815453958,0.0,20.212933815453958,34393.57019535838,0.03300460118450701,1.0016771138292804,0.041283232660751526
05-01-2026,06.05,12,45.0,473.457,0.0,155.178,1.00897,0.0,inf,153.79842809994352,3.87945,469.7376313285714,3.87319572405,0.0,0.0,3.87319572405,7.364598252438625,74.71199273543557,0.03401348876660547,4.235518169007731,0.539792907782207,20.212933815453958,0.0,20.212933815453958,40931.19097629427,0.03927820306255379,1.0016771138292804,0.041283232660751526
05-01-2026,06.05,13,48.75,473.457,6.43677e-06,139.269,1.06028,0.0,73555059.44751793,131.35115252574792,3.4817250000000004,469.7376313285714,3.4754707240500005,0.0,0.0,3.4754707240500005,6.048479478328372,23.293295513900684,0.03401348876660547,4.235518169007731,0.539792907782207,20.212933815453958,0.0,20.212933815453958,48037.300520789795,0.0460973355386916,1.0016771138292804,0.041283232660751526
05-01-2026,06.05,14,52.5,473.457,0.0,111.315,0.975226,0.0,inf,114.14277305978305,2.782875,469.7376313285714,2.7766207240500003,0.0,0.0,2.7766207240500003,4.206098548746303,8.66926619547829,0.03401348876660547,4.235518169007731,0.539792907782207,20.212933815453958,0.0,20.212933815453958,55711.89882884497,0.05346199861292044,1.0016771138292804,0.041283232660751526
05-01-2026,06.05,15,56.25,473.457,6.43677e-06,99.958,0.932181,0.0,73555059.44751793,107.23024820287047,2.49895,469.7376313285714,2.49269572405,0.0665557,0.0016638924999999999,2.49103183155,3.5837146603511623,6.384062402575029,0.03401348876660547,4.235518169007731,0.539792907782207,20.212933815453958,0.0,20.212933815453958,63954.98590045979,0.0613721922852403,1.0016771138292804,0.041283232660751526
05-01-2026,06.05,16,60.0,473.457,0.0,101.285,0.925294,0.0,inf,109.46250597107515,2.532125,469.7376313285714,2.5258707240500002,0.0,0.0,2.5258707240500002,3.6562659515016267,6.61799877443261,0.03401348876660547,4.235518169007731,0.539792907782207,20.212933815453958,0.0,20.212933815453958,72766.56173563426,0.0698279165556512,1.0016771138292804,0.041283232660751526
05-01-2026,06.05,17,63.75,473.457,0.0,111.147,0.926327,0.0,inf,119.98678652354947,2.7786750000000002,469.7376313285714,2.7724207240500003,0.0,0.0,2.7724207240500003,4.1964683115298165,8.628454097133957,0.03401348876660547,4.235518169007731,0.539792907782207,20.212933815453958,0.0,20.212933815453958,82146.62633436835,0.0788291714241531,1.0016771138292804,0.041283232660751526
05-01-2026,06.05,18,67.5,473.457,0.0,128.232,0.920817,0.0,inf,139.2589407015726,3.2058000000000004,469.7376313285714,3.1995457240500005,0.0,0.0,3.1995457240500005,5.259161784748761,14.761374443938191,0.03401348876660547,4.235518169007731,0.539792907782207,20.212933815453958,0.0,20.212933815453958,92095.1796966621,0.08837595689074604,1.0016771138292804,0.041283232660751526
05-01-2026,06.05,19,71.25,473.457,0.0,126.401,0.920817,0.0,inf,137.27048914170786,3.160025,469.7376313285714,3.15377072405,0.0,0.0,3.15377072405,5.136614575546106,13.834941403089362,0.03401348876660547,4.235518169007731,0.539792907782207,20.212933815453958,0.0,20.212933815453958,102612.22182251548,0.09846827295543,1.0016771138292804,0.041283232660751526
05-01-2026,06.05,20,75.0,473.457,0.0,125.645,0.925294,0.0,inf,135.78927346335328,3.141125,469.7376313285714,3.1348707240500002,0.0,0.0,3.1348707240500002,5.086666097362758,13.478465781324308,0.03401348876660547,4.235518169007731,0.539792907782207,20.212933815453958,0.0,20.212933815453958,113697.75271192851,0.10910611961820497,1.0016771138292804,0.041283232660751526
05-01-2026,06.05,21,78.75,473.457,0.0,145.166,0.903944,0.0,inf,160.59180657208853,3.62915,469.7376313285714,3.62289572405,0.0,0.0,3.62289572405,6.5094717284447645,32.02839291313446,0.03401348876660547,4.235518169007731,0.539792907782207,20.212933815453958,0.0,20.212933815453958,125351.77236490119,0.12028949687907099,1.0016771138292804,0.041283232660751526
05-01-2026,06.05,22,82.5,473.457,0.0,164.385,0.915996,0.0,inf,179.46039065672775,4.109625,469.7376313285714,4.10337072405,0.0,0.0,4.10337072405,8.243881397147872,,0.03401348876660547,4.235518169007731,0.539792907782207,20.212933815453958,0.0,20.212933815453958,137574.2807814335,0.13201840473802803,1.0016771138292804,0.041283232660751526
05-01-2026,06.05,23,86.25,473.457,0.0,180.025,0.901189,0.0,inf,199.76386751280808,4.500625,469.7376313285714,4.49437072405,0.0,0.0,4.49437072405,9.989954167632536,,0.03401348876660547,4.235518169007731,0.539792907782207,20.212933815453958,0.0,20.212933815453958,150365.27796152545,0.14429284319507607,1.0016771138292804,0.041283232660751526
05-01-2026,06.05,24,90.0,473.457,0.0,191.399,0.901533,0.0,inf,212.30393119275723,4.784975,469.7376313285714,4.77872072405,0.0,0.0,4.77872072405,11.51264324292676,,0.03401348876660547,4.235518169007731,0.539792907782207,20.212933815453958,0.0,20.212933815453958,163724.76390517707,0.15711281225021517,1.0016771138292804,0.041283232660751526
05-01-2026,06.05,25,93.75,473.457,0.0,199.731,0.912208,0.0,inf,218.953352744111,4.993275,469.7376313285714,4.98702072405,0.0,0.0,4.98702072405,12.800733678519128,,0.03401348876660547,4.235518169007731,0.539792907782207,20.212933815453958,0.0,20.212933815453958,177652.7386123883,0.17047831190344528,1.0016771138292804,0.041283232660751526
05-01-2026,06.05,26,97.5,473.457,0.0,202.453,0.886381,0.0,inf,228.40403844396485,5.061325,469.7376313285714,5.05507072405,0.0,0.0,5.05507072405,13.258876960979682,,0.03401348876660547,4.235518169007731,0.539792907782207,20.212933815453958,0.0,20.212933815453958,192149.20208315918,0.1843893421547664,1.0016771138292804,0.041283232660751526
05-01-2026,06.05,27,101.25,473.457,0.0,203.108,0.883971,0.0,inf,229.76771862425352,5.0777,469.7376313285714,5.07144572405,0.0,0.0,5.07144572405,13.372124676054305,,0.03401348876660547,4.235518169007731,0.539792907782207,20.212933815453958,4.283621299649987e-05,20.21228521144499,207207.505112954,0.19883952232480598,1.0016771138292804,0.041283232660751526
05-01-2026,06.05,28,105.0,473.457,0.0,204.486,0.889481,0.0,inf,229.89361211762815,5.11215,469.7376313285714,5.10589572405,0.0,0.0,5.10589572405,13.614329153114396,,0.03401348876660547,4.235518169007731,0.539792907782207,20.212933815453958,0.0006852326227130834,20.20258198012116,222733.4663308358,0.21373847451533684,1.0016771138292804,0.041283232660751526
05-01-2026,06.05,29,108.75,473.457,0.0,204.57,0.878806,0.0,inf,232.7817516038807,5.11425,469.7376313285714,5.10799572405,0.0,0.0,5.10799572405,13.629269671267958,,0.03401348876660547,4.235518169007731,0.539792907782207,20.212933815453958,0.0020975362126691155,20.18125066081711,238674.82226831984,0.22903604589476692,1.0016771138292804,0.041283232660751526
05-01-2026,06.05,30,112.5,473.457,0.0,203.562,0.888792,0.0,inf,229.03221451138174,5.08905,469.7376313285714,5.08279572405,0.0,0.0,5.08279572405,13.45132499060397,,0.03401348876660547,4.235518169007731,0.539792907782207,20.212933815453958,0.004277569313094809,20.148213601051285,255000.82838830532,0.2447027335304303,1.0016771138292804,0.041283232660751526
05-01-2026,06.05,31,116.25,473.457,0.0,203.478,0.889825,0.0,inf,228.6719298738516,5.08695,469.7376313285714,5.08069572405,0.0,0.0,5.08069572405,13.436627310543273,,0.03401348876660547,4.235518169007731,0.539792907782207,20.212933815453958,0.007221970470961125,20.103649238798287,271681.97229119745,0.26071021686784274,1.0016771138292804,0.041283232660751526
05-01-2026,06.05,32,120.0,473.458,0.000910081,202.117,0.883627,0.0,520237.2096549648,228.73565429757124,5.052925,469.73863132857144,5.04667072405,0.0,0.0,5.04667072405,13.201244297757324,,0.03401348876660547,4.235518169007731,0.539792907782207,20.212967828942723,0.010926199633097156,20.0472578390798,288680.51288274914,0.2770222789700357,1.0016771138292804,0.041283232660751526
05-01-2026,06.05,33,123.75,475.418,0.135248,202.318,0.877772,1.0,3515.15734058914,230.4903779113483,5.057950000000001,471.6986313285714,5.051695724050001,0.0,0.0,5.051695724050001,13.235683664669704,,0.03401348876660547,4.235518169007731,0.539792907782207,20.27963426692527,0.015384545146622797,20.04535935892241,306975.88605749776,0.2945788016492601,1.0016771138292804,0.041283232660751526
05-01-2026,06.05,34,127.5,483.129,0.247634,202.822,0.881216,1.0,1950.9800754339067,230.16150410342073,5.07055,479.40963132857144,5.06429572405,0.0,0.0,5.06429572405,13.322529173081774,,0.03401348876660547,4.235518169007731,0.539792907782207,20.541912278804567,0.020590132565903474,20.223226102137946,328753.81932288,0.3154772427812526,1.0016771138292804,0.041283232660751526
05-01-2026,06.05,35,131.25,497.667,0.138102,201.949,0.896368,1.0,3603.619064169961,225.29697624190064,5.048725,493.9476313285714,5.04247072405,0.0,0.0,5.04247072405,13.172544062059,,0.03401348876660547,4.235518169007731,0.539792907782207,21.036400378493475,0.026534935252447156,20.612002490680624,355073.9491558654,0.3407344458959023,1.0016771138292804,0.041283232660751526
05-01-2026,06.05,36,135.0,500.0,0.0,201.932,0.887759,1.0,inf,227.46263343993132,5.048299999999999,496.2806313285714,5.042045724049999,0.0665557,0.0016638924999999999,5.0403818315499995,13.15829853037619,,0.03401348876660547,4.235518169007731,0.539792907782207,21.115753847785967,0.03320978675139913,20.58194942869246,375106.0283379201,0.3599575384839874,1.0016771138292804,0.041283232660751526
05-01-2026,06.05,37,138.75,500.0,0.0,202.57,0.903944,1.0,inf,224.0957404440983,5.06425,496.2806313285714,5.05799572405,0.0,0.0,5.05799572405,13.279018511188976,,0.03401348876660547,4.235518169007731,0.539792907782207,21.115753847785967,0.040604394925550846,20.46373829531082,393958.9367758197,0.3780490806131287,1.0016771138292804,0.041283232660751526
05-01-2026,06.05,38,142.5,499.933,0.0234898,201.882,0.889136,1.0,21282.982400871864,227.0541289521513,5.0470500000000005,496.2136313285714,5.0407957240500005,0.0,0.0,5.0407957240500005,13.161119624607972,,0.03401348876660547,4.235518169007731,0.539792907782207,21.1134749440386,0.048707357825069686,20.330617206063057,412838.59564061795,0.39616629286509497,1.0016771138292804,0.041283232660751526
05-01-2026,06.05,39,146.25,497.668,0.164287,201.714,0.880872,1.0,3029.259771010488,228.99354276217204,5.0428500000000005,493.9486313285714,5.0365957240500006,0.0,0.0,5.0365957240500006,13.13252698579621,,0.03401348876660547,4.235518169007731,0.539792907782207,21.03643439198224,0.05750618126847906,20.116344769277706,430269.7555416289,0.4128935031386559,1.0016771138292804,0.041283232660751526
05-01-2026,06.05,40,150.0,483.821,0.430132,202.352,0.910831,1.0,1124.8198227520854,222.16195979276068,5.058800000000001,480.10163132857144,5.052545724050001,0.0,0.0,5.052545724050001,13.241520208022786,,0.03401348876660547,4.235518169007731,0.539792907782207,20.565449613031056,0.0669872981077807,19.52628209570253,439341.34715330694,0.4215987425642669,1.0016771138292804,0.041283232660751526
05-01-2026,06.05,41,153.75,441.319,0.586631,203.394,0.911175,1.0,752.2940315121431,223.22166433451315,5.08485,437.59963132857143,5.07859572405,0.0,0.0,5.07859572405,13.42194959925919,,0.03401348876660547,4.235518169007731,0.539792907782207,19.119808313472788,0.07713608914801334,18.036724087428865,426371.24799798644,0.4091524350854744,1.0016771138292804,0.041283232660751526
05-01-2026,06.05,42,157.5,389.026,0.609244,202.402,0.886726,1.0,638.53891051861,228.25765794619755,5.0600499999999995,385.3066313285714,5.0537957240499995,0.0,0.0,5.0537957240499995,13.250109144292342,,0.03401348876660547,4.235518169007731,0.539792907782207,17.34114094540069,0.0879369056889922,16.260629827502683,403365.24865848845,0.3870755227806961,1.0016771138292804,0.041283232660751526
05-01-2026,06.05,43,161.25,338.549,0.573522,202.033,0.882249,0.0,590.2981925715143,228.99770926348458,5.050825,334.8296313285714,5.04457072405,0.0,0.0,5.04457072405,13.186884537751824,,0.03401348876660547,4.235518169007731,0.539792907782207,15.624242072928745,0.09937309365446967,14.572907401143107,378918.3625975351,0.3636159133228289,1.0016771138292804,0.041283232660751526
05-01-2026,06.05,44,165.0,293.263,0.550738,204.049,0.888103,0.0,532.4909485090915,229.75826002164166,5.101225,289.5436313285714,5.09497072405,0.0,0.0,5.09497072405,13.536932120690528,,0.03401348876660547,4.235518169007731,0.539792907782207,14.08390722064425,0.11142701927151455,13.082296820407821,356165.5309356029,0.3417819446317379,1.0016771138292804,0.041283232660751526
05-01-2026,06.05,45,168.75,249.462,0.534355,202.957,0.874673,0.0,466.84694631845866,232.03757289867184,5.073925,245.7426313285714,5.06767072405,0.0,0.0,5.06767072405,13.345911150671029,,0.03401348876660547,4.235518169007731,0.539792907782207,12.594082399178165,0.12408009626051131,11.660204514032026,332042.5426066151,0.3186331524402193,1.0016771138292804,0.041283232660751526
05-01-2026,06.05,46,172.5,207.807,0.501102,202.638,0.872607,0.0,414.70000119736096,232.2213780086568,5.06595,204.0876313285714,5.05969572405,0.0,0.0,5.05969572405,13.290742118711469,,0.03401348876660547,4.235518169007731,0.539792907782207,11.177250524605213,0.13731281449385613,10.337231857120576,307597.25544844416,0.2951750773141579,1.0016771138292804,0.041283232660751526
05-01-2026,06.05,47,176.25,170.961,0.467175,202.906,0.870541,0.0,365.94637983624983,233.08034888649703,5.07265,167.24163132857143,5.06639572405,0.0,0.0,5.06639572405,13.337071982185611,,0.03401348876660547,4.235518169007731,0.539792907782207,9.923989517510869,0.15110477007915996,9.18998392421201,285478.2349957171,0.27394932364893554,1.0016771138292804,0.041283232660751526
05-01-2026,06.05,48,180.0,138.429,0.429223,202.705,0.874329,0.0,322.51067626851307,231.84064579809203,5.0676250000000005,134.70963132857142,5.0613707240500005,0.0,0.0,5.0613707240500005,13.302305861499974,,0.03401348876660547,4.235518169007731,0.539792907782207,8.817462700955659,0.16543469682057088,8.196074763526092,265552.82233824534,0.25482858990535534,1.0016771138292804,0.041283232660751526
05-01-2026,06.05,49,183.75,110.078,0.383631,201.646,0.883971,0.0,286.93718703650126,228.11381821349343,5.04115,106.35863132857143,5.03489572405,0.0,0.0,5.03489572405,13.120975555102808,,0.03401348876660547,4.235518169007731,0.539792907782207,7.853146280933628,0.1802804990097076,7.345070664204261,247999.42497310918,0.23798407867320412,1.0016771138292804,0.041283232660751526
05-01-2026,06.05,50,187.5,86.4239,0.34059,199.748,0.876739,0.0,253.74761443377668,227.83063146500837,4.9937,82.70453132857143,4.98744572405,0.0,0.0,4.98744572405,12.803534170294434,,0.03401348876660547,4.235518169007731,0.539792907782207,7.048587816299466,0.19561928549563967,6.645388672908637,233626.94553194428,0.22419202541168515,1.0016771138292804,0.041283232660751526
05-01-2026,06.05,51,191.25,66.8292,0.295255,199.563,0.861932,0.0,226.34400772213849,231.52986546502507,4.989075,63.10983132857143,4.98282072405,0.0,0.0,4.98282072405,12.77309839178377,,0.03401348876660547,4.235518169007731,0.539792907782207,6.382103707964461,0.21142740498138318,6.086256937840821,222614.3572779934,0.21362417562853334,1.0016771138292804,0.041283232660751526
05-01-2026,06.05,52,195.0,51.0271,0.249101,199.513,0.883971,0.0,204.8450227016351,225.70084312720667,4.987825,47.30773132857143,4.98157072405,0.0,0.0,4.98157072405,12.764887663028775,,0.03401348876660547,4.235518169007731,0.539792907782207,5.844619157125685,0.22768048249248646,5.6481198734686275,214769.75818864457,0.20609637717883222,1.0016771138292804,0.041283232660751526
05-01-2026,06.05,53,198.75,39.0053,0.20943,195.582,0.863998,0.0,186.2450460774483,226.36857955689712,4.88955,35.28593132857143,4.88329572405,0.0,0.0,4.88329572405,12.13890783556131,,0.03401348876660547,4.235518169007731,0.539792907782207,5.435715797871308,0.24435345696147398,5.3007300431381585,209387.11909464968,0.2009311135668152,1.0016771138292804,0.041283232660751526
05-01-2026,06.05,54,202.5,30.0198,0.170023,195.598,0.865031,0.0,176.56317086511825,226.11675188519257,4.889950000000001,26.300431328571428,4.883695724050001,0.0,0.0,4.883695724050001,12.141379821681896,,0.03401348876660547,4.235518169007731,0.539792907782207,5.130087594558974,0.2614206198701957,5.065675679039542,207724.3633136152,0.19933550743728107,1.0016771138292804,0.041283232660751526
05-01-2026,06.05,55,206.25,23.2874,0.136517,194.372,0.882593,0.0,170.58241830687754,220.22834987361108,4.8593,19.56803132857143,4.85304572405,0.0,0.0,4.85304572405,11.95369135699596,,0.03401348876660547,4.235518169007731,0.539792907782207,4.90109518278668,0.27885565489049924,4.8876963195035295,207918.0192163806,0.19952134263268223,1.0016771138292804,0.041283232660751526
05-01-2026,06.05,56,210.0,18.4395,0.113483,193.885,0.865376,0.0,162.4868923098614,224.04711940243314,4.847125,14.720131328571426,4.84087072405,0.0,0.0,4.84087072405,11.880095549685848,,0.03401348876660547,4.235518169007731,0.539792907782207,4.736201190595053,0.2966316784620999,4.7672494899876385,210235.70250845485,0.20174542731747686,1.0016771138292804,0.041283232660751526
05-01-2026,06.05,57,213.75,14.9783,0.0909577,191.415,0.876395,0.0,164.67324921364548,218.41178920463943,4.785375,11.258931328571428,4.77912072405,0.0,0.0,4.77912072405,11.514965113529904,,0.03401348876660547,4.235518169007731,0.539792907782207,4.618473703276078,0.3147212812450819,4.669032739482252,213323.72864875084,0.20470874489773658,1.0016771138292804,0.041283232660751526
05-01-2026,06.05,58,217.5,12.4885,0.0716717,190.34,0.878806,0.0,174.245901799455,216.58932688215603,4.7585,8.76913132857143,4.75224572405,0.0,0.0,4.75224572405,11.360172885852217,,0.03401348876660547,4.235518169007731,0.539792907782207,4.533786918944983,0.3330965703831146,4.606554797695457,217918.83289848073,0.20911827790934684,1.0016771138292804,0.041283232660751526
05-01-2026,06.05,59,221.25,10.7682,0.0601534,190.743,0.857455,0.0,179.0123251553528,222.45249021814556,4.768575,7.048831328571429,4.76232072405,0.0,0.0,4.76232072405,11.417915880848524,,0.03401348876660547,4.235518169007731,0.539792907782207,4.475273514219793,0.35172921251221445,4.5762364032872,224013.92231028856,0.214967219850471,1.0016771138292804,0.041283232660751526
05-01-2026,06.05,60,225.0,9.48777,0.0502796,186.09,0.856078,0.0,188.7001885456527,217.37505227327418,4.65225,5.768401328571428,4.6459957240500005,0.0,0.0,4.6459957240500005,10.771322178203093,,0.03401348876660547,4.235518169007731,0.539792907782207,4.431721622798367,0.3705904774487395,4.51112956428611,228375.9341919843,0.2191530738254933,1.0016771138292804,0.041283232660751526
05-01-2026,06.05,61,228.75,8.47788,0.0412491,186.023,0.83335,0.0,205.52884790213608,223.22313553728924,4.650575,4.758511328571429,4.64432072405,0.0,0.0,4.64432072405,10.762323290087991,,0.03401348876660547,4.235518169007731,0.539792907782207,4.39737174062786,0.38965128248924946,4.493595728727713,235134.4177490037,0.22563861903480037,1.0016771138292804,0.041283232660751526
05-01-2026,06.05,62,232.5,7.80985,0.0362248,183.604,0.851257,0.0,215.59401294141028,215.68574472809036,4.5901000000000005,4.090481328571428,4.583845724050001,0.0,0.0,4.583845724050001,10.443053934246203,,0.03401348876660547,4.235518169007731,0.539792907782207,4.374649709727105,0.40888223725392625,4.460186244088055,241100.9426569849,0.2313641884923126,1.0016771138292804,0.041283232660751526
05-01-2026,06.05,63,236.25,7.38091,0.0327253,182.461,0.859521,0.0,225.54140068998603,212.28218973125732,4.5615250000000005,3.6615413285714284,4.5552707240500006,0.0,0.0,4.5552707240500006,10.295912689357518,,0.03401348876660547,4.235518169007731,0.539792907782207,4.360059963855557,0.42825368900441035,4.443659692042182,248018.6997803731,0.23800257507596315,1.0016771138292804,0.041283232660751526
05-01-2026,06.05,64,240.0,7.07702,0.0303982,180.58,0.852979,0.0,232.8104953582778,211.70509473269564,4.5145,3.3576513285714285,4.50824572405,0.0,0.0,4.50824572405,10.058766254885395,,0.03401348876660547,4.235518169007731,0.539792907782207,4.349723604754273,0.4477357683661732,4.42069962764018,254632.29855207435,0.24434908660746454,1.0016771138292804,0.041283232660751526
05-01-2026,06.05,65,243.75,6.90742,0.0290072,180.546,0.860554,0.0,238.12777517306048,209.80205774419733,4.51365,3.1880513285714285,4.50739572405,0.0,0.0,4.50739572405,10.054535748093668,,0.03401348876660547,4.235518169007731,0.539792907782207,4.343954917059457,0.4672984353849284,4.420330550444188,262629.7955947504,0.25202360829476,1.0016771138292804,0.041283232660751526
05-01-2026,06.05,66,247.5,6.77068,0.0283453,177.371,0.857455,0.0,238.8642914345588,206.8575027260906,4.434275,3.051311328571428,4.4280207240500005,0.0,0.0,4.4280207240500005,9.667950869502993,,0.03401348876660547,4.235518169007731,0.539792907782207,4.339303912605511,0.48691152584606345,4.382501150634145,268455.58610853285,0.2576141268538895,1.0016771138292804,0.041283232660751526
05-01-2026,06.05,67,251.25,6.64868,0.0274812,176.716,0.84437,0.0,241.9355777768074,209.28739770479768,4.4179,2.929311328571428,4.41164572405,0.0,0.0,4.41164572405,9.59023056068203,,0.03401348876660547,4.235518169007731,0.539792907782207,4.3351542669759855,0.5065447977856722,4.3739006166318735,276109.3106446005,0.26495875913411376,1.0016771138292804,0.041283232660751526
05-01-2026,06.05,68,255.0,6.6248,0.0270279,173.625,0.858144,0.0,245.10968295724047,202.3261830182347,4.340625,2.905431328571428,4.33437072405,0.0,0.0,4.33437072405,9.232417004237593,,0.03401348876660547,4.235518169007731,0.539792907782207,4.334342024864239,0.5261679781214719,4.334357125456785,281841.57208282745,0.2704595257477392,1.0016771138292804,0.041283232660751526
05-01-2026,06.05,69,258.75,6.67055,0.0264598,174.767,0.863309,0.0,252.10130084127624,202.4385243290641,4.369175,2.951181328571429,4.36292072405,0.0,0.0,4.36292072405,9.362922736645901,,0.03401348876660547,4.235518169007731,0.539792907782207,4.335898141975312,0.5457508093317011,4.350645738012805,291282.53004392295,0.27951921482729003,1.0016771138292804,0.041283232660751526
05-01-2026,06.05,70,262.5,6.70022,0.0259198,172.331,0.836105,0.0,258.4981365596957,206.11167257700885,4.308275,2.980851328571428,4.30202072405,0.0,0.0,4.30202072405,9.086869278030344,,0.03401348876660547,4.235518169007731,0.539792907782207,4.336907322187017,0.5652630961100257,4.31718721571134,297481.18158260954,0.2854675365849333,1.0016771138292804,0.041283232660751526
05-01-2026,06.05,71,266.25,6.69756,0.0254327,170.483,0.844714,0.0,263.3444345272032,201.8233390236222,4.262075,2.9781913285714285,4.25582072405,0.0,0.0,4.25582072405,8.883179667035169,,0.03401348876660547,4.235518169007731,0.539792907782207,4.336816846306897,0.5846747519245123,4.289460458619499,304075.8305423563,0.29179586358419435,1.0016771138292804,0.041283232660751526
05-01-2026,06.05,72,270.0,6.66591,0.0244475,169.744,0.868819,0.0,272.66223540239287,195.37325956269373,4.243600000000001,2.9465413285714286,4.237345724050001,0.0,0.0,4.237345724050001,8.803065448762212,,0.03401348876660547,4.235518169007731,0.539792907782207,4.335740319387434,0.6039558454088797,4.27631432837675,311743.31453866506,0.2991536996549874,1.0016771138292804,0.041283232660751526
05-01-2026,06.05,73,273.75,6.62932,0.0243776,168.652,0.850912,0.0,271.94309530060383,198.20145914031062,4.2162999999999995,2.9099513285714282,4.2100457240499995,0.0,0.0,4.2100457240499995,8.686051332404062,,0.03401348876660547,4.235518169007731,0.539792907782207,4.334495765833465,0.6230766465144966,4.256953851140434,319012.1307102287,0.30612896792354094,1.0016771138292804,0.041283232660751526
05-01-2026,06.05,74,277.5,6.62308,0.0236807,167.207,0.850912,0.0,279.6826107336354,196.50328118536345,4.180175,2.903711328571428,4.17392072405,0.0,0.0,4.17392072405,8.533668856767079,,0.03401348876660547,4.235518169007731,0.539792907782207,4.3342835216635605,0.6420076723519612,4.2313293752358305,325838.80770175415,0.31267995260588005,1.0016771138292804,0.041283232660751526
05-01-2026,06.05,75,281.25,6.61405,0.0234552,166.921,0.869508,0.0,281.98651045397185,191.9717817432387,4.173025,2.894681328571428,4.16677072405,0.0,0.0,4.16677072405,8.503834763660329,,0.03401348876660547,4.235518169007731,0.539792907782207,4.333976379859998,0.6607197326515807,4.223500303655384,334085.4732383653,0.3205935802284815,1.0016771138292804,0.041283232660751526
05-01-2026,06.05,76,285.0,6.61072,0.0236504,165.813,0.849191,0.0,279.5183168149376,195.2599591846828,4.145325,2.891351328571428,4.13907072405,0.0,0.0,4.13907072405,8.38925302087105,,0.03401348876660547,4.235518169007731,0.539792907782207,4.333863114942405,0.67918397477265,4.201563244640633,341271.97454593546,0.32748985788215473,1.0016771138292804,0.041283232660751526
05-01-2026,06.05,77,288.75,6.64681,0.0229751,165.426,0.851945,0.0,289.30494317761406,194.1745065702598,4.13565,2.9274413285714287,4.12939572405,0.0,0.0,4.12939572405,8.349602334678965,,0.03401348876660547,4.235518169007731,0.539792907782207,4.335090661751992,0.6973719281921336,4.191644786427393,349484.93351336266,0.33537114016035324,1.0016771138292804,0.041283232660751526
05-01-2026,06.05,78,292.5,6.66861,0.0232062,162.688,0.861932,0.0,287.3632908446881,188.7480682930904,4.0672,2.9492413285714285,4.06094572405,0.0,0.0,4.06094572405,8.074409987135908,690.5798609752965,0.03401348876660547,4.235518169007731,0.539792907782207,4.335832155807104,0.7152555484041476,4.139218110311817,354135.9794503654,0.3398343556791165,1.0016771138292804,0.041283232660751526
05-01-2026,06.05,79,296.25,6.70475,0.0234021,164.368,0.860554,0.0,286.50206605390116,191.0025402240882,4.1091999999999995,2.985381328571428,4.10294572405,0.0,0.0,4.10294572405,8.242166154751276,,0.03401348876660547,4.235518169007731,0.539792907782207,4.33706140329113,0.7328072601625557,4.165499733825341,365581.1789831806,0.3508173459273534,1.0016771138292804,0.041283232660751526
05-01-2026,06.05,80,300.0,6.77039,0.0226436,162.604,0.852979,0.0,298.99795085587095,190.63071892742963,4.0651,3.0510213285714283,4.05884572405,0.0,0.0,4.05884572405,8.066112155488096,634.733498156866,0.03401348876660547,4.235518169007731,0.539792907782207,4.33929404869377,0.7500000000000001,4.128957805210943,371606.2024689849,0.356599051523683,1.0016771138292804,0.041283232660751526
05-01-2026,06.05,81,303.75,6.82225,0.0226383,162.016,0.850912,0.0,301.3587592707933,190.4027678537851,4.0504,3.1028813285714287,4.04414572405,0.0,0.0,4.04414572405,8.008263852355466,404.69272773047936,0.03401348876660547,4.235518169007731,0.539792907782207,4.3410579882212055,0.7668072579578058,4.11338350907804,379517.4731680456,0.3641908290798383,1.0016771138292804,0.041283232660751526
05-01-2026,06.05,82,307.5,6.91309,0.0230231,160.672,0.835416,0.0,300.26755736629735,192.32573951181206,4.0168,3.1937213285714288,4.01054572405,0.0,0.0,4.01054572405,7.877574589995824,220.13701738690372,0.03401348876660547,4.235518169007731,0.539792907782207,4.344147773540763,0.7832031184624163,4.0828696080541445,386060.83937656967,0.3704699443589396,1.0016771138292804,0.041283232660751526
05-01-2026,06.05,83,311.25,7.01169,0.0221432,162.57,0.859521,0.0,316.6520647422234,189.1402304306701,4.06425,3.292321328571428,4.05799572405,0.0,0.0,4.05799572405,8.062755918915292,614.6013676222615,0.03401348876660547,4.235518169007731,0.539792907782207,4.3475015035331515,0.7991623002853295,4.116139398855499,398757.4357319372,0.38265379432651647,1.0016771138292804,0.041283232660751526
05-01-2026,06.05,84,315.0,7.06023,0.0223363,162.688,0.848502,0.0,316.0877137216101,191.7355527741832,4.0672,3.340861328571428,4.06094572405,0.0,0.0,4.06094572405,8.074409987135908,690.5798609752965,0.03401348876660547,4.235518169007731,0.539792907782207,4.349152518277882,0.8146601955249186,4.114361914940585,408247.5610099796,0.39176066512282215,1.0016771138292804,0.041283232660751526
05-01-2026,06.05,85,318.75,7.12866,0.0224251,160.437,0.859521,0.0,317.88754565197036,186.65861567082132,4.010925,3.4092913285714284,4.00467072405,0.0,0.0,4.00467072405,7.854939981812552,203.73153792317046,0.03401348876660547,4.235518169007731,0.539792907782207,4.351480061314181,0.8296729075500344,4.063741750100708,412882.5114067165,0.396208435112543,1.0016771138292804,0.041283232660751526
05-01-2026,06.05,86,322.5,7.24245,0.0223275,159.462,0.868475,0.0,324.37353039973124,183.61150292178817,3.98655,3.523081328571428,3.98029572405,0.0,0.0,3.98029572405,7.7617084822234945,155.33705939552453,0.03401348876660547,4.235518169007731,0.539792907782207,4.355350456200933,0.844177287846877,4.038737769619622,420053.9701515008,0.4030902776906274,1.0016771138292804,0.041283232660751526
05-01-2026,06.05,87,326.25,7.30556,0.022503,160.84,0.849879,0.0,324.64826911967293,189.25046977275588,4.021,3.586191328571428,4.01474572405,0.0,0.0,4.01474572405,7.893795161460333,233.54788222874768,0.03401348876660547,4.235518169007731,0.539792907782207,4.357497047476993,0.858150971712327,4.063364666222433,432500.72566834115,0.4150343765306431,1.0016771138292804,0.041283232660751526
05-01-2026,06.05,88,330.0,7.32196,0.0221587,159.244,0.856078,0.0,330.43274199298696,186.0157602461458,3.9811,3.602591328571428,3.97484572405,0.0,0.0,3.97484572405,7.741011077055748,147.4471442881125,0.03401348876660547,4.235518169007731,0.539792907782207,4.358054868692766,0.8715724127386972,4.024060349912938,438220.172105519,0.42052284567132797,1.0016771138292804,0.041283232660751526
05-01-2026,06.05,89,333.75,7.36793,0.0220599,158.975,0.825774,0.0,333.99652763611806,192.51635435361248,3.974375,3.6485613285714287,3.9681207240500003,0.0,0.0,3.9681207240500003,7.715545620451107,138.7258508691559,0.03401348876660547,4.235518169007731,0.539792907782207,4.359618468771367,0.8844209160367298,4.013369674758582,447045.4855372884,0.4289917527516151,1.0016771138292804,0.041283232660751526
05-01-2026,06.05,90,337.5,7.38764,0.0215358,158.27,0.865031,0.0,343.0399613666546,182.9645411551725,3.9567500000000004,3.6682713285714286,3.9504957240500005,0.0,0.0,3.9504957240500005,7.6491904497418926,120.00784095849224,0.03401348876660547,4.235518169007731,0.539792907782207,4.360288874634956,0.8966766701456177,3.9928369169199565,454809.0800679138,0.4364418179756113,1.0016771138292804,0.041283232660751526
05-01-2026,06.05,91,341.25,7.3745,0.0214159,157.631,0.851601,0.0,344.34695716733825,185.0995947632753,3.9407750000000004,3.6551313285714286,3.9345207240500004,0.0665557,0.0016638924999999999,3.9328568315500005,7.583335665031466,105.61790819452332,0.03401348876660547,4.235518169007731,0.539792907782207,4.359841937392563,0.9083207775808395,3.9735138421676206,462721.8955357978,0.44403507791578917,1.0016771138292804,0.041283232660751526
05-01-2026,06.05,92,345.0,7.42185,0.0215923,157.379,0.854012,0.0,343.72669886950445,184.28195388355198,3.934475,3.7024813285714284,3.92822072405,0.0,0.0,3.92822072405,7.566117659279242,102.37321685041474,0.03401348876660547,4.235518169007731,0.539792907782207,4.361452476085662,0.919335283972712,3.963167240301961,471715.9807769409,0.4526659410311121,1.0016771138292804,0.041283232660751526
05-01-2026,06.05,93,348.75,7.494,0.0210307,157.178,0.829218,0.0,356.3362132501533,189.5496721007021,3.92945,3.774631328571428,3.92319572405,0.0,0.0,3.92319572405,7.547497804288917,99.06637938335778,0.03401348876660547,4.235518169007731,0.539792907782207,4.3639065493001725,0.9297032057507264,3.9541762822560393,480932.8687298318,0.46151060906992203,1.0016771138292804,0.041283232660751526
05-01-2026,06.05,94,352.5,7.52823,0.0208971,156.506,0.8578,0.0,360.2523795167751,182.4504546514339,3.91265,3.808861328571428,3.9063957240500002,0.0,0.0,3.9063957240500002,7.485565013186053,89.36190979588247,0.03401348876660547,4.235518169007731,0.539792907782207,4.365070831020653,0.9394085563309826,3.9341875109563933,488847.38690827537,0.46910550295745196,1.0016771138292804,0.041283232660751526
05-01-2026,06.05,95,356.25,7.52578,0.0206917,156.422,0.831973,0.0,363.71008665310245,188.01331293203026,3.9105499999999997,3.8064113285714285,3.90429572405,0.0,0.0,3.90429572405,7.477857715424438,88.27574879404868,0.03401348876660547,4.235518169007731,0.539792907782207,4.364987497973176,0.9484363707663441,3.9280506638715695,498524.8674577629,0.4783921627660276,1.0016771138292804,0.041283232660751526
05-01-2026,06.05,96,360.0,7.49619,0.0205486,155.699,0.854012,0.0,364.8029549458357,182.31476841074834,3.8924750000000006,3.7768213285714287,3.8862207240500006,0.0,0.0,3.8862207240500006,7.411832333629891,79.8760077389111,0.03401348876660547,4.235518169007731,0.539792907782207,4.3639810388405715,0.9567727288213004,3.9068729987358735,506330.7406361692,0.4858827992334482,1.0016771138292804,0.041283232660751526
05-01-2026,06.05,97,363.75,7.51026,0.0206962,156.119,0.86021,0.0,362.8811086093099,181.48940375024702,3.902975,3.790891328571428,3.89672072405,0.0,0.0,3.89672072405,7.450119336440095,84.55917469047226,0.03401348876660547,4.235518169007731,0.539792907782207,4.364459608627517,0.964404776435962,3.9133699942161306,517793.88200033776,0.49688300674017183,1.0016771138292804,0.041283232660751526
05-01-2026,06.05,98,367.5,7.55953,0.0205622,153.633,0.850224,0.0,367.64208110027135,180.69708688533848,3.840825,3.840161328571428,3.83457072405,0.0,0.0,3.83457072405,7.226196645433788,62.557144673598344,0.03401348876660547,4.235518169007731,0.539792907782207,4.366135453219048,0.9713207455460893,3.8498156041765634,519941.658691571,0.4989440464265112,1.0016771138292804,0.041283232660751526
05-01-2026,06.05,99,371.25,7.58445,0.0204607,153.465,0.840926,0.0,370.6837986970143,182.4952492847171,3.836625,3.8650813285714287,3.8303707240500002,0.0,0.0,3.8303707240500002,7.211295666292646,61.457770704977925,0.03401348876660547,4.235518169007731,0.539792907782207,4.3669830693591125,0.9775099722285934,3.842439150598482,529590.1797424086,0.5082029162528892,1.0016771138292804,0.041283232660751526
05-01-2026,06.05,100,375.0,7.58872,0.0199823,153.868,0.851257,0.0,379.77209830700167,180.7538733895874,3.8467,3.8693513285714287,3.84044572405,0.0,0.0,3.84044572405,7.247088781445694,64.15832188669548,0.03401348876660547,4.235518169007731,0.539792907782207,4.367128306956145,0.9829629131445341,3.849418860960233,541324.5273225327,0.5194633774333527,1.0016771138292804,0.041283232660751526
05-01-2026,06.05,101,378.75,7.6026,0.0190208,153.986,0.839204,0.0,399.6992765814266,183.49054580292753,3.8496499999999996,3.883231328571428,3.8433957240499996,0.0,0.0,3.8433957240499996,7.2576006987016894,64.99168850064258,0.03401348876660547,4.235518169007731,0.539792907782207,4.367600414180226,0.9876711602542563,3.8498585596685824,552268.2257884577,0.5299651195118793,1.0016771138292804,0.041283232660751526
05-01-2026,06.05,102,382.5,7.58792,0.0192597,152.407,0.849535,0.0,393.97913778511605,179.40049556522098,3.810175,3.868551328571429,3.80392072405,0.0,0.0,3.80392072405,7.118113750385255,55.28937925623988,0.03401348876660547,4.235518169007731,0.539792907782207,4.367101096165133,0.9916274537819773,3.808635977744617,557227.2475188983,0.5347238733588582,1.0016771138292804,0.041283232660751526
05-01-2026,06.05,103,386.25,7.56553,0.019325,152.087,0.854356,0.0,391.48926261319536,178.0136149333533,3.8021749999999996,3.8461613285714282,3.7959207240499997,0.0,0.0,3.7959207240499997,7.090152159621524,53.64606368415604,0.03401348876660547,4.235518169007731,0.539792907782207,4.366339534151648,0.9948256934098352,3.7988722458582624,566750.1889168636,0.5438622350107024,1.0016771138292804,0.041283232660751526
05-01-2026,06.05,104,390.0,7.55556,0.0195953,152.205,0.842303,0.0,385.58021566396025,180.7010066448772,3.8051250000000003,3.836191328571428,3.7988707240500004,0.0,0.0,3.7988707240500004,7.100451083846995,54.241340047867986,0.03401348876660547,4.235518169007731,0.539792907782207,4.366000419668644,0.9972609476841366,3.8004241219561794,578044.5089495349,0.5547004389601955,1.0016771138292804,0.041283232660751526
05-01-2026,06.05,105,393.75,7.52123,0.0186857,150.676,0.855045,0.0,402.5126165998598,176.21996503108022,3.7668999999999997,3.8018613285714284,3.7606457240499997,0.0,0.0,3.7606457240499997,6.9680690818118505,47.3669193333952,0.03401348876660547,4.235518169007731,0.539792907782207,4.364832736599287,0.9989294616193017,3.7612925294360533,583147.2675520193,0.559597124929672,1.0016771138292804,0.041283232660751526
05-01-2026,06.05,106,397.5,7.52297,0.0185278,150.155,0.837138,0.0,406.0368743185915,179.36708165200957,3.7538750000000003,3.8036013285714283,3.7476207240500004,0.0,0.0,3.7476207240500004,6.9234832604053365,45.380354680927745,0.03401348876660547,4.235518169007731,0.539792907782207,4.364891920069741,0.9998286624877786,3.7477264857610924,592164.2080407887,0.5682499202936271,1.0016771138292804,0.041283232660751526
05-01-2026,06.05,107,401.25,7.48889,0.0183435,148.61,0.854356,0.0,408.2585111892496,173.9438828778636,3.7152500000000006,3.769521328571428,3.7089957240500007,0.0,0.0,3.7089957240500007,6.792797035523268,40.29859296927591,0.03401348876660547,4.235518169007731,0.539792907782207,4.363732740372575,1.0,3.7089957240500007,597154.1068778689,0.5730383042890489,1.0016771138292804,0.041283232660751526
05-01-2026,06.05,108,405.0,7.43043,0.0178968,150.004,0.843337,0.0,415.1820437173126,177.86958238521493,3.7500999999999998,3.7110613285714287,3.74384572405,0.0,0.0,3.74384572405,6.91061012259648,44.83294990612492,0.03401348876660547,4.235518169007731,0.539792907782207,4.36174431181928,1.0,3.74384572405,614084.2948873013,0.589284774197702,1.0016771138292804,0.041283232660751526
05-01-2026,06.05,109,408.75,7.43722,0.0177047,149.114,0.858833,0.0,420.0703767926031,173.62397579040396,3.72785,3.7178513285714283,3.72159572405,0.0,0.0,3.72159572405,6.835179242153257,41.83760390320356,0.03401348876660547,4.235518169007731,0.539792907782207,4.361975263408005,1.0,3.72159572405,621791.4205889726,0.596680651061246,1.0016771138292804,0.041283232660751526
05-01-2026,06.05,110,412.5,7.40385,0.0175358,147.484,0.839893,0.0,422.2134148427788,175.59855838779464,3.6871000000000005,3.6844813285714286,3.6808457240500005,0.0,0.0,3.6808457240500005,6.69896933361808,37.2069561108072,0.03401348876660547,4.235518169007731,0.539792907782207,4.360840233287863,1.0,3.6808457240500005,626318.905232883,0.6010252952546948,1.0016771138292804,0.041283232660751526
05-01-2026,06.05,111,416.25,7.37434,0.017743,147.4,0.845058,0.0,415.61968100095817,174.42589739402504,3.685,3.6549713285714285,3.67874572405,0.0,0.0,3.67874572405,6.692016898766993,36.99349370503171,0.03401348876660547,4.235518169007731,0.539792907782207,4.359836495234361,1.0,3.67874572405,637394.4290534069,0.6116535389796,1.0016771138292804,0.041283232660751526
05-01-2026,06.05,112,420.0,7.39934,0.0176768,147.4,0.852979,0.0,418.59046886314263,172.80613004540558,3.685,3.679971328571428,3.67874572405,0.0,0.0,3.67874572405,6.692016898766993,36.99349370503171,0.03401348876660547,4.235518169007731,0.539792907782207,4.360686832453526,1.0,3.67874572405,648930.74572242,0.6227239666390798,1.0016771138292804,0.041283232660751526
05-01-2026,06.05,113,423.75,7.40194,0.0176346,147.031,0.847469,0.0,419.739602826262,173.4942517071421,3.6757750000000002,3.682571328571428,3.6695207240500003,0.0,0.0,3.6695207240500003,6.6615527002522485,36.08134565420146,0.03401348876660547,4.235518169007731,0.539792907782207,4.3607752675243185,1.0,3.6695207240500003,658914.0486383595,0.6323040983140746,1.0016771138292804,0.041283232660751526
05-01-2026,06.05,114,427.5,7.36951,0.0170046,144.444,0.854012,0.0,433.3833198075814,169.1357966866976,3.6111,3.6501413285714284,3.60484572405,0.0,0.0,3.60484572405,6.451430518337387,30.670724028092827,0.03401348876660547,4.235518169007731,0.539792907782207,4.359672210083618,1.0,3.60484572405,658808.0863559128,0.6322024152712009,1.0016771138292804,0.041283232660751526
05-01-2026,06.05,115,431.25,7.35513,0.0170246,145.216,0.842648,0.0,432.0295337335385,172.33293142569616,3.6304000000000003,3.6357613285714283,3.6241457240500004,0.0,0.0,3.6241457240500004,6.513508268261807,32.126352081417544,0.03401348876660547,4.235518169007731,0.539792907782207,4.359183096115154,1.0,3.6241457240500004,674006.1637578927,0.6467867250876709,1.0016771138292804,0.041283232660751526
05-01-2026,06.05,116,435.0,7.4078,0.0174377,145.199,0.861243,0.0,424.81519925219493,168.59237172319544,3.6299750000000004,3.6884313285714283,3.6237207240500005,0.0,0.0,3.6237207240500005,6.512135595670748,32.09298639184473,0.03401348876660547,4.235518169007731,0.539792907782207,4.360974586568491,1.0,3.6237207240500005,685698.5540083613,0.6580069233665461,1.0016771138292804,0.041283232660751526
05-01-2026,06.05,117,438.75,7.42494,0.0163795,144.477,0.854012,0.0,453.30687749931315,169.17443782991342,3.6119250000000003,3.7055713285714287,3.6056707240500003,0.0,0.0,3.6056707240500003,6.454073359872585,30.73054804017437,0.03401348876660547,4.235518169007731,0.539792907782207,4.361557577765951,1.0,3.6056707240500003,694097.2482401314,0.6660664400731776,1.0016771138292804,0.041283232660751526
05-01-2026,06.05,118,442.5,7.3899,0.016792,145.166,0.849191,0.0,440.0845640781324,170.9462300000824,3.62915,3.6705313285714283,3.62289572405,0.0,0.0,3.62289572405,6.5094717284447645,32.02839291313446,0.03401348876660547,4.235518169007731,0.539792907782207,4.360365745119569,1.0,3.62289572405,709385.6258672654,0.6807374033804353,1.0016771138292804,0.041283232660751526
05-01-2026,06.05,119,446.25,7.38652,0.0169396,143.721,0.859866,0.0,436.050438026872,167.1434851476858,3.5930250000000004,3.6671513285714283,3.5867707240500004,0.0,0.0,3.5867707240500004,6.3937670395566,29.409757723026203,0.03401348876660547,4.235518169007731,0.539792907782207,4.360250779527538,1.0,3.5867707240500004,714266.1593897633,0.6854208387307845,1.0016771138292804,0.041283232660751526
05-01-2026,06.05,120,450.0,7.37827,0.0173116,143.436,0.837138,0.0,426.2038170937406,171.34092586885316,3.5859,3.658901328571428,3.57964572405,0.0,0.0,3.57964572405,6.371161409201138,28.937484387149308,0.03401348876660547,4.235518169007731,0.539792907782207,4.359970168245213,1.0,3.57964572405,724878.259120125,0.6956043735409646,1.0016771138292804,0.041283232660751526
05-01-2026,06.05,121,453.75,7.33047,0.0168043,142.545,0.831628,0.0,436.2258469558387,171.40476270640235,3.5636249999999996,3.6111013285714284,3.5573707240499997,0.0,0.0,3.5573707240499997,6.300939528188094,27.543284505905532,0.03401348876660547,4.235518169007731,0.539792907782207,4.35834432348217,1.0,3.5573707240499997,732423.7233396006,0.7028451175492552,1.0016771138292804,0.041283232660751526
05-01-2026,06.05,122,457.5,7.28277,0.0167864,141.42,0.842648,0.0,433.84942572558737,167.8280847993468,3.5354999999999994,3.5634013285714286,3.5292457240499995,0.0,0.0,3.5292457240499995,6.213238468427267,25.942582664056488,0.03401348876660547,4.235518169007731,0.539792907782207,4.356721880068003,1.0,3.5292457240499995,738693.1878294402,0.7088613925085645,1.0016771138292804,0.041283232660751526
05-01-2026,06.05,123,461.25,7.26006,0.0165206,141.184,0.868475,0.0,439.45498347517645,162.56541639079995,3.5296,3.5406913285714285,3.52334572405,0.0665557,0.0016638924999999999,3.52168183155,6.189833378455618,25.53936766088055,0.03401348876660547,4.235518169007731,0.539792907782207,4.355949433738113,1.0,3.52334572405,749597.3080193313,0.7193251546621038,1.0016771138292804,0.041283232660751526
05-01-2026,06.05,124,465.0,7.24713,0.0165151,142.344,0.84127,0.0,438.8184146629448,169.20132656578744,3.5585999999999998,3.5277613285714287,3.55234572405,0.0,0.0,3.55234572405,6.2851918849887705,27.24488885962125,0.03401348876660547,4.235518169007731,0.539792907782207,4.3555096393283605,1.0,3.55234572405,768105.9541827112,0.7370863373953215,1.0016771138292804,0.041283232660751526
05-01-2026,06.05,125,468.75,7.22494,0.0160416,140.748,0.841959,0.0,450.38774187113506,167.16728486779047,3.5187,3.5055713285714285,3.51244572405,0.0,0.0,3.51244572405,6.161357012010759,25.061458103734694,0.03401348876660547,4.235518169007731,0.539792907782207,4.35475488001263,1.0,3.51244572405,771777.6249133301,0.7406097293391232,1.0016771138292804,0.041283232660751526
05-01-2026,06.05,126,472.5,7.23325,0.0163063,139.74,0.832317,0.0,443.5862212764392,167.89276201255052,3.4935,3.5138813285714283,3.48724572405,0.0,0.0,3.48724572405,6.084232830565909,23.8326420038311,0.03401348876660547,4.235518169007731,0.539792907782207,4.35503753210428,1.0,3.48724572405,778549.4031799379,0.7471080323570943,1.0016771138292804,0.041283232660751526
05-01-2026,06.05,127,476.25,7.23458,0.016302,138.48,0.834039,0.0,443.7848116795485,166.03540122224499,3.4619999999999997,3.5152113285714286,3.45574572405,0.0665557,0.0016638924999999999,3.45408183155,5.983991432702783,22.365091059883675,0.03401348876660547,4.235518169007731,0.539792907782207,4.35508277004434,1.0,3.45574572405,783811.7266387844,0.7521578392272908,1.0016771138292804,0.041283232660751526
05-01-2026,06.05,128,480.0,7.20253,0.0159623,136.716,0.85229,0.0,451.2213152239966,160.4101890201692,3.4179000000000004,3.4831613285714287,3.4116457240500004,0.0,0.0,3.4116457240500004,5.857761702029834,20.69807558449019,0.03401348876660547,4.235518169007731,0.539792907782207,4.3539926377293705,1.0,3.4116457240500004,786043.1748211201,0.7542991713688381,1.0016771138292804,0.041283232660751526
05-01-2026,06.05,129,483.75,7.1894,0.0162423,137.64,0.868819,0.0,442.6343559717527,158.4219497962176,3.441,3.4700313285714284,3.43474572405,0.0,0.0,3.43474572405,5.926193984506609,21.578526640615376,0.03401348876660547,4.235518169007731,0.539792907782207,4.353546040621865,1.0,3.43474572405,803778.8005394444,0.7713185517433122,1.0016771138292804,0.041283232660751526
05-01-2026,06.05,130,487.5,7.17544,0.0155332,137.32,0.850568,0.0,461.94216259367033,161.44505789072713,3.4330000000000003,3.4560713285714284,3.4267457240500003,0.0,0.0,3.4267457240500003,5.9024190451175,21.266613520674127,0.03401348876660547,4.235518169007731,0.539792907782207,4.3530712123186825,1.0,3.4267457240500003,814387.5384812579,0.7814988605292769,1.0016771138292804,0.041283232660751526
05-01-2026,06.05,131,491.25,7.14662,0.0155473,136.514,0.835761,0.0,459.66952461199054,163.34095512951671,3.4128500000000006,3.427251328571429,3.4065957240500007,0.0665557,0.0016638924999999999,3.404931831550001,5.8379966674554185,20.453396169007533,0.03401348876660547,4.235518169007731,0.539792907782207,4.3520909435724295,1.0,3.4065957240500007,822102.0359121852,0.7889018114180748,1.0016771138292804,0.041283232660751526
05-01-2026,06.05,132,495.0,7.12808,0.0153216,137.371,0.851601,0.0,465.23078529657477,161.30911072204,3.434275,3.408711328571428,3.42802072405,0.0,0.0,3.42802072405,5.906202802322974,21.31581579336813,0.03401348876660547,4.235518169007731,0.539792907782207,4.351460333490697,1.0,3.42802072405,839950.7779103513,0.8060297399218197,1.0016771138292804,0.041283232660751526
05-01-2026,06.05,133,498.75,7.12593,0.0155135,134.801,0.886037,0.0,459.33735133915627,152.13924474937275,3.3700249999999996,3.4065613285714287,3.3637707240499997,0.0,0.0,3.3637707240499997,5.71802948022651,19.05290950176349,0.03401348876660547,4.235518169007731,0.539792907782207,4.351387204489848,1.0,3.3637707240499997,836743.2234991938,0.8029517211666704,1.0016771138292804,0.041283232660751526
05-01-2026,06.05,134,502.5,7.11453,0.0157819,134.901,0.82784,0.0,450.80313523720207,162.95540201005025,3.372525,3.3951613285714286,3.36627072405,0.0,0.0,3.36627072405,5.7252572777797095,19.133395053469165,0.03401348876660547,4.235518169007731,0.539792907782207,4.350999450717909,1.0,3.36627072405,850004.3970146503,0.8156773480972312,1.0016771138292804,0.041283232660751526
05-01-2026,06.05,135,506.25,7.09422,0.0154051,135.254,0.866409,0.0,460.51112943116243,156.10872001560463,3.38135,3.3748513285714283,3.37509572405,0.0,0.0,3.37509572405,5.750831665327482,19.422041689060347,0.03401348876660547,4.235518169007731,0.539792907782207,4.350308636761059,1.0,3.37509572405,865000.1189645332,0.8300674744963928,1.0016771138292804,0.041283232660751526
05-01-2026,06.05,136,510.0,7.06579,0.0150445,133.994,0.850568,0.0,469.6593439462926,157.53472973354278,3.34985,3.346421328571428,3.34359572405,0.0665557,0.0016638924999999999,3.34193183155,5.6552089377626125,18.37285368710688,0.03401348876660547,4.235518169007731,0.539792907782207,4.349341633275425,1.0,3.34359572405,869669.247825405,0.8345480426682002,1.0016771138292804,0.041283232660751526
05-01-2026,06.05,137,513.75,7.0355,0.0151056,133.725,0.834728,0.0,465.754422201038,160.2018861233839,3.343125,3.3161313285714282,3.33687072405,0.0,0.0,3.33687072405,5.640731467763891,18.220919502524755,0.03401348876660547,4.235518169007731,0.539792907782207,4.348311364700684,1.0,3.33687072405,880730.5305894533,0.8451626204553514,1.0016771138292804,0.041283232660751526
05-01-2026,06.05,138,517.5,7.01719,0.0152006,133.675,0.850912,0.0,461.63901424943754,157.0961509533301,3.3418750000000004,3.2978213285714286,3.3356207240500004,0.0,0.0,3.3356207240500004,5.637160468252144,18.183710607909834,0.03401348876660547,4.235518169007731,0.539792907782207,4.347688577721367,1.0,3.3356207240500004,893300.0775301154,0.8572245518422382,1.0016771138292804,0.041283232660751526
05-01-2026,06.05,139,521.25,7.00988,0.0154023,132.449,0.845058,0.0,455.11904066275815,156.73362065089026,3.3112250000000003,3.2905113285714283,3.3049707240500004,0.0665557,0.0016638924999999999,3.3033068315500005,5.545482821101973,17.263122097833957,0.03401348876660547,4.235518169007731,0.539792907782207,4.347439939118484,1.0,3.3049707240500004,897965.7097411414,0.8617017645748463,1.0016771138292804,0.041283232660751526
05-01-2026,06.05,140,525.0,7.01029,0.0153401,132.163,0.8547,0.0,456.9911539038207,154.63086463086464,3.3040750000000005,3.2909213285714287,3.2978207240500006,0.0,0.0,3.2978207240500006,5.530038959178415,17.114334166804372,0.03401348876660547,4.235518169007731,0.539792907782207,4.3474538846488775,1.0,3.2978207240500006,908961.8370662815,0.8722538181964643,1.0016771138292804,0.041283232660751526
05-01-2026,06.05,141,528.75,7.00324,0.0154167,131.222,0.864342,0.0,454.26323402543994,151.81722049836753,3.2805500000000003,3.2838713285714283,3.2742957240500004,0.0,0.0,3.2742957240500004,5.464206514336839,16.49914847408503,0.03401348876660547,4.235518169007731,0.539792907782207,4.3472140895530735,1.0,3.2742957240500004,915416.3431383477,0.8784476619161337,1.0016771138292804,0.041283232660751526
05-01-2026,06.05,142,532.5,6.94479,0.0149138,132.869,0.846091,0.0,465.6620043181483,157.0386636898395,3.321725,3.2254213285714286,3.31547072405,0.0,0.0,3.31547072405,5.579849718552729,17.60058410356677,0.03401348876660547,4.235518169007731,0.539792907782207,4.345226001134665,1.0,3.31547072405,940122.4454964028,0.9021560193364185,1.0016771138292804,0.041283232660751526
05-01-2026,06.05,143,536.25,6.89997,0.0149079,128.769,0.842303,0.0,462.8398365967037,152.87729000134155,3.2192250000000002,3.180601328571428,3.2129707240500003,0.0,0.0,3.2129707240500003,5.295531954584,15.051527111143132,0.03401348876660547,4.235518169007731,0.539792907782207,4.343701516568146,1.0,3.2129707240500003,923934.9141013846,0.8866222141856417,1.0016771138292804,0.041283232660751526
05-01-2026,06.05,144,540.0,6.87596,0.0143502,128.349,0.863998,0.0,479.1542975010801,148.55242720469258,3.208725,3.1565913285714284,3.20247072405,0.0,0.0,3.20247072405,5.267069261824468,14.823839896946094,0.03401348876660547,4.235518169007731,0.539792907782207,4.34288485270286,1.0,3.20247072405,933840.4631329799,0.8961277320322741,1.0016771138292804,0.041283232660751526
05-01-2026,06.05,145,543.75,6.82645,0.0140586,127.358,0.862621,0.0,485.5711094988122,147.64073677779697,3.1839500000000003,3.1070813285714287,3.1776957240500003,0.0,0.0,3.1776957240500003,5.20038539968354,14.307494294634145,0.03401348876660547,4.235518169007731,0.539792907782207,4.341200844874026,1.0,3.1776957240500003,939530.4271615021,0.9015879093982432,1.0016771138292804,0.041283232660751526
05-01-2026,06.05,146,547.5,6.79029,0.0138874,128.215,0.858833,0.0,488.95329579330905,149.28979207832023,3.205375,3.070921328571428,3.19912072405,0.0,0.0,3.19912072405,5.25801360940431,14.752332590321494,0.03401348876660547,4.235518169007731,0.539792907782207,4.339970917120224,1.0,3.19912072405,958956.4315385128,0.9202294032422947,1.0016771138292804,0.041283232660751526
05-01-2026,06.05,147,551.25,6.78072,0.0136507,127.829,0.864342,0.0,496.7305705934494,147.89169102045253,3.195725,3.061351328571428,3.18947072405,0.0,0.0,3.18947072405,5.231996012894231,14.549339139641525,0.03401348876660547,4.235518169007731,0.539792907782207,4.3396454080327285,1.0,3.18947072405,969205.3998187,0.9300644715041495,1.0016771138292804,0.041283232660751526
05-01-2026,06.05,148,555.0,6.75921,0.0138032,127.291,0.831628,0.0,489.6842761098876,153.0624269505115,3.182275,3.0398413285714287,3.1760207240500002,0.0,0.0,3.1760207240500002,5.195900883842473,14.273600803714697,0.03401348876660547,4.235518169007731,0.539792907782207,4.338913777889359,1.0,3.1760207240500002,978293.7835255014,0.9387858248836026,1.0016771138292804,0.041283232660751526
05-01-2026,06.05,149,558.75,6.71307,0.0136321,124.502,0.840926,0.0,492.44577137785086,148.05345535754634,3.1125499999999997,2.9937013285714285,3.1062957240499998,0.0,0.0,3.1062957240499998,5.0118567809139165,12.965653206788945,0.03401348876660547,4.235518169007731,0.539792907782207,4.337344395517667,1.0,3.1062957240499998,969790.3786354788,0.9306258262120063,1.0016771138292804,0.041283232660751526
05-01-2026,06.05,150,562.5,6.67572,0.0135815,126.35,0.866064,0.0,491.5303906048669,145.88991113820688,3.15875,2.9563513285714285,3.15249572405,0.0,0.0,3.15249572405,5.1332331990046205,13.810438904873747,0.03401348876660547,4.235518169007731,0.539792907782207,4.336073991712235,1.0,3.15249572405,997469.3501876954,0.9571869948283864,1.0016771138292804,0.041283232660751526
05-01-2026,06.05,151,566.25,6.64351,0.0133077,123.965,0.857111,0.0,499.22300622947614,144.63120879326016,3.099125,2.9241413285714284,3.09287072405,0.0,0.0,3.09287072405,4.977000897130652,12.734925088730913,0.03401348876660547,4.235518169007731,0.539792907782207,4.334978417239062,1.0,3.09287072405,991695.1693930882,0.9516460017529143,1.0016771138292804,0.041283232660751526
05-01-2026,06.05,152,570.0,6.59709,0.0129183,123.192,0.842648,0.0,510.6778755718631,146.19627649979589,3.0797999999999996,2.877721328571428,3.0735457240499997,0.0,0.0,3.0735457240499997,4.92714902486793,12.413551269918536,0.03401348876660547,4.235518169007731,0.539792907782207,4.333399511090517,1.0,3.0735457240499997,998595.0057438449,0.9582671912863527,1.0016771138292804,0.041283232660751526
05-01-2026,06.05,153,573.75,6.55656,0.0127918,123.545,0.845403,0.0,512.5596084991947,146.13740429120787,3.088625,2.8371913285714285,3.08237072405,0.0,0.0,3.08237072405,4.949867513567961,12.55877361269181,0.03401348876660547,4.235518169007731,0.539792907782207,4.3320209443908055,1.0,3.08237072405,1014682.7289274657,0.9737052189358874,1.0016771138292804,0.041283232660751526
05-01-2026,06.05,154,577.5,6.51772,0.0126036,121.478,0.843681,0.0,517.1316131898823,143.98570075656556,3.03695,2.798351328571428,3.03069572405,0.0,0.0,3.03069572405,4.8179480236723755,11.742982581423368,0.03401348876660547,4.235518169007731,0.539792907782207,4.330699860487111,1.0,3.03069572405,1010755.9658189503,0.9699370364062332,1.0016771138292804,0.041283232660751526
05-01-2026,06.05,155,581.25,6.47031,0.0127295,120.403,0.846091,0.0,508.2925488039593,142.30502392768628,3.0100750000000005,2.750941328571428,3.0038207240500006,0.0,0.0,3.0038207240500006,4.750382857235134,11.349533482939982,0.03401348876660547,4.235518169007731,0.539792907782207,4.3290872809846865,1.0,3.0038207240500006,1014845.525090174,0.9738614406480864,1.0016771138292804,0.041283232660751526
05-01-2026,06.05,156,585.0,6.43381,0.0128477,119.16,0.859177,0.0,500.7752360344653,138.69086346585163,2.979,2.7144413285714286,2.97274572405,0.0,0.0,2.97274572405,4.6731297743290545,10.918300072176116,0.03401348876660547,4.235518169007731,0.539792907782207,4.327845788644705,1.0,2.97274572405,1017347.9054130113,0.9762627634563347,1.0016771138292804,0.041283232660751526
05-01-2026,06.05,157,588.75,6.39949,0.0120456,117.06,0.839893,0.0,531.2719997343428,139.37489656420522,2.9265,2.6801213285714285,2.92024572405,0.0,0.0,2.92024572405,4.544691519699532,10.24202555244103,0.03401348876660547,4.235518169007731,0.539792907782207,4.326678445710235,1.0,2.92024572405,1012234.736982775,0.9713560880553629,1.0016771138292804,0.041283232660751526
05-01-2026,06.05,158,592.5,6.36019,0.0121417,118.824,0.84437,0.0,523.8302708846372,140.72503760199913,2.9706,2.6408213285714286,2.96434572405,0.0,0.0,2.96434572405,4.652405559871135,10.805837982812015,0.03401348876660547,4.235518169007731,0.539792907782207,4.3253417156017075,1.0,2.96434572405,1040652.0935885279,0.9986258223738247,1.0016771138292804,0.041283232660751526
05-01-2026,06.05,159,596.25,6.32539,0.0118316,115.01,0.847124,0.0,534.6183102877042,135.76524806285738,2.87525,2.606021328571428,2.86899572405,0.0,0.0,2.86899572405,4.421765260601082,9.63818053910872,0.03401348876660547,4.235518169007731,0.539792907782207,4.32415804619263,1.0,2.86899572405,1019968.3251521444,0.9787773587116353,1.0016771138292804,0.041283232660751526
05-01-2026,06.05,160,600.0,6.28057,0.0118474,115.548,0.854356,0.0,530.1222209092291,135.24572894671542,2.8887,2.5612013285714283,2.88244572405,0.0,0.0,2.88244572405,4.453795278317525,9.791671619260665,0.03401348876660547,4.235518169007731,0.539792907782207,4.322633561626111,1.0,2.88244572405,1037680.4606580001,0.995774197515407,1.0016771138292804,0.041283232660751526
05-01-2026,06.05,161,603.75,6.22728,0.0117199,113.952,0.857455,0.0,531.3424175974199,132.89560385093097,2.8488,2.5079113285714287,2.8425457240500003,0.0,0.0,2.8425457240500003,4.359248619220744,9.346027487369142,0.03401348876660547,4.235518169007731,0.539792907782207,4.320820982809738,1.0,2.8425457240500003,1036147.8897154696,0.994303518767668,1.0016771138292804,0.041283232660751526
05-01-2026,06.05,162,607.5,6.17643,0.0115614,113.196,0.832317,0.0,534.2285536353729,136.0010669011927,2.8299000000000003,2.4570613285714282,2.8236457240500004,0.0,0.0,2.8236457240500004,4.314955920620126,9.144773657555488,0.03401348876660547,4.235518169007731,0.539792907782207,4.319091396905956,1.0,2.8236457240500004,1042084.1022464279,1.0,1.0016771138292804,0.041283232660751526
05-01-2026,06.05,163,611.25,6.09448,0.0115327,111.365,0.848158,0.0,528.4521404354574,131.30218662088902,2.784125,2.3751113285714283,2.77787072405,0.0,0.0,2.77787072405,4.208967587712872,8.68146329853929,0.03401348876660547,4.235518169007731,0.539792907782207,4.316303991501533,1.0,2.77787072405,1037886.2896961876,0.9959717142395791,1.0016771138292804,0.041283232660751526
05-01-2026,06.05,164,615.0,5.99275,0.0107635,109.248,0.824052,0.0,556.7659218655641,132.57415794148915,2.7312000000000003,2.2733813285714284,2.7249457240500004,0.0,0.0,2.7249457240500004,4.088645322510949,8.184659907782704,0.03401348876660547,4.235518169007731,0.539792907782207,4.312843799289306,1.0,2.7249457240500004,1030642.5964788113,0.9890205543458997,1.0016771138292804,0.041283232660751526
05-01-2026,06.05,165,618.75,5.9302,0.0105943,107.77,0.835761,0.0,559.7538298896577,128.94834767355738,2.6942500000000003,2.2108313285714285,2.6879957240500003,0.0,0.0,2.6879957240500003,4.006018621167561,7.860127378055009,0.03401348876660547,4.235518169007731,0.539792907782207,4.310716255566955,1.0,2.6879957240500003,1029103.3629458614,0.9875434820734873,1.0016771138292804,0.041283232660751526
05-01-2026,06.05,166,622.5,5.89818,0.0103943,104.544,0.833694,0.0,567.4436951021232,125.3985275172905,2.6136,2.1788113285714283,2.60734572405,0.0,0.0,2.60734572405,3.829483801625657,7.208152684473603,0.03401348876660547,4.235518169007731,0.539792907782207,4.309627143656648,1.0,2.60734572405,1010362.7639801503,0.9695597138485313,1.0016771138292804,0.041283232660751526
05-01-2026,06.05,167,626.25,5.84715,0.0103796,102.965,0.811311,0.0,563.330956876951,126.91187473114503,2.574125,2.1277813285714284,2.56787072405,0.0,0.0,2.56787072405,3.7449297783109703,6.914304610922994,0.03401348876660547,4.235518169007731,0.539792907782207,4.307891435324889,1.0,2.56787072405,1007090.8118863658,0.9664198980824802,1.0016771138292804,0.041283232660751526
05-01-2026,06.05,168,630.0,5.79382,0.0104845,102.209,0.845403,0.0,552.6081358195431,120.89973657533744,2.555225,2.0744513285714286,2.54897072405,0.0,0.0,2.54897072405,3.704867087843236,6.778961707161269,0.03401348876660547,4.235518169007731,0.539792907782207,4.306077495968966,1.0,2.54897072405,1011686.4803754451,0.9708299725468852,1.0016771138292804,0.041283232660751526
05-01-2026,06.05,169,633.75,5.75122,0.0104495,101.285,0.846091,0.0,550.3823149432988,119.7093456850386,2.532125,2.0318513285714284,2.5258707240500002,0.0,0.0,2.5258707240500002,3.6562659515016267,6.61799877443261,0.03401348876660547,4.235518169007731,0.539792907782207,4.3046285213475075,1.0,2.5258707240500002,1014488.3496036383,0.9735186895344615,1.0016771138292804,0.041283232660751526
05-01-2026,06.05,170,637.5,5.70631,0.0103018,98.7484,0.830251,0.0,553.9138791279195,118.93800790363397,2.46871,1.9869413285714286,2.4624557240500002,0.0,0.0,2.4624557240500002,3.5248666907214052,6.199679055498179,0.03401348876660547,4.235518169007731,0.539792907782207,4.303100975566999,1.0,2.4624557240500002,1000757.3966021955,0.9603422549531807,1.0016771138292804,0.041283232660751526
05-01-2026,06.05,171,641.25,5.67272,0.010276,99.37,0.857455,0.0,552.0358115998442,115.88946358701041,2.48425,1.9533513285714283,2.47799572405,0.0,0.0,2.47799572405,3.5567955668661533,6.2991353278156845,0.03401348876660547,4.235518169007731,0.539792907782207,4.3019584624793294,1.0,2.47799572405,1018955.7135976788,0.9778056410237033,1.0016771138292804,0.041283232660751526
05-01-2026,06.05,172,645.0,5.65601,0.0103287,96.6821,0.831628,0.0,547.6013438283618,116.25642715252494,2.4170525000000005,1.9366413285714286,2.4107982240500005,0.0,0.0,2.4107982240500005,3.4199682899749373,5.882340071426583,0.03401348876660547,4.235518169007731,0.539792907782207,4.30139009708204,1.0,2.4107982240500005,1002952.3311604015,0.9624485480570428,1.0016771138292804,0.041283232660751526
05-01-2026,06.05,173,648.75,5.61408,0.00987198,96.3461,0.823019,0.0,568.6883482340928,117.06424760546234,2.4086525,1.8947113285714288,2.40239822405,0.0665557,0.0016638924999999999,2.4007343315500003,3.3997506634528425,5.822781856632825,0.03401348876660547,4.235518169007731,0.539792907782207,4.299963911498056,1.0,2.40239822405,1011113.1062942689,0.9702797539225532,1.0016771138292804,0.041283232660751526
05-01-2026,06.05,174,652.5,5.56392,0.00967868,94.2629,0.831628,0.0,574.8635144461848,113.34743418932503,2.3565725000000004,1.8445513285714288,2.3503182240500005,0.0,0.0,2.3503182240500005,3.2995209479040075,5.534821514292528,0.03401348876660547,4.235518169007731,0.539792907782207,4.298257794901523,1.0,2.3503182240500005,1000662.673378188,0.9602513570843779,1.0016771138292804,0.041283232660751526
05-01-2026,06.05,175,656.25,5.54915,0.00967427,94.9013,0.842992,0.0,573.5988348474872,112.57675043179533,2.3725325,1.8297813285714284,2.36627822405,0.0,0.0,2.36627822405,3.331061841791475,5.624152289787592,0.03401348876660547,4.235518169007731,0.539792907782207,4.29775541567244,1.0,2.36627822405,1019070.9929746583,0.9779162648943975,1.0016771138292804,0.041283232660751526
05-01-2026,06.05,176,660.0,5.52559,0.0096505,92.1294,0.83335,0.0,572.5703331433605,110.55306893862122,2.3032350000000004,1.8062213285714286,2.2969807240500004,0.0,0.0,2.2969807240500004,3.195356655769544,5.24785320700755,0.03401348876660547,4.235518169007731,0.539792907782207,4.296954057877099,1.0,2.2969807240500004,1000564.8033961802,0.9601574395379948,1.0016771138292804,0.041283232660751526
05-01-2026,06.05,177,663.75,5.47496,0.00916373,91.5414,0.833006,0.0,597.4597680202276,109.89284590987339,2.288535,1.7555913285714286,2.28228072405,0.0,0.0,2.28228072405,3.166980364563286,5.1717487626525624,0.03401348876660547,4.235518169007731,0.539792907782207,4.295231954940846,1.0,2.28228072405,1005490.8675529094,0.9648845667881948,1.0016771138292804,0.041283232660751526
05-01-2026,06.05,178,667.5,5.44109,0.00942744,89.9118,0.824397,0.0,577.1545615776923,109.06371566126514,2.247795,1.7217213285714283,2.24154072405,0.0,0.0,2.24154072405,3.089072937389148,4.967173970256183,0.03401348876660547,4.235518169007731,0.539792907782207,4.294079918076321,1.0,2.24154072405,998732.4792300028,0.9583991129670133,1.0016771138292804,0.041283232660751526
05-01-2026,06.05,179,671.25,5.40816,0.00951789,88.3158,0.822675,0.0,568.2099709074175,107.35199197739082,2.207895,1.688791328571428,2.20164072405,0.0,0.0,2.20164072405,3.013802783364265,4.77539606077505,0.03401348876660547,4.235518169007731,0.539792907782207,4.292959853891237,1.0,2.20164072405,992007.7093024602,0.9519459198772751,1.0016771138292804,0.041283232660751526
05-01-2026,06.05,180,675.0,5.37619,0.00890731,87.6438,0.830595,0.0,603.5705504804481,105.51929640799668,2.191095,1.6568213285714286,2.18484072405,0.0,0.0,2.18484072405,2.9824103288191184,4.697057014788214,0.03401348876660547,4.235518169007731,0.539792907782207,4.291872442655368,1.0,2.18484072405,995468.0548952812,0.9552665209548288,1.0016771138292804,0.041283232660751526
05-01-2026,06.05,181,678.75,5.36201,0.0089412,87.2911,0.826119,0.0,599.6969086923456,105.66407503035276,2.1822775,1.642641328571428,2.17602322405,0.0665557,0.0016638924999999999,2.1743593315500003,2.962913933745216,4.648879762026761,0.03401348876660547,4.235518169007731,0.539792907782207,4.291390131384658,1.0,2.17602322405,1002497.2993561226,0.9620118925094743,1.0016771138292804,0.041283232660751526
05-01-2026,06.05,182,682.5,5.33062,0.00863664,85.1071,0.811311,0.0,617.2099334926546,104.90071008528173,2.1276775000000003,1.611251328571428,2.1214232240500004,0.0,0.0,2.1214232240500004,2.865480097825909,4.413419876542843,0.03401348876660547,4.235518169007731,0.539792907782207,4.290322447972273,1.0,2.1214232240500004,988172.1966576405,0.94826530270199,1.0016771138292804,0.041283232660751526
05-01-2026,06.05,183,686.25,5.29781,0.0086237,83.1247,0.839893,0.0,614.3314354627364,98.97058315761652,2.0781175000000003,1.5784413285714285,2.0718632240500003,0.0,0.0,2.0718632240500003,2.775793520368785,4.204200656202344,0.03401348876660547,4.235518169007731,0.539792907782207,4.289206465405841,1.0,2.0718632240500003,975721.3243623346,0.9363172533377732,1.0016771138292804,0.041283232660751526
05-01-2026,06.05,184,690.0,5.2718,0.008617,82.9735,0.851257,0.0,611.7906463966577,97.47173885207405,2.0743375,1.5524313285714282,2.06808322405,0.0,0.0,2.06808322405,2.7690128156901235,4.188665279127433,0.03401348876660547,4.235518169007731,0.539792907782207,4.2883217745630215,1.0,2.06808322405,984614.422970205,0.9448512081200211,1.0016771138292804,0.041283232660751526
05-01-2026,06.05,185,693.75,5.24652,0.00838167,83.5447,0.811311,0.0,625.9516301643944,102.97493809402313,2.0886175000000002,1.5271513285714287,2.0823632240500003,0.0,0.0,2.0823632240500003,2.7946729942716884,4.24766219905923,0.03401348876660547,4.235518169007731,0.539792907782207,4.287461913567002,1.0,2.0823632240500003,1002218.6438875021,0.96174449041782,1.0016771138292804,0.041283232660751526
05-01-2026,06.05,186,697.5,5.23779,0.0083213,80.1512,0.820953,0.0,629.4437167269538,97.6318985374315,2.00378,1.5184213285714288,1.99752572405,0.0,0.0,1.99752572405,2.643968477962934,3.909008673073939,0.03401348876660547,4.235518169007731,0.539792907782207,4.28716497581007,1.0,1.99752572405,971808.7492861003,0.9325626858630368,1.0016771138292804,0.041283232660751526
05-01-2026,06.05,187,701.25,5.22188,0.00826574,80.504,0.820609,0.0,631.749849378277,98.1027505182127,2.0126000000000004,1.502511328571428,2.0063457240500004,0.0,0.0,2.0063457240500004,2.6594430053523483,3.9429286844842544,0.03401348876660547,4.235518169007731,0.539792907782207,4.286623821203793,1.0,2.0063457240500004,986623.6447167816,0.946779288341421,1.0016771138292804,0.041283232660751526
05-01-2026,06.05,188,705.0,5.19927,0.00821208,79.0256,0.815099,0.0,633.1246164187393,96.95214937081262,1.9756399999999998,1.4799013285714286,1.96938572405,0.0,0.0,1.96938572405,2.5948916562406255,3.802678345349733,0.03401348876660547,4.235518169007731,0.539792907782207,4.28585477622278,1.0,1.96938572405,978833.9394959512,0.9393041668958121,1.0016771138292804,0.041283232660751526
05-01-2026,06.05,189,708.75,5.18159,0.00771329,78.3872,0.801325,0.0,671.7743012385117,97.82198234174649,1.9596800000000003,1.4622213285714283,1.9534257240500004,0.0665557,0.0016638924999999999,1.9517618315500003,2.564381384612027,3.7375130248850894,0.03401348876660547,4.235518169007731,0.539792907782207,4.285253417741386,1.0,1.9534257240500004,981257.6290611103,0.9416299768375762,1.0016771138292804,0.041283232660751526
05-01-2026,06.05,190,712.5,5.17691,0.0081171,78.74,0.806834,0.0,637.7782705646106,97.59132609681792,1.9685,1.4575413285714287,1.96224572405,0.0,0.0,1.96224572405,2.582510098338307,3.776147409708914,0.03401348876660547,4.235518169007731,0.539792907782207,4.285094234613958,1.0,1.96224572405,996146.3058497577,0.9559173810466528,1.0016771138292804,0.041283232660751526
05-01-2026,06.05,191,716.25,5.16487,0.00815171,78.5384,0.837482,0.0,633.5934423574931,93.77920958301193,1.9634599999999998,1.445501328571428,1.9572057240499998,0.0,0.0,1.9572057240499998,2.5737873096551933,3.757526893994372,0.03401348876660547,4.235518169007731,0.539792907782207,4.284684712209208,1.0,1.9572057240499998,1004074.0596431444,0.9635249760347125,1.0016771138292804,0.041283232660751526
05-01-2026,06.05,192,720.0,5.12691,0.00796761,75.3297,0.814066,0.0,643.4689950938863,92.53512614456322,1.8832425000000002,1.407541328571428,1.8769882240500002,0.0665557,0.0016638924999999999,1.8753243315500001,2.4340310943007055,3.4669123692874058,0.03401348876660547,4.235518169007731,0.539792907782207,4.283393560175629,1.0,1.8769882240500002,973030.69534752,0.933735284177113,1.0016771138292804,0.041283232660751526
05-01-2026,06.05,193,723.75,5.09205,0.00772367,74.4225,0.801669,0.0,659.2785554017714,92.8344491305015,1.8605625000000001,1.3726813285714288,1.8543082240500002,0.0,0.0,1.8543082240500002,2.398744953368097,3.3957624945027827,0.03401348876660547,4.235518169007731,0.539792907782207,4.282207849957224,1.0,1.8543082240500002,971312.7239667908,0.9320866923052806,1.0016771138292804,0.041283232660751526
05-01-2026,06.05,194,727.5,5.08096,0.00761484,74.1201,0.811655,0.0,667.244485767265,91.31971096093783,1.8530024999999999,1.3615913285714285,1.84674822405,0.0,0.0,1.84674822405,2.3861090428528438,3.3704949425033623,0.03401348876660547,4.235518169007731,0.539792907782207,4.281830640366803,1.0,1.84674822405,977403.0397548628,0.9379310534033369,1.0016771138292804,0.041283232660751526
05-01-2026,06.05,195,731.25,5.06919,0.00786048,72.289,0.81751,0.0,644.8957315583781,88.4258296534599,1.807225,1.3498213285714282,1.8009707240500001,0.0,0.0,1.8009707240500001,2.310236531082775,3.221067213801913,0.03401348876660547,4.235518169007731,0.539792907782207,4.28143030160402,1.0,1.8009707240500001,963026.8844343927,0.924135472711261,1.0016771138292804,0.041283232660751526
05-01-2026,06.05,196,735.0,5.03865,0.00752393,72.0034,0.820953,0.0,669.6832639325459,87.70709163618379,1.8000850000000002,1.319281328571428,1.7938307240500002,0.0,0.0,1.7938307240500002,2.298500771574223,3.1982990005668452,0.03401348876660547,4.235518169007731,0.539792907782207,4.280391529657088,1.0,1.7938307240500002,969072.2028999113,0.9299366536835901,1.0016771138292804,0.041283232660751526
05-01-2026,06.05,197,738.75,5.02237,0.00759145,72.5409,0.810967,0.0,661.5824381376417,89.44987897164742,1.8135225,1.303001328571428,1.80726822405,0.0,0.0,1.80726822405,2.3206093643625954,3.241267315103614,0.03401348876660547,4.235518169007731,0.539792907782207,4.279837790059967,1.0,1.80726822405,986319.4571318876,0.9464873852366348,1.0016771138292804,0.041283232660751526
05-01-2026,06.05,198,742.5,5.01277,0.0075328,70.4746,0.796848,0.0,665.4590590484281,88.44171033873461,1.7618649999999998,1.293401328571428,1.7556107240499998,0.0,0.0,1.7556107240499998,2.236124189621005,3.0787954263889765,0.03401348876660547,4.235518169007731,0.539792907782207,4.2795112605678085,1.0,1.7556107240499998,967879.1647357902,0.928791795834258,1.0016771138292804,0.041283232660751526
05-01-2026,06.05,199,746.25,4.98788,0.00746633,71.2642,0.817854,0.0,668.0497647438567,87.13560121977761,1.781605,1.268511328571428,1.7753507240500002,0.0,0.0,1.7753507240500002,2.2682475621484777,3.1400231976350126,0.03401348876660547,4.235518169007731,0.539792907782207,4.278664664832407,1.0,1.7753507240500002,988673.4003249008,0.9487462654824219,1.0016771138292804,0.041283232660751526
05-01-2026,06.05,200,750.0,4.97711,0.00736511,69.6514,0.798225,0.0,675.7685900142699,87.25785336214726,1.741285,1.257741328571428,1.73503072405,0.0,0.0,1.73503072405,2.202843709678463,3.0160574624950782,0.03401348876660547,4.235518169007731,0.539792907782207,4.278298339558391,1.0,1.73503072405,975954.782278125,0.9365412831596343,1.0016771138292804,0.041283232660751526
05-01-2026,06.05,201,753.75,4.97107,0.00719244,67.1819,0.802702,0.0,691.152098592411,83.69469616370708,1.6795475,1.2517013285714285,1.67329322405,0.0,0.0,1.67329322405,2.1042713301452807,2.8342752232554878,0.03401348876660547,4.235518169007731,0.539792907782207,4.278092898086241,1.0,1.67329322405,950663.2435993694,0.9122711320036627,1.0016771138292804,0.041283232660751526
05-01-2026,06.05,202,757.5,4.94716,0.00724623,69.0466,0.802702,0.0,682.7219119459361,86.01772513336206,1.726165,1.2277913285714286,1.71991072405,0.0,0.0,1.71991072405,2.178528077568248,2.9706600310394125,0.03401348876660547,4.235518169007731,0.539792907782207,4.2772796355698315,1.0,1.71991072405,986895.5229019154,0.9470401868471632,1.0016771138292804,0.041283232660751526
05-01-2026,06.05,203,761.25,4.91833,0.00702666,65.9555,0.808901,0.0,699.9527513783221,81.53717203959447,1.6488875,1.1989613285714285,1.6426332240500001,0.0,0.0,1.6426332240500001,2.056011393157278,2.7474140617488354,0.03401348876660547,4.235518169007731,0.539792907782207,4.27629902668869,1.0,1.6426332240500001,951908.5199513877,0.9134661184249446,1.0016771138292804,0.041283232660751526
05-01-2026,06.05,204,765.0,4.89369,0.00686613,64.8299,0.795126,0.0,712.7290045484139,81.53412163606774,1.6207475,1.1743213285714287,1.61449322405,0.0,0.0,1.61449322405,2.012115322228375,2.669589642385518,0.03401348876660547,4.235518169007731,0.539792907782207,4.275460934325481,1.0,1.61449322405,944841.7970446612,0.9066847819747554,1.0016771138292804,0.041283232660751526
05-01-2026,06.05,205,768.75,4.88219,0.0068327,64.5443,0.819576,0.0,714.5330542830799,78.75328218493466,1.6136075,1.162821328571428,1.6073532240500001,0.0,0.0,1.6073532240500001,2.001037389305279,2.650124328240331,0.03401348876660547,4.235518169007731,0.539792907782207,4.275069779204665,1.0,1.6073532240500001,949908.0830723614,0.9115464682981326,1.0016771138292804,0.041283232660751526
05-01-2026,06.05,206,772.5,4.87739,0.00695612,63.1331,0.794437,0.0,701.1653047963521,79.46898243661865,1.5783274999999999,1.1580213285714285,1.57207322405,0.0,0.0,1.57207322405,1.9466512980308484,2.5555664104524776,0.03401348876660547,4.235518169007731,0.539792907782207,4.274906514458585,1.0,1.57207322405,938144.5219094878,0.9002579733124448,1.0016771138292804,0.041283232660751526
05-01-2026,06.05,207,776.25,4.86427,0.00679815,62.3268,0.802358,0.0,715.5284893684311,77.67953955715528,1.55817,1.1449013285714287,1.5519157240500001,0.0,0.0,1.5519157240500001,1.9158376839221296,2.5027224182980867,0.03401348876660547,4.235518169007731,0.539792907782207,4.274460257485967,1.0,1.5519157240500001,935128.643341197,0.8973638896566349,1.0016771138292804,0.041283232660751526
05-01-2026,06.05,208,780.0,4.84158,0.00670889,62.6291,0.781696,0.0,721.6663263222381,80.1195093744883,1.5657275,1.1222113285714288,1.55947322405,0.0,0.0,1.55947322405,1.9273683804257122,2.52243597267695,0.03401348876660547,4.235518169007731,0.539792907782207,4.273688491425853,1.0,1.55947322405,948783.50951202,0.9104673101400558,1.0016771138292804,0.041283232660751526
05-01-2026,06.05,209,783.75,4.82153,0.0066375,60.8652,0.779286,0.0,726.4075329566855,78.10380271171303,1.52163,1.1021613285714285,1.51537572405,0.0,0.0,1.51537572405,1.8604569854624704,2.4090444254988146,0.03401348876660547,4.235518169007731,0.539792907782207,4.273006520976082,1.0,1.51537572405,930840.848468832,0.8932492554700834,1.0016771138292804,0.041283232660751526
05-01-2026,06.05,210,787.5,4.8103,0.00660262,59.4708,0.780663,0.0,728.5441233934407,76.17986250148911,1.48677,1.0909313285714282,1.48051572405,0.0,0.0,1.48051572405,1.808186458463361,2.32212353597777,0.03401348876660547,4.235518169007731,0.539792907782207,4.272624549497234,1.0,1.48051572405,918151.0794928828,0.8810719571612485,1.0016771138292804,0.041283232660751526
05-01-2026,06.05,211,791.25,4.78734,0.00636295,57.9924,0.75828,0.0,752.3774349947745,76.47887323943662,1.4498100000000003,1.0679713285714287,1.4435557240500003,0.0,0.0,1.4435557240500003,1.7533588371833049,2.232472200159358,0.03401348876660547,4.235518169007731,0.539792907782207,4.271843599795153,1.0,1.4435557240500003,903776.4054904227,0.8672777979648146,1.0016771138292804,0.041283232660751526
05-01-2026,06.05,212,795.0,4.77088,0.00645017,59.2356,0.789961,0.0,739.6518231302431,74.98547396643632,1.4808899999999998,1.0515113285714284,1.4746357240499999,0.0,0.0,1.4746357240499999,1.7994233916019713,2.307691004000083,0.03401348876660547,4.235518169007731,0.539792907782207,4.271283737770054,1.0,1.4746357240499999,932006.6434927011,0.8943679703812465,1.0016771138292804,0.041283232660751526
05-01-2026,06.05,213,798.75,4.76952,0.00636991,58.2108,0.770677,0.0,748.7578317433056,75.5320322262115,1.45527,1.0501513285714283,1.4490157240500001,0.0,0.0,1.4490157240500001,1.7614204107659701,2.2455578804241516,0.03401348876660547,4.235518169007731,0.539792907782207,4.271237479425332,1.0,1.4490157240500001,924474.2960309689,0.8871398134162811,1.0016771138292804,0.041283232660751526
05-01-2026,06.05,214,802.5,4.75578,0.00641825,57.3877,0.762756,0.0,740.9776808320024,75.23729737950275,1.4346925000000001,1.036411328571428,1.4284382240500002,0.0,0.0,1.4284382240500002,1.7311063015618868,2.1965215711652455,0.03401348876660547,4.235518169007731,0.539792907782207,4.270770134089678,1.0,1.4284382240500002,919923.1440271004,0.8827724576586627,1.0016771138292804,0.041283232660751526
05-01-2026,06.05,215,806.25,4.73561,0.00619783,56.6317,0.778941,0.0,764.0754909379574,72.70345250795631,1.4157925,1.0162413285714287,1.40953822405,0.0,0.0,1.40953822405,1.7034260203657383,2.1521473284629886,0.03401348876660547,4.235518169007731,0.539792907782207,4.270084082021255,1.0,1.40953822405,916254.905719377,0.879252359520887,1.0016771138292804,0.041283232660751526
05-01-2026,06.05,216,810.0,4.72531,0.00628269,54.7333,0.777564,0.0,752.1157338655895,70.39073311007196,1.3683325,1.0059413285714287,1.36207822405,0.0,0.0,1.36207822405,1.6345952947599611,2.043434321517415,0.03401348876660547,4.235518169007731,0.539792907782207,4.2697337430869595,1.0,1.36207822405,893659.522799205,0.8575694810742598,1.0016771138292804,0.041283232660751526
05-01-2026,06.05,217,813.75,4.70413,0.00626397,53.7757,0.768955,0.0,750.982204576331,69.93348115299334,1.3443924999999999,0.9847613285714285,1.33813822405,0.0,0.0,1.33813822405,1.6002382336969716,1.990022212439882,0.03401348876660547,4.235518169007731,0.539792907782207,4.269013337394883,1.0,1.33813822405,886100.4960790845,0.850315722280871,1.0016771138292804,0.041283232660751526
05-01-2026,06.05,218,817.5,4.68877,0.00611756,53.3893,0.749326,0.0,766.4444647866143,71.24976312045757,1.3347325,0.9694013285714282,1.3284782240500002,0.0,0.0,1.3284782240500002,1.5864429444749701,1.9687326673564096,0.03401348876660547,4.235518169007731,0.539792907782207,4.268490890207428,1.0,1.3284782240500002,887830.3001215154,0.8519756689576335,1.0016771138292804,0.041283232660751526
05-01-2026,06.05,219,821.25,4.67873,0.00599113,52.8853,0.7662,0.0,780.942827146131,69.02283998955886,1.3221325,0.9593613285714282,1.31587822405,0.0,0.0,1.31587822405,1.5685075278251266,1.9411869231807006,0.03401348876660547,4.235518169007731,0.539792907782207,4.268149394780211,1.0,1.31587822405,887496.1242702475,0.851654988649252,1.0016771138292804,0.041283232660751526
05-01-2026,06.05,220,825.0,4.66373,0.00616118,52.4318,0.757591,0.0,756.9540250406578,69.20858352329951,1.3107950000000002,0.9443613285714285,1.3045407240500002,0.0665557,0.0016638924999999999,1.3028768315500001,1.5500697466834268,1.9130252235873781,0.03401348876660547,4.235518169007731,0.539792907782207,4.267639192448712,1.0,1.3045407240500002,887903.0303065313,0.8520454619665271,1.0016771138292804,0.041283232660751526
05-01-2026,06.05,221,828.75,4.64962,0.00595973,50.7014,0.743472,0.0,780.172927297042,68.1954397744636,1.267535,0.930251328571428,1.2612807240500001,0.0,0.0,1.2612807240500001,1.4915468633144011,1.8246679877054357,0.03401348876660547,4.235518169007731,0.539792907782207,4.267159262122215,1.0,1.2612807240500001,866281.1040467727,0.8312967275667333,1.0016771138292804,0.041283232660751526
05-01-2026,06.05,222,832.5,4.63764,0.00586482,51.9446,0.766889,0.0,790.755726518461,67.7341831738361,1.298615,0.9182713285714286,1.2923607240500001,0.0,0.0,1.2923607240500001,1.535207440254192,1.8904386070331944,0.03401348876660547,4.235518169007731,0.539792907782207,4.266751780526792,1.0,1.2923607240500001,895678.6770573779,0.8595070926871998,1.0016771138292804,0.041283232660751526
05-01-2026,06.05,223,836.25,4.61726,0.00568453,48.467,0.744161,0.0,812.2500892773896,65.12972327224888,1.211675,0.8978913285714283,1.2054207240500001,0.0,0.0,1.2054207240500001,1.414055402563947,1.7100276381666049,0.03401348876660547,4.235518169007731,0.539792907782207,4.266058585625728,1.0,1.2054207240500001,842967.6635570971,0.80892478998567,1.0016771138292804,0.041283232660751526
05-01-2026,06.05,224,840.0,4.59969,0.00566607,48.4166,0.743472,0.0,811.795477288491,65.12229108829922,1.210415,0.8803213285714282,1.20416072405,0.0,0.0,1.20416072405,1.4123218080489524,1.7074930377330937,0.03401348876660547,4.235518169007731,0.539792907782207,4.265460968628099,1.0,1.20416072405,849655.8068896801,0.8153428356291696,1.0016771138292804,0.041283232660751526
05-01-2026,06.05,225,843.75,4.59141,0.00563185,47.1063,0.729698,0.0,815.2578637570248,64.55588476328563,1.1776575,0.8720413285714281,1.17140322405,0.0,0.0,1.17140322405,1.3674708604808286,1.6423678117517133,0.03401348876660547,4.235518169007731,0.539792907782207,4.265179336941111,1.0,1.17140322405,833938.4280590332,0.8002601961408934,1.0016771138292804,0.041283232660751526
05-01-2026,06.05,226,847.5,4.57745,0.00552058,47.0055,0.729009,0.0,829.1610664096888,64.47862783587034,1.1751375000000002,0.8580813285714282,1.1688832240500002,0.0,0.0,1.1688832240500002,1.3640379101376876,1.637418405610984,0.03401348876660547,4.235518169007731,0.539792907782207,4.264704508637929,1.0,1.1688832240500002,839557.6811940629,0.8056525182413038,1.0016771138292804,0.041283232660751526
05-01-2026,06.05,227,851.25,4.55764,0.00554292,45.5607,0.705937,0.0,822.2453147438534,64.5393285803124,1.1390175,0.8382713285714285,1.13276322405,0.0,0.0,1.13276322405,1.315102468871648,1.5674054371025525,0.03401348876660547,4.235518169007731,0.539792907782207,4.264030701425463,1.0,1.13276322405,820830.3211697689,0.7876814543090134,1.0016771138292804,0.041283232660751526
05-01-2026,06.05,228,855.0,4.54566,0.00539421,45.4095,0.726254,0.0,842.6924424521848,62.52564529765069,1.1352375,0.8262913285714282,1.12898322405,0.0,0.0,1.12898322405,1.310010338823764,1.5601773978684377,0.03401348876660547,4.235518169007731,0.539792907782207,4.2636232198300394,1.0,1.12898322405,825314.9613611512,0.7919849843040634,1.0016771138292804,0.041283232660751526
05-01-2026,06.05,229,858.75,4.53246,0.00541674,43.9143,0.733141,0.0,836.7505178391432,59.898846197389034,1.0978575,0.8130913285714287,1.09160322405,0.0,0.0,1.09160322405,1.2599476443159454,1.4896829632519581,0.03401348876660547,4.235518169007731,0.539792907782207,4.26317424177832,1.0,1.09160322405,805004.5032057101,0.772494754953421,1.0016771138292804,0.041283232660751526
05-01-2026,06.05,230,862.5,4.51575,0.00527691,42.7719,0.700772,0.0,855.7564938572004,61.03540095780083,1.0692975000000002,0.7963813285714281,1.0630432240500003,0.0,0.0,1.0630432240500003,1.2220523927533915,1.4369973209167506,0.03401348876660547,4.235518169007731,0.539792907782207,4.26260587638103,1.0,1.0630432240500003,790804.4983909455,0.7588682110073484,1.0016771138292804,0.041283232660751526
05-01-2026,06.05,231,866.25,4.49778,0.00519763,42.3184,0.70146,0.0,865.3520931655388,60.32902802725743,1.05796,0.778411328571428,1.05170572405,0.0,0.0,1.05170572405,1.2070933833931625,1.4163577314406721,0.03401348876660547,4.235518169007731,0.539792907782207,4.261994653987894,1.0,1.05170572405,789188.4722957632,0.7573174474061203,1.0016771138292804,0.041283232660751526
05-01-2026,06.05,232,870.0,4.48488,0.00504788,41.5624,0.704904,0.0,888.4680301433474,58.961787704425,1.0390599999999999,0.7655113285714288,1.03280572405,0.0,0.0,1.03280572405,1.1822618535544667,1.3822916965340564,0.03401348876660547,4.235518169007731,0.539792907782207,4.261555879982804,1.0,1.03280572405,781730.6525334449,0.7501608083726282,1.0016771138292804,0.041283232660751526
05-01-2026,06.05,233,873.75,4.46911,0.00502088,39.9664,0.70697,0.0,890.1049218463695,56.53196033777954,0.9991599999999999,0.7497413285714281,0.9929057240499999,0.0,0.0,0.9929057240499999,1.1302692192128079,1.3117421204721107,0.03401348876660547,4.235518169007731,0.539792907782207,4.261019487264956,1.0,0.9929057240499999,758023.0151196156,0.727410593334588,1.0016771138292804,0.041283232660751526
05-01-2026,06.05,234,877.5,4.45979,0.00511875,40.2016,0.710069,0.0,871.2654456654457,56.61646966703236,1.00504,0.7404213285714283,0.99878572405,0.0,0.0,0.99878572405,1.1378949426961995,1.322024292963343,0.03401348876660547,4.235518169007731,0.539792907782207,4.260702481549651,1.0,0.99878572405,769071.2499292752,0.738012650103176,1.0016771138292804,0.041283232660751526
05-01-2026,06.05,235,881.25,4.4563,0.00486535,38.8744,0.694229,0.0,915.9258840576731,55.9965083567526,0.9718600000000001,0.7369313285714281,0.96560572405,0.0,0.0,0.96560572405,1.0950271351388499,1.2645112486453358,0.03401348876660547,4.235518169007731,0.539792907782207,4.260583774473855,1.0,0.96560572405,749890.9140561739,0.7196069035499427,1.0016771138292804,0.041283232660751526
05-01-2026,06.05,236,885.0,4.44144,0.00497497,38.6392,0.687686,0.0,892.7571422541241,56.18727151636067,0.9659800000000001,0.7220713285714284,0.9597257240500001,0.0,0.0,0.9597257240500001,1.0874714629146476,1.2544464478877555,0.03401348876660547,4.235518169007731,0.539792907782207,4.2600783340307835,1.0,0.9597257240500001,751681.1802190613,0.7213248706113614,1.0016771138292804,0.041283232660751526
05-01-2026,06.05,237,888.75,4.43341,0.00497379,38.572,0.680454,0.0,891.3544801851306,56.68568338197733,0.9643,0.7140413285714287,0.95804572405,0.0,0.0,0.95804572405,1.0853149623869909,1.2515777430435537,0.03401348876660547,4.235518169007731,0.539792907782207,4.259805205715987,1.0,0.95804572405,756737.8632304376,0.726177341731951,1.0016771138292804,0.041283232660751526
05-01-2026,06.05,238,892.5,4.42439,0.00486305,37.5808,0.682865,0.0,909.7973494000679,55.03401111493487,0.9395200000000001,0.7050213285714282,0.9332657240500002,0.0,0.0,0.9332657240500002,1.053622883088179,1.209619587224596,0.03401348876660547,4.235518169007731,0.539792907782207,4.259498404047313,1.0,0.9332657240500002,743398.645402803,0.7133768222739925,1.0016771138292804,0.041283232660751526
05-01-2026,06.05,239,896.25,4.41499,0.00481674,37.0937,0.67219,0.0,916.5929653666174,55.18335589639834,0.9273425,0.6956213285714288,0.92108822405,0.0,0.0,0.92108822405,1.0381280215211675,1.1892411751218337,0.03401348876660547,4.235518169007731,0.539792907782207,4.2591786772529066,1.0,0.92108822405,739877.0687713132,0.7099974629459898,1.0016771138292804,0.041283232660751526
05-01-2026,06.05,240,900.0,4.41229,0.00480236,37.5976,0.694229,0.0,918.7753521185416,54.15734577495322,0.9399400000000001,0.692921328571428,0.93368572405,0.0,0.0,0.93368572405,1.0541582287077993,1.2103252450445183,0.03401348876660547,4.235518169007731,0.539792907782207,4.259086840833237,1.0,0.93368572405,756285.4364805,0.7257431860347646,1.0016771138292804,0.041283232660751526
05-01-2026,06.05,241,903.75,4.40386,0.00476407,36.7409,0.688719,0.0,924.3902797398024,53.34672050575054,0.9185225,0.6844913285714282,0.91226822405,0.0,0.0,0.91226822405,1.0269377699969457,1.1745790475394138,0.03401348876660547,4.235518169007731,0.539792907782207,4.258800107122934,1.0,0.91226822405,745107.9007647382,0.7150170501195671,1.0016771138292804,0.041283232660751526
05-01-2026,06.05,242,907.5,4.39581,0.0047793,36.6737,0.672534,0.0,919.7602159312032,54.53062596091796,0.9168425,0.6764413285714284,0.9105882240500001,0.0,0.0,0.9105882240500001,1.0248093765076074,1.1717954991256623,0.03401348876660547,4.235518169007731,0.539792907782207,4.258526298538364,1.0,0.9105882240500001,749920.6230927779,0.7196354128003382,1.0016771138292804,0.041283232660751526
05-01-2026,06.05,243,911.25,4.38729,0.00448288,35.5817,0.67219,0.0,978.6766542936684,52.9339918772966,0.8895424999999999,0.6679213285714285,0.88328822405,0.0,0.0,0.88328822405,0.9903605371763257,1.1269722608632506,0.03401348876660547,4.235518169007731,0.539792907782207,4.2582365036140715,1.0,0.88328822405,733461.8391833688,0.7038413095471278,1.0016771138292804,0.041283232660751526
05-01-2026,06.05,244,915.0,4.37221,0.00450285,34.2881,0.668746,0.0,970.9872636219283,51.272231908676844,0.8572025,0.6528413285714283,0.8509482240499999,0.0,0.0,0.8509482240499999,0.94988444811295,1.0748531728062167,0.03401348876660547,4.235518169007731,0.539792907782207,4.257723580203471,1.0,0.8509482240499999,712435.1268802612,0.6836637516534989,1.0016771138292804,0.041283232660751526
05-01-2026,06.05,245,918.75,4.36614,0.00446443,33.6161,0.643608,0.0,977.9837515651493,52.230705646915524,0.8404025,0.646771328571428,0.83414822405,0.0,0.0,0.83414822405,0.9289987581554243,1.0481875904658888,0.03401348876660547,4.235518169007731,0.539792907782207,4.257517118326658,1.0,0.83414822405,704105.819277205,0.6756708194274907,1.0016771138292804,0.041283232660751526
05-01-2026,06.05,246,922.5,4.37377,0.00454068,34.4393,0.666336,0.0,963.2411885444471,51.684585554435,0.8609825000000001,0.6544013285714287,0.85472822405,0.0,0.0,0.85472822405,0.9545969489218699,1.080891153550946,0.03401348876660547,4.235518169007731,0.539792907782207,4.257776641245948,1.0,0.85472822405,727379.0607179503,0.6980041813803073,1.0016771138292804,0.041283232660751526
05-01-2026,06.05,247,926.25,4.36722,0.00462732,34.1201,0.682176,0.0,943.7903581338658,50.01656464021015,0.8530025000000001,0.647851328571428,0.8467482240500002,0.0,0.0,0.8467482240500002,0.9446540418397862,1.0681608380916703,0.03401348876660547,4.235518169007731,0.539792907782207,4.257553852894526,1.0,0.8467482240500002,726458.3775149971,0.6971206795583637,1.0016771138292804,0.041283232660751526
05-01-2026,06.05,248,930.0,4.34888,0.00448098,32.5073,0.641197,0.0,970.5198416417838,50.69783545462627,0.8126825,0.6295113285714287,0.80642822405,0.0,0.0,0.80642822405,0.8947457244041239,1.0047868409400444,0.03401348876660547,4.235518169007731,0.539792907782207,4.256930045510546,1.0,0.80642822405,697479.770980845,0.6693123611398379,1.0016771138292804,0.041283232660751526
05-01-2026,06.05,249,933.75,4.34291,0.0044687,32.5241,0.649118,0.0,971.8508738559312,50.10506564291854,0.8131025,0.6235413285714282,0.8068482240499999,0.0,0.0,0.8068482240499999,0.8952627855301146,1.0054389517038584,0.03401348876660547,4.235518169007731,0.539792907782207,4.25672698498261,1.0,0.8068482240499999,703482.1416467443,0.6750723287403032,1.0016771138292804,0.041283232660751526
05-01-2026,06.05,250,937.5,4.34213,0.00438988,32.5409,0.660137,0.0,989.1227095045879,49.294161666441966,0.8135225,0.6227613285714284,0.80726822405,0.0,0.0,0.80726822405,0.895779905647145,1.0060912295888835,0.03401348876660547,4.235518169007731,0.539792907782207,4.256700454461372,1.0,0.80726822405,709513.0875439453,0.6808597175740835,1.0016771138292804,0.041283232660751526
05-01-2026,06.05,251,941.25,4.33172,0.00430548,31.6002,0.647396,0.0,1006.0945585625759,48.811237635079614,0.790005,0.6123513285714282,0.7837507240499999,0.0,0.0,0.7837507240499999,0.8669148050416671,0.9698230945069539,0.03401348876660547,4.235518169007731,0.539792907782207,4.256346374043312,1.0,0.7837507240499999,694365.1785826037,0.6663235501681255,1.0016771138292804,0.041283232660751526
05-01-2026,06.05,252,945.0,4.32646,0.00445254,30.3402,0.641197,0.0,971.6835783620137,47.3180629354161,0.758505,0.6070913285714283,0.75225072405,0.0665557,0.0016638924999999999,0.75058683155,0.8265208093337242,0.9195479305018432,0.03401348876660547,4.235518169007731,0.539792907782207,4.2561674630924,1.0,0.75225072405,671778.7028447513,0.6446492191912278,1.0016771138292804,0.041283232660751526
05-01-2026,06.05,253,948.75,4.3197,0.00431875,31.2474,0.632244,0.0,1000.21997105644,49.4230075730256,0.7811849999999999,0.6003313285714285,0.7749307240499999,0.0,0.0,0.7749307240499999,0.8561365805795633,0.9563539831656211,0.03401348876660547,4.235518169007731,0.539792907782207,4.255937531908337,1.0,0.7749307240499999,697535.7288147624,0.6693660591415604,1.0016771138292804,0.041283232660751526
05-01-2026,06.05,254,952.5,4.31055,0.00434022,31.1466,0.650495,0.0,993.1639409983827,47.88138263937463,0.7786649999999999,0.5911813285714285,0.77241072405,0.0,0.0,0.77241072405,0.8530618085701717,0.9525188397301354,0.03401348876660547,4.235518169007731,0.539792907782207,4.255626308486122,1.0,0.77241072405,700774.4569613878,0.6724739926947579,1.0016771138292804,0.041283232660751526
05-01-2026,06.05,255,956.25,4.31022,0.00427599,30.5922,0.6319,0.0,1008.0051637164727,48.413040037980686,0.764805,0.5908513285714285,0.75855072405,0.0665557,0.0016638924999999999,0.75688683155,0.8341664728711281,0.9290213931139255,0.03401348876660547,4.235518169007731,0.539792907782207,4.2556150840348295,1.0,0.75855072405,693629.4491908769,0.6656175328801343,1.0016771138292804,0.041283232660751526
05-01-2026,06.05,256,960.0,4.30223,0.00404275,29.9202,0.622258,0.0,1064.1840331457547,48.08327092620746,0.748005,0.5828613285714281,0.7417507240500001,0.0,0.0,0.7417507240500001,0.8158191831532512,0.9063210175966953,0.03401348876660547,4.235518169007731,0.539792907782207,4.255343316259585,1.0,0.7417507240500001,683597.4672844801,0.6559906880940265,1.0016771138292804,0.041283232660751526
05-01-2026,06.05,257,963.75,4.29645,0.00419008,30.8946,0.640853,0.0,1025.3861501451047,48.20855952925242,0.7723650000000001,0.5770813285714285,0.76611072405,0.0,0.0,0.76611072405,0.845384035804289,0.9429564612760092,0.03401348876660547,4.235518169007731,0.539792907782207,4.2551467182945135,1.0,0.76611072405,711574.413929697,0.6828377982120167,1.0016771138292804,0.041283232660751526
05-01-2026,06.05,258,967.5,4.29083,0.00410922,28.9626,0.6319,0.0,1044.1957354437093,45.834150973255255,0.724065,0.5714613285714281,0.71781072405,0.0,0.0,0.71781072405,0.7869523863916881,0.8708336740787935,0.03401348876660547,4.235518169007731,0.539792907782207,4.254955562487645,1.0,0.71781072405,671911.2145640278,0.644776379483752,1.0016771138292804,0.041283232660751526
05-01-2026,06.05,259,971.25,4.28553,0.00416821,29.6178,0.62088,0.0,1028.1463745828544,47.702937765751834,0.7404449999999999,0.566161328571428,0.7341907240499999,0.0,0.0,0.7341907240499999,0.8066832715793604,0.8950597058527633,0.03401348876660547,4.235518169007731,0.539792907782207,4.254775290997182,1.0,0.7341907240499999,692581.6119374725,0.6646120120674229,1.0016771138292804,0.041283232660751526
05-01-2026,06.05,260,975.0,4.28367,0.00414962,29.433,0.637754,0.0,1032.3041627908099,46.15102374896904,0.7358250000000001,0.5643013285714282,0.72957072405,0.0,0.0,0.72957072405,0.8011093540641038,0.888202774279719,0.03401348876660547,4.235518169007731,0.539792907782207,4.254712025908076,1.0,0.72957072405,693548.1695500313,0.6655395356813761,1.0016771138292804,0.041283232660751526
05-01-2026,06.05,261,978.75,4.27837,0.00422784,29.2314,0.641542,0.0,1011.9517294883439,45.5642810603203,0.730785,0.5590013285714281,0.7245307240500001,0.0,0.0,0.7245307240500001,0.7950366060654785,0.8807439883276958,0.03401348876660547,4.235518169007731,0.539792907782207,4.254531754417613,1.0,0.7245307240500001,694065.3391829539,0.6660358196490594,1.0016771138292804,0.041283232660751526
05-01-2026,06.05,262,982.5,4.27343,0.00416157,28.7442,0.611583,0.0,1026.8792787337472,46.999671344690746,0.718605,0.5540613285714286,0.71235072405,0.0,0.0,0.71235072405,0.7803946857054203,0.8628106235311879,0.03401348876660547,4.235518169007731,0.539792907782207,4.254363727783106,1.0,0.71235072405,687636.6061174903,0.6598667081046025,1.0016771138292804,0.041283232660751526
05-01-2026,06.05,263,986.25,4.26505,0.00408216,27.9042,0.612271,0.0,1044.802261547808,45.574916989372355,0.697605,0.5456813285714279,0.6913507240500001,0.0,0.0,0.6913507240500001,0.7552619977594061,0.8321933354923328,0.03401348876660547,4.235518169007731,0.539792907782207,4.254078694747242,1.0,0.6913507240500001,672469.2876348908,0.6453119150222559,1.0016771138292804,0.041283232660751526
05-01-2026,06.05,264,990.0,4.26084,0.00406193,27.8706,0.617781,0.0,1048.969332312472,45.11404526846892,0.696765,0.5414713285714283,0.6905107240499999,0.0,0.0,0.6905107240499999,0.754259625750561,0.8309765236599341,0.03401348876660547,4.235518169007731,0.539792907782207,4.253935497959534,1.0,0.6905107240499999,676769.5606414049,0.6494385234190677,1.0016771138292804,0.041283232660751526
05-01-2026,06.05,265,993.75,4.26427,0.00414561,27.6858,0.608139,0.0,1028.6230494426634,45.52544730727679,0.692145,0.5449013285714281,0.6858907240500001,0.0,0.0,0.6858907240500001,0.7487506017562693,0.8242948088129577,0.03401348876660547,4.235518169007731,0.539792907782207,4.254052164226004,1.0,0.6858907240500001,677343.8826057833,0.6499896516467609,1.0016771138292804,0.041283232660751526
05-01-2026,06.05,266,997.5,4.25593,0.00400761,26.6611,0.606073,0.0,1061.96211707227,43.98991540622995,0.6665275,0.5365613285714286,0.66027322405,0.0665557,0.0016638924999999999,0.65860933155,0.7163576294551073,0.7852062175245054,0.03401348876660547,4.235518169007731,0.539792907782207,4.253768491729691,1.0,0.66027322405,656975.9846374003,0.6304443021644343,1.0016771138292804,0.041283232660751526
05-01-2026,06.05,267,1001.25,4.24674,0.00393589,27.921,0.613304,0.0,1078.9783251056306,45.52554687398093,0.698025,0.5273713285714283,0.69177072405,0.0665557,0.0016638924999999999,0.69010683155,0.7537777409766406,0.8303916652082884,0.03401348876660547,4.235518169007731,0.539792907782207,4.2534559077679255,1.0,0.69177072405,693501.2317518813,0.6654944934452948,1.0016771138292804,0.041283232660751526
05-01-2026,06.05,268,1005.0,4.24058,0.00393491,25.7707,0.584378,0.0,1077.6815734032036,44.099367190414426,0.6442675000000001,0.5212113285714279,0.63801322405,0.0,0.0,0.63801322405,0.6920579825590841,0.7561061439731512,0.03401348876660547,4.235518169007731,0.539792907782207,4.253246384677123,1.0,0.63801322405,644409.3066211013,0.6183851238416782,1.0016771138292804,0.041283232660751526
05-01-2026,06.05,269,1008.75,4.23528,0.00384361,26.6107,0.59161,0.0,1101.90159771673,44.98013894288467,0.6652675,0.5159113285714287,0.65901322405,0.0,0.0,0.65901322405,0.7168354811861586,0.7857803719090565,0.03401348876660547,4.235518169007731,0.539792907782207,4.25306611318666,1.0,0.65901322405,670596.4111708413,0.6435146738398868,1.0016771138292804,0.041283232660751526
05-01-2026,06.05,270,1012.5,4.23348,0.00392151,25.4011,0.597808,0.0,1079.553539325413,42.490398254958116,0.6350275000000001,0.5141113285714285,0.6287732240500001,0.0,0.0,0.6287732240500001,0.6811996004989405,0.7431637230429841,0.03401348876660547,4.235518169007731,0.539792907782207,4.25300488890688,1.0,0.6287732240500001,644590.8004675079,0.6185592881399486,1.0016771138292804,0.041283232660751526
05-01-2026,06.05,271,1016.25,4.22567,0.00386062,26.4427,0.597119,0.0,1094.5573508918258,44.283802726089775,0.6610675,0.5063013285714284,0.65481322405,0.0,0.0,0.65481322405,0.7118689034766669,0.7798164589963068,0.03401348876660547,4.235518169007731,0.539792907782207,4.2527392435596125,1.0,0.65481322405,676267.5654486007,0.6489568010784984,1.0016771138292804,0.041283232660751526
05-01-2026,06.05,272,1020.0,4.22481,0.00392046,25.9891,0.593676,0.0,1077.6311963392052,43.776571732729636,0.6497275,0.5054413285714281,0.6434732240500001,0.0,0.0,0.6434732240500001,0.6984868309972262,0.7637866049519509,0.03401348876660547,4.235518169007731,0.539792907782207,4.252709991959273,1.0,0.6434732240500001,669469.5423016201,0.6424333130679568,1.0016771138292804,0.041283232660751526
05-01-2026,06.05,273,1023.75,4.22239,0.00389379,25.5355,0.588855,0.0,1084.3907863546826,43.364665325080026,0.6383875,0.5030213285714282,0.6321332240499999,0.0,0.0,0.6321332240499999,0.6851450229645469,0.7478620432789034,0.03401348876660547,4.235518169007731,0.539792907782207,4.252627679316459,1.0,0.6321332240499999,662516.1148390656,0.6357606966758969,1.0016771138292804,0.041283232660751526
05-01-2026,06.05,274,1027.5,4.21117,0.00377385,25.5691,0.587133,0.0,1115.8816593134331,43.54907661466822,0.6392275,0.49180132857142844,0.6329732240499999,0.0,0.0,0.6329732240499999,0.6861319282313129,0.7490380524354163,0.03401348876660547,4.235518169007731,0.539792907782207,4.2522460479724975,1.0,0.6329732240499999,668265.4373734377,0.6412778353808999,1.0016771138292804,0.041283232660751526
05-01-2026,06.05,275,1031.25,4.20544,0.00376256,24.5611,0.57818,0.0,1117.7070930430345,42.48002352208655,0.6140275000000001,0.48607132857142865,0.60777322405,0.0,0.0,0.60777322405,0.6566201438033238,0.7140049389475368,0.03401348876660547,4.235518169007731,0.539792907782207,4.252051150681864,1.0,0.60777322405,646352.5790922364,0.6202499181197464,1.0016771138292804,0.041283232660751526
05-01-2026,06.05,276,1035.0,4.20467,0.00381031,24.8803,0.591265,0.0,1103.4981405712397,42.07977810288111,0.6220074999999999,0.4853013285714285,0.6157532240499999,0.0,0.0,0.6157532240499999,0.6659442390686727,0.7250436922693073,0.03401348876660547,4.235518169007731,0.539792907782207,4.252024960295515,1.0,0.6157532240499999,659610.2474329611,0.6329721814304956,1.0016771138292804,0.041283232660751526
05-01-2026,06.05,277,1038.75,4.19903,0.0038442,24.2923,0.587477,0.0,1092.3026897664013,41.35021456159135,0.6073075,0.47966132857142796,0.60105322405,0.0,0.0,0.60105322405,0.6487835237155019,0.7047483692700715,0.03401348876660547,4.235518169007731,0.539792907782207,4.25183312421887,1.0,0.60105322405,648537.3678956125,0.6223464752005677,1.0016771138292804,0.041283232660751526
05-01-2026,06.05,278,1042.5,4.18645,0.00372183,23.9395,0.58059,0.0,1124.8364379888387,41.23305602921166,0.5984875,0.46708132857142814,0.5922332240499999,0.0,0.0,0.5922332240499999,0.6385190530094514,0.692653176444631,0.03401348876660547,4.235518169007731,0.539792907782207,4.2514052345301865,1.0,0.5922332240499999,643642.7693551902,0.6176495428417774,1.0016771138292804,0.041283232660751526
05-01-2026,06.05,279,1046.25,4.17338,0.00363645,22.1756,0.566471,0.0,1147.6522432592226,39.14692896900283,0.55439,0.45401132857142823,0.54813572405,0.0,0.0,0.54813572405,0.5875559154342747,0.6330854209204009,0.03401348876660547,4.235518169007731,0.539792907782207,4.2509606782320075,1.0,0.54813572405,600010.7750968507,0.5757796072345824,1.0016771138292804,0.041283232660751526
05-01-2026,06.05,280,1050.0,4.16922,0.00373957,22.4444,0.582312,0.0,1114.8928887545894,38.54359862067071,0.56111,0.4498513285714285,0.55485572405,0.0,0.0,0.55485572405,0.5952840476285094,0.6420668124590617,0.03401348876660547,4.235518169007731,0.539792907782207,4.250819182118738,1.0,0.55485572405,611728.4357651251,0.5870240553966977,1.0016771138292804,0.041283232660751526
05-01-2026,06.05,281,1053.75,4.1673,0.00363165,21.8732,0.554419,0.0,1147.494940316385,39.4524718669454,0.54683,0.44793132857142837,0.54057572405,0.0,0.0,0.54057572405,0.5788780397008252,0.6230220637108137,0.03401348876660547,4.235518169007731,0.539792907782207,4.2507538762203065,1.0,0.54057572405,600249.3714381382,0.5760085679689159,1.0016771138292804,0.041283232660751526
05-01-2026,06.05,282,1057.5,4.15594,0.0035732,21.2684,0.561995,0.0,1163.0863091906415,37.84446480840577,0.53171,0.43657132857142855,0.52545572405,0.0665557,0.0016638924999999999,0.52379183155,0.55967369900303,0.6008332140003144,0.03401348876660547,4.235518169007731,0.539792907782207,4.250367482987918,1.0,0.52545572405,587620.4203033902,0.563889631399858,1.0016771138292804,0.041283232660751526
05-01-2026,06.05,283,1061.25,4.15025,0.00349766,21.6716,0.561995,0.0,1186.5790271209894,38.56190891378037,0.5417900000000001,0.43088132857142813,0.53553572405,0.0,0.0,0.53553572405,0.5731023373317513,0.616336974605125,0.03401348876660547,4.235518169007731,0.539792907782207,4.250173946236836,1.0,0.53553572405,603147.9459858814,0.578790084874792,1.0016771138292804,0.041283232660751526
05-01-2026,06.05,284,1065.0,4.14546,0.00333747,20.0252,0.546499,0.0,1242.0965581713094,36.642701999454715,0.50063,0.4260913285714283,0.49437572405,0.0,0.0,0.49437572405,0.5262180119132888,0.5624445505876227,0.03401348876660547,4.235518169007731,0.539792907782207,4.250011021625643,1.0,0.49437572405,560733.3056106112,0.5380883408563998,1.0016771138292804,0.041283232660751526
05-01-2026,06.05,285,1068.75,4.13636,0.0034417,20.4956,0.542711,0.0,1201.8363018275852,37.7652194261771,0.51239,0.4169913285714282,0.50613572405,0.0,0.0,0.50613572405,0.539562145326397,0.5777158932400797,0.03401348876660547,4.235518169007731,0.539792907782207,4.249701498877868,1.0,0.50613572405,578121.66824008,0.5547744822071646,1.0016771138292804,0.041283232660751526
05-01-2026,06.05,286,1072.5,4.13462,0.00335014,20.0084,0.542711,0.0,1234.1633483973803,36.86750406754239,0.50021,0.4152513285714283,0.49395572405000004,0.0,0.0,0.49395572405000004,0.5257421919359586,0.5619009953989355,0.03401348876660547,4.235518169007731,0.539792907782207,4.249642315407414,1.0,0.49395572405000004,568175.6588117878,0.5452301379389318,1.0016771138292804,0.041283232660751526
05-01-2026,06.05,287,1076.25,4.1303,0.0033039,20.294,0.540989,0.0,1250.1286358545963,37.5127775241271,0.5073500000000001,0.41093132857142844,0.50109572405,0.0,0.0,0.50109572405,0.5338382196736635,0.5711587600490107,0.03401348876660547,4.235518169007731,0.539792907782207,4.249495377135942,1.0,0.50109572405,580426.2238257345,0.5569859693421151,1.0016771138292804,0.041283232660751526
05-01-2026,06.05,288,1080.0,4.1201,0.00331993,18.8156,0.528592,0.0,1241.0201419909456,35.59569573508491,0.47039,0.40073132857142824,0.46413572405,0.0,0.0,0.46413572405,0.49209154961390156,0.5236308882451033,0.03401348876660547,4.235518169007731,0.539792907782207,4.249148439550522,1.0,0.46413572405,541367.9085319199,0.5195050067119241,1.0016771138292804,0.041283232660751526
05-01-2026,06.05,289,1083.75,4.1142,0.00321701,18.2108,0.516884,0.0,1278.8894035144435,35.23188955355553,0.45527,0.39483132857142866,0.44901572405,0.0,0.0,0.44901572405,0.4751285640662307,0.5044661653194116,0.03401348876660547,4.235518169007731,0.539792907782207,4.248947759966799,1.0,0.44901572405,527375.2821803445,0.5060774663421866,1.0016771138292804,0.041283232660751526
05-01-2026,06.05,290,1087.5,4.10887,0.00316768,18.5972,0.511374,0.0,1297.1228154359026,36.36712073746417,0.46493,0.38950132857142794,0.45867572405,0.0,0.0,0.45867572405,0.4859583535287442,0.5166918582330838,0.03401348876660547,4.235518169007731,0.539792907782207,4.248766468071674,1.0,0.45867572405,542455.7117710079,0.520548879501791,1.0016771138292804,0.041283232660751526
05-01-2026,06.05,291,1091.25,4.10059,0.0032061,17.6732,0.515506,0.0,1278.99628832538,34.28320911880754,0.44183000000000006,0.38122132857142876,0.43557572405000006,0.0,0.0,0.43557572405000006,0.4601060326936288,0.48756417373532385,0.03401348876660547,4.235518169007731,0.539792907782207,4.248484836384686,1.0,0.43557572405000006,518695.14217891014,0.4977478699279218,1.0016771138292804,0.041283232660751526
05-01-2026,06.05,292,1095.0,4.1026,0.00316249,18.5972,0.528248,0.0,1297.2689241705111,35.205433811391615,0.46493,0.38323132857142816,0.45867572405,0.0,0.0,0.45867572405,0.4859583535287442,0.5166918582330838,0.03401348876660547,4.235518169007731,0.539792907782207,4.2485532034971065,1.0,0.45867572405,549963.6600290512,0.5277536226140392,1.0016771138292804,0.041283232660751526
05-01-2026,06.05,293,1098.75,4.10762,0.00316144,18.866,0.516539,0.0,1299.2876663798775,36.5238636385636,0.47165,0.3882513285714282,0.46539572405,0.0,0.0,0.46539572405,0.49350813704604984,0.5252351758212342,0.03401348876660547,4.235518169007731,0.539792907782207,4.2487239512107156,1.0,0.46539572405,561849.7150401813,0.5391596645884895,1.0016771138292804,0.041283232660751526
05-01-2026,06.05,294,1102.5,4.09985,0.00310679,18.7148,0.513784,0.0,1319.6418167948268,36.42542391355122,0.46787,0.38048132857142836,0.46161572405,0.0,0.0,0.46161572405,0.4892597640798993,0.5204256603843627,0.03401348876660547,4.235518169007731,0.539792907782207,4.248459666402999,1.0,0.46161572405,561096.7976810504,0.538437153461501,1.0016771138292804,0.041283232660751526
05-01-2026,06.05,295,1106.25,4.08901,0.00309136,16.8837,0.498288,0.0,1322.7220381967807,33.8834168191889,0.42209250000000004,0.3696413285714284,0.41583822405000004,0.0,0.0,0.41583822405000004,0.4381388789933281,0.46296696333573634,0.03401348876660547,4.235518169007731,0.539792907782207,4.2480909601847685,1.0,0.41583822405000004,508898.2703618145,0.4883466404148945,1.0016771138292804,0.041283232660751526
05-01-2026,06.05,296,1110.0,4.08611,0.00310509,17.3037,0.501387,0.0,1315.9393125481065,34.511664642282305,0.4325925,0.36674132857142805,0.42633822405,0.0,0.0,0.42633822405,0.4498110745848552,0.4760192046867985,0.03401348876660547,4.235518169007731,0.539792907782207,4.247992321067345,1.0,0.42633822405,525291.325852005,0.5040776696618161,1.0016771138292804,0.041283232660751526
05-01-2026,06.05,297,1113.75,4.08797,0.00305734,17.8748,0.50552,0.0,1337.1002243780542,35.35923405602153,0.44687,0.3686013285714287,0.44061572405,0.0,0.0,0.44061572405,0.46573335968880714,0.4938878113211431,0.03401348876660547,4.235518169007731,0.539792907782207,4.248055586156451,1.0,0.44061572405,546556.9556633407,0.5244844964865352,1.0016771138292804,0.041283232660751526
05-01-2026,06.05,298,1117.5,4.08194,0.00300446,16.2957,0.493123,0.0,1358.6268414290755,33.04591349419922,0.4073925,0.3625713285714287,0.40113822405,0.0,0.0,0.40113822405,0.4218508114532163,0.4448188266489302,0.03401348876660547,4.235518169007731,0.539792907782207,4.247850484819189,1.0,0.40113822405,500943.9213075403,0.48071352420371066,1.0016771138292804,0.041283232660751526
05-01-2026,06.05,299,1121.25,4.07382,0.0030352,16.8837,0.495878,0.0,1342.191618344755,34.04809247435862,0.42209250000000004,0.3544513285714288,0.41583822405000004,0.0665557,0.0016638924999999999,0.41417433155000005,0.4362921343289783,0.4609054813158454,0.03401348876660547,4.235518169007731,0.539792907782207,4.247574295290404,1.0,0.41583822405000004,522792.4650228851,0.5016797242140992,1.0016771138292804,0.041283232660751526
05-01-2026,06.05,300,1125.0,4.07584,0.0030888,17.1021,0.495189,0.0,1319.5545195545196,34.53651030212707,0.4275525,0.3564713285714287,0.42129822405,0.0,0.0,0.42129822405,0.4442044728462853,0.46974479193770224,0.03401348876660547,4.235518169007731,0.539792907782207,4.247643002537712,1.0,0.42129822405,533205.5648132813,0.5116722956082397,1.0016771138292804,0.041283232660751526
05-01-2026,06.05,301,1128.75,4.07645,0.00301852,16.6485,0.495189,0.0,1350.4797052860345,33.62049641651975,0.4162125,0.3570813285714287,0.40995822405,0.0,0.0,0.40995822405,0.4316162467611851,0.4556902864929172,0.03401348876660547,4.235518169007731,0.539792907782207,4.24766375076586,1.0,0.40995822405,522318.1648662288,0.5012245784579804,1.0016771138292804,0.041283232660751526
05-01-2026,06.05,302,1132.5,4.07191,0.0029642,16.3461,0.493812,0.0,1373.6961068753794,33.10186872736993,0.4086525,0.3525413285714283,0.40239822405,0.0,0.0,0.40239822405,0.4232445158517604,0.4463687040296367,0.03401348876660547,4.235518169007731,0.539792907782207,4.24750932952686,1.0,0.40239822405,516098.3572442278,0.4952559549960229,1.0016771138292804,0.041283232660751526
05-01-2026,06.05,303,1136.25,4.07069,0.00305931,16.4805,0.493123,0.0,1330.5908848727327,33.42066786582658,0.4120125,0.3513213285714283,0.40575822405,0.0,0.0,0.40575822405,0.42696327240965626,0.4505069002135111,0.03401348876660547,4.235518169007731,0.539792907782207,4.247467833070565,1.0,0.40575822405,523859.8611347782,0.5027040140095121,1.0016771138292804,0.041283232660751526
05-01-2026,06.05,304,1140.0,4.06728,0.00292013,16.3293,0.488991,0.0,1392.8420994955704,33.39386614477567,0.4082325,0.3479113285714286,0.40197822405,0.0,0.0,0.40197822405,0.4227798974821177,0.44585196040632274,0.03401348876660547,4.235518169007731,0.539792907782207,4.247351847073871,1.0,0.40197822405,522410.89997538,0.5013135685010598,1.0016771138292804,0.041283232660751526
05-01-2026,06.05,305,1143.75,4.06468,0.00295179,15.9093,0.48658,0.0,1377.0220781288642,32.69616507049201,0.39773250000000004,0.34531132857142843,0.39147822405000005,0.0,0.0,0.39147822405000005,0.4111807449230083,0.43297156433427003,0.03401348876660547,4.235518169007731,0.539792907782207,4.247263412003077,1.0,0.39147822405000005,512117.74395353324,0.49143609699980784,1.0016771138292804,0.041283232660751526
05-01-2026,06.05,306,1147.5,4.05853,0.00299231,15.4725,0.476249,0.0,1356.3200336863492,32.48825719319096,0.3868125,0.33916132857142856,0.38055822405,0.0,0.0,0.38055822405,0.3991507986219281,0.41965340984905347,0.03401348876660547,4.235518169007731,0.539792907782207,4.247054229047163,1.0,0.38055822405,501102.4200067378,0.4808656220035483,1.0016771138292804,0.041283232660751526
05-01-2026,06.05,307,1151.25,4.05072,0.00296446,15.5565,0.485203,0.0,1366.4276124488104,32.06183803480193,0.38891250000000005,0.33135132857142846,0.38265822405000005,0.0,0.0,0.38265822405000005,0.4014616295799943,0.42220849190390203,0.03401348876660547,4.235518169007731,0.539792907782207,4.246788583699895,1.0,0.38265822405000005,507166.24160374387,0.4866845588666424,1.0016771138292804,0.041283232660751526
05-01-2026,06.05,308,1155.0,4.04804,0.0029286,15.1533,0.475216,0.0,1382.2440756675546,31.8871839332009,0.3788325,0.32867132857142867,0.37257822405,0.0,0.0,0.37257822405,0.39038099278620775,0.4099704610808422,0.03401348876660547,4.235518169007731,0.539792907782207,4.246697427550001,1.0,0.37257822405,497028.6653383013,0.47695638410263924,1.0016771138292804,0.041283232660751526
05-01-2026,06.05,309,1158.75,4.0479,0.0028465,15.8589,0.491057,0.0,1422.062181626559,32.29543617136096,0.39647250000000006,0.32853132857142864,0.39021822405000006,0.0,0.0,0.39021822405000006,0.4097909506417196,0.4314308364400734,0.03401348876660547,4.235518169007731,0.539792907782207,4.246692665661573,1.0,0.39021822405000006,523946.61914791015,0.5027872683389324,1.0016771138292804,0.041283232660751526
05-01-2026,06.05,310,1162.5,4.04731,0.00281648,14.8341,0.463852,0.0,1437.0100266999943,31.98024369842105,0.3708525,0.32794132857142877,0.36459822405,0.0,0.0,0.36459822405,0.3816291190540726,0.40032905116491785,0.03401348876660547,4.235518169007731,0.539792907782207,4.246672597703201,1.0,0.36459822405,492720.3187200703,0.47282202814332325,1.0016771138292804,0.041283232660751526
05-01-2026,06.05,311,1166.25,4.04102,0.00284354,14.3301,0.469018,0.0,1421.1229664432362,30.55341159614343,0.35825250000000003,0.321651328571428,0.35199822405000003,0.0,0.0,0.35199822405000003,0.36784674764163267,0.38518969886293164,0.03401348876660547,4.235518169007731,0.539792907782207,4.246458652858859,1.0,0.35199822405000003,478766.534461032,0.45943176124551915,1.0016771138292804,0.041283232660751526
05-01-2026,06.05,312,1170.0,4.03445,0.00284545,14.6325,0.471084,0.0,1417.8600924282625,31.061339378964263,0.3658125,0.315081328571428,0.35955822405,0.0,0.0,0.35955822405,0.37611083426854475,0.39426102128466173,0.03401348876660547,4.235518169007731,0.539792907782207,4.246235184237663,1.0,0.35955822405,492199.252902045,0.4723220053362369,1.0016771138292804,0.041283232660751526
05-01-2026,06.05,313,1173.75,4.03272,0.00281911,14.6493,0.469362,0.0,1430.4940211627074,31.211090799851714,0.3662325,0.31335132857142867,0.35997822405,0.0,0.0,0.35997822405,0.37657041930436413,0.3947660632740095,0.03401348876660547,4.235518169007731,0.539792907782207,4.246176340902096,1.0,0.35997822405,495938.0620118595,0.47590982430569895,1.0016771138292804,0.041283232660751526
05-01-2026,06.05,314,1177.5,4.03268,0.00275717,14.8005,0.46523,0.0,1462.6156530065248,31.813296648969327,0.3700125,0.3133113285714284,0.36375822405,0.0,0.0,0.36375822405,0.38070891008430274,0.3993165713889671,0.03401348876660547,4.235518169007731,0.539792907782207,4.246174980362546,1.0,0.36375822405,504353.05113422533,0.48398497784102834,1.0016771138292804,0.041283232660751526
05-01-2026,06.05,315,1181.25,4.03124,0.0028687,14.3133,0.462819,0.0,1405.2497647017815,30.926344856196483,0.3578325,0.31187132857142874,0.35157822405,0.0,0.0,0.35157822405,0.3673881003260058,0.38468681370961677,0.03401348876660547,4.235518169007731,0.539792907782207,4.246126000938722,1.0,0.35157822405,490575.22426914255,0.47076356237620953,1.0016771138292804,0.041283232660751526
05-01-2026,06.05,316,1185.0,4.02188,0.0027198,13.1877,0.437681,0.0,1478.7410839032282,30.13084872315682,0.3296925,0.3025113285714287,0.32343822405,0.0,0.0,0.32343822405,0.3367705802028679,0.3512493301456519,0.03401348876660547,4.235518169007731,0.539792907782207,4.2458076346838665,1.0,0.32343822405,454180.04016661126,0.4358381815705011,1.0016771138292804,0.041283232660751526
05-01-2026,06.05,317,1188.75,4.01873,0.00273057,13.5573,0.452488,0.0,1471.7549815606264,29.961678541751382,0.3389325,0.29936132857142805,0.33267822405,0.0,0.0,0.33267822405,0.34679984963882704,0.3621734995789582,0.03401348876660547,4.235518169007731,0.539792907782207,4.245700492194252,1.0,0.33267822405,470116.4351703814,0.4511309923613153,1.0016771138292804,0.041283232660751526
05-01-2026,06.05,318,1192.5,4.02339,0.00269366,14.0277,0.460064,0.0,1493.6517600588047,30.490757807609377,0.3506925,0.3040213285714284,0.34443822405,0.0,0.0,0.34443822405,0.35959862843495155,0.3761550446214211,0.03401348876660547,4.235518169007731,0.539792907782207,4.245858995051904,1.0,0.34443822405,489810.52924920287,0.4700297492239973,1.0016771138292804,0.041283232660751526
05-01-2026,06.05,319,1196.25,4.02154,0.0028174,13.3221,0.44629,0.0,1427.3940512529282,29.850769678908332,0.33305250000000003,0.30217132857142825,0.32679822405000003,0.0,0.0,0.32679822405000003,0.34041485310899855,0.3552155401707395,0.03401348876660547,4.235518169007731,0.539792907782207,4.245796070097686,1.0,0.32679822405000003,467652.85421557573,0.44876690202590486,1.0016771138292804,0.041283232660751526
05-01-2026,06.05,320,1200.0,4.01552,0.0027929,13.5237,0.445946,0.0,1437.760034372874,30.32586905140981,0.33809249999999996,0.2961513285714288,0.33183822404999996,0.0,0.0,0.33183822404999996,0.3458871207577813,0.36117817056338114,0.03401348876660547,4.235518169007731,0.539792907782207,4.245591308895311,1.0,0.33183822404999996,477847.04263199994,0.45854940268439154,1.0016771138292804,0.041283232660751526
05-01-2026,06.05,321,1203.75,4.01308,0.0026689,13.8429,0.449389,0.0,1503.6456967289896,30.803824748714366,0.3460725,0.2937113285714288,0.33981822405,0.0,0.0,0.33981822405,0.3545659518300823,0.3706518230416425,0.03401348876660547,4.235518169007731,0.539792907782207,4.24550831598272,1.0,0.33981822405,492401.3853422257,0.472515974747866,1.0016771138292804,0.041283232660751526
05-01-2026,06.05,322,1207.5,4.01075,0.00267264,13.2549,0.452488,0.0,1500.6697497605364,29.29337352592776,0.3313725,0.2913813285714282,0.32511822405,0.0,0.0,0.32511822405,0.338592326437848,0.3532315490544357,0.03401348876660547,4.235518169007731,0.539792907782207,4.245429064553894,1.0,0.32511822405,474040.65856500284,0.45489673774228984,1.0016771138292804,0.041283232660751526
05-01-2026,06.05,323,1211.25,4.00855,0.00268059,13.2885,0.447667,0.0,1495.3984010982656,29.68389450194006,0.3322125,0.289181328571428,0.32595822405,0.0,0.0,0.32595822405,0.33950349218756104,0.35422332293813896,0.03401348876660547,4.235518169007731,0.539792907782207,4.245354234878608,1.0,0.32595822405,478221.96876908134,0.4589091875964473,1.0016771138292804,0.041283232660751526
05-01-2026,06.05,324,1215.0,4.00607,0.0026909,13.5741,0.450767,0.0,1488.7472592812815,30.113340151342047,0.33935249999999995,0.2867013285714286,0.33309822404999995,0.0,0.0,0.33309822404999995,0.3472562874532426,0.3626713312187185,0.03401348876660547,4.235518169007731,0.539792907782207,4.245269881426466,1.0,0.33309822404999995,491727.9257982112,0.47186971256752686,1.0016771138292804,0.041283232660751526
05-01-2026,06.05,325,1218.75,3.99939,0.00262988,12.9693,0.438714,0.0,1520.7499961975452,29.56208372652799,0.32423250000000003,0.28002132857142836,0.31797822405000004,0.0,0.0,0.31797822405000004,0.33085528877209525,0.3448193293432649,0.03401348876660547,4.235518169007731,0.539792907782207,4.245042671321506,1.0,0.31797822405000004,472309.4519336426,0.4532354451195272,1.0016771138292804,0.041283232660751526
05-01-2026,06.05,326,1222.5,3.99459,0.00261149,11.8774,0.425973,0.0,1529.621020949726,27.882987888903756,0.296935,0.27522132857142845,0.29068072405,0.0,0.0,0.29068072405,0.30140449107540085,0.3129498071020288,0.03401348876660547,4.235518169007731,0.539792907782207,4.244879406575426,1.0,0.29068072405,434424.15884725034,0.41688013271746416,1.0016771138292804,0.041283232660751526
05-01-2026,06.05,327,1226.25,3.99584,0.00264473,12.079,0.424251,0.0,1510.8687843371533,28.471353043363482,0.30197500000000005,0.2764713285714282,0.29572072405000005,0.0,0.0,0.29572072405000005,0.3068266893641642,0.3187993874233712,0.03401348876660547,4.235518169007731,0.539792907782207,4.244921923436384,1.0,0.29572072405000005,444672.0183085658,0.42671413693960325,1.0016771138292804,0.041283232660751526
05-01-2026,06.05,328,1230.0,3.99681,0.00271546,12.5661,0.435959,0.0,1471.8721689879433,28.82404079282685,0.31415250000000006,0.27744132857142834,0.30789822405000006,0.0,0.0,0.30789822405000006,0.31995633614097335,0.3329973985576186,0.03401348876660547,4.235518169007731,0.539792907782207,4.244954916520488,1.0,0.30789822405000006,465819.2231652451,0.44700732134870436,1.0016771138292804,0.041283232660751526
05-01-2026,06.05,329,1233.75,3.99311,0.00261182,12.3478,0.434926,0.0,1528.861100688409,28.39057678777539,0.308695,0.2737413285714285,0.30244072405,0.0,0.0,0.30244072405,0.31406709358202706,0.3266230765694786,0.03401348876660547,4.235518169007731,0.539792907782207,4.244829066612051,1.0,0.30244072405,460356.8401672882,0.4417655342547629,1.0016771138292804,0.041283232660751526
05-01-2026,06.05,330,1237.5,3.99324,0.00261504,12.2974,0.430794,0.0,1527.0282672540384,28.545894325362003,0.307435,0.2738713285714285,0.30118072405,0.0,0.0,0.30118072405,0.3127085757914791,0.3251540180592622,0.03401348876660547,4.235518169007731,0.539792907782207,4.2448334883655905,1.0,0.30118072405,461230.04318969534,0.44260347336210054,1.0016771138292804,0.041283232660751526
05-01-2026,06.05,331,1241.25,3.99456,0.00261267,12.5325,0.449734,0.0,1528.9186923721709,27.866472181333855,0.3133125,0.27519132857142825,0.30705822405,0.0,0.0,0.30705822405,0.31904935146479846,0.3320150852543341,0.03401348876660547,4.235518169007731,0.539792907782207,4.244878386170763,1.0,0.30705822405,473085.0855723101,0.45397975513922273,1.0016771138292804,0.041283232660751526
05-01-2026,06.05,332,1245.0,3.99289,0.00266187,12.9525,0.444913,0.0,1500.0319324384736,29.11243321728068,0.3238125,0.2735213285714284,0.31755822405,0.0,0.0,0.31755822405,0.33040060708327373,0.3443254858701192,0.03401348876660547,4.235518169007731,0.539792907782207,4.244821583644523,1.0,0.31755822405,492223.18623310124,0.4723449721303802,1.0016771138292804,0.041283232660751526
05-01-2026,06.05,333,1248.75,3.99254,0.00265767,12.8517,0.445601,0.0,1502.270786064485,28.841272797861762,0.3212925,0.27317132857142834,0.31503822405,0.0665557,0.0016638924999999999,0.31337433155,0.32587388196549827,0.33941199573283654,0.03401348876660547,4.235518169007731,0.539792907782207,4.244809678923454,1.0,0.31503822405,491263.2228751938,0.4714237764650418,1.0016771138292804,0.041283232660751526
05-01-2026,06.05,334,1252.5,3.99089,0.00263133,13.4229,0.461786,0.0,1516.681678086747,29.06736020580962,0.3355725,0.2715213285714282,0.32931822405,0.0,0.0,0.32931822405,0.3431501075309461,0.35819485493674785,0.03401348876660547,4.235518169007731,0.539792907782207,4.244753556666989,1.0,0.32931822405,516620.0222173378,0.4957565527615827,1.0016771138292804,0.041283232660751526
05-01-2026,06.05,335,1256.25,3.98207,0.0025399,11.2222,0.413231,0.0,1567.8058191267373,27.157207469913924,0.280555,0.2627013285714286,0.27430072405,0.0,0.0,0.27430072405,0.28383015360693237,0.2940455338659935,0.03401348876660547,4.235518169007731,0.539792907782207,4.244453557696068,1.0,0.27430072405,432891.54501343943,0.41540941281058996,1.0016771138292804,0.041283232660751526
05-01-2026,06.05,336,1260.0,3.97695,0.00247395,12.3982,0.42735,0.0,1607.5304674710483,29.01181701181701,0.309955,0.25758132857142835,0.30370072405,0.0,0.0,0.30370072405,0.3154260465827236,0.32809311412397846,0.03401348876660547,4.235518169007731,0.539792907782207,4.244279408633583,1.0,0.30370072405,482155.26950178,0.4626836437312445,1.0016771138292804,0.041283232660751526
05-01-2026,06.05,337,1263.75,3.97789,0.00252847,11.5246,0.418397,0.0,1573.2399435231582,27.544652566820506,0.288115,0.2585213285714283,0.28186072405,0.0,0.0,0.28186072405,0.2919323167611284,0.3027503482959078,0.03401348876660547,4.235518169007731,0.539792907782207,4.2443113813130235,1.0,0.28186072405,450149.63301048445,0.43197054061192736,1.0016771138292804,0.041283232660751526
05-01-2026,06.05,338,1267.5,3.97542,0.00250798,12.247,0.42494,0.0,1585.1083341972426,28.820539370264036,0.30617500000000003,0.25605132857142854,0.29992072405000003,0.0,0.0,0.29992072405000003,0.31135049300204665,0.32368593761559056,0.03401348876660547,4.235518169007731,0.539792907782207,4.24422736799577,1.0,0.29992072405000003,481839.51372705284,0.4623806396128183,1.0016771138292804,0.041283232660751526
05-01-2026,06.05,339,1271.25,3.97286,0.00250555,11.3398,0.410821,0.0,1585.6239149089022,27.602775904834466,0.283495,0.2534913285714282,0.27724072405,0.0,0.0,0.27724072405,0.2869791504840149,0.297426632131805,0.03401348876660547,4.235518169007731,0.539792907782207,4.244140293464527,1.0,0.27724072405,448042.2363077351,0.42994825018622523,1.0016771138292804,0.041283232660751526
05-01-2026,06.05,340,1275.0,3.97077,0.00252387,11.4238,0.427006,0.0,1573.2862627631375,26.75325405263626,0.28559500000000004,0.2514013285714283,0.27934072405000004,0.0,0.0,0.27934072405000004,0.2892298706641574,0.29984490073156406,0.03401348876660547,4.235518169007731,0.539792907782207,4.244069205273005,1.0,0.27934072405000004,454103.26453378133,0.43576450648740134,1.0016771138292804,0.041283232660751526
05-01-2026,06.05,341,1278.75,3.96982,0.00248322,11.3902,0.415986,0.0,1598.658193796764,27.38120994456544,0.284755,0.25045132857142827,0.27850072405,0.0,0.0,0.27850072405,0.28832943884598494,0.29887727309776313,0.03401348876660547,4.235518169007731,0.539792907782207,4.244036892458677,1.0,0.27850072405,455404.8191239413,0.4370134983752482,1.0016771138292804,0.041283232660751526
05-01-2026,06.05,342,1282.5,3.96936,0.00248131,11.5918,0.418397,0.0,1599.7033824874763,27.70526557312791,0.28979499999999997,0.24999132857142836,0.28354072404999997,0.0,0.0,0.28354072404999997,0.2937349069739433,0.30468945339148495,0.03401348876660547,4.235518169007731,0.539792907782207,4.244021246253844,1.0,0.28354072404999997,466369.55504696525,0.44753542832254056,1.0016771138292804,0.041283232660751526
05-01-2026,06.05,343,1286.25,3.9695,0.00258069,11.7094,0.422185,0.0,1538.1545245651357,27.73523455357249,0.292735,0.2501313285714284,0.28648072405,0.0,0.0,0.28648072405,0.2968912885210779,0.30808701465375493,0.03401348876660547,4.235518169007731,0.539792907782207,4.244026008142272,1.0,0.28648072405,473964.90052160324,0.45482403915372455,1.0016771138292804,0.041283232660751526
05-01-2026,06.05,344,1290.0,3.96959,0.00254712,11.4742,0.421496,0.0,1558.4621062219292,27.222559644694137,0.286855,0.25022132857142854,0.28060072405,0.0,0.0,0.28060072405,0.29058087790975523,0.30129714337399316,0.03401348876660547,4.235518169007731,0.539792907782207,4.244029069356261,1.0,0.28060072405,466947.66489160503,0.44809019145863827,1.0016771138292804,0.041283232660751526
05-01-2026,06.05,345,1293.75,3.96514,0.0025462,11.6086,0.421152,0.0,1557.2775115858926,27.56391991490008,0.290215,0.24577132857142825,0.28396072405,0.0,0.0,0.28396072405,0.2941856745325987,0.30517449749711,0.03401348876660547,4.235518169007731,0.539792907782207,4.243877709331249,1.0,0.28396072405,475290.35409447073,0.4560959648745087,1.0016771138292804,0.041283232660751526
05-01-2026,06.05,346,1297.5,3.96604,0.00248348,11.5414,0.428039,0.0,1596.968769629713,26.96343090232432,0.288535,0.24667132857142837,0.28228072405,0.0665557,0.0016638924999999999,0.28061683155,0.2905981516154181,0.3013157146794124,0.03401348876660547,4.235518169007731,0.539792907782207,4.243908321471139,1.0,0.28228072405,475221.3631927003,0.4560297601395725,1.0016771138292804,0.041283232660751526
05-01-2026,06.05,347,1301.25,3.96541,0.00251172,11.1886,0.419774,0.0,1578.7627601802749,26.653866127964093,0.279715,0.24604132857142824,0.27346072405,0.0,0.0,0.27346072405,0.28293087090148894,0.2930804638327622,0.03401348876660547,4.235518169007731,0.539792907782207,4.243886892973216,1.0,0.27346072405,463037.7982800438,0.4443382230684357,1.0016771138292804,0.041283232660751526
05-01-2026,06.05,348,1305.0,3.96032,0.00253405,11.071,0.417364,0.0,1562.8420907243346,26.526006076230818,0.276775,0.2409513285714282,0.27052072405,0.0,0.0,0.27052072405,0.27978488755812164,0.28970606595863263,0.03401348876660547,4.235518169007731,0.539792907782207,4.243713764315395,1.0,0.27052072405,460703.55607525125,0.44209824819523624,1.0016771138292804,0.041283232660751526
05-01-2026,06.05,349,1308.75,3.96343,0.00250601,11.4742,0.418741,0.0,1581.5699059461056,27.401663558142147,0.286855,0.24406132857142815,0.28060072405,0.0,0.0,0.28060072405,0.29058087790975523,0.30129714337399316,0.03401348876660547,4.235518169007731,0.539792907782207,4.243819546265458,1.0,0.28060072405,480620.37360957265,0.46121073392588563,1.0016771138292804,0.041283232660751526
05-01-2026,06.05,350,1312.5,3.96195,0.00255494,11.0542,0.419774,0.0,1550.7017777325495,26.333693844783145,0.276355,0.24258132857142822,0.27010072405,0.0665557,0.0016638924999999999,0.26843683155000003,0.2775564104291809,0.28731741765975016,0.03401348876660547,4.235518169007731,0.539792907782207,4.243769206302083,1.0,0.27010072405,465290.7004142578,0.44650014275357186,1.0016771138292804,0.041283232660751526
05-01-2026,06.05,351,1316.25,3.95354,0.00251468,10.6678,0.398768,0.0,1572.184134760685,26.751895839184687,0.266695,0.2341713285714282,0.26044072405,0.0,0.0,0.26044072405,0.2690164144114809,0.2781760879015365,0.03401348876660547,4.235518169007731,0.539792907782207,4.243483152861557,1.0,0.26044072405,451217.216864307,0.4329950105673956,1.0016771138292804,0.041283232660751526
05-01-2026,06.05,352,1320.0,3.95253,0.00259901,11.2894,0.411165,0.0,1520.782913493984,27.45710359588,0.282235,0.23316132857142824,0.27598072405,0.199667,0.004991675,0.27098904905000004,0.2802858677018842,0.2902432396832618,0.03401348876660547,4.235518169007731,0.539792907782207,4.243448799237902,1.0,0.27598072405,480868.81358472,0.46144914076331056,1.0016771138292804,0.041283232660751526
05-01-2026,06.05,353,1323.75,3.95356,0.00248348,10.9366,0.40841,0.0,1591.9435630647317,26.778482407384736,0.273415,0.23419132857142833,0.26716072405,0.0,0.0,0.26716072405,0.2761923442417587,0.28585597502100213,0.03401348876660547,4.235518169007731,0.539792907782207,4.243483833131332,1.0,0.26716072405,468149.49370049697,0.4492434849464682,1.0016771138292804,0.041283232660751526
05-01-2026,06.05,354,1327.5,3.9517,0.00250745,10.4326,0.409788,0.0,1575.9835689644858,25.458529776372174,0.260815,0.23233132857142857,0.25456072405,0.0,0.0,0.25456072405,0.26274747086861855,0.271478291572193,0.03401348876660547,4.235518169007731,0.539792907782207,4.243420568042226,1.0,0.25456072405,448601.22696163785,0.43048466625158666,1.0016771138292804,0.041283232660751526
05-01-2026,06.05,355,1331.25,3.95179,0.00245629,11.575,0.413576,0.0,1608.8450467982202,27.987600827901037,0.289375,0.23242132857142828,0.28312072405,0.0,0.0,0.28312072405,0.29328418742513745,0.30420451645405794,0.03401348876660547,4.235518169007731,0.539792907782207,4.243423629256215,1.0,0.28312072405,501754.06755564257,0.4814909530564835,1.0016771138292804,0.041283232660751526
05-01-2026,06.05,356,1335.0,3.95302,0.00244525,11.323,0.413231,0.0,1616.6117983846232,27.40113883033945,0.283075,0.23365132857142834,0.27682072405,0.0,0.0,0.27682072405,0.28652915016350644,0.2969432984644939,0.03401348876660547,4.235518169007731,0.539792907782207,4.243465465847398,1.0,0.27682072405,493356.81492001127,0.473432819727773,1.0016771138292804,0.041283232660751526
05-01-2026,06.05,357,1338.75,3.94782,0.00243527,11.1718,0.413231,0.0,1621.1015616338232,27.035241789701157,0.27929499999999996,0.22845132857142847,0.27304072404999996,0.0,0.0,0.27304072404999996,0.2824813012919248,0.292598088314003,0.03401348876660547,4.235518169007731,0.539792907782207,4.2432885957058115,1.0,0.27304072404999996,489357.66430474375,0.46959517302858,1.0016771138292804,0.041283232660751526
05-01-2026,06.05,358,1342.5,3.94608,0.00246003,10.6846,0.406,0.0,1604.077999048792,26.316748768472905,0.267115,0.22671132857142817,0.26086072405,0.0,0.0,0.26086072405,0.2694645527751508,0.27865529008519,0.03401348876660547,4.235518169007731,0.539792907782207,4.243229412235357,1.0,0.26086072405,470150.9133348403,0.4511640781404617,1.0016771138292804,0.041283232660751526
05-01-2026,06.05,359,1346.25,3.9502,0.00246443,10.4662,0.402556,0.0,1602.885860016312,25.999364063633383,0.261655,0.23083132857142852,0.25540072405,0.0,0.0,0.25540072405,0.26364246393432844,0.27243386036098505,0.03401348876660547,4.235518169007731,0.539792907782207,4.243369547809076,1.0,0.25540072405,462885.47882280074,0.4441920549646188,1.0016771138292804,0.041283232660751526
05-01-2026,06.05,360,1350.0,3.95121,0.00251014,11.0374,0.42494,0.0,1574.0994526201725,25.974019861627525,0.275935,0.23184132857142847,0.26968072405,0.0665557,0.0016638924999999999,0.26801683155,0.27710741230908265,0.28683631118604613,0.03401348876660547,4.235518169007731,0.539792907782207,4.24340390143273,1.0,0.26968072405,491493.119581125,0.4716443888949173,1.0016771138292804,0.041283232660751526
05-01-2026,06.05,361,1353.75,3.94825,0.00243487,11.2558,0.420119,0.0,1621.5444767071754,26.791932761907937,0.28139500000000006,0.22888132857142818,0.27514072405000006,0.0,0.0,0.27514072405000006,0.2847296276783521,0.2950110294612852,0.03401348876660547,4.235518169007731,0.539792907782207,4.243303221505982,1.0,0.27514072405000006,504233.63857856335,0.48387038770823143,1.0016771138292804,0.041283232660751526
05-01-2026,06.05,362,1357.5,3.94533,0.00242082,10.7182,0.405656,0.0,1629.7494237489775,26.421894413000174,0.267955,0.22596132857142814,0.26170072405,0.0,0.0,0.26170072405,0.27036097230411843,0.27961401030530847,0.03401348876660547,4.235518169007731,0.539792907782207,4.243203902118783,1.0,0.26170072405,482263.7299088653,0.4627877240131061,1.0016771138292804,0.041283232660751526
05-01-2026,06.05,363,1361.25,3.94281,0.0023975,10.1134,0.390504,0.0,1644.5505735140773,25.898326265544014,0.25283500000000003,0.2234413285714285,0.24658072405000003,0.0,0.0,0.24658072405000003,0.254254501356175,0.26242124765255614,0.03401348876660547,4.235518169007731,0.539792907782207,4.243118188127091,1.0,0.24658072405000003,456914.4669470314,0.4384621797435137,1.0016771138292804,0.041283232660751526
05-01-2026,06.05,364,1365.0,3.94356,0.00244834,10.7686,0.399113,0.0,1610.7076631513598,26.98133110171806,0.269215,0.22419132857142854,0.26296072405,0.0,0.0,0.26296072405,0.2717059587154187,0.2810528807881499,0.03401348876660547,4.235518169007731,0.539792907782207,4.243143698243666,1.0,0.26296072405,489954.9950680612,0.47016838085511703,1.0016771138292804,0.041283232660751526
05-01-2026,06.05,365,1368.75,3.94333,0.00241346,11.3902,0.413231,0.0,1633.8907626395298,27.563759737289796,0.284755,0.22396132857142836,0.27850072405,0.0,0.0,0.27850072405,0.28832943884598494,0.29887727309776313,0.03401348876660547,4.235518169007731,0.539792907782207,4.24313587514125,1.0,0.27850072405,521764.57914695505,0.5006933490513708,1.0016771138292804,0.041283232660751526
05-01-2026,06.05,366,1372.5,3.93863,0.00245307,10.9702,0.41151,0.0,1605.5921763341446,26.658404413015482,0.274255,0.21926132857142822,0.26800072405,0.0665557,0.0016638924999999999,0.26633683155000004,0.2753118970270871,0.28491294360111125,0.03401348876660547,4.235518169007731,0.539792907782207,4.242976011744046,1.0,0.26800072405,504848.0389337129,0.48445997577873845,1.0016771138292804,0.041283232660751526
05-01-2026,06.05,367,1376.25,3.93676,0.00235888,11.7934,0.417364,0.0,1668.9106694702573,28.256869303533605,0.29483499999999996,0.2173913285714284,0.28858072404999996,0.0,0.0,0.28858072404999996,0.29914728852303557,0.31051706593265477,0.03401348876660547,4.235518169007731,0.539792907782207,4.242912406520053,1.0,0.28858072404999996,546590.3785533344,0.5245165696080055,1.0016771138292804,0.041283232660751526
05-01-2026,06.05,368,1380.0,3.93476,0.00241642,10.2478,0.395325,0.0,1628.3427549846467,25.922468854739773,0.256195,0.21539132857142818,0.24994072405,0.0,0.0,0.24994072405,0.25782840252519496,0.266230145771443,0.03401348876660547,4.235518169007731,0.539792907782207,4.24284437954252,1.0,0.24994072405,475987.11488082004,0.45676458728689107,1.0016771138292804,0.041283232660751526
05-01-2026,06.05,369,1383.75,3.93251,0.00237248,10.819,0.408755,0.0,1657.552434583221,26.468177759293468,0.270475,0.21314132857142853,0.26422072405,0.0,0.0,0.26422072405,0.27305137385027173,0.28249270028802925,0.03401348876660547,4.235518169007731,0.539792907782207,4.242767849192795,1.0,0.26422072405,505920.3469786695,0.4854889791409863,1.0016771138292804,0.041283232660751526
05-01-2026,06.05,370,1387.5,3.93176,0.00235369,10.483,0.397735,0.0,1670.4663740764504,26.356745068952947,0.262075,0.2123913285714285,0.25582072405,0.0665557,0.0016638924999999999,0.25415683155,0.26231720398368724,0.2710189799684312,0.03401348876660547,4.235518169007731,0.539792907782207,4.24274233907622,1.0,0.25582072405,492494.8657843828,0.47260568002400977,1.0016771138292804,0.041283232660751526
05-01-2026,06.05,371,1391.25,3.93317,0.00242364,11.155,0.410477,0.0,1622.8358997210808,27.175700465555927,0.278875,0.21380132857142842,0.27262072405,0.0,0.0,0.27262072405,0.2820317795009577,0.29211581908029044,0.03401348876660547,4.235518169007731,0.539792907782207,4.242790298095381,1.0,0.27262072405,527678.28392296,0.5063682314944066,1.0016771138292804,0.041283232660751526
05-01-2026,06.05,372,1395.0,3.93676,0.00249793,10.3318,0.409443,0.0,1576.00893539851,25.23379322640758,0.25829499999999994,0.2173913285714284,0.25204072404999994,0.0,0.0,0.25204072404999994,0.26006363105655733,0.268614098202909,0.03401348876660547,4.235518169007731,0.539792907782207,4.242912406520053,1.0,0.25204072404999994,490477.5500194011,0.4706698326575324,1.0016771138292804,0.041283232660751526
05-01-2026,06.05,373,1398.75,3.93179,0.00233589,10.6846,0.402556,0.0,1683.208541498101,26.541897276403777,0.267115,0.21242132857142826,0.26086072405,0.0,0.0,0.26086072405,0.2694645527751508,0.27865529008519,0.03401348876660547,4.235518169007731,0.539792907782207,4.242743359480883,1.0,0.26086072405,510374.41419870633,0.4897631708405192,1.0016771138292804,0.041283232660751526
05-01-2026,06.05,374,1402.5,3.92745,0.0023908,10.0798,0.40841,0.0,1642.7346494897104,24.680590582992583,0.251995,0.20808132857142825,0.24574072405000003,0.0,0.0,0.24574072405000003,0.25336149962580745,0.26147006482822077,0.03401348876660547,4.235518169007731,0.539792907782207,4.2425957409396355,1.0,0.24574072405000003,483373.5400858754,0.4638527150005107,1.0016771138292804,0.041283232660751526
05-01-2026,06.05,375,1406.25,3.92805,0.0023621,10.5502,0.407722,0.0,1662.9482240379325,25.8759645052266,0.263755,0.20868132857142818,0.25750072405,0.0,0.0,0.25750072405,0.2658807779735128,0.27482461734064473,0.03401348876660547,4.235518169007731,0.539792907782207,4.242616149032896,1.0,0.25750072405,509217.7404309082,0.4886532088275639,1.0016771138292804,0.041283232660751526
05-01-2026,06.05,376,1410.0,3.92565,0.00235744,10.0462,0.395325,0.0,1665.217354418352,25.412508695377223,0.251155,0.20628132857142845,0.24490072405000002,0.0,0.0,0.24490072405000002,0.2524686871997284,0.2605192981391542,0.03401348876660547,4.235518169007731,0.539792907782207,4.242534516659856,1.0,0.24490072405000002,486887.12948380504,0.46722440965582246,1.0016771138292804,0.041283232660751526
05-01-2026,06.05,377,1413.75,3.92458,0.00233944,10.315,0.410821,0.0,1677.5724104913998,25.108258828054066,0.257875,0.20521132857142854,0.25162072405,0.0,0.0,0.25162072405,0.2596164905022157,0.2681370987587257,0.03401348876660547,4.235518169007731,0.539792907782207,4.242498122226876,1.0,0.25162072405,502911.5890570657,0.482601728567719,1.0016771138292804,0.041283232660751526
05-01-2026,06.05,378,1417.5,3.92211,0.00232387,9.44141,0.373286,0.0,1687.7493147207028,25.292697824188423,0.23603525,0.20274132857142835,0.22978097405,0.0,0.0,0.22978097405,0.2364306307510171,0.2434766274617355,0.03401348876660547,4.235518169007731,0.539792907782207,4.242414108909622,1.0,0.22978097405,461700.3472897528,0.4430547844405861,1.0016771138292804,0.041283232660751526
05-01-2026,06.05,379,1421.25,3.91889,0.00233097,9.9118,0.391881,0.0,1681.227128620274,25.292882278038487,0.247795,0.19952132857142857,0.24154072405,0.0,0.0,0.24154072405,0.24889932933490908,0.25672038727866875,0.03401348876660547,4.235518169007731,0.539792907782207,4.242304585475794,1.0,0.24154072405,487900.5629521788,0.46819691606503566,1.0016771138292804,0.041283232660751526
05-01-2026,06.05,380,1425.0,3.91985,0.00229399,10.1638,0.392226,0.0,1708.747640573847,25.913121516676608,0.254095,0.2004813285714282,0.24784072405000002,0.0,0.0,0.24784072405000002,0.2555943590289926,0.263848802740517,0.03401348876660547,4.235518169007731,0.539792907782207,4.2423372384250095,1.0,0.24784072405000002,503271.57027403126,0.4829471721036001,1.0016771138292804,0.041283232660751526
05-01-2026,06.05,381,1428.75,3.91871,0.00236768,9.9454,0.392914,0.0,1655.0843019326935,25.311900314063635,0.248635,0.19934132857142828,0.24238072405,0.0,0.0,0.24238072405,0.24979138514546442,0.25766949215451707,0.03401348876660547,4.235518169007731,0.539792907782207,4.242298463047816,1.0,0.24238072405,494778.21024124755,0.4747968126321577,1.0016771138292804,0.041283232660751526
05-01-2026,06.05,382,1432.5,3.91318,0.00232624,9.8782,0.384994,0.0,1682.1910035078067,25.658062203566807,0.24695499999999998,0.19381132857142847,0.24070072404999998,0.0,0.0,0.24070072404999998,0.24800746252795447,0.2557716971753528,0.03401348876660547,4.235518169007731,0.539792907782207,4.242110368454936,1.0,0.24070072404999998,493931.4251663278,0.47398422459526673,1.0016771138292804,0.041283232660751526
05-01-2026,06.05,383,1436.25,3.90753,0.00231323,9.42461,0.387749,0.0,1689.2094603649443,24.305955656881125,0.23561524999999997,0.1881613285714283,0.22936097404999997,0.0,0.0,0.22936097404999997,0.2359859936804182,0.24300512018251594,0.03401348876660547,4.235518169007731,0.539792907782207,4.241918192243405,1.0,0.22936097404999997,473129.0426590375,0.45402193703858446,1.0016771138292804,0.041283232660751526
05-01-2026,06.05,384,1440.0,3.90658,0.0022752,9.71021,0.382239,0.0,1717.0270745428975,25.403504090372778,0.24275525,0.1872113285714283,0.23650097405,0.0,0.0,0.23650097405,0.24355122657344058,0.2510347404116731,0.03401348876660547,4.235518169007731,0.539792907782207,4.241885879429077,1.0,0.23650097405,490408.41979008,0.4706034942217266,1.0016771138292804,0.041283232660751526
05-01-2026,06.05,385,1443.75,3.90874,0.00230246,9.50861,0.390848,0.0,1697.6364410239482,24.32815314393319,0.23771524999999996,0.18937132857142824,0.23146097404999996,0.0,0.0,0.23146097404999996,0.23820964952075682,0.24536368438570397,0.03401348876660547,4.235518169007731,0.539792907782207,4.241959348564813,1.0,0.23146097404999996,482460.5092297675,0.462976556488794,1.0016771138292804,0.041283232660751526
05-01-2026,06.05,386,1447.5,3.90757,0.00225143,9.9286,0.393603,0.0,1735.5947109170618,25.224909362987578,0.248215,0.18820132857142857,0.24196072405,0.0,0.0,0.24196072405,0.24934533361098185,0.2571948878530275,0.03401348876660547,4.235518169007731,0.539792907782207,4.241919552782956,1.0,0.24196072405,506969.7193202878,0.4864959730480579,1.0016771138292804,0.041283232660751526
05-01-2026,06.05,387,1451.25,3.90457,0.0022222,9.23982,0.376729,0.0,1757.0740707407074,24.52643677550706,0.2309955,0.18520132857142846,0.22474122405,0.0,0.0,0.22474122405,0.23109835283716987,0.2378255917861446,0.03401348876660547,4.235518169007731,0.539792907782207,4.241817512316656,1.0,0.22474122405,473333.46166046883,0.45421810066970664,1.0016771138292804,0.041283232660751526
05-01-2026,06.05,388,1455.0,3.89785,0.00210804,7.62705,0.342638,0.0,1849.0398664161971,22.259790215913004,0.19067625,0.1784813285714284,0.18442197405,0.0,0.0,0.18442197405,0.18868112007268376,0.1931416430946206,0.03401348876660547,4.235518169007731,0.539792907782207,4.241588941672144,1.0,0.18442197405,390425.92961320124,0.37465875237090496,1.0016771138292804,0.041283232660751526
05-01-2026,06.05,389,1458.75,3.89558,0.00212657,8.51743,0.368465,0.0,1831.8606958623511,23.115981165103875,0.21293574999999998,0.17621132857142818,0.20668147404999998,0.0,0.0,0.20668147404999998,0.2120457681170692,0.21769593595646564,0.03401348876660547,4.235518169007731,0.539792907782207,4.241511731052644,1.0,0.20668147404999998,439808.16564450064,0.42204670879864986,1.0016771138292804,0.041283232660751526
05-01-2026,06.05,390,1462.5,3.89467,0.00210213,8.50063,0.369842,0.0,1852.7255688278083,22.984490674396092,0.21251574999999998,0.17530132857142844,0.20626147404999998,0.0,0.0,0.20626147404999998,0.2116037068096753,0.21723002834726224,0.03401348876660547,4.235518169007731,0.539792907782207,4.241480778777866,1.0,0.20626147404999998,441173.95597975777,0.4233573422996436,1.0016771138292804,0.041283232660751526
05-01-2026,06.05,391,1466.25,3.89149,0.00214798,7.99664,0.353657,0.0,1811.6975018389371,22.61128720766166,0.199916,0.17212132857142848,0.19366172405,0.0,0.0,0.19366172405,0.19836377772278269,0.2032998422688654,0.03401348876660547,4.235518169007731,0.539792907782207,4.241372615883589,1.0,0.19366172405,416351.22235998826,0.3995370637191922,1.0016771138292804,0.041283232660751526
05-01-2026,06.05,392,1470.0,3.88951,0.00206338,7.87904,0.356068,0.0,1885.0187556339597,22.12790815237539,0.196976,0.17014132857142839,0.19072172405,0.0,0.0,0.19072172405,0.1952804162926283,0.200062371712282,0.03401348876660547,4.235518169007731,0.539792907782207,4.241305269175831,1.0,0.19072172405,412130.57349964505,0.39548686388287885,1.0016771138292804,0.041283232660751526
05-01-2026,06.05,393,1473.75,3.89205,0.00218857,9.00462,0.375352,0.0,1778.352988481063,23.989801572923547,0.22511549999999997,0.17268132857142815,0.21886122404999997,0.0,0.0,0.21886122404999997,0.22488559747528183,0.23125101217288768,0.03401348876660547,4.235518169007731,0.539792907782207,4.241391663437298,1.0,0.21886122404999997,475353.24178075936,0.4561563128696015,1.0016771138292804,0.041283232660751526
05-01-2026,06.05,394,1477.5,3.88953,0.00212368,7.64385,0.350902,0.0,1831.504746477812,21.78343241132852,0.19109625,0.17016132857142852,0.18484197405,0.0,0.0,0.18484197405,0.18912076664487576,0.19360234771437212,0.03401348876660547,4.235518169007731,0.539792907782207,4.241305949445606,1.0,0.18484197405,403511.1846134878,0.38721556517716366,1.0016771138292804,0.041283232660751526
05-01-2026,06.05,395,1481.25,3.88383,0.00212098,7.87904,0.356068,0.0,1831.1488085696233,22.12790815237539,0.196976,0.16446132857142848,0.19072172405,0.0,0.0,0.19072172405,0.1952804162926283,0.200062371712282,0.03401348876660547,4.235518169007731,0.539792907782207,4.241112072559637,1.0,0.19072172405,418462.8327407989,0.4015633976554442,1.0016771138292804,0.041283232660751526
05-01-2026,06.05,396,1485.0,3.8794,0.00202325,7.57665,0.34677,0.0,1917.410107500309,21.84920840903192,0.18941625,0.16003132857142832,0.18316197405,0.0,0.0,0.18316197405,0.18736245779216573,0.19176012433201434,0.03401348876660547,4.235518169007731,0.539792907782207,4.2409613928044,1.0,0.18316197405,403913.36422441126,0.3876015029436611,1.0016771138292804,0.041283232660751526
05-01-2026,06.05,397,1488.75,3.87621,0.00201668,7.22386,0.34126,0.0,1922.0748953725927,21.16820019926156,0.1805965,0.1568413285714283,0.17434222405,0.0,0.0,0.17434222405,0.17814371986212754,0.18211469273183475,0.03401348876660547,4.235518169007731,0.539792907782207,4.240852889775235,1.0,0.17434222405,386408.0192385438,0.370803103516848,1.0016771138292804,0.041283232660751526
05-01-2026,06.05,398,1492.5,3.87626,0.00198962,7.47585,0.340916,0.0,1948.2413727244395,21.928715578030953,0.18689625,0.15689132857142818,0.18064197405000001,0.0,0.0,0.18064197405000001,0.184726381037069,0.18899976186098377,0.03401348876660547,4.235518169007731,0.539792907782207,4.240854590449674,1.0,0.18064197405000001,402390.1583074153,0.38613981101907235,1.0016771138292804,0.041283232660751526
05-01-2026,06.05,399,1496.25,3.87854,0.00204847,8.04704,0.353657,0.0,1893.38384257519,22.753798171674816,0.20117600000000002,0.15917132857142846,0.19492172405000002,0.0,0.0,0.19492172405000002,0.19968591426568538,0.20468882769105443,0.03401348876660547,4.235518169007731,0.539792907782207,4.240932141204061,1.0,0.19492172405000002,436383.750803682,0.4187605874256853,1.0016771138292804,0.041283232660751526
05-01-2026,06.05,400,1500.0,3.87669,0.00207139,7.24066,0.33885,0.0,1871.5403666137229,21.368334071122916,0.18101650000000002,0.15732132857142833,0.17476222405000003,0.0,0.0,0.17476222405000003,0.17858225861135302,0.1825730253259981,0.03401348876660547,4.235518169007731,0.539792907782207,4.240869216249843,1.0,0.17476222405000003,393215.00411250006,0.37733519133901355,1.0016771138292804,0.041283232660751526
05-01-2026,06.05,401,1503.75,3.87826,0.00210292,7.87904,0.356068,0.0,1844.226123675651,22.12790815237539,0.196976,0.1588913285714284,0.19072172405,0.0,0.0,0.19072172405,0.1952804162926283,0.200062371712282,0.03401348876660547,4.235518169007731,0.539792907782207,4.2409226174272066,1.0,0.19072172405,431272.18053230696,0.41385544564264104,1.0016771138292804,0.041283232660751526
05-01-2026,06.05,402,1507.5,3.87975,0.00208479,8.56783,0.366743,0.0,1860.9788036205086,23.36194555860644,0.21419575000000005,0.1603813285714284,0.20794147405000005,0.0,0.0,0.20794147405000005,0.2133722318672969,0.21909426444791288,0.03401348876660547,4.235518169007731,0.539792907782207,4.240973297525469,1.0,0.20794147405000005,472558.69648654043,0.4534746240421885,1.0016771138292804,0.041283232660751526
05-01-2026,06.05,403,1511.25,3.87742,0.0021133,7.50945,0.344704,0.0,1834.7702645152133,21.785212820274786,0.18773625000000002,0.15805132857142823,0.18148197405000002,0.0,0.0,0.18148197405000002,0.18560488849666307,0.18991948667882314,0.03401348876660547,4.235518169007731,0.539792907782207,4.240894046096643,1.0,0.18148197405000002,414482.4270490283,0.39774373887436304,1.0016771138292804,0.041283232660751526
05-01-2026,06.05,404,1515.0,3.87333,0.0020819,7.59345,0.348492,0.0,1860.4784091454924,21.78945284253297,0.18983625,0.15396132857142852,0.18358197405,0.0,0.0,0.18358197405,0.18780196565362392,0.19222053143547402,0.03401348876660547,4.235518169007731,0.539792907782207,4.240754930927587,1.0,0.18358197405,421361.9363889113,0.4043454222942068,1.0016771138292804,0.041283232660751526
05-01-2026,06.05,405,1518.75,3.86864,0.00193839,6.66947,0.328863,0.0,1995.8006386743639,20.280390314507862,0.16673675000000002,0.14927132857142844,0.16048247405000002,0.0,0.0,0.16048247405000002,0.16369800289540798,0.16704502314534728,0.03401348876660547,4.235518169007731,0.539792907782207,4.240595407665272,1.0,0.16048247405000002,370169.12539759575,0.3552200101696395,1.0016771138292804,0.041283232660751526
05-01-2026,06.05,406,1522.5,3.86906,0.00200525,6.93826,0.326453,0.0,1929.4651539708266,21.2534729348482,0.1734565,0.14969132857142853,0.16720222405000001,0.0,0.0,0.16720222405000001,0.17069560384484614,0.17433807396461104,0.03401348876660547,4.235518169007731,0.539792907782207,4.240609693330554,1.0,0.16720222405000001,387575.80036180036,0.37192372431965953,1.0016771138292804,0.041283232660751526
05-01-2026,06.05,407,1526.25,3.87008,0.00200972,7.20706,0.341605,0.0,1925.6811894194218,21.097642013436573,0.18017650000000002,0.15071132857142855,0.17392222405000002,0.0,0.0,0.17392222405000002,0.17770522718243406,0.18165645857667426,0.03401348876660547,4.235518169007731,0.539792907782207,4.2406443870890955,1.0,0.17392222405000002,405141.222538947,0.388779774747145,1.0016771138292804,0.041283232660751526
05-01-2026,06.05,408,1530.0,3.86599,0.00205471,7.07266,0.334717,0.0,1881.5258600970453,21.130268256467403,0.1768165,0.1466213285714284,0.17056222405,0.0,0.0,0.17056222405,0.1741989433772531,0.1779941253371301,0.03401348876660547,4.235518169007731,0.539792907782207,4.24050527192004,1.0,0.17056222405,399269.11027864495,0.38314480512459387,1.0016771138292804,0.041283232660751526
05-01-2026,06.05,409,1533.75,3.86396,0.00200131,7.29105,0.340572,0.0,1930.7153814251665,21.408248476093164,0.18227625,0.14459132857142842,0.17602197405,0.0,0.0,0.17602197405,0.17989789021786198,0.18394834103757848,0.03401348876660547,4.235518169007731,0.539792907782207,4.240436224537844,1.0,0.17602197405,414072.16651487886,0.3973500465291243,1.0016771138292804,0.041283232660751526
05-01-2026,06.05,410,1537.5,3.86085,0.00200591,7.15666,0.346081,0.0,1924.7374009801038,20.679147367234837,0.17891649999999998,0.14148132857142848,0.17266222404999998,0.0,0.0,0.17266222404999998,0.17639002548796084,0.18028234642817587,0.03401348876660547,4.235518169007731,0.539792907782207,4.24033044258778,1.0,0.17266222404999998,408157.31057069526,0.39167405940732397,1.0016771138292804,0.041283232660751526
05-01-2026,06.05,411,1541.25,3.85782,0.00198627,6.80386,0.325075,0.0,1942.2435016387499,20.930123817580558,0.17009649999999998,0.13845132857142817,0.16384222404999998,0.0,0.0,0.16384222404999998,0.16719520487825237,0.17068828831037952,0.03401348876660547,4.235518169007731,0.539792907782207,4.240227381716817,1.0,0.16384222404999998,389199.26712304755,0.37348162809896823,1.0016771138292804,0.041283232660751526
05-01-2026,06.05,412,1545.0,3.85646,0.00195895,6.56867,0.324387,0.0,1968.6362592205007,20.249485953506152,0.16421675,0.13709132857142858,0.15796247405,0.0,0.0,0.15796247405,0.16107683125064184,0.1643164624419597,0.03401348876660547,4.235518169007731,0.539792907782207,4.2401811233720945,1.0,0.15796247405,377060.37461920123,0.36183295936131216,1.0016771138292804,0.041283232660751526
05-01-2026,06.05,413,1548.75,3.85639,0.00189898,6.85426,0.329208,0.0,2030.7691497540786,20.820453937935895,0.17135650000000002,0.13702132857142857,0.16510222405000002,0.0,0.0,0.16510222405000002,0.16850751012821466,0.17205622468961437,0.03401348876660547,4.235518169007731,0.539792907782207,4.240178742427881,1.0,0.16510222405000002,396018.5801341564,0.3800255461919594,1.0016771138292804,0.041283232660751526
05-01-2026,06.05,414,1552.5,3.85535,0.00189681,6.38387,0.317499,0.0,2032.5441135379926,20.10674049367085,0.15959674999999998,0.13598132857142842,0.15334247404999998,0.0665557,0.0016638924999999999,0.15167858154999997,0.15454783290987323,0.15752773060295178,0.03401348876660547,4.235518169007731,0.539792907782207,4.240143368399564,1.0,0.15334247404999998,369594.65646947525,0.3546687409132694,1.0016771138292804,0.041283232660751526
05-01-2026,06.05,415,1556.25,3.85798,0.0019977,6.85426,0.336784,0.0,1931.2108925264056,20.35209511140672,0.17135650000000002,0.13861132857142833,0.16510222405000002,0.0,0.0,0.16510222405000002,0.16850751012821466,0.17205622468961437,0.03401348876660547,4.235518169007731,0.539792907782207,4.2402328238750195,1.0,0.16510222405000002,399863.3981767208,0.3837150929706465,1.0016771138292804,0.041283232660751526
05-01-2026,06.05,416,1560.0,3.85931,0.00197143,6.70307,0.325075,0.0,1957.6195959278289,20.620072291009766,0.16757675,0.13994132857142816,0.16132247405,0.0,0.0,0.16132247405,0.16457209334640735,0.1679553222443879,0.03401348876660547,4.235518169007731,0.539792907782207,4.240278061815079,1.0,0.16132247405,392594.37284808,0.37673962399173117,1.0016771138292804,0.041283232660751526
05-01-2026,06.05,417,1563.75,3.85415,0.00193832,6.18228,0.321976,0.0,1988.3971686821578,19.201058463984896,0.15455700000000003,0.13478132857142855,0.14830272405000003,0.0,0.0,0.14830272405000003,0.15104452250069747,0.15388961046694719,0.03401348876660547,4.235518169007731,0.539792907782207,4.2401025522130436,1.0,0.14830272405000003,362646.73662652203,0.3480014097180467,1.0016771138292804,0.041283232660751526
05-01-2026,06.05,418,1567.5,3.84959,0.00182049,6.18228,0.313023,0.0,2114.5900279595057,19.750241994997175,0.15455700000000003,0.13022132857142843,0.14830272405000003,0.0,0.0,0.14830272405000003,0.15104452250069747,0.15388961046694719,0.03401348876660547,4.235518169007731,0.539792907782207,4.239947450704268,1.0,0.14830272405000003,364388.13501907786,0.34967248251226923,1.0016771138292804,0.041283232660751526
05-01-2026,06.05,419,1571.25,3.84998,0.0018262,6.04788,0.314056,0.0,2108.1918738363815,19.257329902947244,0.151197,0.13061132857142832,0.14494272405,0.0,0.0,0.14494272405,0.1475605950053477,0.15027477027002495,0.03401348876660547,4.235518169007731,0.539792907782207,4.239960715964887,1.0,0.14494272405,357838.4471757476,0.3433873008947673,1.0016771138292804,0.041283232660751526
05-01-2026,06.05,420,1575.0,3.85081,0.00185721,6.19908,0.3144,0.0,2073.438114160488,19.717175572519086,0.154977,0.13144132857142843,0.14872272405,0.0,0.0,0.14872272405,0.15148021866293107,0.1543418994107337,0.03401348876660547,4.235518169007731,0.539792907782207,4.239988947160564,1.0,0.14872272405,368925.30734653125,0.3540264231564769,1.0016771138292804,0.041283232660751526
05-01-2026,06.05,421,1578.75,3.84856,0.00180729,5.72869,0.304414,0.0,2129.464557431292,18.81874683818747,0.14321725000000002,0.12919132857142834,0.13696297405000002,0.0,0.0,0.13696297405000002,0.1392982065193133,0.14171445216795658,0.03401348876660547,4.235518169007731,0.539792907782207,4.239912416810839,1.0,0.13696297405000002,341373.5786755695,0.32758735877427564,1.0016771138292804,0.041283232660751526
05-01-2026,06.05,422,1582.5,3.84429,0.00181832,5.37589,0.290639,0.0,2114.1988208896123,18.49679499310141,0.13439725000000002,0.12492132857142835,0.12814297405000002,0.0,0.0,0.12814297405000002,0.13018488491755437,0.13229292369689333,0.03401348876660547,4.235518169007731,0.539792907782207,4.239767179213805,1.0,0.12814297405000002,320909.2508070029,0.30794947367032716,1.0016771138292804,0.041283232660751526
05-01-2026,06.05,423,1586.25,3.84052,0.00176394,5.56069,0.297182,0.0,2177.23958864814,18.71139571037277,0.13901724999999998,0.12115132857142852,0.13276297404999998,0.0,0.0,0.13276297404999998,0.13495603499358141,0.13722276553206167,0.03401348876660547,4.235518169007731,0.539792907782207,4.239638948361155,1.0,0.13276297404999998,334056.7432095813,0.3205660104491114,1.0016771138292804,0.041283232660751526
05-01-2026,06.05,424,1590.0,3.8388,0.0017841,5.0903,0.285474,0.0,2151.673112493694,17.831045909609983,0.12725750000000002,0.11943132857142835,0.12100322405000002,0.0,0.0,0.12100322405000002,0.12282232020983669,0.12469694575764323,0.03401348876660547,4.235518169007731,0.539792907782207,4.239580445160477,1.0,0.12100322405000002,305908.2507208051,0.2935542822900345,1.0016771138292804,0.041283232660751526
05-01-2026,06.05,425,1593.75,3.83799,0.00178299,5.91348,0.316122,0.0,2152.5583430080933,18.706322242678457,0.147837,0.11862132857142837,0.14158272405,0.0,0.0,0.14158272405,0.14407958367423845,0.1466660901940675,0.03401348876660547,4.235518169007731,0.539792907782207,4.239552894234575,1.0,0.14158272405,359625.6496621582,0.3451023280049189,1.0016771138292804,0.041283232660751526
05-01-2026,06.05,426,1597.5,3.83575,0.00175061,5.34229,0.296494,0.0,2191.093390303951,18.018206101978457,0.13355725000000002,0.11638132857142836,0.12730297405000002,0.0,0.0,0.12730297405000002,0.12931799200358016,0.1313978254027906,0.03401348876660547,4.235518169007731,0.539792907782207,4.239476704019738,1.0,0.12730297405000002,324877.98541918787,0.3117579327031726,1.0016771138292804,0.041283232660751526
05-01-2026,06.05,427,1601.25,3.83588,0.00175606,5.2415,0.297182,0.0,2184.3672767445305,17.637340081162385,0.1310375,0.11651132857142832,0.12478322405,0.0,0.0,0.12478322405,0.126718657231833,0.1287150748493627,0.03401348876660547,4.235518169007731,0.539792907782207,4.239481125773278,1.0,0.12478322405,319944.3814379876,0.30702357012095405,1.0016771138292804,0.041283232660751526
05-01-2026,06.05,428,1605.0,3.83597,0.00181622,5.74549,0.302003,0.0,2112.0624153461586,19.02461233828803,0.14363725,0.11660132857142846,0.13738297405,0.0,0.0,0.13738297405,0.1397326734160933,0.14216414650979475,0.03401348876660547,4.235518169007731,0.539792907782207,4.239484186987267,1.0,0.13738297405,353901.97572715126,0.33960980209202146,1.0016771138292804,0.041283232660751526
05-01-2026,06.05,429,1608.75,3.83232,0.00170082,5.40949,0.29305,0.0,2253.2190355240414,18.459273161576522,0.13523725,0.11295132857142853,0.12898297405,0.0,0.0,0.12898297405,0.1310519589518929,0.13318840211513264,0.03401348876660547,4.235518169007731,0.539792907782207,4.2393600377532685,1.0,0.12898297405,333817.81210035074,0.3203367284662892,1.0016771138292804,0.041283232660751526
05-01-2026,06.05,430,1612.5,3.83028,0.00167389,4.8551,0.279276,0.0,2288.250721373567,17.384594451367107,0.1213775,0.11091132857142849,0.11512322405,0.0,0.0,0.11512322405,0.11676862032688391,0.11846173216126679,0.03401348876660547,4.235518169007731,0.539792907782207,4.2392906502361845,1.0,0.11512322405,299338.3705337578,0.28724972378762137,1.0016771138292804,0.041283232660751526
05-01-2026,06.05,431,1616.25,3.83103,0.00165517,4.9895,0.280997,0.0,2314.5840004350007,17.756417328298877,0.12473749999999999,0.11166132857142852,0.11848322404999999,0.0,0.0,0.11848322404999999,0.12022679470020112,0.12202244771528356,0.03401348876660547,4.235518169007731,0.539792907782207,4.23931616035276,1.0,0.11848322404999999,309509.46819495066,0.2970100662007404,1.0016771138292804,0.041283232660751526
05-01-2026,06.05,432,1620.0,3.83192,0.00167573,5.1743,0.289262,0.0,2286.716833857483,17.887935504836445,0.1293575,0.11255132857142858,0.12310322404999999,0.0,0.0,0.12310322404999999,0.12498649996161924,0.12692829310928347,0.03401348876660547,4.235518169007731,0.539792907782207,4.239346432357762,1.0,0.12310322404999999,323072.10119682,0.31002497831064807,1.0016771138292804,0.041283232660751526
05-01-2026,06.05,433,1623.75,3.83449,0.00171967,5.25829,0.290984,0.0,2229.782458262341,18.070718664943776,0.13145725,0.11512132857142854,0.12520297405,0.0,0.0,0.12520297405,0.1271515517479107,0.12916174112308682,0.03401348876660547,4.235518169007731,0.539792907782207,4.239433847023892,1.0,0.12520297405,330105.66189835005,0.31677449179652484,1.0016771138292804,0.041283232660751526
05-01-2026,06.05,434,1627.5,3.83463,0.00171093,5.40949,0.295116,0.0,2241.2547561852325,18.330046490193688,0.13523725,0.11526132857142857,0.12898297405,0.0,0.0,0.12898297405,0.1310519589518929,0.13318840211513264,0.03401348876660547,4.235518169007731,0.539792907782207,4.2394386089123195,1.0,0.12898297405,341644.4586585253,0.3278472993897901,1.0016771138292804,0.041283232660751526
05-01-2026,06.05,435,1631.25,3.83397,0.00180144,5.79588,0.300282,0.0,2128.28070876632,19.30145663076708,0.14489700000000003,0.11460132857142824,0.13864272405000003,0.0,0.0,0.13864272405000003,0.14103608804821044,0.1435135359823124,0.03401348876660547,4.235518169007731,0.539792907782207,4.239416160009734,1.0,0.13864272405000003,368925.03925820516,0.3540261658947785,1.0016771138292804,0.041283232660751526
05-01-2026,06.05,436,1635.0,3.83382,0.0017973,5.34229,0.292706,0.0,2133.099649474211,18.251385349121644,0.13355725000000002,0.11445132857142815,0.12730297405000002,0.0,0.0,0.12730297405000002,0.12931799200358016,0.1313978254027906,0.03401348876660547,4.235518169007731,0.539792907782207,4.239411057986419,1.0,0.12730297405000002,340309.4928048113,0.32656624553738395,1.0016771138292804,0.041283232660751526
05-01-2026,06.05,437,1638.75,3.82901,0.00174161,5.29189,0.290639,0.0,2198.546172794139,18.20777665764058,0.13229725000000003,0.10964132857142816,0.12604297405000003,0.0,0.0,0.12604297405000003,0.12801799210917972,0.13005589016509886,0.03401348876660547,4.235518169007731,0.539792907782207,4.239247453105452,1.0,0.12604297405000003,338488.60375342204,0.3248188922791738,1.0016771138292804,0.041283232660751526
05-01-2026,06.05,438,1642.5,3.82566,0.00171034,5.0399,0.283408,0.0,2236.7833296303656,17.78319595777113,0.1259975,0.10629132857142842,0.11974322405000001,0.133111,0.0033277750000000003,0.11641544905000001,0.11809826080661229,0.1198304369895116,0.03401348876660547,4.235518169007731,0.539792907782207,4.239133507918083,1.0,0.11974322405000001,323044.0182372403,0.3099980294688808,1.0016771138292804,0.041283232660751526
05-01-2026,06.05,439,1646.25,3.82421,0.00166259,4.7543,0.2717,0.0,2300.1521722132334,17.498343761501655,0.11885749999999999,0.10484132857142825,0.11260322404999999,0.0,0.0,0.11260322404999999,0.11417688230123338,0.11579514849583498,0.03401348876660547,4.235518169007731,0.539792907782207,4.239084188359372,1.0,0.11260322404999999,305170.3960613444,0.2928462255623001,1.0016771138292804,0.041283232660751526
05-01-2026,06.05,440,1650.0,3.82261,0.00163888,4.9895,0.280309,0.0,2332.4526505906474,17.79999928650168,0.12473749999999999,0.10324132857142843,0.11848322404999999,0.0,0.0,0.11848322404999999,0.12022679470020112,0.12202244771528356,0.03401348876660547,4.235518169007731,0.539792907782207,4.239029766777345,1.0,0.11848322404999999,322570.577476125,0.30954370840199685,1.0016771138292804,0.041283232660751526
05-01-2026,06.05,441,1653.75,3.81986,0.00165491,4.8047,0.280997,0.0,2308.198028895831,17.098759061484643,0.12011750000000002,0.10049132857142817,0.11386322405000002,0.0,0.0,0.11386322405000002,0.11547254863525012,0.11712801728557129,0.03401348876660547,4.235518169007731,0.539792907782207,4.238936229683237,1.0,0.11386322405000002,311403.286075332,0.29882740308967176,1.0016771138292804,0.041283232660751526
05-01-2026,06.05,442,1657.5,3.81934,0.00165024,4.68711,0.27411,0.0,2314.4148729881713,17.099376162854327,0.11717775,0.09997132857142832,0.11092347405,0.0,0.0,0.11092347405,0.11245021434619269,0.11401956900301638,0.03401348876660547,4.235518169007731,0.539792907782207,4.2389185426690785,1.0,0.11092347405,304740.7535292778,0.29243393395249584,1.0016771138292804,0.041283232660751526
05-01-2026,06.05,443,1661.25,3.82227,0.00170936,4.8383,0.276865,0.0,2236.082510413254,17.475303848445993,0.12095750000000001,0.10290132857142842,0.11470322405000001,0.0,0.0,0.11470322405000001,0.11633655137819557,0.11801706647675929,0.03401348876660547,4.235518169007731,0.539792907782207,4.239018202191164,1.0,0.11470322405000001,316552.4017957751,0.3037685740655489,1.0016771138292804,0.041283232660751526
05-01-2026,06.05,444,1665.0,3.82309,0.00167882,4.73751,0.274455,0.0,2277.2483053573346,17.26151828168552,0.11843775000000001,0.10372132857142846,0.11218347405000001,0.0,0.0,0.11218347405000001,0.11374534057949671,0.11535131109754755,0.03401348876660547,4.235518169007731,0.539792907782207,4.239046093251953,1.0,0.11218347405000001,310997.8313482613,0.29843832247113367,1.0016771138292804,0.041283232660751526
05-01-2026,06.05,445,1668.75,3.82135,0.0016578,4.72071,0.278931,0.0,2305.072988297744,16.924293104746337,0.11801775,0.10198132857142816,0.11176347405,0.0,0.0,0.11176347405,0.11331358683287261,0.1149073032153814,0.03401348876660547,4.235518169007731,0.539792907782207,4.238986909781499,1.0,0.11176347405,311230.7149043145,0.29866180112851953,1.0016771138292804,0.041283232660751526
05-01-2026,06.05,446,1672.5,3.8195,0.00167875,4.65351,0.280653,0.0,2275.204765450484,16.581009289050893,0.11633775,0.10013132857142848,0.11008347405,0.0,0.0,0.11008347405,0.11158702182136912,0.11313220999494274,0.03401348876660547,4.235518169007731,0.539792907782207,4.238923984827281,1.0,0.11008347405,307931.6858080753,0.2954960018526958,1.0016771138292804,0.041283232660751526
05-01-2026,06.05,447,1676.25,3.81876,0.0016465,4.41831,0.268945,0.0,2319.31976920741,16.42830318466601,0.11045775000000001,0.09939132857142852,0.10420347405000001,0.0,0.0,0.10420347405000001,0.10554970835659634,0.10693118270682554,0.03401348876660547,4.235518169007731,0.539792907782207,4.2388988148455935,1.0,0.10420347405000001,292792.38674704387,0.2809680966400594,1.0016771138292804,0.041283232660751526
05-01-2026,06.05,448,1680.0,3.82023,0.00169668,4.72071,0.275143,0.0,2251.5913430935707,17.15729638769658,0.11801775,0.10086132857142838,0.11176347405,0.0,0.0,0.11176347405,0.11331358683287261,0.1149073032153814,0.03401348876660547,4.235518169007731,0.539792907782207,4.238948814674081,1.0,0.11176347405,315441.22915872,0.3027022756404413,1.0016771138292804,0.041283232660751526
05-01-2026,06.05,449,1683.75,3.81918,0.00164295,4.65351,0.282719,0.0,2324.586871176846,16.45984175099657,0.11633775,0.09981132857142816,0.11008347405,0.0,0.0,0.11008347405,0.11158702182136912,0.11313220999494274,0.03401348876660547,4.235518169007731,0.539792907782207,4.238913100510875,1.0,0.11008347405,312088.19698060385,0.2994846541731451,1.0016771138292804,0.041283232660751526
05-01-2026,06.05,450,1687.5,3.81808,0.00168992,4.9391,0.28513,0.0,2259.325885249006,17.322274050433137,0.12347749999999999,0.0987113285714285,0.11722322404999999,0.0,0.0,0.11722322404999999,0.11892964112444859,0.12068647266772138,0.03401348876660547,4.235518169007731,0.539792907782207,4.238875685673232,1.0,0.11722322404999999,333811.44661113276,0.3203306200445176,1.0016771138292804,0.041283232660751526
05-01-2026,06.05,451,1691.25,3.81715,0.00163639,4.60311,0.273421,0.0,2332.6651959496207,16.835246744032094,0.11507774999999999,0.09778132857142818,0.10882347405,0.0,0.0,0.10882347405,0.11029257033954945,0.11180187447069777,0.03401348876660547,4.235518169007731,0.539792907782207,4.2388440531286795,1.0,0.10882347405,311270.67344874446,0.2987001459649333,1.0016771138292804,0.041283232660751526
05-01-2026,06.05,452,1695.0,3.81426,0.00158785,4.7879,0.273421,0.0,2402.1538558428065,17.511090954974193,0.1196975,0.09489132857142835,0.11344322405,0.0,0.0,0.11344322405,0.11504061482690134,0.1166836337192086,0.03401348876660547,4.235518169007731,0.539792907782207,4.2387457541461435,1.0,0.11344322405,325925.21877625125,0.3127628740076276,1.0016771138292804,0.041283232660751526
05-01-2026,06.05,453,1698.75,3.81179,0.00162312,4.33431,0.269978,0.0,2348.4338804278177,16.054308128810497,0.10835775000000002,0.09242132857142815,0.10210347405000002,0.0,0.0,0.10210347405000002,0.10339565768621717,0.10472096734518145,0.03401348876660547,4.235518169007731,0.539792907782207,4.23866174082889,1.0,0.10210347405000002,294645.25977646577,0.28274614221759736,1.0016771138292804,0.041283232660751526
05-01-2026,06.05,454,1702.5,3.81194,0.00157589,4.38471,0.262746,0.0,2418.9124875467196,16.688018085908066,0.10961775,0.09257132857142825,0.10336347405,0.0,0.0,0.10336347405,0.1046879535031896,0.10604681678834174,0.03401348876660547,4.235518169007731,0.539792907782207,4.238666842852205,1.0,0.10336347405,299599.6755556378,0.2875004761225977,1.0016771138292804,0.041283232660751526
05-01-2026,06.05,455,1706.25,3.81172,0.00160571,4.50231,0.269978,0.0,2373.853310996382,16.676581054752607,0.11255774999999998,0.09235132857142858,0.10630347404999999,0.0,0.0,0.10630347404999999,0.1077048809796825,0.10914373123982504,0.03401348876660547,4.235518169007731,0.539792907782207,4.238659359884677,1.0,0.10630347404999999,309480.14130751754,0.2969819236665918,1.0016771138292804,0.041283232660751526
05-01-2026,06.05,456,1710.0,3.81122,0.00166778,4.53591,0.273766,0.0,2285.2054827375314,16.568565855511643,0.11339775,0.09185132857142841,0.10714347405,0.0,0.0,0.10714347405,0.10856726437204613,0.11002940476873621,0.03401348876660547,4.235518169007731,0.539792907782207,4.2386423531402935,1.0,0.10714347405,313298.232469605,0.30064582291796393,1.0016771138292804,0.041283232660751526
05-01-2026,06.05,457,1713.75,3.80888,0.001569,4.35111,0.267223,0.0,2427.584448693435,16.282692732287266,0.10877775000000002,0.08951132857142818,0.10252347405000002,0.0,0.0,0.10252347405000002,0.10382637810613189,0.1051628239409672,0.03401348876660547,4.235518169007731,0.539792907782207,4.2385627615765795,1.0,0.10252347405000002,301105.19576065015,0.2889451965648028,1.0016771138292804,0.041283232660751526
05-01-2026,06.05,458,1717.5,3.80997,0.00160177,4.43511,0.265157,0.0,2378.5999238342583,16.726354574836797,0.11087775,0.09060132857142822,0.10462347405,0.0,0.0,0.10462347405,0.10598065309695275,0.10737350564154445,0.03401348876660547,4.235518169007731,0.539792907782207,4.238599836279335,1.0,0.10462347405,308618.9776494028,0.29615553771918285,1.0016771138292804,0.041283232660751526
05-01-2026,06.05,459,1721.25,3.813,0.00168341,4.26711,0.268256,0.0,2265.045354369999,15.906857628533936,0.10667774999999999,0.09363132857142853,0.10042347404999999,0.0,0.0,0.10042347404999999,0.10167322436723997,0.10295447246023455,0.03401348876660547,4.235518169007731,0.539792907782207,4.238702897150298,1.0,0.10042347404999999,297524.7834796132,0.28550937763875006,1.0016771138292804,0.041283232660751526
05-01-2026,06.05,460,1725.0,3.81137,0.00162568,4.01512,0.253104,0.0,2344.477387923823,15.863518553638029,0.10037799999999998,0.09200132857142851,0.09412372404999998,0.0665557,0.0016638924999999999,0.09245983154999998,0.09351818464331547,0.09460104743360838,0.03401348876660547,4.235518169007731,0.539792907782207,4.238647455163608,1.0,0.09412372404999998,280076.9063762812,0.26876612527963667,1.0016771138292804,0.041283232660751526
05-01-2026,06.05,461,1728.75,3.80786,0.00161182,4.03192,0.260336,0.0,2362.4598280204987,15.487370167783173,0.10079800000000001,0.08849132857142816,0.09454372405000001,0.0665557,0.0016638924999999999,0.09287983155000001,0.09394787718207533,0.0950407719435035,0.03401348876660547,4.235518169007731,0.539792907782207,4.238528067818038,1.0,0.09454372405000001,282551.15782729763,0.27114045518802193,1.0016771138292804,0.041283232660751526
05-01-2026,06.05,462,1732.5,3.80902,0.0015755,4.50231,0.269978,0.0,2417.657886385274,16.676581054752607,0.11255774999999998,0.08965132857142821,0.10630347404999999,0.0,0.0,0.10630347404999999,0.1077048809796825,0.10914373123982504,0.03401348876660547,4.235518169007731,0.539792907782207,4.238567523465007,1.0,0.10630347404999999,319075.85693149024,0.3061901205897453,1.0016771138292804,0.041283232660751526
05-01-2026,06.05,463,1736.25,3.80949,0.00157701,3.89752,0.248972,0.0,2415.640991496566,15.65445110293527,0.09743800000000001,0.09012132857142818,0.09118372405000001,0.0,0.0,0.09118372405000001,0.09221290190405082,0.09326557734308123,0.03401348876660547,4.235518169007731,0.539792907782207,4.2385835098047275,1.0,0.09118372405000001,274879.177606047,0.26377830447032835,1.0016771138292804,0.041283232660751526
05-01-2026,06.05,464,1740.0,3.80623,0.00160033,4.36791,0.266534,0.0,2378.403204339105,16.387815438180496,0.10919775,0.08686132857142814,0.10294347405,0.0,0.0,0.10294347405,0.10425714337612083,0.10560477374552181,0.03401348876660547,4.235518169007731,0.539792907782207,4.238472625831348,1.0,0.10294347405,311671.66203378,0.2990849408045927,1.0016771138292804,0.041283232660751526
05-01-2026,06.05,465,1743.75,3.80548,0.00160992,4.23352,0.261025,0.0,2363.7696283045125,16.218829614021647,0.10583800000000002,0.08611132857142856,0.09958372405000002,0.0,0.0,0.09958372405000002,0.1008125328339433,0.10207204615407395,0.03401348876660547,4.235518169007731,0.539792907782207,4.238447115714773,1.0,0.09958372405000002,302800.65092875203,0.2905721815312244,1.0016771138292804,0.041283232660751526
05-01-2026,06.05,466,1747.5,3.80743,0.00162555,4.65351,0.270322,0.0,2342.2410876318786,17.214692107930542,0.11633775,0.08806132857142845,0.11008347405,0.0,0.0,0.11008347405,0.11158702182136912,0.11313220999494274,0.03401348876660547,4.235518169007731,0.539792907782207,4.238513442017868,1.0,0.11008347405,336168.0969019003,0.32259209806312217,1.0016771138292804,0.041283232660751526
05-01-2026,06.05,467,1751.25,3.80504,0.00158226,3.98152,0.254482,0.0,2404.8133682201405,15.64558593535103,0.09953800000000002,0.08567132857142834,0.09328372405000002,0.0,0.0,0.09328372405000002,0.09436113265198484,0.09546371977433438,0.03401348876660547,4.235518169007731,0.539792907782207,4.238432149779715,1.0,0.09328372405000002,286089.6669516626,0.27453606319771806,1.0016771138292804,0.041283232660751526
05-01-2026,06.05,468,1755.0,3.80036,0.00151816,4.11592,0.258958,0.0,2503.267112820783,15.8941604430062,0.102898,0.08099132857142832,0.09664372405,0.0,0.0,0.09664372405,0.09780062642040697,0.09898556246229051,0.03401348876660547,4.235518169007731,0.539792907782207,4.238272966652288,1.0,0.09664372405,297665.0861671013,0.2856440142647053,1.0016771138292804,0.041283232660751526
05-01-2026,06.05,469,1758.75,3.80159,0.00159054,3.74633,0.250349,0.0,2390.125366227822,14.964429656199945,0.09365825,0.08222132857142839,0.08740397405,0.0,0.0,0.08740397405,0.08834915508239896,0.0893150018482144,0.03401348876660547,4.235518169007731,0.539792907782207,4.238314803243471,1.0,0.08740397405,270358.10910016944,0.25943981730203597,1.0016771138292804,0.041283232660751526
05-01-2026,06.05,470,1762.5,3.79972,0.00151199,3.54473,0.240019,0.0,2513.0589488025716,14.768539157316711,0.08861825000000001,0.08035132857142857,0.08236397405000001,0.0,0.0,0.08236397405000001,0.08320277033396097,0.08405882703305419,0.03401348876660547,4.235518169007731,0.539792907782207,4.238251198019477,1.0,0.08236397405000001,255855.96376375784,0.2455233346446869,1.0016771138292804,0.041283232660751526
05-01-2026,06.05,471,1766.25,3.79582,0.00150049,3.71273,0.24484,0.0,2529.7202913714855,15.163902957033164,0.09281825,0.07645132857142833,0.08656397405,0.0,0.0,0.08656397405,0.08749097862674284,0.08843805251445236,0.03401348876660547,4.235518169007731,0.539792907782207,4.238118545413288,1.0,0.08656397405,270048.3548516164,0.25914257234082283,1.0016771138292804,0.041283232660751526
05-01-2026,06.05,472,1770.0,3.80033,0.00151658,4.01512,0.256548,0.0,2505.8552796423533,15.650560518889252,0.10037799999999998,0.08096132857142857,0.09412372404999998,0.0,0.0,0.09412372404999998,0.09522073777663016,0.09634362448344488,0.03401348876660547,4.235518169007731,0.539792907782207,4.238271946247625,1.0,0.09412372404999998,294880.21507624496,0.28297160895226176,1.0016771138292804,0.041283232660751526
05-01-2026,06.05,473,1773.75,3.80327,0.00159113,4.40151,0.264124,0.0,2390.294947615845,16.6645590707395,0.11003775,0.08390132857142829,0.10378347405,0.0,0.0,0.10378347405,0.10511880849434528,0.10648895309893588,0.03401348876660547,4.235518169007731,0.539792907782207,4.238371945904599,1.0,0.10378347405,326522.4309243626,0.3133359680091808,1.0016771138292804,0.041283232660751526
05-01-2026,06.05,474,1777.5,3.79816,0.00155389,3.84712,0.254137,0.0,2444.291423459833,15.13797676056615,0.096178,0.07879132857142856,0.08992372405,0.0,0.0,0.08992372405,0.09092449944877265,0.09194780112257284,0.03401348876660547,4.235518169007731,0.539792907782207,4.238198136977002,1.0,0.08992372405,284114.5681592503,0.27264072789017946,1.0016771138292804,0.041283232660751526
05-01-2026,06.05,475,1781.25,3.79593,0.00150942,3.91432,0.248283,0.0,2514.8268871487057,15.765557851322885,0.097858,0.07656132857142817,0.09160372405,0.0,0.0,0.09160372405,0.0926424587028127,0.09370502087851555,0.03401348876660547,4.235518169007731,0.539792907782207,4.238122286897052,1.0,0.09160372405,290645.0189828613,0.2789074493664339,1.0016771138292804,0.041283232660751526
05-01-2026,06.05,476,1785.0,3.79919,0.00156479,3.84712,0.245184,0.0,2427.9232357057494,15.690746541373008,0.096178,0.07982132857142821,0.08992372405,0.0665557,0.0016638924999999999,0.08825983155,0.08922371565191729,0.09020888533670729,0.03401348876660547,4.235518169007731,0.539792907782207,4.238233170870431,1.0,0.08992372405,286517.21766121127,0.2749463474623249,1.0016771138292804,0.041283232660751526
05-01-2026,06.05,477,1788.75,3.79814,0.00154903,4.04872,0.256203,0.0,2451.9473476950093,15.80278138819608,0.101218,0.07877132857142843,0.09496372405,0.0,0.0,0.09496372405,0.09608052174236663,0.09722389967841481,0.03401348876660547,4.235518169007731,0.539792907782207,4.238197456707226,1.0,0.09496372405,303848.45394430007,0.2915776694887599,1.0016771138292804,0.041283232660751526
05-01-2026,06.05,478,1792.5,3.79607,0.0014999,3.61193,0.237264,0.0,2530.8820588039202,15.223253422348101,0.09029825,0.0767013285714282,0.08404397405,0.0,0.0,0.08404397405,0.0849175190762028,0.08580941391547645,0.03401348876660547,4.235518169007731,0.539792907782207,4.238127048785479,1.0,0.08404397405,270038.0160961903,0.259132651111429,1.0016771138292804,0.041283232660751526
05-01-2026,06.05,479,1796.25,3.79656,0.00152919,3.91432,0.25276,0.0,2482.726149137779,15.486311125178036,0.097858,0.0771913285714283,0.09160372405,0.0,0.0,0.09160372405,0.0926424587028127,0.09370502087851555,0.03401348876660547,4.235518169007731,0.539792907782207,4.238143715394975,1.0,0.09160372405,295560.70382469444,0.2836246164657461,1.0016771138292804,0.041283232660751526
05-01-2026,06.05,480,1800.0,3.79602,0.00152617,4.11592,0.260336,0.0,2487.285164824364,15.8100301149284,0.102898,0.07665132857142831,0.09664372405,0.0,0.0,0.09664372405,0.09780062642040697,0.09898556246229051,0.03401348876660547,4.235518169007731,0.539792907782207,4.238125348111041,1.0,0.09664372405,313125.665922,0.3004802253935098,1.0016771138292804,0.041283232660751526
05-01-2026,06.05,481,1803.75,3.79387,0.00152841,3.59513,0.242773,0.0,2482.2331704189323,14.808607217441809,0.08987825,0.07450132857142844,0.08362397405000001,0.0,0.0,0.08362397405000001,0.08448876509307841,0.08537162938243635,0.03401348876660547,4.235518169007731,0.539792907782207,4.238052219110193,1.0,0.08362397405000001,272071.7755338101,0.2610842780801502,1.0016771138292804,0.041283232660751526
05-01-2026,06.05,482,1807.5,3.79256,0.00150949,3.67913,0.246217,0.0,2512.4777242644864,14.942631906001616,0.09197824999999998,0.0731913285714283,0.08572397404999998,0.0,0.0,0.08572397404999998,0.08663298051087828,0.08756147156909608,0.03401348876660547,4.235518169007731,0.539792907782207,4.238007661439909,1.0,0.08572397404999998,280065.04519489023,0.2687547431067724,1.0016771138292804,0.041283232660751526
05-01-2026,06.05,483,1811.25,3.79522,0.00152184,4.16632,0.259303,0.0,2493.8364085580615,16.067380631924813,0.104158,0.0758513285714284,0.09790372405,0.0,0.0,0.09790372405,0.09909117480211467,0.1003077838176863,0.03401348876660547,4.235518169007731,0.539792907782207,4.238098137320027,1.0,0.09790372405,321185.5576861001,0.3082146220191999,1.0016771138292804,0.041283232660751526
05-01-2026,06.05,484,1815.0,3.79484,0.00153478,3.86392,0.253449,0.0,2472.562842883019,15.245355081298408,0.096598,0.07547132857142858,0.09034372405,0.0,0.0,0.09034372405,0.09135392228399496,0.0923869674942543,0.03401348876660547,4.235518169007731,0.539792907782207,4.238085212194297,1.0,0.09034372405,297612.5543586113,0.2855936039298996,1.0016771138292804,0.041283232660751526
05-01-2026,06.05,485,1818.75,3.78974,0.00150069,3.56153,0.237264,0.0,2525.3316807601836,15.010831816036145,0.08903825,0.07037132857142847,0.08278397405,0.0,0.0,0.08278397405,0.08363139072889564,0.08449633597015002,0.03401348876660547,4.235518169007731,0.539792907782207,4.237911743401587,1.0,0.08278397405,273837.09791125194,0.26277830869978674,1.0016771138292804,0.041283232660751526
05-01-2026,06.05,486,1822.5,3.78984,0.00154818,3.59513,0.24174,0.0,2447.932410959966,14.871887151485067,0.08987825,0.07047132857142824,0.08362397405000001,0.0,0.0,0.08362397405000001,0.08448876509307841,0.08537162938243635,0.03401348876660547,4.235518169007731,0.539792907782207,4.237915144750463,1.0,0.08362397405000001,277757.5524569128,0.266540437435087,1.0016771138292804,0.041283232660751526
05-01-2026,06.05,487,1826.25,3.79091,0.00151231,3.72953,0.240707,0.0,2506.701668308746,15.494065399012078,0.09323825,0.07154132857142814,0.08698397405,0.0,0.0,0.08698397405,0.08792004455862192,0.08887648111827005,0.03401348876660547,4.235518169007731,0.539792907782207,4.2379515391834435,1.0,0.08698397405,290107.9988643438,0.27839211656617346,1.0016771138292804,0.041283232660751526
05-01-2026,06.05,488,1830.0,3.78728,0.00145556,3.66233,0.246906,0.0,2601.940146747643,14.832891869780402,0.09155825000000001,0.06791132857142834,0.08530397405000001,0.0,0.0,0.08530397405000001,0.08620404831299634,0.08712331916953758,0.03401348876660547,4.235518169007731,0.539792907782207,4.237828070219221,1.0,0.08530397405000001,285674.47869604506,0.2741376421348475,1.0016771138292804,0.041283232660751526
05-01-2026,06.05,489,1833.75,3.78725,0.0014821,3.12474,0.223834,0.0,2555.326901018824,13.960077557475628,0.0781185,0.06788132857142815,0.07186422405,0.0,0.0,0.07186422405,0.07250196445391192,0.07315112512741914,0.03401348876660547,4.235518169007731,0.539792907782207,4.237827049814558,1.0,0.07186422405,241653.44698678193,0.23189438018087785,1.0016771138292804,0.041283232660751526
05-01-2026,06.05,490,1837.5,3.7911,0.00148591,3.44393,0.235886,0.0,2551.3658296935887,14.599976259718677,0.08609825,0.0717313285714285,0.07984397405,0.0,0.0,0.07984397405,0.08063198254766947,0.08143570035678839,0.03401348876660547,4.235518169007731,0.539792907782207,4.23795800174631,1.0,0.07984397405,269585.6930072578,0.25869859488894426,1.0016771138292804,0.041283232660751526
05-01-2026,06.05,491,1841.25,3.79269,0.00149182,3.71273,0.24484,0.0,2542.3241409821558,15.163902957033164,0.09281825,0.07332132857142826,0.08656397405,0.0,0.0,0.08656397405,0.08749097862674284,0.08843805251445236,0.03401348876660547,4.235518169007731,0.539792907782207,4.238012083193448,1.0,0.08656397405,293469.3200805195,0.2816176923224197,1.0016771138292804,0.041283232660751526
05-01-2026,06.05,492,1845.0,3.78889,0.00146864,3.37673,0.235198,0.0,2579.8630025057196,14.35696732115069,0.08441825,0.06952132857142823,0.07816397405,0.0,0.0,0.07816397405,0.07891901359463309,0.07968878231019723,0.03401348876660547,4.235518169007731,0.539792907782207,4.237882831936135,1.0,0.07816397405,266072.1217655513,0.25532691765662463,1.0016771138292804,0.041283232660751526
05-01-2026,06.05,493,1848.75,3.78909,0.00148611,3.71273,0.243807,0.0,2549.6699436784625,15.228151775789867,0.09281825,0.06972132857142821,0.08656397405,0.0,0.0,0.08656397405,0.08749097862674284,0.08843805251445236,0.03401348876660547,4.235518169007731,0.539792907782207,4.237889634633889,1.0,0.08656397405,295864.9780623532,0.2839166027238637,1.0016771138292804,0.041283232660751526
05-01-2026,06.05,494,1852.5,3.78927,0.00148926,3.47753,0.23933,0.0,2544.397888884412,14.53027200935946,0.08693825,0.0699013285714285,0.08068397405,0.0,0.0,0.08068397405,0.08148873384011039,0.0823097090706399,0.03401348876660547,4.235518169007731,0.539792907782207,4.2378957570618665,1.0,0.08068397405,276887.7322209253,0.2657057445018463,1.0016771138292804,0.041283232660751526
05-01-2026,06.05,495,1856.25,3.78865,0.00151067,3.56153,0.237264,0.0,2507.9269463218307,15.010831816036145,0.08903825,0.06928132857142844,0.08278397405,0.0,0.0,0.08278397405,0.08363139072889564,0.08449633597015002,0.03401348876660547,4.235518169007731,0.539792907782207,4.237874668698831,1.0,0.08278397405,285245.7643350176,0.27372624121230843,1.0016771138292804,0.041283232660751526
05-01-2026,06.05,496,1860.0,3.78839,0.00150778,3.54473,0.237952,0.0,2512.5615142792717,14.896827931683701,0.08861825000000001,0.06902132857142851,0.08236397405000001,0.0,0.0,0.08236397405000001,0.08320277033396097,0.08405882703305419,0.03401348876660547,4.235518169007731,0.539792907782207,4.237865825191752,1.0,0.08236397405000001,284946.40462338005,0.27343897100926795,1.0016771138292804,0.041283232660751526
05-01-2026,06.05,497,1863.75,3.78901,0.00155757,3.86392,0.255859,0.0,2432.641871633378,15.101755263641301,0.096598,0.06964132857142857,0.09034372405,0.0,0.0,0.09034372405,0.09135392228399496,0.0923869674942543,0.03401348876660547,4.235518169007731,0.539792907782207,4.237886913554787,1.0,0.09034372405,313814.713132497,0.30114144573936447,1.0016771138292804,0.041283232660751526
05-01-2026,06.05,498,1867.5,3.78686,0.00153346,3.59513,0.235542,0.0,2469.4873032227774,15.263222694890933,0.08987825,0.06749132857142826,0.08362397405000001,0.0,0.0,0.08362397405000001,0.08448876509307841,0.08537162938243635,0.03401348876660547,4.235518169007731,0.539792907782207,4.237813784553939,1.0,0.08362397405000001,291643.31334791536,0.2798654280582708,1.0016771138292804,0.041283232660751526
05-01-2026,06.05,499,1871.25,3.78633,0.00152026,3.86392,0.254826,0.0,2490.5805585886624,15.162973950852738,0.096598,0.06696132857142834,0.09034372405,0.0,0.0,0.09034372405,0.09135392228399496,0.0923869674942543,0.03401348876660547,4.235518169007731,0.539792907782207,4.237795757404893,1.0,0.09034372405,316345.4667024476,0.303569995953781,1.0016771138292804,0.041283232660751526
05-01-2026,06.05,500,1875.0,3.78665,0.00151323,3.71273,0.248283,0.0,2502.3624961175765,14.95362147227156,0.09281825,0.06728132857142821,0.08656397405,0.0,0.0,0.08656397405,0.08749097862674284,0.08843805251445236,0.03401348876660547,4.235518169007731,0.539792907782207,4.237806641721297,1.0,0.08656397405,304326.4712695313,0.29203638229725665,1.0016771138292804,0.041283232660751526
05-01-2026,06.05,501,1878.75,3.78307,0.00148578,3.64553,0.235886,0.0,2546.184495685768,15.454626387322689,0.09113825,0.0637013285714283,0.08488397405,0.0,0.0,0.08488397405,0.0857751606792193,0.08668525878006579,0.03401348876660547,4.235518169007731,0.539792907782207,4.237684873431514,1.0,0.08488397405,299615.09583549446,0.2875152736613217,1.0016771138292804,0.041283232660751526
05-01-2026,06.05,502,1882.5,3.78071,0.00144565,3.79672,0.25276,0.0,2615.231902604365,15.021047634119324,0.094918,0.06134132857142838,0.08866372405,0.0,0.0,0.08866372405,0.08963649875878871,0.0906308558689807,0.03401348876660547,4.235518169007731,0.539792907782207,4.237604601598024,1.0,0.08866372405,314207.0594366653,0.30151794731281956,1.0016771138292804,0.041283232660751526
05-01-2026,06.05,503,1886.25,3.78181,0.00145386,3.34313,0.233131,0.0,2601.220200019259,14.340134945588531,0.08357824999999999,0.06244132857142848,0.07732397405,0.0,0.0,0.07732397405,0.07806279582325737,0.07881587251659812,0.03401348876660547,4.235518169007731,0.539792907782207,4.237642016435667,1.0,0.07732397405,275113.9877402313,0.2640036319018457,1.0016771138292804,0.041283232660751526
05-01-2026,06.05,504,1890.0,3.78077,0.00143632,3.07434,0.2259,0.0,2632.261613011028,13.60929614873838,0.0768585,0.061401328571428326,0.07060422405,0.0,0.0,0.07060422405,0.07121970165090931,0.07184600421144258,0.03401348876660547,4.235518169007731,0.539792907782207,4.23760664240735,1.0,0.07060422405,252205.348729005,0.24202014807185349,1.0016771138292804,0.041283232660751526
05-01-2026,06.05,505,1893.75,3.78208,0.00145773,3.86392,0.252416,0.0,2594.499667290925,15.30774594320487,0.096598,0.06271132857142847,0.09034372405,0.0,0.0,0.09034372405,0.09135392228399496,0.0923869674942543,0.03401348876660547,4.235518169007731,0.539792907782207,4.237651200077634,1.0,0.09034372405,323998.7094260332,0.31091416587930565,1.0016771138292804,0.041283232660751526
05-01-2026,06.05,506,1897.5,3.78377,0.00147639,3.19194,0.22831,0.0,2562.852633789175,13.980727957601507,0.07979850000000001,0.06440132857142844,0.07354422405000001,0.0,0.0,0.07354422405000001,0.0742122690197821,0.07489256172503232,0.03401348876660547,4.235518169007731,0.539792907782207,4.23770868287365,1.0,0.07354422405000001,264796.43834342534,0.2541027521412157,1.0016771138292804,0.041283232660751526
05-01-2026,06.05,507,1901.25,3.78101,0.00142634,3.24234,0.234853,0.0,2650.8476239886704,13.805827475058866,0.08105849999999999,0.061641328571428566,0.07480422404999999,0.0,0.0,0.07480422404999999,0.07549546330716328,0.07619959670728894,0.03401348876660547,4.235518169007731,0.539792907782207,4.237614805644654,1.0,0.07480422404999999,270398.68576633756,0.2594787552976168,1.0016771138292804,0.041283232660751526
05-01-2026,06.05,508,1905.0,3.7813,0.00143855,3.34313,0.230721,0.0,2628.549581175489,14.489925061004415,0.08357824999999999,0.061931328571428246,0.07732397405,0.0,0.0,0.07732397405,0.07806279582325737,0.07881587251659812,0.03401348876660547,4.235518169007731,0.539792907782207,4.237624669556396,1.0,0.07732397405,280610.63492680126,0.26927829944040693,1.0016771138292804,0.041283232660751526
05-01-2026,06.05,509,1908.75,3.78149,0.00144703,3.42713,0.237952,0.0,2613.2768498234313,14.402610610543302,0.08567825000000001,0.06212132857142816,0.07942397405000001,0.0,0.0,0.07942397405000001,0.08020367361581805,0.08099883346572985,0.03401348876660547,4.235518169007731,0.539792907782207,4.237631132119263,1.0,0.07942397405000001,289367.47435567575,0.27768149780990253,1.0016771138292804,0.041283232660751526
05-01-2026,06.05,510,1912.5,3.77877,0.00142102,3.22554,0.22831,0.0,2659.1955074523935,14.127896281371818,0.08063850000000002,0.05940132857142855,0.07438422405000002,0.0,0.0,0.07438422405000002,0.07506768749632257,0.0757638271288509,0.03401348876660547,4.235518169007731,0.539792907782207,4.237538615429817,1.0,0.07438422405000002,272071.9219978829,0.2610844186293367,1.0016771138292804,0.041283232660751526
05-01-2026,06.05,511,1916.25,3.77792,0.00142003,3.56153,0.243118,0.0,2660.450835545728,14.649388362852607,0.08903825,0.05855132857142831,0.08278397405,0.0,0.0,0.08278397405,0.08363139072889564,0.08449633597015002,0.03401348876660547,4.235518169007731,0.539792907782207,4.237509703964365,1.0,0.08278397405,303983.9168612351,0.29170766179613994,1.0016771138292804,0.041283232660751526
05-01-2026,06.05,512,1920.0,3.77832,0.00146161,3.52793,0.238641,0.0,2585.0397848947396,14.783419445946004,0.08819825,0.05895132857142826,0.08194397405,0.0,0.0,0.08194397405,0.08277419445454894,0.08362140990344367,0.03401348876660547,4.235518169007731,0.539792907782207,4.237523309359872,1.0,0.08194397405,302078.26593792,0.2898789697364424,1.0016771138292804,0.041283232660751526
05-01-2026,06.05,513,1923.75,3.7734,0.00142864,2.73835,0.211092,0.0,2641.253219845448,12.972305914009057,0.06845875,0.05403132857142845,0.06220447405,0.0,0.0,0.06220447405,0.06268172187551815,0.06316634944255048,0.03401348876660547,4.235518169007731,0.539792907782207,4.2373559629951405,1.0,0.06220447405,230207.19231465633,0.22091037740466157,1.0016771138292804,0.041283232660751526
05-01-2026,06.05,514,1927.5,3.7726,0.00141478,3.24234,0.227622,0.0,2666.562999194221,14.244405198091574,0.08105849999999999,0.05323132857142854,0.07480422404999999,0.0,0.0,0.07480422404999999,0.07549546330716328,0.07619959670728894,0.03401348876660547,4.235518169007731,0.539792907782207,4.237328752204127,1.0,0.07480422404999999,277916.86092816276,0.2666933123046935,1.0016771138292804,0.041283232660751526
05-01-2026,06.05,515,1931.25,3.77598,0.00141734,3.05754,0.221768,0.0,2664.1314010752535,13.787110854586775,0.0764385,0.056611328571428476,0.07018422405000001,0.0665557,0.0016638924999999999,0.06852033155000001,0.06909986441385094,0.06968928407169835,0.03401348876660547,4.235518169007731,0.539792907782207,4.237443717796158,1.0,0.07018422405000001,261767.96470773636,0.2511965820641936,1.0016771138292804,0.041283232660751526
05-01-2026,06.05,516,1935.0,3.77474,0.00139409,3.19194,0.22831,0.0,2707.673105753574,13.980727957601507,0.07979850000000001,0.055371328571428347,0.07354422405000001,0.0,0.0,0.07354422405000001,0.0742122690197821,0.07489256172503232,0.03401348876660547,4.235518169007731,0.539792907782207,4.237401541070088,1.0,0.07354422405000001,275366.1222936113,0.26424558411360716,1.0016771138292804,0.041283232660751526
05-01-2026,06.05,517,1938.75,3.7748,0.00142502,3.42713,0.234509,0.0,2648.945277961011,14.614065984674362,0.08567825000000001,0.055431328571428296,0.07942397405000001,0.0,0.0,0.07942397405000001,0.08020367361581805,0.08099883346572985,0.03401348876660547,4.235518169007731,0.539792907782207,4.237403581879414,1.0,0.07942397405000001,298534.986560397,0.286478784118137,1.0016771138292804,0.041283232660751526
05-01-2026,06.05,518,1942.5,3.77788,0.00146082,3.64553,0.248628,0.0,2586.1365534425872,14.662588284505366,0.09113825,0.05851132857142849,0.08488397405,0.0,0.0,0.08488397405,0.0857751606792193,0.08668525878006579,0.03401348876660547,4.235518169007731,0.539792907782207,4.237508343424815,1.0,0.08488397405,320293.2298077028,0.30735833040466165,1.0016771138292804,0.041283232660751526
05-01-2026,06.05,519,1946.25,3.77611,0.00143356,3.29273,0.23141,0.0,2634.0787968414297,14.228987511343503,0.08231825000000001,0.05674132857142844,0.07606397405000001,0.0,0.0,0.07606397405000001,0.07677880239192611,0.07750719371598343,0.03401348876660547,4.235518169007731,0.539792907782207,4.237448139549698,1.0,0.07606397405000001,288121.89535427885,0.2764862209616023,1.0016771138292804,0.041283232660751526
05-01-2026,06.05,520,1950.0,3.77383,0.00139087,3.34313,0.236575,0.0,2713.287366899854,14.131374828278558,0.08357824999999999,0.05446132857142816,0.07732397405,0.0,0.0,0.07732397405,0.07806279582325737,0.07881587251659812,0.03401348876660547,4.235518169007731,0.539792907782207,4.23737058879531,1.0,0.07732397405,294024.41132512497,0.2821503664543913,1.0016771138292804,0.041283232660751526
05-01-2026,06.05,521,1953.75,3.77433,0.00138929,3.00714,0.225211,0.0,2716.733007507432,13.352544946738837,0.0751785,0.054961328571428325,0.06892422405,0.0,0.0,0.06892422405,0.06951063838804784,0.07010711689927646,0.03401348876660547,4.235518169007731,0.539792907782207,4.237387595539693,1.0,0.06892422405,263093.34797375696,0.2524684403174416,1.0016771138292804,0.041283232660751526
05-01-2026,06.05,522,1957.5,3.77382,0.00140854,3.15834,0.222456,0.0,2679.2423360358953,14.197594130974215,0.0789585,0.05445132857142854,0.07270422405,0.0,0.0,0.07270422405,0.07335702802405501,0.07402166113424899,0.03401348876660547,4.235518169007731,0.539792907782207,4.237370248660422,1.0,0.07270422405,278588.50011619035,0.2673378276433113,1.0016771138292804,0.041283232660751526
05-01-2026,06.05,523,1961.25,3.7741,0.00136532,3.15834,0.224867,0.0,2764.260393167902,14.045369040366081,0.0789585,0.05473132857142815,0.07270422405,0.0,0.0,0.07270422405,0.07335702802405501,0.07402166113424899,0.03401348876660547,4.235518169007731,0.539792907782207,4.237379772437277,1.0,0.07270422405,279656.9114086751,0.26836309162169997,1.0016771138292804,0.041283232660751526
05-01-2026,06.05,524,1965.0,3.77256,0.00136059,3.00714,0.222801,0.0,2772.738297356294,13.496977123082932,0.0751785,0.053191328571428276,0.06892422405,0.0,0.0,0.06892422405,0.06951063838804784,0.07010711689927646,0.03401348876660547,4.235518169007731,0.539792907782207,4.237327391664576,1.0,0.06892422405,266131.9370074612,0.25538431728663624,1.0016771138292804,0.041283232660751526
05-01-2026,06.05,525,1968.75,3.76968,0.00140926,2.60395,0.207649,0.0,2674.9357818997205,12.540151890931332,0.06509875000000001,0.050311328571428504,0.05884447405000001,0.133111,0.0033277750000000003,0.055516699050000014,0.055896529605393964,0.056281593365166395,0.03401348876660547,4.235518169007731,0.539792907782207,4.237229432816928,1.0,0.05884447405000001,228079.8022504395,0.21886890104048828,1.0016771138292804,0.041283232660751526
05-01-2026,06.05,526,1972.5,3.76924,0.00140328,2.80554,0.217291,0.0,2686.0213214754003,12.91144133903383,0.0701385,0.049871328571428286,0.06388422405000001,0.0,0.0,0.06388422405000001,0.06438769909305882,0.06489917300400591,0.03401348876660547,4.235518169007731,0.539792907782207,4.237214466881872,1.0,0.06388422405000001,248557.94399893784,0.23852004215698117,1.0016771138292804,0.041283232660751526
05-01-2026,06.05,527,1976.25,3.76749,0.00137005,2.62075,0.211092,0.0,2749.8923396956316,12.415202849942206,0.06551875,0.04812132857142837,0.05926447405,0.0,0.0,0.05926447405,0.0596975181526861,0.06013693732376809,0.03401348876660547,4.235518169007731,0.539792907782207,4.23715494327653,1.0,0.05926447405,231461.20003264383,0.2221137425795877,1.0016771138292804,0.041283232660751526
05-01-2026,06.05,528,1980.0,3.76737,0.00136578,2.82234,0.216602,0.0,2758.401792382375,13.030073591194911,0.0705585,0.04800132857142847,0.06430422405,0.0,0.0,0.06430422405,0.06481436737238355,0.06533266964012391,0.03401348876660547,4.235518169007731,0.539792907782207,4.237150861657877,1.0,0.06430422405,252098.27996562,0.2419174032327813,1.0016771138292804,0.041283232660751526
05-01-2026,06.05,529,1983.75,3.76666,0.00134555,2.73835,0.209715,0.0,2799.3459923451373,13.057482774241231,0.06845875,0.04729132857142826,0.06220447405,0.0,0.0,0.06220447405,0.06268172187551815,0.06316634944255048,0.03401348876660547,4.235518169007731,0.539792907782207,4.237126712080854,1.0,0.06220447405,244791.03125567883,0.23490525450679184,1.0016771138292804,0.041283232660751526
05-01-2026,06.05,530,1987.5,3.76352,0.00130726,2.57035,0.205238,0.0,2878.9376252619986,12.52375291125425,0.06425874999999999,0.04415132857142856,0.05800447404999999,0.0,0.0,0.05800447404999999,0.05841923588112656,0.05883997195209324,0.03401348876660547,4.235518169007731,0.539792907782207,4.2370199097261265,1.0,0.05800447404999999,229126.73569657028,0.21987355454578011,1.0016771138292804,0.041283232660751526
05-01-2026,06.05,531,1991.25,3.76395,0.00130345,2.62075,0.208338,0.0,2887.682688250412,12.5793182232718,0.06551875,0.04458132857142827,0.05926447405,0.0,0.0,0.05926447405,0.0596975181526861,0.06013693732376809,0.03401348876660547,4.235518169007731,0.539792907782207,4.237034535526296,1.0,0.05926447405,234988.17704454446,0.2254982841960441,1.0016771138292804,0.041283232660751526
05-01-2026,06.05,532,1995.0,3.76429,0.00126719,2.43595,0.19904,0.0,2970.580575919949,12.238494774919614,0.06089875,0.044921328571428276,0.05464447405,0.0,0.0,0.05464447405,0.05501242374532173,0.05538536222649138,0.03401348876660547,4.235518169007731,0.539792907782207,4.237046100112477,1.0,0.05464447405,217486.37283085127,0.2087032825488983,1.0016771138292804,0.041283232660751526
05-01-2026,06.05,533,1998.75,3.76269,0.00125379,2.35195,0.195941,0.0,3001.052807886488,12.003358153729948,0.05879875,0.04332132857142845,0.05254447405,0.0,0.0,0.05254447405,0.052884598362934285,0.053229154664728946,0.03401348876660547,4.235518169007731,0.539792907782207,4.23699167853045,1.0,0.05254447405,209915.2559304907,0.20143792183181275,1.0016771138292804,0.041283232660751526
05-01-2026,06.05,534,2002.5,3.76397,0.00130305,2.50315,0.204205,0.0,2888.584474885845,12.25802502387307,0.06257875,0.0446013285714284,0.056324474050000004,0.0,0.0,0.056324474050000004,0.05671547710682893,0.05711194677918286,0.03401348876660547,4.235518169007731,0.539792907782207,4.237035215796071,1.0,0.056324474050000004,225861.49296846282,0.2167401771906621,1.0016771138292804,0.041283232660751526
05-01-2026,06.05,535,2006.25,3.76199,0.0012624,2.33515,0.19353,0.0,2980.03010139417,12.066087945021444,0.05837875000000001,0.04262132857142831,0.05212447405000001,0.0,0.0,0.05212447405000001,0.05245916539400438,0.05279818262199198,0.03401348876660547,4.235518169007731,0.539792907782207,4.236967869088313,1.0,0.05212447405000001,209803.04416351762,0.2013302416870613,1.0016771138292804,0.041283232660751526
05-01-2026,06.05,536,2010.0,3.75819,0.00121642,1.99916,0.1801,0.0,3089.5496621232796,11.100277623542476,0.049979,0.03882132857142828,0.043724724050000004,0.0,0.0,0.043724724050000004,0.043959993814490464,0.044197809109293634,0.03401348876660547,4.235518169007731,0.539792907782207,4.236838617831,1.0,0.043724724050000004,176652.25763440502,0.16951823490406823,1.0016771138292804,0.041283232660751526
05-01-2026,06.05,537,2013.75,3.75926,0.0012134,2.43595,0.200417,0.0,3098.1209823636063,12.154408059196575,0.06089875,0.039891328571428186,0.05464447405,0.0,0.0,0.05464447405,0.05501242374532173,0.05538536222649138,0.03401348876660547,4.235518169007731,0.539792907782207,4.2368750122639804,1.0,0.05464447405,221593.6734936251,0.21264471170410726,1.0016771138292804,0.041283232660751526
05-01-2026,06.05,538,2017.5,3.76058,0.00127737,2.08316,0.186643,0.0,2944.002129375201,11.161200795100807,0.052079,0.041211328571428396,0.04582472405,0.0,0.0,0.04582472405,0.04608320225325532,0.04634461293340518,0.03401348876660547,4.235518169007731,0.539792907782207,4.236919910069153,1.0,0.04582472405,186520.66070524033,0.1789881069130183,1.0016771138292804,0.041283232660751526
05-01-2026,06.05,539,2021.25,3.75654,0.00119336,1.79756,0.169769,0.0,3147.868204062479,10.588269943275863,0.044939,0.037171328571428575,0.03868472405,0.0,0.0,0.03868472405,0.03886876806416723,0.0390545716420159,0.03401348876660547,4.235518169007731,0.539792907782207,4.236782495574535,1.0,0.03868472405,158044.56631495384,0.15166200690928502,1.0016771138292804,0.041283232660751526
05-01-2026,06.05,540,2025.0,3.75508,0.00115389,1.64637,0.162882,0.0,3254.279004064512,10.107746712343905,0.04115925,0.035711328571428336,0.03490497405,0.0,0.0,0.03490497405,0.035054740831853594,0.03520579836066051,0.03401348876660547,4.235518169007731,0.539792907782207,4.236732835880936,1.0,0.03490497405,143132.20921378126,0.1373518787065556,1.0016771138292804,0.041283232660751526
05-01-2026,06.05,541,2028.75,3.75544,0.001218,1.84796,0.181822,0.0,3083.28407224959,10.163566565102132,0.046199,0.036071328571428474,0.03994472405,0.0,0.0,0.03994472405,0.040140982716471124,0.040339179443382736,0.03401348876660547,4.235518169007731,0.539792907782207,4.236745080736892,1.0,0.03994472405,164405.55627672258,0.15776611112511205,1.0016771138292804,0.041283232660751526
05-01-2026,06.05,542,2032.5,3.75427,0.00116979,1.73037,0.171835,0.0,3209.3538156421237,10.069950824919255,0.04325925,0.03490132857142836,0.03700497405,0.0,0.0,0.03700497405,0.0371733473374374,0.03734325983117156,0.03401348876660547,4.235518169007731,0.539792907782207,4.236705284955035,1.0,0.03700497405,152869.6293303403,0.1466960574494882,1.0016771138292804,0.041283232660751526
05-01-2026,06.05,543,2036.25,3.75191,0.00117734,1.84796,0.175279,0.0,3186.768478094688,10.542962933380498,0.046199,0.03254132857142844,0.03994472405,0.0,0.0,0.03994472405,0.040140982716471124,0.040339179443382736,0.03401348876660547,4.235518169007731,0.539792907782207,4.236625013121546,1.0,0.03994472405,165623.37105119694,0.15893474499242574,1.0016771138292804,0.041283232660751526
05-01-2026,06.05,544,2040.0,3.75126,0.00112565,1.56237,0.15875,0.0,3332.5278727846135,9.841700787401575,0.03905925,0.03189132857142818,0.03280497405,0.0,0.0,0.03280497405,0.03293722785036099,0.03307055233400615,0.03401348876660547,4.235518169007731,0.539792907782207,4.236602904353847,1.0,0.03280497405,136521.18000648,0.13100783296874055,1.0016771138292804,0.041283232660751526
05-01-2026,06.05,545,2043.75,3.753,0.00114693,1.74717,0.167703,0.0,3272.213648609767,10.418239387488596,0.043679249999999996,0.033631328571428476,0.03742497405,0.0,0.0,0.03742497405,0.03759719993599155,0.03777101828199035,0.03401348876660547,4.235518169007731,0.539792907782207,4.2366620878243015,1.0,0.03742497405,156320.90039814258,0.15000795047267348,1.0016771138292804,0.041283232660751526
05-01-2026,06.05,546,2047.5,3.75384,0.00121642,1.89836,0.175968,0.0,3085.9735946465858,10.788097835970175,0.047459,0.034471328571428206,0.04120472405,0.0,0.0,0.04120472405,0.04141359176998612,0.04162458778918868,0.03401348876660547,4.235518169007731,0.539792907782207,4.236690659154865,1.0,0.04120472405,172740.76192813783,0.16576470320942366,1.0016771138292804,0.041283232660751526
05-01-2026,06.05,547,2051.25,3.75332,0.00115553,1.83116,0.171491,0.0,3248.1372184192533,10.677878139377576,0.045779,0.03395132857142835,0.03952472405,0.0,0.0,0.03952472405,0.03971686735240146,0.03991088793048409,0.03401348876660547,4.235518169007731,0.539792907782207,4.236672972140707,1.0,0.03952472405,166305.27878826257,0.15958911418930308,1.0016771138292804,0.041283232660751526
05-01-2026,06.05,548,2055.0,3.75236,0.00117169,1.78076,0.173902,0.0,3202.5194377352373,10.240020241285322,0.044518999999999996,0.03299132857142828,0.03826472405,0.0,0.0,0.03826472405,0.038444784126424957,0.03862654681107797,0.03401348876660547,4.235518169007731,0.539792907782207,4.2366403191914905,1.0,0.03826472405,161592.88628125124,0.15506702955443263,1.0016771138292804,0.041283232660751526
05-01-2026,06.05,549,2058.75,3.7509,0.00119514,1.76396,0.173213,0.0,3138.460766102716,10.183762188750267,0.044099,0.031531328571428485,0.03784472405,0.0,0.0,0.03784472405,0.0380208439838831,0.03819861081877774,0.03401348876660547,4.235518169007731,0.539792907782207,4.2365906594978915,1.0,0.03784472405,160403.02978210384,0.15392522487995156,1.0016771138292804,0.041283232660751526
05-01-2026,06.05,550,2062.5,3.75005,0.00111744,1.67997,0.166326,0.0,3355.9296248568157,10.100465351177807,0.041999249999999995,0.030681328571428246,0.035744974049999996,0.0,0.0,0.035744974049999996,0.035902052163767316,0.036060516902575286,0.03401348876660547,4.235518169007731,0.539792907782207,4.2365617480324405,1.0,0.035744974049999996,152055.7685173828,0.14591506404290702,1.0016771138292804,0.041283232660751526
05-01-2026,06.05,551,2066.25,3.74887,0.00108965,1.71357,0.167703,0.0,3440.4350020648835,10.21788518988927,0.04283925,0.02950132857142851,0.03658497405,0.0,0.0,0.03658497405,0.036749538513735844,0.03691559013607491,0.03401348876660547,4.235518169007731,0.539792907782207,4.236521612115696,1.0,0.03658497405,156195.48806091634,0.14988760285681801,1.0016771138292804,0.041283232660751526
05-01-2026,06.05,552,2070.0,3.7495,0.00112611,1.54557,0.159783,0.0,3329.6036799246963,9.672931413229191,0.03863925000000001,0.030131328571428195,0.03238497405000001,0.0,0.0,0.03238497405000001,0.032513856402453134,0.032643768678861686,0.03401348876660547,4.235518169007731,0.539792907782207,4.236543040613618,1.0,0.03238497405000001,138766.37530684503,0.13316235705707954,1.0016771138292804,0.041283232660751526
05-01-2026,06.05,553,2073.75,3.74778,0.00108919,1.31037,0.146008,0.0,3440.8872648481897,8.974645224919183,0.032759250000000004,0.028411328571428474,0.026504974050000005,0.0,0.0,0.026504974050000005,0.026591241590601906,0.026678072526581158,0.03401348876660547,4.235518169007731,0.539792907782207,4.23648453741294,1.0,0.026504974050000005,113983.02575516886,0.10937987203667618,1.0016771138292804,0.041283232660751526
05-01-2026,06.05,554,2077.5,3.74703,0.00108532,1.61277,0.162882,0.0,3452.4656322559244,9.90146240836925,0.04031925000000001,0.027661328571428445,0.03406497405000001,0.0,0.0,0.03406497405000001,0.03420760446378468,0.03435143428968277,0.03401348876660547,4.235518169007731,0.539792907782207,4.236459027296365,1.0,0.03406497405000001,147024.64090588785,0.1410871162787589,1.0016771138292804,0.041283232660751526
05-01-2026,06.05,555,2081.25,3.74784,0.00110607,1.44477,0.156684,0.0,3388.429303751119,9.2209159837635,0.03611925,0.028471328571428423,0.02986497405,0.0,0.0,0.02986497405,0.029974545185328334,0.030084923288973085,0.03401348876660547,4.235518169007731,0.539792907782207,4.236486578222266,1.0,0.02986497405,129363.16825900195,0.12413889433696654,1.0016771138292804,0.041283232660751526
05-01-2026,06.05,556,2085.0,3.7473,0.00112926,1.52877,0.157028,0.0,3318.3677806705277,9.735652240364775,0.03821925,0.027931328571428438,0.031964974050000004,0.0,0.0,0.031964974050000004,0.03209052865488218,0.032217073476237014,0.03401348876660547,4.235518169007731,0.539792907782207,4.236468210938332,1.0,0.031964974050000004,138958.93431451128,0.1333471396550015,1.0016771138292804,0.041283232660751526
05-01-2026,06.05,557,2088.75,3.74702,0.00112696,1.52877,0.157028,0.0,3324.8917441612834,9.735652240364775,0.03821925,0.02765132857142838,0.031964974050000004,0.0,0.0,0.031964974050000004,0.03209052865488218,0.032217073476237014,0.03401348876660547,4.235518169007731,0.539792907782207,4.236458687161477,1.0,0.031964974050000004,139459.23610366572,0.13382723697927307,1.0016771138292804,0.041283232660751526
05-01-2026,06.05,558,2092.5,3.74747,0.00115836,1.41117,0.154962,0.0,3235.151420974481,9.106555155457468,0.03527925,0.02810132857142822,0.02902497405,0.0,0.0,0.02902497405,0.02912845746317097,0.029232681420246542,0.03401348876660547,4.235518169007731,0.539792907782207,4.236473993231423,1.0,0.02902497405,127087.4815327153,0.12195511020535861,1.0016771138292804,0.041283232660751526
05-01-2026,06.05,559,2096.25,3.74583,0.00112138,1.56237,0.160472,0.0,3340.3752519217396,9.736091031457201,0.03905925,0.026461328571428577,0.03280497405,0.0,0.0,0.03280497405,0.03293722785036099,0.03307055233400615,0.03401348876660547,4.235518169007731,0.539792907782207,4.236418211109845,1.0,0.03280497405,144153.71853916007,0.13833213483288623,1.0016771138292804,0.041283232660751526
05-01-2026,06.05,560,2100.0,3.7459,0.00108552,1.41117,0.156684,0.0,3450.7885621637556,9.006471624416022,0.03527925,0.026531328571428148,0.02902497405,0.0,0.0,0.02902497405,0.02912845746317097,0.029232681420246542,0.03401348876660547,4.235518169007731,0.539792907782207,4.236420592054059,1.0,0.02902497405,128000.1355605,0.1228309071067961,1.0016771138292804,0.041283232660751526
05-01-2026,06.05,561,2103.75,3.74549,0.00106141,1.57917,0.159783,0.0,3528.787179318077,9.883216612530743,0.03947925,0.02612132857142857,0.03322497405,0.0,0.0,0.03322497405,0.033360643005372934,0.033497424469177174,0.03401348876660547,4.235518169007731,0.539792907782207,4.2364066465236645,1.0,0.03322497405,147045.8961279851,0.14110751311818043,1.0016771138292804,0.041283232660751526
05-01-2026,06.05,562,2107.5,3.74585,0.00109537,1.39437,0.150485,0.0,3419.7120607648553,9.265840449214208,0.03485925,0.026481328571428264,0.028604974050000002,0.0,0.0,0.028604974050000002,0.028705479074845126,0.02880669284890499,0.03401348876660547,4.235518169007731,0.539792907782207,4.23641889137962,1.0,0.028604974050000002,127050.60127286533,0.12191971933837342,1.0016771138292804,0.041283232660751526
05-01-2026,06.05,563,2111.25,3.74528,0.00106588,1.36077,0.150485,0.0,3513.7914211731154,9.04256238163272,0.03401925,0.025911328571428527,0.027764974050000002,0.0,0.0,0.027764974050000002,0.02785965320992607,0.027954980295243605,0.03401348876660547,4.235518169007731,0.539792907782207,4.236399503691024,1.0,0.027764974050000002,123758.9445888907,0.11876099474322917,1.0016771138292804,0.041283232660751526
05-01-2026,06.05,564,2115.0,3.74506,0.00106877,1.31037,0.149796,0.0,3504.0841340980755,8.747696867740126,0.032759250000000004,0.025691328571428418,0.026504974050000005,0.0,0.0,0.026504974050000005,0.026591241590601906,0.026678072526581158,0.03401348876660547,4.235518169007731,0.539792907782207,4.236392020723494,1.0,0.026504974050000005,118562.71254481128,0.11377461021545653,1.0016771138292804,0.041283232660751526
05-01-2026,06.05,565,2118.75,3.74419,0.00107297,1.27677,0.144287,0.0,3489.5570239615276,8.84882213920866,0.031919249999999996,0.02482132857142849,0.025664974049999997,0.0,0.0,0.025664974049999997,0.02574585188435005,0.02582724106950445,0.03401348876660547,4.235518169007731,0.539792907782207,4.236362428988268,1.0,0.025664974049999997,115212.67510937694,0.11055986254949306,1.0016771138292804,0.041283232660751526
05-01-2026,06.05,566,2122.5,3.74321,0.00106844,1.41117,0.151174,0.0,3503.434914454719,9.334740100810986,0.03527925,0.02384132857142829,0.02902497405,0.0,0.0,0.02902497405,0.02912845746317097,0.029232681420246542,0.03401348876660547,4.235518169007731,0.539792907782207,4.2363290957692765,1.0,0.02902497405,130757.68950133781,0.12547709846015553,1.0016771138292804,0.041283232660751526
05-01-2026,06.05,567,2126.25,3.74373,0.00104716,1.20958,0.140499,0.0,3575.127010199014,8.60917159552737,0.030239500000000002,0.024361328571428142,0.023985224050000004,0.0,0.0,0.023985224050000004,0.0240558469993109,0.02412688706626038,0.03401348876660547,4.235518169007731,0.539792907782207,4.236346782783435,1.0,0.023985224050000004,108435.73633045948,0.10405660742420292,1.0016771138292804,0.041283232660751526
05-01-2026,06.05,568,2130.0,3.74329,0.00105951,1.22638,0.141187,0.0,3533.03885758511,8.686210486801192,0.030659500000000003,0.02392132857142837,0.024405224050000004,0.0,0.0,0.024405224050000004,0.024478345750318976,0.02455190693449189,0.03401348876660547,4.235518169007731,0.539792907782207,4.236331816848378,1.0,0.024405224050000004,110724.06099244501,0.10625251911410642,1.0016771138292804,0.041283232660751526
05-01-2026,06.05,569,2133.75,3.74365,0.00104795,1.42797,0.153929,0.0,3572.3555513144715,9.276809438117573,0.03569925,0.024281328571428507,0.029444974050000003,0.133111,0.0033277750000000003,0.02611719905,0.026200956832037655,0.02628525356441842,0.03401348876660547,4.235518169007731,0.539792907782207,4.236344061704334,1.0,0.029444974050000003,134059.70029784134,0.12864575902160671,1.0016771138292804,0.041283232660751526
05-01-2026,06.05,570,2137.5,3.74364,0.00109241,1.46157,0.155651,0.0,3426.9550809677685,9.390045679115456,0.03653925,0.02427132857142844,0.030284974050000003,0.0,0.0,0.030284974050000003,0.030397654532673235,0.030511176641200805,0.03401348876660547,4.235518169007731,0.539792907782207,4.236343721569446,1.0,0.030284974050000003,138369.20721813283,0.1327812284247014,1.0016771138292804,0.041283232660751526
05-01-2026,06.05,571,2141.25,3.74174,0.00103934,1.42797,0.153929,0.0,3600.1116092905118,9.276809438117573,0.03569925,0.022371328571428428,0.029444974050000003,0.0,0.0,0.029444974050000003,0.029551479497746714,0.029658758224464014,0.03401348876660547,4.235518169007731,0.539792907782207,4.236279095940789,1.0,0.029444974050000003,135003.77977831947,0.12955171227282988,1.0016771138292804,0.041283232660751526
05-01-2026,06.05,572,2145.0,3.74115,0.00104453,1.20958,0.142565,0.0,3581.658736465205,8.484410619717323,0.030239500000000002,0.02178132857142856,0.023985224050000004,0.0,0.0,0.023985224050000004,0.0240558469993109,0.02412688706626038,0.03401348876660547,4.235518169007731,0.539792907782207,4.236259027982418,1.0,0.023985224050000004,110356.61548465127,0.10589991272945701,1.0016771138292804,0.041283232660751526
05-01-2026,06.05,573,2148.75,3.74193,0.00103895,1.07518,0.132578,0.0,3601.6458924876074,8.109791971518653,0.0268795,0.02256132857142834,0.02062522405,0.0665557,0.0016638924999999999,0.018961331550000002,0.019005440649676877,0.019049755446852886,0.03401348876660547,4.235518169007731,0.539792907782207,4.236285558503655,1.0,0.02062522405,95229.26981876884,0.09138347817943143,1.0016771138292804,0.041283232660751526
05-01-2026,06.05,574,2152.5,3.74083,0.00106049,1.31037,0.14773,0.0,3527.4542899980192,8.870033168618425,0.032759250000000004,0.02146132857142824,0.026504974050000005,0.0,0.0,0.026504974050000005,0.026591241590601906,0.026678072526581158,0.03401348876660547,4.235518169007731,0.539792907782207,4.236248143666012,1.0,0.026504974050000005,122804.33667325033,0.11784493824300762,1.0016771138292804,0.041283232660751526
05-01-2026,06.05,575,2156.25,3.74234,0.00110207,1.42797,0.16116,0.0,3395.7371128875666,8.860573343261356,0.03569925,0.022971328571428362,0.029444974050000003,0.0,0.0,0.029444974050000003,0.029551479497746714,0.029658758224464014,0.03401348876660547,4.235518169007731,0.539792907782207,4.23629950403405,1.0,0.029444974050000003,136901.87641801758,0.13137315512528908,1.0016771138292804,0.041283232660751526
05-01-2026,06.05,576,2160.0,3.74187,0.00107947,1.56237,0.160472,0.0,3466.3955459623708,9.736091031457201,0.03905925,0.02250132857142839,0.03280497405,0.0,0.0,0.03280497405,0.03293722785036099,0.03307055233400615,0.03401348876660547,4.235518169007731,0.539792907782207,4.236283517694329,1.0,0.03280497405,153054.88692768,0.146873833501287,1.0016771138292804,0.041283232660751526
05-01-2026,06.05,577,2163.75,3.74055,0.00110338,1.52877,0.162538,0.0,3390.0831988979317,9.405615917508522,0.03821925,0.021181328571428182,0.031964974050000004,0.0,0.0,0.031964974050000004,0.03209052865488218,0.032217073476237014,0.03401348876660547,4.235518169007731,0.539792907782207,4.236238619889157,1.0,0.031964974050000004,149654.0650147376,0.1436103522663164,1.0016771138292804,0.041283232660751526
05-01-2026,06.05,578,2167.5,3.74064,0.0010907,1.54557,0.158061,0.0,3429.5773356560007,9.778313435951944,0.03863925000000001,0.021271328571428327,0.03238497405000001,0.0,0.0,0.03238497405000001,0.032513856402453134,0.032643768678861686,0.03401348876660547,4.235518169007731,0.539792907782207,4.236241681103146,1.0,0.03238497405000001,152146.42974169034,0.14600206395405824,1.0016771138292804,0.041283232660751526
05-01-2026,06.05,579,2171.25,3.73949,0.00106758,1.14238,0.138777,0.0,3502.7726259390397,8.231767511907591,0.0285595,0.020121328571428343,0.022305224050000003,0.0,0.0,0.022305224050000003,0.02236628758081239,0.02242768636858285,0.03401348876660547,4.235518169007731,0.539792907782207,4.236202565591065,1.0,0.022305224050000003,105154.11022142884,0.10090750832370189,1.0016771138292804,0.041283232660751526
05-01-2026,06.05,580,2175.0,3.73843,0.00104033,1.12558,0.135678,0.0,3593.5039843126706,8.295965447603887,0.0281395,0.019061328571428504,0.021885224050000002,0.0,0.0,0.021885224050000002,0.021944006588892118,0.02200310575171735,0.03401348876660547,4.235518169007731,0.539792907782207,4.236166511292972,1.0,0.021885224050000002,103530.78802153126,0.09934974326769713,1.0016771138292804,0.041283232660751526
05-01-2026,06.05,581,2178.75,3.73772,0.000957437,0.940781,0.124314,0.0,3903.880881979702,7.567779976511093,0.023519525,0.018351328571428294,0.01726524905,0.0,0.0,0.01726524905,0.017301812390231888,0.01733853092255114,0.03401348876660547,4.235518169007731,0.539792907782207,4.236142361715948,1.0,0.01726524905,81957.30095484914,0.07864749186574597,1.0016771138292804,0.041283232660751526
05-01-2026,06.05,582,2182.5,3.73762,0.000995073,0.957581,0.125347,0.0,3756.1264349449743,7.639440912028211,0.023939525,0.018251328571428527,0.01768524905,0.0,0.0,0.01768524905,0.017723614906948352,0.01776214758530797,0.03401348876660547,4.235518169007731,0.539792907782207,4.236138960367072,1.0,0.01768524905,84240.25733267156,0.08083825206725087,1.0016771138292804,0.041283232660751526
05-01-2026,06.05,583,2186.25,3.73947,0.00103934,1.36077,0.150485,0.0,3597.9275309330924,9.04256238163272,0.03401925,0.020101328571428212,0.027764974050000002,0.0,0.0,0.027764974050000002,0.02785965320992607,0.027954980295243605,0.03401348876660547,4.235518169007731,0.539792907782207,4.2362018853212895,1.0,0.027764974050000002,132707.94278738133,0.12734859163603196,1.0016771138292804,0.041283232660751526
05-01-2026,06.05,584,2190.0,3.73901,0.00103428,1.19278,0.139466,0.0,3615.0848899717676,8.552478740338147,0.0298195,0.019641328571428307,0.02356522405,0.0,0.0,0.02356522405,0.023633391813593408,0.02370195510281664,0.03401348876660547,4.235518169007731,0.539792907782207,4.236186239116456,1.0,0.02356522405,113021.171066205,0.10845686142084356,1.0016771138292804,0.041283232660751526
05-01-2026,06.05,585,2193.75,3.73771,0.00104617,1.32717,0.150485,0.0,3572.7558618580156,8.819284314051234,0.033179249999999993,0.018341328571428228,0.026924974049999995,0.0,0.0,0.026924974049999995,0.027014001848969463,0.02710362034438132,0.03401348876660547,4.235518169007731,0.539792907782207,4.236142021581061,1.0,0.026924974049999995,129577.4893724238,0.12434456018769763,1.0016771138292804,0.041283232660751526
05-01-2026,06.05,586,2197.5,3.73726,0.00104552,1.17598,0.138433,0.0,3574.5466370801128,8.494939790367903,0.029399500000000002,0.01789132857142839,0.023145224050000003,0.0,0.0,0.023145224050000003,0.023210980186428608,0.02327711101689212,0.03401348876660547,4.235518169007731,0.539792907782207,4.236126715511115,1.0,0.023145224050000003,111768.43159510032,0.10725471327521487,1.0016771138292804,0.041283232660751526
05-01-2026,06.05,587,2201.25,3.73811,0.00102896,1.20958,0.144287,0.0,3632.9011817757737,8.38315302140872,0.030239500000000002,0.018741328571428184,0.023985224050000004,0.0,0.0,0.023985224050000004,0.0240558469993109,0.02412688706626038,0.03401348876660547,4.235518169007731,0.539792907782207,4.236155626976567,1.0,0.023985224050000004,116220.4406111876,0.1115269298904478,1.0016771138292804,0.041283232660751526
05-01-2026,06.05,588,2205.0,3.7384,0.00102338,1.25997,0.143254,0.0,3652.993023119467,8.79535649964399,0.03149925,0.019031328571428308,0.02524497405,0.0,0.0,0.02524497405,0.02532322242297468,0.025401957375566567,0.03401348876660547,4.235518169007731,0.539792907782207,4.236165490888309,1.0,0.02524497405,122741.69495545125,0.11778482628307652,1.0016771138292804,0.041283232660751526
05-01-2026,06.05,589,2208.75,3.73822,0.00106332,1.15918,0.141532,0.0,3515.611481021706,8.190232597575108,0.028979500000000002,0.01885132857142846,0.022725224050000003,0.0,0.0,0.022725224050000003,0.022788612111079975,0.022852354781229524,0.03401348876660547,4.235518169007731,0.539792907782207,4.236159368460331,1.0,0.022725224050000003,110866.74542789134,0.10638944130218965,1.0016771138292804,0.041283232660751526
05-01-2026,06.05,590,2212.5,3.73726,0.00103415,1.36077,0.148763,0.0,3613.847120823865,9.147234191297567,0.03401925,0.01789132857142839,0.027764974050000002,0.0,0.0,0.027764974050000002,0.02785965320992607,0.027954980295243605,0.03401348876660547,4.235518169007731,0.539792907782207,4.236126715511115,1.0,0.027764974050000002,135913.8862519453,0.13042506450194835,1.0016771138292804,0.041283232660751526
05-01-2026,06.05,591,2216.25,3.73718,0.00108066,1.24318,0.146353,0.0,3458.238483889475,8.49439369196395,0.0310795,0.01781132857142831,0.02482522405,0.0,0.0,0.02482522405,0.024900888073356924,0.024977014734791,0.03401348876660547,4.235518169007731,0.539792907782207,4.236123994432014,1.0,0.02482522405,121935.64333230071,0.11701132669565076,1.0016771138292804,0.041283232660751526
05-01-2026,06.05,592,2220.0,3.73827,0.00105425,1.39437,0.150485,0.0,3545.904671567465,9.265840449214208,0.03485925,0.018901328571428344,0.028604974050000002,0.0,0.0,0.028604974050000002,0.028705479074845126,0.02880669284890499,0.03401348876660547,4.235518169007731,0.539792907782207,4.236161069134769,1.0,0.028604974050000002,140976.75410802002,0.13528347069503838,1.0016771138292804,0.041283232660751526
05-01-2026,06.05,593,2223.75,3.73807,0.00106082,1.10878,0.134645,0.0,3523.7552082351385,8.23483976382339,0.027719500000000005,0.018701328571428366,0.021465224050000006,0.0,0.0,0.021465224050000006,0.021521769128586818,0.021578612903409553,0.03401348876660547,4.235518169007731,0.539792907782207,4.236154266437016,1.0,0.021465224050000006,106146.90804316573,0.10186021244767492,1.0016771138292804,0.041283232660751526
05-01-2026,06.05,594,2227.5,3.73532,0.00100105,1.17598,0.144631,0.0,3731.4020278707358,8.130898631690302,0.029399500000000002,0.015951328571428558,0.023145224050000003,0.0,0.0,0.023145224050000003,0.023210980186428608,0.02327711101689212,0.03401348876660547,4.235518169007731,0.539792907782207,4.236060729342908,1.0,0.023145224050000003,114840.96008773783,0.11020315907341295,1.0016771138292804,0.041283232660751526
05-01-2026,06.05,595,2231.25,3.73612,0.00103652,1.20958,0.140499,0.0,3604.484235711805,8.60917159552737,0.030239500000000002,0.01675132857142847,0.023985224050000004,0.0,0.0,0.023985224050000004,0.0240558469993109,0.02412688706626038,0.03401348876660547,4.235518169007731,0.539792907782207,4.236087940133921,1.0,0.023985224050000004,119409.87577923635,0.11458756114004968,1.0016771138292804,0.041283232660751526
05-01-2026,06.05,596,2235.0,3.73647,0.00105885,1.24318,0.14222,0.0,3528.8001133305,8.741245956968076,0.0310795,0.017101328571428542,0.02482522405,0.0,0.0,0.02482522405,0.024900888073356924,0.024977014734791,0.03401348876660547,4.235518169007731,0.539792907782207,4.23609984485499,1.0,0.02482522405,124007.57980516125,0.11899958893705148,1.0016771138292804,0.041283232660751526
05-01-2026,06.05,597,2238.75,3.73574,0.00104854,1.02478,0.131545,0.0,3562.8016098575163,7.790337907180053,0.025619500000000003,0.0163713285714282,0.019365224050000004,0.0,0.0,0.019365224050000004,0.019411234565749835,0.019457464238201442,0.03401348876660547,4.235518169007731,0.539792907782207,4.23607501500819,1.0,0.019365224050000004,97058.5331967626,0.09313886757079669,1.0016771138292804,0.041283232660751526
05-01-2026,06.05,598,2242.5,3.73536,0.00103277,1.12558,0.137744,0.0,3616.8362752597386,8.171535602276688,0.0281395,0.015991328571428376,0.021885224050000002,0.0,0.0,0.021885224050000002,0.021944006588892118,0.02200310575171735,0.03401348876660547,4.235518169007731,0.539792907782207,4.236062089882458,1.0,0.021885224050000002,110056.55148529033,0.10561196668103914,1.0016771138292804,0.041283232660751526
05-01-2026,06.05,599,2246.25,3.73631,0.00108006,1.42797,0.155651,0.0,3459.354109956854,9.174178129276394,0.03569925,0.016941328571428382,0.029444974050000003,0.0,0.0,0.029444974050000003,0.029551479497746714,0.029658758224464014,0.03401348876660547,4.235518169007731,0.539792907782207,4.236094402696787,1.0,0.029444974050000003,148568.71126097883,0.14256883004040483,1.0016771138292804,0.041283232660751526
05-01-2026,06.05,600,2250.0,3.73546,0.00105484,1.14238,0.136711,0.0,3541.257441886921,8.356167389602884,0.0285595,0.016091328571428143,0.022305224050000003,0.0,0.0,0.022305224050000003,0.02236628758081239,0.02242768636858285,0.03401348876660547,4.235518169007731,0.539792907782207,4.236065491231336,1.0,0.022305224050000003,112920.19675312501,0.10835996491041573,1.0016771138292804,0.041283232660751526
05-01-2026,06.05,601,2253.75,3.73355,0.00102772,1.12558,0.135678,0.0,3632.8474681819953,8.295965447603887,0.0281395,0.014181328571428509,0.021885224050000002,0.0,0.0,0.021885224050000002,0.021944006588892118,0.02200310575171735,0.03401348876660547,4.235518169007731,0.539792907782207,4.236000525467791,1.0,0.021885224050000002,111163.56766993196,0.10667427651021245,1.0016771138292804,0.041283232660751526
05-01-2026,06.05,602,2257.5,3.73452,0.00102522,1.12558,0.135678,0.0,3642.652308772751,8.295965447603887,0.0281395,0.015151328571428202,0.021885224050000002,0.0,0.0,0.021885224050000002,0.021944006588892118,0.02200310575171735,0.03401348876660547,4.235518169007731,0.539792907782207,4.236033518551895,1.0,0.021885224050000002,111533.80410866532,0.10702956111529878,1.0016771138292804,0.041283232660751526
05-01-2026,06.05,603,2261.25,3.73312,0.00100026,1.10878,0.136711,0.0,3732.149641093316,8.110393457732005,0.027719500000000005,0.013751328571428356,0.021465224050000006,0.0,0.0,0.021465224050000006,0.021521769128586818,0.021578612903409553,0.03401348876660547,4.235518169007731,0.539792907782207,4.235985899667622,1.0,0.021465224050000006,109757.0904130751,0.1053245992108228,1.0016771138292804,0.041283232660751526
05-01-2026,06.05,604,2265.0,3.73229,0.00102837,1.20958,0.142565,0.0,3629.326020790182,8.484410619717323,0.030239500000000002,0.012921328571428248,0.023985224050000004,0.0,0.0,0.023985224050000004,0.0240558469993109,0.02412688706626038,0.03401348876660547,4.235518169007731,0.539792907782207,4.235957668471945,1.0,0.023985224050000004,123049.59605191127,0.11808029293091835,1.0016771138292804,0.041283232660751526
05-01-2026,06.05,605,2268.75,3.73251,0.00103455,0.856783,0.118804,0.0,3607.8584891982023,7.211735295107908,0.021419575,0.013141328571428357,0.01516529905,0.0,0.0,0.01516529905,0.015193501723263399,0.015221809488118923,0.03401348876660547,4.235518169007731,0.539792907782207,4.235965151439474,1.0,0.01516529905,78059.23009841602,0.07490684286435538,1.0016771138292804,0.041283232660751526
05-01-2026,06.05,606,2272.5,3.73343,0.0010044,1.05838,0.131545,0.0,3717.0748705694946,8.045763807062222,0.026459500000000004,0.014061328571428167,0.020205224050000005,0.0,0.0,0.020205224050000005,0.02025531787005807,0.020305660697766233,0.03401348876660547,4.235518169007731,0.539792907782207,4.235996443849139,1.0,0.020205224050000005,104344.95458286283,0.10013103007514047,1.0016771138292804,0.041283232660751526
05-01-2026,06.05,607,2276.25,3.73462,0.00101215,1.09198,0.133612,0.0,3689.789062885936,8.172768912971888,0.027299499999999997,0.015251328571428413,0.02104522405,0.0,0.0,0.02104522405,0.021099575193165517,0.0211542077964472,0.03401348876660547,4.235518169007731,0.539792907782207,4.236036919900771,1.0,0.02104522405,109041.91531872819,0.1046383061440682,1.0016771138292804,0.041283232660751526
05-01-2026,06.05,608,2280.0,3.73462,0.00102818,1.19278,0.143598,0.0,3632.262833356027,8.306383097257621,0.0298195,0.015251328571428413,0.02356522405,0.0,0.0,0.02356522405,0.023633391813593408,0.02370195510281664,0.03401348876660547,4.235518169007731,0.539792907782207,4.236036919900771,1.0,0.02356522405,122501.46070152,0.11755429378247183,1.0016771138292804,0.041283232660751526
05-01-2026,06.05,609,2283.75,3.73407,0.00103363,1.17598,0.142565,0.0,3612.578969263663,8.248728650089433,0.029399500000000002,0.014701328571428363,0.023145224050000003,0.0,0.0,0.023145224050000003,0.023210980186428608,0.02327711101689212,0.03401348876660547,4.235518169007731,0.539792907782207,4.23601821248195,1.0,0.023145224050000003,120714.24151248822,0.11583925064422698,1.0016771138292804,0.041283232660751526
05-01-2026,06.05,610,2287.5,3.73231,0.000967158,0.839983,0.117427,0.0,3859.0488834295948,7.153235627240754,0.020999575,0.012941328571428379,0.01474529905,0.0,0.0,0.01474529905,0.014771959846576265,0.014798717227912865,0.03401348876660547,4.235518169007731,0.539792907782207,4.23595834874172,1.0,0.01474529905,77157.08123210157,0.07404112687812195,1.0016771138292804,0.041283232660751526
05-01-2026,06.05,611,2291.25,3.73181,0.00099435,1.15918,0.137399,0.0,3753.014532106401,8.436597064025213,0.028979500000000002,0.012441328571428212,0.022725224050000003,0.0,0.0,0.022725224050000003,0.022788612111079975,0.022852354781229524,0.03401348876660547,4.235518169007731,0.539792907782207,4.2359413419973375,1.0,0.022725224050000003,119303.48485645384,0.11448546676728921,1.0016771138292804,0.041283232660751526
05-01-2026,06.05,612,2295.0,3.73372,0.00101511,1.27677,0.144287,0.0,3678.143255410743,8.84882213920866,0.031919249999999996,0.01435132857142829,0.025664974049999997,0.0,0.0,0.025664974049999997,0.02574585188435005,0.02582724106950445,0.03401348876660547,4.235518169007731,0.539792907782207,4.236006307760881,1.0,0.025664974049999997,135178.05994570124,0.12971895421328947,1.0016771138292804,0.041283232660751526
05-01-2026,06.05,613,2298.75,3.73176,0.000993496,1.15918,0.137399,0.0,3756.1902614605397,8.436597064025213,0.028979500000000002,0.012391328571428328,0.022725224050000003,0.0,0.0,0.022725224050000003,0.022788612111079975,0.022852354781229524,0.03401348876660547,4.235518169007731,0.539792907782207,4.235939641322899,1.0,0.022725224050000003,120085.8006943751,0.11523618912859845,1.0016771138292804,0.041283232660751526
05-01-2026,06.05,614,2302.5,3.73075,0.00101622,1.31037,0.151518,0.0,3671.203085945957,8.648279412347048,0.032759250000000004,0.011381328571428373,0.026504974050000005,0.0,0.0,0.026504974050000005,0.026591241590601906,0.026678072526581158,0.03401348876660547,4.235518169007731,0.539792907782207,4.235905287699245,1.0,0.026504974050000005,140516.28558216285,0.13484159798547057,1.0016771138292804,0.041283232660751526
05-01-2026,06.05,615,2306.25,3.73074,0.00104933,1.36077,0.148763,0.0,3555.3543689783005,9.147234191297567,0.03401925,0.011371328571428307,0.027764974050000002,0.0,0.0,0.027764974050000002,0.02785965320992607,0.027954980295243605,0.03401348876660547,4.235518169007731,0.539792907782207,4.235904947564357,1.0,0.027764974050000002,147676.04029773633,0.14171220919634994,1.0016771138292804,0.041283232660751526
05-01-2026,06.05,616,2310.0,3.72953,0.00100052,0.940781,0.12638,0.0,3727.5916523407827,7.44406551669568,0.023519525,0.010161328571428374,0.01726524905,0.0,0.0,0.01726524905,0.017301812390231888,0.01733853092255114,0.03401348876660547,4.235518169007731,0.539792907782207,4.2358637912429495,1.0,0.01726524905,92129.095455705,0.08840850297696863,1.0016771138292804,0.041283232660751526
05-01-2026,06.05,617,2313.75,3.72939,0.000999473,1.00798,0.130857,0.0,3731.3564248358884,7.702912339423952,0.025199500000000003,0.010021328571428345,0.018945224050000004,0.0,0.0,0.018945224050000004,0.018989258153832764,0.01903349743017645,0.03401348876660547,4.235518169007731,0.539792907782207,4.235859029354522,1.0,0.018945224050000004,101422.10247708448,0.09732621604959538,1.0016771138292804,0.041283232660751526
05-01-2026,06.05,618,2317.5,3.73037,0.00102942,1.00798,0.130857,0.0,3623.7590099279205,7.702912339423952,0.025199500000000003,0.011001328571428548,0.018945224050000004,0.0,0.0,0.018945224050000004,0.018989258153832764,0.01903349743017645,0.03401348876660547,4.235518169007731,0.539792907782207,4.235892362573513,1.0,0.018945224050000004,101751.12773539034,0.0976419537694172,1.0016771138292804,0.041283232660751526
05-01-2026,06.05,619,2321.25,3.72882,0.000967487,1.02478,0.131545,0.0,3854.1293061302117,7.790337907180053,0.025619500000000003,0.009451328571428164,0.019365224050000004,0.0,0.0,0.019365224050000004,0.019411234565749835,0.019457464238201442,0.03401348876660547,4.235518169007731,0.539792907782207,4.235839641665925,1.0,0.019365224050000004,104343.7304843726,0.10012985541132247,1.0016771138292804,0.041283232660751526
05-01-2026,06.05,620,2325.0,3.73003,0.00100184,1.12558,0.137744,0.0,3723.1793499960077,8.171535602276688,0.0281395,0.010661328571428541,0.021885224050000002,0.0,0.0,0.021885224050000002,0.021944006588892118,0.02200310575171735,0.03401348876660547,4.235518169007731,0.539792907782207,4.235880797987333,1.0,0.021885224050000002,118303.31425528126,0.11352568761029364,1.0016771138292804,0.041283232660751526
05-01-2026,06.05,621,2328.75,3.73071,0.00103744,1.24318,0.144287,0.0,3596.0730259099328,8.616022233465246,0.0310795,0.011341328571428555,0.02482522405,0.0665557,0.0016638924999999999,0.02316133155,0.023227179372054676,0.02329340267320478,0.03401348876660547,4.235518169007731,0.539792907782207,4.235903927159694,1.0,0.02482522405,134629.09070436633,0.1291921548502136,1.0016771138292804,0.041283232660751526
05-01-2026,06.05,622,2332.5,3.7309,0.00104624,1.04158,0.132578,0.0,3566.0077993577,7.856356258202718,0.0260395,0.011531328571428467,0.01978522405,0.0,0.0,0.01978522405,0.019833254468916924,0.01988151865167935,0.03401348876660547,4.235518169007731,0.539792907782207,4.23591038972256,1.0,0.01978522405,107642.62436287782,0.1032955249301202,1.0016771138292804,0.041283232660751526
05-01-2026,06.05,623,2336.25,3.72904,0.000976813,0.957581,0.127413,0.0,3817.557710636529,7.515567485264455,0.023939525,0.009671328571428273,0.01768524905,0.0665557,0.0016638924999999999,0.01602135655,0.01605283638756545,0.016084440176076985,0.03401348876660547,4.235518169007731,0.539792907782207,4.2358471246334535,1.0,0.01768524905,96527.22227616727,0.09262901340504368,1.0016771138292804,0.041283232660751526
05-01-2026,06.05,624,2340.0,3.73096,0.00101688,1.14238,0.136711,0.0,3669.02682715758,8.356167389602884,0.0285595,0.011591328571428416,0.022305224050000003,0.0,0.0,0.022305224050000003,0.02236628758081239,0.02242768636858285,0.03401348876660547,4.235518169007731,0.539792907782207,4.235912430531886,1.0,0.022305224050000003,122134.48480818002,0.11720213804710566,1.0016771138292804,0.041283232660751526
05-01-2026,06.05,625,2343.75,3.73174,0.00103882,1.24318,0.14222,0.0,3592.287403014959,8.741245956968076,0.0310795,0.012371328571428197,0.02482522405,0.0,0.0,0.02482522405,0.024900888073356924,0.024977014734791,0.03401348876660547,4.235518169007731,0.539792907782207,4.235938961053123,1.0,0.02482522405,136369.0285949707,0.13086182612420538,1.0016771138292804,0.041283232660751526
05-01-2026,06.05,626,2347.5,3.73003,0.00100447,1.32717,0.146697,0.0,3713.4309635927407,9.04701527638602,0.033179249999999993,0.010661328571428541,0.026924974049999995,0.0,0.0,0.026924974049999995,0.027014001848969463,0.02710362034438132,0.03401348876660547,4.235518169007731,0.539792907782207,4.235880797987333,1.0,0.026924974049999995,148376.96902712528,0.142384831231249,1.0016771138292804,0.041283232660751526
05-01-2026,06.05,627,2351.25,3.72874,0.00101997,0.806384,0.11536,0.0,3655.734972597233,6.990152565880721,0.020159600000000003,0.009371328571428528,0.013905324050000004,0.0,0.0,0.013905324050000004,0.013929031423947885,0.013952819773994245,0.03401348876660547,4.235518169007731,0.539792907782207,4.235836920586824,1.0,0.013905324050000004,76873.8675719876,0.07376935067550697,1.0016771138292804,0.041283232660751526
05-01-2026,06.05,628,2355.0,3.72802,0.0010065,1.20958,0.140499,0.0,3703.9443616492795,8.60917159552737,0.030239500000000002,0.008651328571428252,0.023985224050000004,0.0,0.0,0.023985224050000004,0.0240558469993109,0.02412688706626038,0.03401348876660547,4.235518169007731,0.539792907782207,4.235812430874912,1.0,0.023985224050000004,133022.65221190127,0.12765059166063797,1.0016771138292804,0.041283232660751526
05-01-2026,06.05,629,2358.75,3.72725,0.000971887,1.02478,0.129479,0.0,3835.065187619549,7.9146425289043005,0.025619500000000003,0.007881328571428536,0.019365224050000004,0.0665557,0.0016638924999999999,0.017701331550000005,0.017739767292301215,0.01777837031252812,0.03401348876660547,4.235518169007731,0.539792907782207,4.235786240488562,1.0,0.019365224050000004,107742.3273051476,0.10339120141348161,1.0016771138292804,0.041283232660751526
05-01-2026,06.05,630,2362.5,3.7275,0.000957963,0.907182,0.121903,0.0,3891.0688617410065,7.441834901520061,0.022679550000000003,0.008131328571428398,0.016425274050000004,0.0,0.0,0.016425274050000004,0.01645836282386307,0.016491585181740383,0.03401348876660547,4.235518169007731,0.539792907782207,4.235794743860753,1.0,0.016425274050000004,91676.12724063284,0.08797382768147598,1.0016771138292804,0.041283232660751526
05-01-2026,06.05,631,2366.25,3.72776,0.000969129,1.10878,0.134645,0.0,3846.5054703759765,8.23483976382339,0.027719500000000005,0.008391328571428325,0.021465224050000006,0.0,0.0,0.021465224050000006,0.021521769128586818,0.021578612903409553,0.03401348876660547,4.235518169007731,0.539792907782207,4.235803587367832,1.0,0.021465224050000006,120186.77446366948,0.11533308511720121,1.0016771138292804,0.041283232660751526
05-01-2026,06.05,632,2370.0,3.72779,0.000999473,1.24318,0.146353,0.0,3729.7555811912875,8.49439369196395,0.0310795,0.008421328571428521,0.02482522405,0.0,0.0,0.02482522405,0.024900888073356924,0.024977014734791,0.03401348876660547,4.235518169007731,0.539792907782207,4.235804607772495,1.0,0.02482522405,139440.800966445,0.1338095463368566,1.0016771138292804,0.041283232660751526
05-01-2026,06.05,633,2373.75,3.72743,0.000986206,0.722386,0.109162,0.0,3779.565324080364,6.617559223905754,0.018059649999999997,0.008061328571428383,0.011805374049999998,0.0,0.0,0.011805374049999998,0.01182245723805797,0.011839589938860012,0.03401348876660547,4.235518169007731,0.539792907782207,4.2357923629165395,1.0,0.011805374049999998,66519.61203825631,0.06383324713893967,1.0016771138292804,0.041283232660751526
05-01-2026,06.05,634,2377.5,3.72642,0.000985877,1.00798,0.128446,0.0,3779.8021457037744,7.847500116780593,0.025199500000000003,0.007051328571428428,0.018945224050000004,0.0,0.0,0.018945224050000004,0.018989258153832764,0.01903349743017645,0.03401348876660547,4.235518169007731,0.539792907782207,4.235758009292885,1.0,0.018945224050000004,107087.99735027534,0.102763296282349,1.0016771138292804,0.041283232660751526
05-01-2026,06.05,635,2381.25,3.72667,0.000988242,0.99118,0.129824,0.0,3771.009530054379,7.634797880207049,0.0247795,0.007301328571428289,0.01852522405,0.0,0.0,0.01852522405,0.01856732522644308,0.018609618200459546,0.03401348876660547,4.235518169007731,0.539792907782207,4.2357665126650765,1.0,0.01852522405,105044.53313758007,0.10080235646157047,1.0016771138292804,0.041283232660751526
05-01-2026,06.05,636,2385.0,3.7271,0.000986337,1.09198,0.133612,0.0,3778.728771200918,8.172768912971888,0.027299499999999997,0.007731328571428442,0.02104522405,0.0,0.0,0.02104522405,0.021099575193165517,0.0211542077964472,0.03401348876660547,4.235518169007731,0.539792907782207,4.235781138465247,1.0,0.02104522405,119709.96957181123,0.11487553577849582,1.0016771138292804,0.041283232660751526
05-01-2026,06.05,637,2388.75,3.72594,0.000986666,1.14238,0.136711,0.0,3776.293092089927,8.356167389602884,0.0285595,0.006571328571428392,0.022305224050000003,0.0,0.0,0.022305224050000003,0.02236628758081239,0.02242768636858285,0.03401348876660547,4.235518169007731,0.539792907782207,4.2357416828182775,1.0,0.022305224050000003,127276.43143421884,0.12213642944926245,1.0016771138292804,0.041283232660751526
05-01-2026,06.05,638,2392.5,3.72658,0.000986271,1.09198,0.135678,0.0,3778.4544004639697,8.04832028774009,0.027299499999999997,0.007211328571428144,0.02104522405,0.0,0.0,0.02104522405,0.021099575193165517,0.0211542077964472,0.03401348876660547,4.235518169007731,0.539792907782207,4.235763451451088,1.0,0.02104522405,120464.04625605281,0.11559915941176689,1.0016771138292804,0.041283232660751526
05-01-2026,06.05,639,2396.25,3.72918,0.00101451,1.14238,0.138777,0.0,3675.8435106603188,8.231767511907591,0.0285595,0.009811328571428302,0.022305224050000003,0.0,0.0,0.022305224050000003,0.02236628758081239,0.02242768636858285,0.03401348876660547,4.235518169007731,0.539792907782207,4.235851886521881,1.0,0.022305224050000003,128076.91016231322,0.12290458120051628,1.0016771138292804,0.041283232660751526
05-01-2026,06.05,640,2400.0,3.72841,0.00101839,0.957581,0.129824,0.0,3661.082689342982,7.375993652945526,0.023939525,0.009041328571428142,0.01768524905,0.0,0.0,0.01768524905,0.017723614906948352,0.01776214758530797,0.03401348876660547,4.235518169007731,0.539792907782207,4.235825696135531,1.0,0.01768524905,101867.034528,0.09775317971784095,1.0016771138292804,0.041283232660751526
05-01-2026,06.05,641,2403.75,3.72762,0.00102167,1.17598,0.138433,0.0,3648.555795902787,8.494939790367903,0.029399500000000002,0.008251328571428296,0.023145224050000003,0.0,0.0,0.023145224050000003,0.023210980186428608,0.02327711101689212,0.03401348876660547,4.235518169007731,0.539792907782207,4.235798825479405,1.0,0.023145224050000003,133733.43004061322,0.1283326650433714,1.0016771138292804,0.041283232660751526
05-01-2026,06.05,642,2407.5,3.72755,0.000986206,0.974381,0.12638,0.0,3779.687002512659,7.70993036872923,0.024359525000000003,0.008181328571428281,0.018105249050000004,0.0,0.0,0.018105249050000004,0.018145460888033,0.01818585174500728,0.03401348876660547,4.235518169007731,0.539792907782207,4.235796444535191,1.0,0.018105249050000004,104939.04191405908,0.10070112545411763,1.0016771138292804,0.041283232660751526
05-01-2026,06.05,643,2411.25,3.72626,0.000986206,1.10878,0.134645,0.0,3778.378959365487,8.23483976382339,0.027719500000000005,0.006891328571428268,0.021465224050000006,0.0,0.0,0.021465224050000006,0.021521769128586818,0.021578612903409553,0.03401348876660547,4.235518169007731,0.539792907782207,4.235752567134683,1.0,0.021465224050000006,124801.52931911885,0.11976147515357286,1.0016771138292804,0.041283232660751526
05-01-2026,06.05,644,2415.0,3.72696,0.000978258,0.99118,0.127413,0.0,3809.792508724692,7.779268991390203,0.0247795,0.007591328571428413,0.01852522405,0.0,0.0,0.01852522405,0.01856732522644308,0.018609618200459546,0.03401348876660547,4.235518169007731,0.539792907782207,4.235776376576819,1.0,0.01852522405,108043.27483501125,0.10367999531141643,1.0016771138292804,0.041283232660751526
05-01-2026,06.05,645,2418.75,3.72526,0.000977273,0.839983,0.117427,0.0,3811.8928897043097,7.153235627240754,0.020999575,0.005891328571428378,0.01474529905,0.0,0.0,0.01474529905,0.014771959846576265,0.014798717227912865,0.03401348876660547,4.235518169007731,0.539792907782207,4.235718553645916,1.0,0.01474529905,86265.18333669727,0.08278140233665865,1.0016771138292804,0.041283232660751526
05-01-2026,06.05,646,2422.5,3.72596,0.000971296,1.10878,0.134645,0.0,3836.0705696306795,8.23483976382339,0.027719500000000005,0.006591328571428523,0.021465224050000006,0.0,0.0,0.021465224050000006,0.021521769128586818,0.021578612903409553,0.03401348876660547,4.235518169007731,0.539792907782207,4.235742363088052,1.0,0.021465224050000006,125968.80149507534,0.12088160756269434,1.0016771138292804,0.041283232660751526
05-01-2026,06.05,647,2426.25,3.72439,0.00096151,0.705586,0.107785,0.0,3873.4802550155487,6.5462355615345365,0.01763965,0.005021328571428452,0.01138537405,0.0,0.0,0.01138537405,0.011401262504923121,0.011417195366956437,0.03401348876660547,4.235518169007731,0.539792907782207,4.2356889619106886,1.0,0.01138537405,67022.15689260633,0.06431549694321811,1.0016771138292804,0.041283232660751526
05-01-2026,06.05,648,2430.0,3.72222,0.00092394,0.621588,0.101242,0.0,4028.6382232612505,6.139625846980502,0.0155397,0.0028513285714284464,0.009285424050000001,0.0,0.0,0.009285424050000001,0.009295989275572285,0.009306578571374317,0.03401348876660547,4.235518169007731,0.539792907782207,4.235615152640065,1.0,0.009285424050000001,54829.50047284501,0.05261523552144081,1.0016771138292804,0.041283232660751526
05-01-2026,06.05,649,2433.75,3.7246,0.000950278,1.07518,0.136711,0.0,3919.4846139761207,7.864619525861123,0.0268795,0.005231328571428495,0.02062522405,0.0,0.0,0.02062522405,0.020677424775898665,0.020729890403629346,0.03401348876660547,4.235518169007731,0.539792907782207,4.23569610474333,1.0,0.02062522405,122166.07024336947,0.11723244791856552,1.0016771138292804,0.041283232660751526
05-01-2026,06.05,650,2437.5,3.72472,0.00095816,0.739185,0.110539,0.0,3887.367454287384,6.687096861741105,0.018479625,0.005351328571428393,0.01222534905,0.0,0.0,0.01222534905,0.012243670266661958,0.012262046479017307,0.03401348876660547,4.235518169007731,0.539792907782207,4.235700186361982,1.0,0.01222534905,72635.76525410157,0.0697024022317586,1.0016771138292804,0.041283232660751526
05-01-2026,06.05,651,2441.25,3.72358,0.000929391,0.957581,0.125347,0.0,4006.473056011948,7.639440912028211,0.023939525,0.004211328571428474,0.01768524905,0.0,0.0,0.01768524905,0.017723614906948352,0.01776214758530797,0.03401348876660547,4.235518169007731,0.539792907782207,4.235661410984788,1.0,0.01768524905,105398.80639648665,0.10114232255273611,1.0016771138292804,0.041283232660751526
05-01-2026,06.05,652,2445.0,3.72418,0.00095481,0.722386,0.109162,0.0,3900.440925419717,6.617559223905754,0.018059649999999997,0.004811328571428408,0.011805374049999998,0.0,0.0,0.011805374049999998,0.01182245723805797,0.011839589938860012,0.03401348876660547,4.235518169007731,0.539792907782207,4.235681819078048,1.0,0.011805374049999998,70572.82120525124,0.06772276925933034,1.0016771138292804,0.041283232660751526
05-01-2026,06.05,653,2448.75,3.72434,0.000990803,1.14238,0.138777,0.0,3758.910701723754,8.231767511907591,0.0285595,0.004971328571428568,0.022305224050000003,0.0,0.0,0.022305224050000003,0.02236628758081239,0.02242768636858285,0.03401348876660547,4.235518169007731,0.539792907782207,4.235687261236251,1.0,0.022305224050000003,133750.52271473134,0.1283490674374596,1.0016771138292804,0.041283232660751526
05-01-2026,06.05,654,2452.5,3.72484,0.00100992,1.05838,0.131545,0.0,3688.2525348542454,8.045763807062222,0.026459500000000004,0.005471328571428291,0.020205224050000005,0.0,0.0,0.020205224050000005,0.02025531787005807,0.020305660697766233,0.03401348876660547,4.235518169007731,0.539792907782207,4.235704267980634,1.0,0.020205224050000005,121529.49763738785,0.11662158301369906,1.0016771138292804,0.041283232660751526
05-01-2026,06.05,655,2456.25,3.72371,0.000967881,0.923982,0.123281,0.0,3847.280812413923,7.494926225452422,0.02309955,0.004341328571428438,0.01684527405,0.0,0.0,0.01684527405,0.016880078434579237,0.016915026937105213,0.03401348876660547,4.235518169007731,0.539792907782207,4.235665832738328,1.0,0.01684527405,101630.30202142383,0.09752600754808435,1.0016771138292804,0.041283232660751526
05-01-2026,06.05,656,2460.0,3.72425,0.000948111,0.806384,0.11536,0.0,3928.073822579846,6.990152565880721,0.020159600000000003,0.004881328571428423,0.013905324050000004,0.0,0.0,0.013905324050000004,0.013929031423947885,0.013952819773994245,0.03401348876660547,4.235518169007731,0.539792907782207,4.235684200022262,1.0,0.013905324050000004,84149.45902098002,0.08075112060492858,1.0016771138292804,0.041283232660751526
05-01-2026,06.05,657,2463.75,3.72416,0.000962035,0.923982,0.125347,0.0,3871.1273498365445,7.371393012995924,0.02309955,0.004791328571428277,0.01684527405,0.0,0.0,0.01684527405,0.016880078434579237,0.016915026937105213,0.03401348876660547,4.235518169007731,0.539792907782207,4.235681138808273,1.0,0.01684527405,102251.89263386883,0.09812249550054906,1.0016771138292804,0.041283232660751526
05-01-2026,06.05,658,2467.5,3.72292,0.000979638,0.940781,0.124314,0.0,3800.301744113642,7.567779976511093,0.023519525,0.0035513285714281473,0.01726524905,0.0,0.0,0.01726524905,0.017301812390231888,0.01733853092255114,0.03401348876660547,4.235518169007731,0.539792907782207,4.235638962082202,1.0,0.01726524905,105120.44001118407,0.10087519786989861,1.0016771138292804,0.041283232660751526
05-01-2026,06.05,659,2471.25,3.72216,0.000963217,0.940781,0.124314,0.0,3864.300567784829,7.567779976511093,0.023519525,0.0027913285714284974,0.01726524905,0.0,0.0,0.01726524905,0.017301812390231888,0.01733853092255114,0.03401348876660547,4.235518169007731,0.539792907782207,4.235613111830739,1.0,0.01726524905,105440.19781898039,0.1011820424010713,1.0016771138292804,0.041283232660751526
05-01-2026,06.05,660,2475.0,3.72302,0.000940426,0.923982,0.125347,0.0,3958.8654503384637,7.371393012995924,0.02309955,0.0036513285714283583,0.01684527405,0.0,0.0,0.01684527405,0.016880078434579237,0.016915026937105213,0.03401348876660547,4.235518169007731,0.539792907782207,4.2356423634310785,1.0,0.01684527405,103187.83185253125,0.09902063723080366,1.0016771138292804,0.041283232660751526
05-01-2026,06.05,661,2478.75,3.72296,0.000933661,0.823184,0.116394,0.0,3987.485821941797,7.0723920477000535,0.0205796,0.0035913285714284093,0.014325324050000001,0.0,0.0,0.014325324050000001,0.01435048647516951,0.014375737451455716,0.03401348876660547,4.235518169007731,0.539792907782207,4.2356403226217525,1.0,0.014325324050000001,88017.67841132883,0.08446312367839459,1.0016771138292804,0.041283232660751526
05-01-2026,06.05,662,2482.5,3.72321,0.000969129,0.823184,0.116394,0.0,3841.810532963104,7.0723920477000535,0.0205796,0.0038413285714282708,0.014325324050000001,0.0,0.0,0.014325324050000001,0.01435048647516951,0.014375737451455716,0.03401348876660547,4.235518169007731,0.539792907782207,4.235648825993945,1.0,0.014325324050000001,88284.19658861532,0.08471887863781864,1.0016771138292804,0.041283232660751526
05-01-2026,06.05,663,2486.25,3.72247,0.000976616,0.99118,0.129824,0.0,3811.60046528011,7.634797880207049,0.0247795,0.003101328571428308,0.01852522405,0.0,0.0,0.01852522405,0.01856732522644308,0.018609618200459546,0.03401348876660547,4.235518169007731,0.539792907782207,4.235623656012257,1.0,0.01852522405,114512.54358423446,0.1098880055241021,1.0016771138292804,0.041283232660751526
05-01-2026,06.05,664,2490.0,3.72281,0.000936288,0.789584,0.113983,0.0,3976.1376841313786,6.927208443364361,0.0197396,0.003441328571428315,0.01348532405,0.0,0.0,0.01348532405,0.013507619776691545,0.013529989349982348,0.03401348876660547,4.235518169007731,0.539792907782207,4.2356352205984376,1.0,0.01348532405,83610.357642405,0.08023379059537092,1.0016771138292804,0.041283232660751526
05-01-2026,06.05,665,2493.75,3.7217,0.000945483,0.671987,0.108129,0.0,3936.294994198732,6.214678763328987,0.016799675,0.0023313285714281484,0.010545399050000001,0.0665557,0.0016638924999999999,0.008881506550000001,0.00889117211120917,0.00890085873300173,0.03401348876660547,4.235518169007731,0.539792907782207,4.235597465625907,1.0,0.010545399050000001,65579.6122718379,0.06293120884434134,1.0016771138292804,0.041283232660751526
05-01-2026,06.05,666,2497.5,3.72216,0.000988111,0.890382,0.12087,0.0,3766.9452116209613,7.36644328617523,0.022259550000000003,0.0027913285714284974,0.016005274050000004,0.0,0.0,0.016005274050000004,0.016036690657368336,0.01606823084205318,0.03401348876660547,4.235518169007731,0.539792907782207,4.235613111830739,1.0,0.016005274050000004,99832.99691983784,0.09580128581237077,1.0016771138292804,0.041283232660751526
05-01-2026,06.05,667,2501.25,3.72235,0.000965713,0.671987,0.108129,0.0,3854.5095696133326,6.214678763328987,0.016799675,0.00298132857142841,0.010545399050000001,0.0,0.0,0.010545399050000001,0.010559028187896561,0.010572692600661704,0.03401348876660547,4.235518169007731,0.539792907782207,4.235619574393605,1.0,0.010545399050000001,65974.66928374852,0.0633103116548141,1.0016771138292804,0.041283232660751526
05-01-2026,06.05,668,2505.0,3.72132,0.000942987,0.789584,0.113983,0.0,3946.31103079894,6.927208443364361,0.0197396,0.0019513285714283235,0.01348532405,0.0,0.0,0.01348532405,0.013507619776691545,0.013529989349982348,0.03401348876660547,4.235518169007731,0.539792907782207,4.2355845405001755,1.0,0.01348532405,84620.74554685125,0.08120337443439903,1.0016771138292804,0.041283232660751526
05-01-2026,06.05,669,2508.75,3.72063,0.000924991,0.722386,0.109162,0.0,4022.341839001677,6.617559223905754,0.018059649999999997,0.001261328571428244,0.011805374049999998,0.0,0.0,0.011805374049999998,0.01182245723805797,0.011839589938860012,0.03401348876660547,4.235518169007731,0.539792907782207,4.235561071192927,1.0,0.011805374049999998,74300.9767761382,0.07130036492828848,1.0016771138292804,0.041283232660751526
05-01-2026,06.05,670,2512.5,3.72202,0.000951132,0.940781,0.12638,0.0,3913.25283977408,7.44406551669568,0.023519525,0.0026513285714284685,0.01726524905,0.0,0.0,0.01726524905,0.017301812390231888,0.01733853092255114,0.03401348876660547,4.235518169007731,0.539792907782207,4.2356083499423125,1.0,0.01726524905,108989.58232328907,0.10458808659333682,1.0016771138292804,0.041283232660751526
05-01-2026,06.05,671,2516.25,3.72173,0.000931362,0.739185,0.110539,0.0,3996.007996890575,6.687096861741105,0.018479625,0.002361328571428345,0.01222534905,0.0,0.0,0.01222534905,0.012243670266661958,0.012262046479017307,0.03401348876660547,4.235518169007731,0.539792907782207,4.23559848603057,1.0,0.01222534905,77404.96942904602,0.07427900422066087,1.0016771138292804,0.041283232660751526
05-01-2026,06.05,672,2520.0,3.72171,0.000929654,0.722386,0.109162,0.0,4003.3281199241865,6.617559223905754,0.018059649999999997,0.002341328571428214,0.011805374049999998,0.0,0.0,0.011805374049999998,0.01182245723805797,0.011839589938860012,0.03401348876660547,4.235518169007731,0.539792907782207,4.235597805760794,1.0,0.011805374049999998,74968.84736711999,0.07194126386297336,1.0016771138292804,0.041283232660751526
05-01-2026,06.05,673,2523.75,3.72341,0.000956124,0.873583,0.119837,0.0,3894.275219532194,7.289760257683353,0.021839575,0.004041328571428249,0.015585299050000001,0.0,0.0,0.015585299050000001,0.015615087024037676,0.01564498908283836,0.03401348876660547,4.235518169007731,0.539792907782207,4.235655628691697,1.0,0.015585299050000001,99267.6644074329,0.09525878400163759,1.0016771138292804,0.041283232660751526
05-01-2026,06.05,674,2527.5,3.72232,0.00093747,0.940781,0.12638,0.0,3970.6017259218956,7.44406551669568,0.023519525,0.0029513285714282134,0.01726524905,0.0,0.0,0.01726524905,0.017301812390231888,0.01733853092255114,0.03401348876660547,4.235518169007731,0.539792907782207,4.235618553988942,1.0,0.01726524905,110294.83515146907,0.10584062736750875,1.0016771138292804,0.041283232660751526
05-01-2026,06.05,675,2531.25,3.72021,0.000914219,0.739185,0.11295,0.0,4069.2766175281854,6.544355909694556,0.018479625,0.0008413285714281571,0.01222534905,0.0665557,0.0016638924999999999,0.01056145655,0.010575127252631501,0.010588833391725809,0.03401348876660547,4.235518169007731,0.539792907782207,4.235546785527645,1.0,0.01222534905,78330.58116899415,0.07516723554282842,1.0016771138292804,0.041283232660751526
05-01-2026,06.05,676,2535.0,3.72109,0.000968406,0.839983,0.117427,0.0,3842.4896169581766,7.153235627240754,0.020999575,0.001721328571428149,0.01474529905,0.0,0.0,0.01474529905,0.014771959846576265,0.014798717227912865,0.03401348876660547,4.235518169007731,0.539792907782207,4.235576717397759,1.0,0.01474529905,94756.60938758626,0.09092990592920358,1.0016771138292804,0.041283232660751526
05-01-2026,06.05,677,2538.75,3.71996,0.000945812,0.739185,0.110539,0.0,3933.0860678443496,6.687096861741105,0.018479625,0.0005913285714282956,0.01222534905,0.0,0.0,0.01222534905,0.012243670266661958,0.012262046479017307,0.03401348876660547,4.235518169007731,0.539792907782207,4.235538282155453,1.0,0.01222534905,78795.4500666204,0.07561333091711168,1.0016771138292804,0.041283232660751526
05-01-2026,06.05,678,2542.5,3.71832,0.000900754,0.739185,0.11295,0.0,4128.008313035523,6.544355909694556,0.018479625,-0.0010486714285717902,0.01222534905,0.0,0.0,0.01222534905,0.012243670266661958,0.012262046479017307,0.03401348876660547,4.235518169007731,0.539792907782207,4.235482500033876,1.0,0.01222534905,79028.40027234657,0.07583687353255318,1.0016771138292804,0.041283232660751526
05-01-2026,06.05,679,2546.25,3.72035,0.00096348,0.839983,0.117427,0.0,3861.36712749616,7.153235627240754,0.020999575,0.000981328571428186,0.01474529905,0.0,0.0,0.01474529905,0.014771959846576265,0.014798717227912865,0.03401348876660547,4.235518169007731,0.539792907782207,4.235551547416072,1.0,0.01474529905,95599.51058406165,0.09173876693635102,1.0016771138292804,0.041283232660751526
05-01-2026,06.05,680,2550.0,3.72117,0.000958291,0.789584,0.113983,0.0,3883.13153311468,6.927208443364361,0.0197396,0.001801328571428229,0.01348532405,0.0,0.0,0.01348532405,0.013507619776691545,0.013529989349982348,0.03401348876660547,4.235518169007731,0.539792907782207,4.235579438476861,1.0,0.01348532405,87688.31963512501,0.08414706590964653,1.0016771138292804,0.041283232660751526
05-01-2026,06.05,681,2553.75,3.72135,0.000957109,0.655187,0.103997,0.0,3888.1151467596687,6.300056732405742,0.016379675,0.00198132857142852,0.010125399050000001,0.0,0.0,0.010125399050000001,0.010137963523370366,0.010150559217659037,0.03401348876660547,4.235518169007731,0.539792907782207,4.2355855609048385,1.0,0.010125399050000001,66034.19796788039,0.06336743629955588,1.0016771138292804,0.041283232660751526
05-01-2026,06.05,682,2557.5,3.72073,0.000963546,0.940781,0.124314,0.0,3861.4970120783023,7.567779976511093,0.023519525,0.001361328571428455,0.01726524905,0.0,0.0,0.01726524905,0.017301812390231888,0.01733853092255114,0.03401348876660547,4.235518169007731,0.539792907782207,4.235564472541803,1.0,0.01726524905,112928.64889404656,0.1083680757153914,1.0016771138292804,0.041283232660751526
05-01-2026,06.05,683,2561.25,3.72041,0.000961707,0.755985,0.111572,0.0,3868.5483208503215,6.77575915104148,0.018899625,0.0010413285714285792,0.01264534905,0.0,0.0,0.01264534905,0.012664951744827006,0.012684615309820997,0.03401348876660547,4.235518169007731,0.539792907782207,4.235553588225398,1.0,0.01264534905,82953.5095263579,0.07960346899788073,1.0016771138292804,0.041283232660751526
05-01-2026,06.05,684,2565.0,3.71971,0.000963152,1.05838,0.133612,0.0,3862.017625463063,7.921294494506482,0.026459500000000004,0.0003413285714284342,0.020205224050000005,0.0,0.0,0.020205224050000005,0.02025531787005807,0.020305660697766233,0.03401348876660547,4.235518169007731,0.539792907782207,4.2355297787832615,1.0,0.020205224050000005,132934.71520036127,0.12756620594613524,1.0016771138292804,0.041283232660751526
05-01-2026,06.05,685,2568.75,3.71921,0.000925779,0.705586,0.107785,0.0,4017.3842785373186,6.5462355615345365,0.01763965,-0.00015867142857173278,0.01138537405,0.0,0.0,0.01138537405,0.011401262504923121,0.011417195366956437,0.03401348876660547,4.235518169007731,0.539792907782207,4.235512772038878,1.0,0.01138537405,75126.1238242207,0.07209218878041686,1.0016771138292804,0.041283232660751526
05-01-2026,06.05,686,2572.5,3.71853,0.000943841,0.671987,0.105374,0.0,3939.784349270693,6.377161349099398,0.016799675,-0.0008386714285717467,0.010545399050000001,0.0,0.0,0.010545399050000001,0.010559028187896561,0.010572692600661704,0.03401348876660547,4.235518169007731,0.539792907782207,4.235489642866517,1.0,0.010545399050000001,69786.88047188157,0.06696856839236057,1.0016771138292804,0.041283232660751526
05-01-2026,06.05,687,2576.25,3.72014,0.000958357,0.823184,0.116394,0.0,3881.7893540716036,7.0723920477000535,0.0205796,0.0007713285714281426,0.014325324050000001,0.0,0.0,0.014325324050000001,0.01435048647516951,0.014375737451455716,0.03401348876660547,4.235518169007731,0.539792907782207,4.235544404583431,1.0,0.014325324050000001,95078.09343592195,0.09123840698746047,1.0016771138292804,0.041283232660751526
05-01-2026,06.05,688,2580.0,3.72038,0.000938455,0.755985,0.111572,0.0,3964.3669648518044,6.77575915104148,0.018899625,0.0010113285714283826,0.01264534905,0.0,0.0,0.01264534905,0.012664951744827006,0.012684615309820997,0.03401348876660547,4.235518169007731,0.539792907782207,4.235552567820735,1.0,0.01264534905,84172.50141642001,0.08077323244349355,1.0016771138292804,0.041283232660751526
05-01-2026,06.05,689,2583.75,3.71881,0.000938258,0.755985,0.111572,0.0,3963.5260237589237,6.77575915104148,0.018899625,-0.0005586714285716887,0.01264534905,0.0,0.0,0.01264534905,0.012664951744827006,0.012684615309820997,0.03401348876660547,4.235518169007731,0.539792907782207,4.235499166643371,1.0,0.01264534905,84417.36674575853,0.0810082089955882,1.0016771138292804,0.041283232660751526
05-01-2026,06.05,690,2587.5,3.71907,0.000902068,0.688786,0.106751,0.0,4122.826660517832,6.452267426066267,0.017219650000000003,-0.00029867142857176177,0.010965374050000004,0.0,0.0,0.010965374050000004,0.010980111135547135,0.01099488788667557,0.03401348876660547,4.235518169007731,0.539792907782207,4.2355080101504505,1.0,0.010965374050000004,73414.89260444534,0.07045006487114078,1.0016771138292804,0.041283232660751526
05-01-2026,06.05,691,2591.25,3.71994,0.000935762,0.587988,0.0988312,0.0,3975.3056867023874,5.949416783363958,0.014699699999999998,0.0005713285714281646,0.008445424049999999,0.0,0.0,0.008445424049999999,0.008454163286858924,0.00846292062899559,0.03401348876660547,4.235518169007731,0.539792907782207,4.235537601885677,1.0,0.008445424049999999,56707.44638650382,0.05441734142595515,1.0016771138292804,0.041283232660751526
05-01-2026,06.05,692,2595.0,3.71961,0.000934449,0.705586,0.107785,0.0,3980.5382637254684,6.5462355615345365,0.01763965,0.00024132857142822317,0.01138537405,0.0,0.0,0.01138537405,0.011401262504923121,0.011417195366956437,0.03401348876660547,4.235518169007731,0.539792907782207,4.235526377434384,1.0,0.01138537405,76669.39348705126,0.07357313418540262,1.0016771138292804,0.041283232660751526
05-01-2026,06.05,693,2598.75,3.71835,0.000949753,0.789584,0.113983,0.0,3915.070549921927,6.927208443364361,0.0197396,-0.0010186714285715937,0.01348532405,0.0,0.0,0.01348532405,0.013507619776691545,0.013529989349982348,0.03401348876660547,4.235518169007731,0.539792907782207,4.235483520438539,1.0,0.01348532405,91073.15704249383,0.08739520816618043,1.0016771138292804,0.041283232660751526
05-01-2026,06.05,694,2602.5,3.71873,0.000936419,0.755985,0.111572,0.0,3971.2244198377007,6.77575915104148,0.018899625,-0.0006386714285717687,0.01264534905,0.0,0.0,0.01264534905,0.012664951744827006,0.012684615309820997,0.03401348876660547,4.235518169007731,0.539792907782207,4.23549644556427,1.0,0.01264534905,85647.02814908157,0.08218821107092189,1.0016771138292804,0.041283232660751526
05-01-2026,06.05,695,2606.25,3.71974,0.000957503,0.890382,0.123281,0.0,3884.833781199641,7.222378144239583,0.022259550000000003,0.00037132857142818665,0.016005274050000004,0.0,0.0,0.016005274050000004,0.016036690657368336,0.01606823084205318,0.03401348876660547,4.235518169007731,0.539792907782207,4.2355307991879245,1.0,0.016005274050000004,108716.44919064261,0.10432598382057821,1.0016771138292804,0.041283232660751526
05-01-2026,06.05,696,2610.0,3.72046,0.000975828,0.739185,0.110539,0.0,3812.6186172153293,6.687096861741105,0.018479625,0.0010913285714284626,0.01222534905,0.0,0.0,0.01222534905,0.012243670266661958,0.012262046479017307,0.03401348876660547,4.235518169007731,0.539792907782207,4.235555288899836,1.0,0.01222534905,83280.300263505,0.07991706243668538,1.0016771138292804,0.041283232660751526
05-01-2026,06.05,697,2613.75,3.72038,0.00096926,0.839983,0.117427,0.0,3838.3715411757425,7.153235627240754,0.020999575,0.0010113285714283826,0.01474529905,0.0,0.0,0.01474529905,0.014771959846576265,0.014798717227912865,0.03401348876660547,4.235518169007731,0.539792907782207,4.235552567820735,1.0,0.01474529905,100735.29824317664,0.09666714809871954,1.0016771138292804,0.041283232660751526
05-01-2026,06.05,698,2617.5,3.71864,0.000961378,0.823184,0.118804,0.0,3868.031097029472,6.928924952021817,0.0205796,-0.0007286714285714702,0.014325324050000001,0.0,0.0,0.014325324050000001,0.01435048647516951,0.014375737451455716,0.03401348876660547,4.235518169007731,0.539792907782207,4.235493384350281,1.0,0.014325324050000001,98147.18219704033,0.0941835519661645,1.0016771138292804,0.041283232660751526
05-01-2026,06.05,699,2621.25,3.71886,0.000951592,0.688786,0.106751,0.0,3908.0404206844946,6.452267426066267,0.017219650000000003,-0.0005086714285718053,0.010965374050000004,0.0,0.0,0.010965374050000004,0.010980111135547135,0.01099488788667557,0.03401348876660547,4.235518169007731,0.539792907782207,4.23550086731781,1.0,0.010965374050000004,75342.55396224448,0.07229987848373083,1.0016771138292804,0.041283232660751526
05-01-2026,06.05,700,2625.0,3.71765,0.000957897,0.772785,0.11295,0.0,3881.054017289959,6.84183266932271,0.019319625000000003,-0.0017186714285717386,0.013065349050000005,0.0,0.0,0.013065349050000005,0.013086276606847923,0.013107271313110761,0.03401348876660547,4.235518169007731,0.539792907782207,4.235459710996402,1.0,0.013065349050000005,90028.42079765628,0.08639266312918639,1.0016771138292804,0.041283232660751526
05-01-2026,06.05,701,2628.75,3.71844,0.000920918,0.907182,0.121903,0.0,4037.753632788153,7.441834901520061,0.022679550000000003,-0.0009286714285714481,0.016425274050000004,0.0665557,0.0016638924999999999,0.014761381550000004,0.01478810058813018,0.014814916527970593,0.03401348876660547,4.235518169007731,0.539792907782207,4.235486581652528,1.0,0.016425274050000004,113504.00756405698,0.10892019878182155,1.0016771138292804,0.041283232660751526
05-01-2026,06.05,702,2632.5,3.71834,0.000955007,0.806384,0.11536,0.0,3893.521199321052,6.990152565880721,0.020159600000000003,-0.0010286714285716592,0.013905324050000004,0.0,0.0,0.013905324050000004,0.013929031423947885,0.013952819773994245,0.03401348876660547,4.235518169007731,0.539792907782207,4.2354831803036515,1.0,0.013905324050000004,96364.67784097785,0.09247303325445984,1.0016771138292804,0.041283232660751526
05-01-2026,06.05,703,2636.25,3.71759,0.000961115,0.907182,0.121903,0.0,3867.997065907826,7.441834901520061,0.022679550000000003,-0.0017786714285716876,0.016425274050000004,0.0,0.0,0.016425274050000004,0.01645836282386307,0.016491585181740383,0.03401348876660547,4.235518169007731,0.539792907782207,4.235457670187076,1.0,0.016425274050000004,114152.60057310636,0.10954259865113268,1.0016771138292804,0.041283232660751526
05-01-2026,06.05,704,2640.0,3.71683,0.000945549,0.789584,0.113983,0.0,3930.8697909891503,6.927208443364361,0.0197396,-0.0025386714285717815,0.01348532405,0.0,0.0,0.01348532405,0.013507619776691545,0.013529989349982348,0.03401348876660547,4.235518169007731,0.539792907782207,4.235431819935614,1.0,0.01348532405,93987.31449888,0.09019167867187582,1.0016771138292804,0.041283232660751526
05-01-2026,06.05,705,2643.75,3.71704,0.00092151,0.739185,0.11295,0.0,4033.640437976799,6.544355909694556,0.018479625,-0.002328671428571738,0.01222534905,0.0,0.0,0.01222534905,0.012243670266661958,0.012262046479017307,0.03401348876660547,4.235518169007731,0.539792907782207,4.235438962768255,1.0,0.01222534905,85448.02656904102,0.08199724608104098,1.0016771138292804,0.041283232660751526
05-01-2026,06.05,706,2647.5,3.71701,0.000912314,0.806384,0.11536,0.0,4074.266096979768,6.990152565880721,0.020159600000000003,-0.0023586714285714905,0.013905324050000004,0.0,0.0,0.013905324050000004,0.013929031423947885,0.013952819773994245,0.03401348876660547,4.235518169007731,0.539792907782207,4.235437942363592,1.0,0.013905324050000004,97465.97950573784,0.09352985934209125,1.0016771138292804,0.041283232660751526
05-01-2026,06.05,707,2651.25,3.71634,0.000922298,0.671987,0.105374,0.0,4029.435171712397,6.377161349099398,0.016799675,-0.003028671428571439,0.010545399050000001,0.0,0.0,0.010545399050000001,0.010559028187896561,0.010572692600661704,0.03401348876660547,4.235518169007731,0.539792907782207,4.235415153326118,1.0,0.010545399050000001,74124.94457451727,0.07113144170871201,1.0016771138292804,0.041283232660751526
05-01-2026,06.05,708,2655.0,3.71685,0.00092151,0.957581,0.125347,0.0,4033.434254647264,7.639440912028211,0.023939525,-0.0025186714285716505,0.01768524905,0.0,0.0,0.01768524905,0.017723614906948352,0.01776214758530797,0.03401348876660547,4.235518169007731,0.539792907782207,4.2354325002053885,1.0,0.01768524905,124663.76268467626,0.11962927216329058,1.0016771138292804,0.041283232660751526
05-01-2026,06.05,709,2658.75,3.71798,0.000981805,0.873583,0.119837,0.0,3786.8823238830514,7.289760257683353,0.021839575,-0.0013886714285717972,0.015585299050000001,0.0,0.0,0.015585299050000001,0.015615087024037676,0.01564498908283836,0.03401348876660547,4.235518169007731,0.539792907782207,4.235470935447695,1.0,0.015585299050000001,110171.72407152728,0.10572248807368746,1.0016771138292804,0.041283232660751526
05-01-2026,06.05,710,2662.5,3.71748,0.000913562,0.755985,0.111572,0.0,4069.2147878304922,6.77575915104148,0.018899625,-0.00188867142857152,0.01264534905,0.0,0.0,0.01264534905,0.012664951744827006,0.012684615309820997,0.03401348876660547,4.235518169007731,0.539792907782207,4.235453928703312,1.0,0.01264534905,89641.69391397657,0.0860215540384268,1.0016771138292804,0.041283232660751526
05-01-2026,06.05,711,2666.25,3.71633,0.000923546,0.789584,0.113983,0.0,4023.9793145116755,6.927208443364361,0.0197396,-0.0030386714285715044,0.01348532405,0.0,0.0,0.01348532405,0.013507619776691545,0.013529989349982348,0.03401348876660547,4.235518169007731,0.539792907782207,4.23541481319123,1.0,0.01348532405,95865.67264331321,0.09199418015940836,1.0016771138292804,0.041283232660751526
05-01-2026,06.05,712,2670.0,3.71697,0.000924728,0.789584,0.113983,0.0,4019.5279044216245,6.927208443364361,0.0197396,-0.0023986714285717525,0.01348532405,0.0,0.0,0.01348532405,0.013507619776691545,0.013529989349982348,0.03401348876660547,4.235518169007731,0.539792907782207,4.2354365818240405,1.0,0.01348532405,96135.526620045,0.09225313620350313,1.0016771138292804,0.041283232660751526
05-01-2026,06.05,713,2673.75,3.71724,0.000902331,0.873583,0.119837,0.0,4119.596910668036,7.289760257683353,0.021839575,-0.00212867142857176,0.015585299050000001,0.0,0.0,0.015585299050000001,0.015615087024037676,0.01564498908283836,0.03401348876660547,4.235518169007731,0.539792907782207,4.235445765466007,1.0,0.015585299050000001,111418.35317928914,0.10691877262027492,1.0016771138292804,0.041283232660751526
05-01-2026,06.05,714,2677.5,3.71754,0.000907914,0.722386,0.109162,0.0,4094.594862509004,6.617559223905754,0.018059649999999997,-0.001828671428571571,0.011805374049999998,0.0,0.0,0.011805374049999998,0.01182245723805797,0.011839589938860012,0.03401348876660547,4.235518169007731,0.539792907782207,4.235455969512638,1.0,0.011805374049999998,84632.8003480378,0.08121494240780977,1.0016771138292804,0.041283232660751526
05-01-2026,06.05,715,2681.25,3.71629,0.00092729,0.638387,0.102619,0.0,4007.689072458454,6.220943489996979,0.015959675,-0.0030786714285717665,0.00970539905,0.0,0.0,0.00970539905,0.009716942202518439,0.009728512845515687,0.03401348876660547,4.235518169007731,0.539792907782207,4.235413452651679,1.0,0.00970539905,69773.09947504102,0.06695534393493832,1.0016771138292804,0.041283232660751526
05-01-2026,06.05,716,2685.0,3.7165,0.000903119,0.722386,0.109162,0.0,4115.183048966969,6.617559223905754,0.018059649999999997,-0.002868671428571723,0.011805374049999998,0.0,0.0,0.011805374049999998,0.01182245723805797,0.011839589938860012,0.03401348876660547,4.235518169007731,0.539792907782207,4.23542059548432,1.0,0.011805374049999998,85107.59773561123,0.08167056531439659,1.0016771138292804,0.041283232660751526
05-01-2026,06.05,717,2688.75,3.71737,0.000935434,0.755985,0.111572,0.0,3973.952197589568,6.77575915104148,0.018899625,-0.0019986714285717966,0.01264534905,0.0,0.0,0.01264534905,0.012664951744827006,0.012684615309820997,0.03401348876660547,4.235518169007731,0.539792907782207,4.235450187219548,1.0,0.01264534905,91417.99004670164,0.08772611524312793,1.0016771138292804,0.041283232660751526
05-01-2026,06.05,718,2692.5,3.71762,0.000933201,0.856783,0.118804,0.0,3983.7291215933114,7.211735295107908,0.021419575,-0.001748671428571491,0.01516529905,0.0,0.0,0.01516529905,0.015193501723263399,0.015221809488118923,0.03401348876660547,4.235518169007731,0.539792907782207,4.235458690591739,1.0,0.01516529905,109941.68851104657,0.10550174239684158,1.0016771138292804,0.041283232660751526
05-01-2026,06.05,719,2696.25,3.71651,0.00091816,0.806384,0.11536,0.0,4047.780343295286,6.990152565880721,0.020159600000000003,-0.0028586714285716575,0.013905324050000004,0.0,0.0,0.013905324050000004,0.013929031423947885,0.013952819773994245,0.03401348876660547,4.235518169007731,0.539792907782207,4.235420935619208,1.0,0.013905324050000004,101088.42505610698,0.09700601404261898,1.0016771138292804,0.041283232660751526
05-01-2026,06.05,720,2700.0,3.71552,0.000934186,0.671987,0.105374,0.0,3977.2807556525145,6.377161349099398,0.016799675,-0.003848671428571482,0.010545399050000001,0.0,0.0,0.010545399050000001,0.010559028187896561,0.010572692600661704,0.03401348876660547,4.235518169007731,0.539792907782207,4.235387262265329,1.0,0.010545399050000001,76875.9590745,0.07377135771362212,1.0016771138292804,0.041283232660751526
05-01-2026,06.05,721,2703.75,3.71605,0.000973858,0.571189,0.0971094,0.0,3815.802714564136,5.881912564592099,0.014279725,-0.0033186714285715624,0.008025449050000001,0.0,0.0,0.008025449050000001,0.008033340320405391,0.008041247124755237,0.03401348876660547,4.235518169007731,0.539792907782207,4.235405289414375,1.0,0.008025449050000001,58668.15177563977,0.05629886460139679,1.0016771138292804,0.041283232660751526
05-01-2026,06.05,722,2707.5,3.71585,0.000941542,0.688786,0.106751,0.0,3946.5578805831287,6.452267426066267,0.017219650000000003,-0.0035186714285715404,0.010965374050000004,0.0,0.0,0.010965374050000004,0.010980111135547135,0.01099488788667557,0.03401348876660547,4.235518169007731,0.539792907782207,4.235398486716623,1.0,0.010965374050000004,80382.29127581534,0.07713608825097194,1.0016771138292804,0.041283232660751526
05-01-2026,06.05,723,2711.25,3.71625,0.000942659,0.655187,0.106751,0.0,3942.30575425472,6.13752564378788,0.016379675,-0.0031186714285715844,0.010125399050000001,0.0,0.0,0.010125399050000001,0.010137963523370366,0.010150559217659037,0.03401348876660547,4.235518169007731,0.539792907782207,4.235412092112129,1.0,0.010125399050000001,74430.55856260477,0.07142471361203409,1.0016771138292804,0.041283232660751526
05-01-2026,06.05,724,2715.0,3.71641,0.000957634,0.671987,0.105374,0.0,3880.8250333634774,6.377161349099398,0.016799675,-0.0029586714285714244,0.010545399050000001,0.0,0.0,0.010545399050000001,0.010559028187896561,0.010572692600661704,0.03401348876660547,4.235518169007731,0.539792907782207,4.235417534270331,1.0,0.010545399050000001,77732.50911233627,0.0745933163597523,1.0016771138292804,0.041283232660751526
05-01-2026,06.05,725,2718.75,3.71505,0.000908176,0.571189,0.0971094,0.0,4090.671852152006,5.881912564592099,0.014279725,-0.004318671428571452,0.008025449050000001,0.0,0.0,0.008025449050000001,0.008033340320405391,0.008041247124755237,0.03401348876660547,4.235518169007731,0.539792907782207,4.235371275925609,1.0,0.008025449050000001,59320.921737744146,0.05692527273937451,1.0016771138292804,0.041283232660751526
05-01-2026,06.05,726,2722.5,3.71356,0.000885122,0.587988,0.0988312,0.0,4195.534626864997,5.949416783363958,0.014699699999999998,-0.005808671428571444,0.008445424049999999,0.0,0.0,0.008445424049999999,0.008454163286858924,0.00846292062899559,0.03401348876660547,4.235518169007731,0.539792907782207,4.235320595827346,1.0,0.008445424049999999,62597.53584250031,0.06006956224316096,1.0016771138292804,0.041283232660751526
05-01-2026,06.05,727,2726.25,3.71456,0.00092302,0.755985,0.116738,0.0,4024.354835214838,6.47591187102743,0.018899625,-0.004808671428571554,0.01264534905,0.0,0.0,0.01264534905,0.012664951744827006,0.012684615309820997,0.03401348876660547,4.235518169007731,0.539792907782207,4.235354609316113,1.0,0.01264534905,93985.78623816727,0.09019021212929117,1.0016771138292804,0.041283232660751526
05-01-2026,06.05,728,2730.0,3.71501,0.000892478,0.554389,0.095732,0.0,4162.578797460554,5.791052103789747,0.013859725000000002,-0.004358671428571714,0.007605449050000003,0.0,0.0,0.007605449050000003,0.007612535612413165,0.007619635393297259,0.03401348876660547,4.235518169007731,0.539792907782207,4.235369915386058,1.0,0.007605449050000003,56682.65122474502,0.05439354760575835,1.0016771138292804,0.041283232660751526
05-01-2026,06.05,729,2733.75,3.71485,0.000901411,0.688786,0.106751,0.0,4121.150063622476,6.452267426066267,0.017219650000000003,-0.00451867142857143,0.010965374050000004,0.0,0.0,0.010965374050000004,0.010980111135547135,0.01099488788667557,0.03401348876660547,4.235518169007731,0.539792907782207,4.235364473227856,1.0,0.010965374050000004,81948.50649149135,0.07863905256287318,1.0016771138292804,0.041283232660751526
05-01-2026,06.05,730,2737.5,3.71516,0.000927618,0.722386,0.111572,0.0,4005.0538044755494,6.474617287491485,0.018059649999999997,-0.00420867142857162,0.011805374049999998,0.0665557,0.0016638924999999999,0.010141481549999998,0.010154085993032464,0.010166721806172887,0.03401348876660547,4.235518169007731,0.539792907782207,4.235375017409373,1.0,0.011805374049999998,88468.3663768828,0.08489561081123004,1.0016771138292804,0.041283232660751526
05-01-2026,06.05,731,2741.25,3.7158,0.000911657,0.806384,0.117771,0.0,4075.8750275597076,6.8470506321590205,0.020159600000000003,-0.003568671428571424,0.013905324050000004,0.0,0.0,0.013905324050000004,0.013929031423947885,0.013952819773994245,0.03401348876660547,4.235518169007731,0.539792907782207,4.235396786042184,1.0,0.013905324050000004,104490.88403459136,0.10027106623096892,1.0016771138292804,0.041283232660751526
05-01-2026,06.05,732,2745.0,3.71614,0.000894383,0.806384,0.11536,0.0,4154.976112023596,6.990152565880721,0.020159600000000003,-0.003228671428571417,0.013905324050000004,0.0,0.0,0.013905324050000004,0.013929031423947885,0.013952819773994245,0.03401348876660547,4.235518169007731,0.539792907782207,4.235408350628364,1.0,0.013905324050000004,104776.96434985129,0.1005455933201388,1.0016771138292804,0.041283232660751526
05-01-2026,06.05,733,2748.75,3.71561,0.000915139,0.789584,0.113983,0.0,4060.159167077351,6.927208443364361,0.0197396,-0.0037586714285717804,0.01348532405,0.0,0.0,0.01348532405,0.013507619776691545,0.013529989349982348,0.03401348876660547,4.235518169007731,0.539792907782207,4.235390323479318,1.0,0.01348532405,101890.07259610009,0.0977752874038237,1.0016771138292804,0.041283232660751526
05-01-2026,06.05,734,2752.5,3.71496,0.000907322,0.705586,0.107785,0.0,4094.4229281335624,6.5462355615345365,0.01763965,-0.004408671428571598,0.01138537405,0.0,0.0,0.01138537405,0.011401262504923121,0.011417195366956437,0.03401348876660547,4.235518169007731,0.539792907782207,4.23536821471162,1.0,0.01138537405,86258.51130490031,0.08277499975189358,1.0016771138292804,0.041283232660751526
05-01-2026,06.05,735,2756.25,3.71516,0.000926764,0.621588,0.101242,0.0,4008.7444052639075,6.139625846980502,0.0155397,-0.00420867142857162,0.009285424050000001,0.0,0.0,0.009285424050000001,0.009295989275572285,0.009306578571374317,0.03401348876660547,4.235518169007731,0.539792907782207,4.235375017409373,1.0,0.009285424050000001,70540.56854172071,0.06769181910524873,1.0016771138292804,0.041283232660751526
05-01-2026,06.05,736,2760.0,3.71493,0.000917109,0.655187,0.103997,0.0,4050.6962640209613,6.300056732405742,0.016379675,-0.004438671428571794,0.010125399050000001,0.0,0.0,0.010125399050000001,0.010137963523370366,0.010150559217659037,0.03401348876660547,4.235518169007731,0.539792907782207,4.235367194306957,1.0,0.010125399050000001,77131.23980328001,0.07401632904389162,1.0016771138292804,0.041283232660751526
05-01-2026,06.05,737,2763.75,3.71523,0.000948176,0.739185,0.110539,0.0,3918.291540810989,6.687096861741105,0.018479625,-0.004138671428571605,0.01222534905,0.0,0.0,0.01222534905,0.012243670266661958,0.012262046479017307,0.03401348876660547,4.235518169007731,0.539792907782207,4.235377398353587,1.0,0.01222534905,93381.05556758602,0.08960990323744872,1.0016771138292804,0.041283232660751526
05-01-2026,06.05,738,2767.5,3.71532,0.000885122,0.604788,0.100209,0.0,4197.523053319203,6.035266293446696,0.0151197,-0.00404867142857146,0.008865424050000001,0.0,0.0,0.008865424050000001,0.008875054619414567,0.008884706135087071,0.03401348876660547,4.235518169007731,0.539792907782207,4.235380459567576,1.0,0.008865424050000001,67900.78147905282,0.06515863866714658,1.0016771138292804,0.041283232660751526
05-01-2026,06.05,739,2771.25,3.71472,0.000895368,0.621588,0.101242,0.0,4148.81925643981,6.139625846980502,0.0155397,-0.004648671428571838,0.009285424050000001,0.0,0.0,0.009285424050000001,0.009295989275572285,0.009306578571374317,0.03401348876660547,4.235518169007731,0.539792907782207,4.2353600514743155,1.0,0.009285424050000001,71310.44626326633,0.06843060565797128,1.0016771138292804,0.041283232660751526
05-01-2026,06.05,740,2775.0,3.71566,0.000959079,0.839983,0.119837,0.0,3874.1959734286747,7.00937940702788,0.020999575,-0.003708671428571453,0.01474529905,0.0,0.0,0.01474529905,0.014771959846576265,0.014798717227912865,0.03401348876660547,4.235518169007731,0.539792907782207,4.235392024153756,1.0,0.01474529905,113548.01849690625,0.10896243235275349,1.0016771138292804,0.041283232660751526
05-01-2026,06.05,741,2778.75,3.7164,0.000984038,0.772785,0.11295,0.0,3776.6834207622064,6.84183266932271,0.019319625000000003,-0.00296867142857149,0.013065349050000005,0.0,0.0,0.013065349050000005,0.013086276606847923,0.013107271313110761,0.03401348876660547,4.235518169007731,0.539792907782207,4.235417194135444,1.0,0.013065349050000005,100883.45983673043,0.09680932625232,1.0016771138292804,0.041283232660751526
05-01-2026,06.05,742,2782.5,3.71509,0.000986074,0.621588,0.101242,0.0,3767.5569987647987,6.139625846980502,0.0155397,-0.004278671428571634,0.009285424050000001,0.0,0.0,0.009285424050000001,0.009295989275572285,0.009306578571374317,0.03401348876660547,4.235518169007731,0.539792907782207,4.23537263646516,1.0,0.009285424050000001,71890.59665621532,0.06898732693574373,1.0016771138292804,0.041283232660751526
05-01-2026,06.05,743,2786.25,3.71499,0.000886304,0.52079,0.0929771,0.0,4191.552785500235,5.601271710991202,0.01301975,-0.004378671428571845,0.006765474050000001,0.0,0.0,0.006765474050000001,0.006771081141827672,0.006776697535459345,0.03401348876660547,4.235518169007731,0.539792907782207,4.235369235116283,1.0,0.006765474050000001,52521.654147587586,0.050400590541940224,1.0016771138292804,0.041283232660751526
05-01-2026,06.05,744,2790.0,3.71545,0.000915401,0.789584,0.118804,0.0,4058.8223084746464,6.646106191710716,0.0197396,-0.003918671428571496,0.01348532405,0.0665557,0.0016638924999999999,0.01182143155,0.011838561275993215,0.011855740717338846,0.03401348876660547,4.235518169007731,0.539792907782207,4.2353848813211155,1.0,0.01348532405,104971.110937605,0.10073189938443361,1.0016771138292804,0.041283232660751526
05-01-2026,06.05,745,2793.75,3.71621,0.000979375,0.739185,0.11295,0.0,3794.4709636247603,6.544355909694556,0.018479625,-0.0031586714285718465,0.01222534905,0.0,0.0,0.01222534905,0.012243670266661958,0.012262046479017307,0.03401348876660547,4.235518169007731,0.539792907782207,4.235410731572578,1.0,0.01222534905,95419.32688794727,0.09156585987853684,1.0016771138292804,0.041283232660751526
05-01-2026,06.05,746,2797.5,3.71439,0.00093793,0.823184,0.118804,0.0,3960.199588455428,6.928924952021817,0.0205796,-0.004978671428571779,0.014325324050000001,0.0,0.0,0.014325324050000001,0.01435048647516951,0.014375737451455716,0.03401348876660547,4.235518169007731,0.539792907782207,4.235348827023023,1.0,0.014325324050000001,112110.07554857532,0.10758256008982274,1.0016771138292804,0.041283232660751526
05-01-2026,06.05,747,2801.25,3.71313,0.000898193,0.621588,0.101242,0.0,4134.000153641812,6.139625846980502,0.0155397,-0.006238671428571596,0.009285424050000001,0.0,0.0,0.009285424050000001,0.009295989275572285,0.009306578571374317,0.03401348876660547,4.235518169007731,0.539792907782207,4.235305970027177,1.0,0.009285424050000001,72862.73702882508,0.06992020785247023,1.0016771138292804,0.041283232660751526
05-01-2026,06.05,748,2805.0,3.7134,0.000893332,0.587988,0.0988312,0.0,4156.797248951118,5.949416783363958,0.014699699999999998,-0.005968671428571604,0.008445424049999999,0.0,0.0,0.008445424049999999,0.008454163286858924,0.00846292062899559,0.03401348876660547,4.235518169007731,0.539792907782207,4.235315153669144,1.0,0.008445424049999999,66448.80756100125,0.0637653020689569,1.0016771138292804,0.041283232660751526
05-01-2026,06.05,749,2808.75,3.71434,0.000900032,0.638387,0.102619,0.0,4126.897710303633,6.220943489996979,0.015959675,-0.005028671428571663,0.00970539905,0.0,0.0,0.00970539905,0.009716942202518439,0.009728512845515687,0.03401348876660547,4.235518169007731,0.539792907782207,4.235347126348585,1.0,0.00970539905,76566.63617506478,0.07347452668168486,1.0016771138292804,0.041283232660751526
05-01-2026,06.05,750,2812.5,3.71309,0.000912183,0.554389,0.095732,0.0,4070.553825274095,5.791052103789747,0.013859725000000002,-0.006278671428571858,0.007605449050000003,0.0,0.0,0.007605449050000003,0.007612535612413165,0.007619635393297259,0.03401348876660547,4.235518169007731,0.539792907782207,4.235304609487626,1.0,0.007605449050000003,60160.290336914084,0.05773074381158501,1.0016771138292804,0.041283232660751526
05-01-2026,06.05,751,2816.25,3.71181,0.000897864,0.638387,0.105374,0.0,4134.044799657855,6.058297113139864,0.015959675,-0.007558671428571806,0.00970539905,0.0,0.0,0.00970539905,0.009716942202518439,0.009728512845515687,0.03401348876660547,4.235518169007731,0.539792907782207,4.235261072222005,1.0,0.00970539905,76976.08269748665,0.07386743788869705,1.0016771138292804,0.041283232660751526
05-01-2026,06.05,752,2820.0,3.71256,0.000884925,0.638387,0.102619,0.0,4195.338588015934,6.220943489996979,0.015959675,-0.0068086714285717775,0.00970539905,0.0,0.0,0.00970539905,0.009716942202518439,0.009728512845515687,0.03401348876660547,4.235518169007731,0.539792907782207,4.23528658233858,1.0,0.00970539905,77181.21540522,0.07406428640341017,1.0016771138292804,0.041283232660751526
05-01-2026,06.05,753,2823.75,3.71334,0.000896419,0.52079,0.0929771,0.0,4142.415544516572,5.601271710991202,0.01301975,-0.006028671428571553,0.006765474050000001,0.0,0.0,0.006765474050000001,0.006771081141827672,0.006776697535459345,0.03401348876660547,4.235518169007731,0.539792907782207,4.235313112859818,1.0,0.006765474050000001,53944.94075085634,0.05176639834977509,1.0016771138292804,0.041283232660751526
05-01-2026,06.05,754,2827.5,3.71303,0.000879014,0.638387,0.102619,0.0,4224.085168154318,6.220943489996979,0.015959675,-0.006338671428571807,0.00970539905,0.0,0.0,0.00970539905,0.009716942202518439,0.009728512845515687,0.03401348876660547,4.235518169007731,0.539792907782207,4.2353025686783,1.0,0.00970539905,77592.29971373157,0.07445876925525043,1.0016771138292804,0.041283232660751526
05-01-2026,06.05,755,2831.25,3.71318,0.000888078,0.537589,0.0974537,0.0,4181.141746558297,5.516352893733126,0.013439725,-0.006188671428571713,0.007185449050000001,0.0,0.0,0.007185449050000001,0.007191774207963212,0.007198110511471163,0.03401348876660547,4.235518169007731,0.539792907782207,4.235307670701616,1.0,0.007185449050000001,57598.391175837896,0.05527230580686592,1.0016771138292804,0.041283232660751526
05-01-2026,06.05,756,2835.0,3.7136,0.000907979,0.705586,0.107785,0.0,4089.962433051866,6.5462355615345365,0.01763965,-0.005768671428571626,0.01138537405,0.0,0.0,0.01138537405,0.011401262504923121,0.011417195366956437,0.03401348876660547,4.235518169007731,0.539792907782207,4.235321956366898,1.0,0.01138537405,91506.81294901126,0.08781135107209619,1.0016771138292804,0.041283232660751526
05-01-2026,06.05,757,2838.75,3.71411,0.000929785,0.722386,0.109162,0.0,3994.5901471845636,6.617559223905754,0.018059649999999997,-0.005258671428571837,0.011805374049999998,0.0,0.0,0.011805374049999998,0.01182245723805797,0.011839589938860012,0.03401348876660547,4.235518169007731,0.539792907782207,4.235339303246168,1.0,0.011805374049999998,95133.62522782193,0.09129169615268261,1.0016771138292804,0.041283232660751526
05-01-2026,06.05,758,2842.5,3.71356,0.000895697,0.470391,0.0885004,0.0,4146.000265714857,5.3151285191931334,0.011759775,-0.005808671428571444,0.005505499050000001,0.0,0.0,0.005505499050000001,0.0055092115593823885,0.005512929079037643,0.03401348876660547,4.235518169007731,0.539792907782207,4.235320595827346,1.0,0.005505499050000001,44483.36563355907,0.042686924728691254,1.0016771138292804,0.041283232660751526
05-01-2026,06.05,759,2846.25,3.71321,0.000892413,0.806384,0.11536,0.0,4160.864980675988,6.990152565880721,0.020159600000000003,-0.006158671428571516,0.013905324050000004,0.0,0.0,0.013905324050000004,0.013929031423947885,0.013952819773994245,0.03401348876660547,4.235518169007731,0.539792907782207,4.235308691106279,1.0,0.013905324050000004,112648.96383817574,0.1080996856159091,1.0016771138292804,0.041283232660751526
05-01-2026,06.05,760,2850.0,3.71261,0.000885319,0.50399,0.0915996,0.0,4193.527982568995,5.502098262437827,0.012599750000000002,-0.00675867142857145,0.006345474050000003,0.0,0.0,0.006345474050000003,0.006350406321835115,0.006355346267243341,0.03401348876660547,4.235518169007731,0.539792907782207,4.235288283013018,1.0,0.006345474050000003,51541.112971125025,0.04945964808408217,1.0016771138292804,0.041283232660751526
05-01-2026,06.05,761,2853.75,3.71183,0.000907782,0.688786,0.109162,0.0,4088.9001985058085,6.309759806526081,0.017219650000000003,-0.007538671428571675,0.010965374050000004,0.0,0.0,0.010965374050000004,0.010980111135547135,0.01099488788667557,0.03401348876660547,4.235518169007731,0.539792907782207,4.23526175249178,1.0,0.010965374050000004,89300.78979201637,0.08569441717756757,1.0016771138292804,0.041283232660751526
05-01-2026,06.05,762,2857.5,3.71227,0.000901148,0.722386,0.109162,0.0,4119.489806335918,6.617559223905754,0.018059649999999997,-0.007098671428571457,0.011805374049999998,0.0,0.0,0.011805374049999998,0.01182245723805797,0.011839589938860012,0.03401348876660547,4.235518169007731,0.539792907782207,4.235276718426838,1.0,0.011805374049999998,96394.4945140528,0.09250164579447524,1.0016771138292804,0.041283232660751526
05-01-2026,06.05,763,2861.25,3.71264,0.00092545,0.722386,0.109162,0.0,4011.7132205953862,6.617559223905754,0.018059649999999997,-0.0067286714285716975,0.011805374049999998,0.0,0.0,0.011805374049999998,0.01182245723805797,0.011839589938860012,0.03401348876660547,4.235518169007731,0.539792907782207,4.235289303417681,1.0,0.011805374049999998,96647.66444973444,0.09274459157508536,1.0016771138292804,0.041283232660751526
05-01-2026,06.05,764,2865.0,3.71292,0.000910541,0.823184,0.116394,0.0,4077.7076485298303,7.0723920477000535,0.0205796,-0.0064486714285716396,0.014325324050000001,0.0665557,0.0016638924999999999,0.012661431550000001,0.012681084177144938,0.012700797907360268,0.03401348876660547,4.235518169007731,0.539792907782207,4.235298827194536,1.0,0.014325324050000001,117585.48300031126,0.11283684565077945,1.0016771138292804,0.041283232660751526
05-01-2026,06.05,765,2868.75,3.71231,0.000894646,0.604788,0.100209,0.0,4149.473646559644,6.035266293446696,0.0151197,-0.007058671428571639,0.008865424050000001,0.0,0.0,0.008865424050000001,0.008875054619414567,0.008884706135087071,0.03401348876660547,4.235518169007731,0.539792907782207,4.235278078966388,1.0,0.008865424050000001,72960.01579211134,0.07001355805623646,1.0016771138292804,0.041283232660751526
05-01-2026,06.05,766,2872.5,3.71194,0.000907848,0.638387,0.102619,0.0,4088.724103594434,6.220943489996979,0.015959675,-0.0074286714285718425,0.00970539905,0.0665557,0.0016638924999999999,0.00804150655,0.008049429445648381,0.0080573679687622,0.03401348876660547,4.235518169007731,0.539792907782207,4.235265493975545,1.0,0.00970539905,80081.73457005656,0.07684766939388464,1.0016771138292804,0.041283232660751526
05-01-2026,06.05,767,2876.25,3.71245,0.000890114,0.621588,0.101242,0.0,4170.7579029203,6.139625846980502,0.0155397,-0.00691867142857161,0.009285424050000001,0.0,0.0,0.009285424050000001,0.009295989275572285,0.009306578571374317,0.03401348876660547,4.235518169007731,0.539792907782207,4.235282840854816,1.0,0.009285424050000001,76816.58665711571,0.07371438302486494,1.0016771138292804,0.041283232660751526
05-01-2026,06.05,768,2880.0,3.71262,0.000874219,0.50399,0.0915996,0.0,4246.784844529803,5.502098262437827,0.012599750000000002,-0.0067486714285718286,0.006345474050000003,0.0,0.0,0.006345474050000003,0.006350406321835115,0.006355346267243341,0.03401348876660547,4.235518169007731,0.539792907782207,4.235288623147906,1.0,0.006345474050000003,52631.89996032002,0.05050638412663726,1.0016771138292804,0.041283232660751526
05-01-2026,06.05,769,2883.75,3.71255,0.00088637,0.638387,0.105374,0.0,4188.48787752293,6.058297113139864,0.015959675,-0.006818671428571843,0.00970539905,0.0,0.0,0.00970539905,0.009716942202518439,0.009728512845515687,0.03401348876660547,4.235518169007731,0.539792907782207,4.235286242203692,1.0,0.00970539905,80710.23498197415,0.07745078809664838,1.0016771138292804,0.041283232660751526
05-01-2026,06.05,770,2887.5,3.71335,0.000903316,0.554389,0.095732,0.0,4110.79843598475,5.791052103789747,0.013859725000000002,-0.006018671428571487,0.007605449050000003,0.0,0.0,0.007605449050000003,0.007612535612413165,0.007619635393297259,0.03401348876660547,4.235518169007731,0.539792907782207,4.235313452994705,1.0,0.007605449050000003,63411.61980578909,0.06085076978824667,1.0016771138292804,0.041283232660751526
05-01-2026,06.05,771,2891.25,3.71354,0.000913694,0.755985,0.111572,0.0,4064.314748701425,6.77575915104148,0.018899625,-0.005828671428571575,0.01264534905,0.0,0.0,0.01264534905,0.012664951744827006,0.012684615309820997,0.03401348876660547,4.235518169007731,0.539792907782207,4.235319915557572,1.0,0.01264534905,105706.60220574915,0.10143768816535699,1.0016771138292804,0.041283232660751526
05-01-2026,06.05,772,2895.0,3.71335,0.000884991,0.621588,0.101242,0.0,4195.918376571061,6.139625846980502,0.0155397,-0.006018671428571487,0.009285424050000001,0.0,0.0,0.009285424050000001,0.009295989275572285,0.009306578571374317,0.03401348876660547,4.235518169007731,0.539792907782207,4.235313452994705,1.0,0.009285424050000001,77821.37109865126,0.0746785896943358,1.0016771138292804,0.041283232660751526
05-01-2026,06.05,773,2898.75,3.71217,0.000916058,0.554389,0.095732,0.0,4052.3307476164173,5.791052103789747,0.013859725000000002,-0.007198671428571668,0.007605449050000003,0.0,0.0,0.007605449050000003,0.007612535612413165,0.007619635393297259,0.03401348876660547,4.235518169007731,0.539792907782207,4.235273317077961,1.0,0.007605449050000003,63906.69888840166,0.061325855322653465,1.0016771138292804,0.041283232660751526
05-01-2026,06.05,774,2902.5,3.71156,0.000900032,0.537589,0.0943545,0.0,4123.808931238,5.697544897169717,0.013439725,-0.007808671428571667,0.007185449050000001,0.0,0.0,0.007185449050000001,0.007191774207963212,0.007198110511471163,0.03401348876660547,4.235518169007731,0.539792907782207,4.2352525688498135,1.0,0.007185449050000001,60533.86043078157,0.058089227443627926,1.0016771138292804,0.041283232660751526
05-01-2026,06.05,775,2906.25,3.71228,0.000913628,0.722386,0.111572,0.0,4063.22923553131,6.474617287491485,0.018059649999999997,-0.0070886714285718355,0.011805374049999998,0.0,0.0,0.011805374049999998,0.01182245723805797,0.011839589938860012,0.03401348876660547,4.235518169007731,0.539792907782207,4.235277058561725,1.0,0.011805374049999998,99711.6017172363,0.09568479310094773,1.0016771138292804,0.041283232660751526
05-01-2026,06.05,776,2910.0,3.71223,0.000912314,0.739185,0.110539,0.0,4069.026672834134,6.687096861741105,0.018479625,-0.007138671428571719,0.01222534905,0.0,0.0,0.01222534905,0.012243670266661958,0.012262046479017307,0.03401348876660547,4.235518169007731,0.539792907782207,4.2352753578872875,1.0,0.01222534905,103525.478290305,0.09934464796760109,1.0016771138292804,0.041283232660751526
05-01-2026,06.05,777,2913.75,3.71089,0.000877372,0.621588,0.101242,0.0,4229.551433143524,6.139625846980502,0.0155397,-0.008478671428571616,0.009285424050000001,0.0,0.0,0.009285424050000001,0.009295989275572285,0.009306578571374317,0.03401348876660547,4.235518169007731,0.539792907782207,4.2352297798123395,1.0,0.009285424050000001,78832.68435397196,0.0756490615143555,1.0016771138292804,0.041283232660751526
05-01-2026,06.05,778,2917.5,3.71074,0.000901542,0.621588,0.101242,0.0,4115.992377504321,6.139625846980502,0.0155397,-0.00862867142857171,0.009285424050000001,0.0,0.0,0.009285424050000001,0.009295989275572285,0.009306578571374317,0.03401348876660547,4.235518169007731,0.539792907782207,4.235224677789025,1.0,0.009285424050000001,79035.73046269032,0.07584390769642532,1.0016771138292804,0.041283232660751526
05-01-2026,06.05,779,2921.25,3.71135,0.000901608,0.671987,0.105374,0.0,4116.367645362508,6.377161349099398,0.016799675,-0.008018671428571711,0.010545399050000001,0.0,0.0,0.010545399050000001,0.010559028187896561,0.010572692600661704,0.03401348876660547,4.235518169007731,0.539792907782207,4.235245426017173,1.0,0.010545399050000001,89991.28835017103,0.08635703025905125,1.0016771138292804,0.041283232660751526
05-01-2026,06.05,780,2925.0,3.70972,0.000859572,0.436791,0.0885004,0.0,4315.775758168019,4.9354692182182225,0.010919775,-0.009648671428571731,0.004665499050000001,0.0665557,0.0016638924999999999,0.003001606550000001,0.0030027097354728737,0.003003813732155093,0.03401348876660547,4.235518169007731,0.539792907782207,4.235189984030483,1.0,0.004665499050000001,39916.26030965625,0.03830425991876135,1.0016771138292804,0.041283232660751526
05-01-2026,06.05,781,2928.75,3.71018,0.000866731,0.48719,0.0898778,0.0,4280.659166454182,5.420582168232868,0.012179750000000001,-0.009188671428571826,0.005925474050000002,0.0,0.0,0.005925474050000002,0.005929774785337417,0.005934081768194861,0.03401348876660547,4.235518169007731,0.539792907782207,4.235205630235315,1.0,0.005925474050000002,50826.207332981976,0.04877361359166268,1.0016771138292804,0.041283232660751526
05-01-2026,06.05,782,2932.5,3.71225,0.000892675,0.755985,0.111572,0.0,4158.568347942981,6.77575915104148,0.018899625,-0.007118671428571588,0.01264534905,0.0,0.0,0.01264534905,0.012664951744827006,0.012684615309820997,0.03401348876660547,4.235518169007731,0.539792907782207,4.235276038157062,1.0,0.01264534905,108744.39045635908,0.10435279669072586,1.0016771138292804,0.041283232660751526
05-01-2026,06.05,783,2936.25,3.71293,0.000918226,0.604788,0.100209,0.0,4043.590575740613,6.035266293446696,0.0151197,-0.006438671428571574,0.008865424050000001,0.0,0.0,0.008865424050000001,0.008875054619414567,0.008884706135087071,0.03401348876660547,4.235518169007731,0.539792907782207,4.235299167329424,1.0,0.008865424050000001,76433.82138830321,0.07334707556092095,1.0016771138292804,0.041283232660751526
05-01-2026,06.05,784,2940.0,3.71182,0.000867914,0.554389,0.095732,0.0,4276.714052313939,5.791052103789747,0.013859725000000002,-0.0075486714285717404,0.007605449050000003,0.0,0.0,0.007605449050000003,0.007612535612413165,0.007619635393297259,0.03401348876660547,4.235518169007731,0.539792907782207,4.235261412356893,1.0,0.007605449050000003,65738.45940858002,0.0630836410102286,1.0016771138292804,0.041283232660751526
05-01-2026,06.05,785,2943.75,3.71302,0.00086706,0.48719,0.0898778,0.0,4282.310336078242,5.420582168232868,0.012179750000000001,-0.0063486714285714285,0.005925474050000002,0.0,0.0,0.005925474050000002,0.005929774785337417,0.005934081768194861,0.03401348876660547,4.235518169007731,0.539792907782207,4.2353022285434125,1.0,0.005925474050000002,51348.16752836135,0.049274494657072065,1.0016771138292804,0.041283232660751526
05-01-2026,06.05,786,2947.5,3.71211,0.000881707,0.789584,0.113983,0.0,4210.1401032315725,6.927208443364361,0.0197396,-0.007258671428571617,0.01348532405,0.0,0.0,0.01348532405,0.013507619776691545,0.013529989349982348,0.03401348876660547,4.235518169007731,0.539792907782207,4.235271276268635,1.0,0.01348532405,117157.20829866282,0.11242586663217126,1.0016771138292804,0.041283232660751526
05-01-2026,06.05,787,2951.25,3.71154,0.000882561,0.436791,0.0850568,0.0,4205.420361878669,5.13528606766302,0.010919775,-0.007828671428571798,0.004665499050000001,0.0,0.0,0.004665499050000001,0.0046681648385990555,0.004670833675314333,0.03401348876660547,4.235518169007731,0.539792907782207,4.235251888580038,1.0,0.004665499050000001,40635.920827961025,0.038994857267625416,1.0016771138292804,0.041283232660751526
05-01-2026,06.05,788,2955.0,3.71136,0.000858061,0.48719,0.0898778,0.0,4325.286896852322,5.420582168232868,0.012179750000000001,-0.008008671428571645,0.005925474050000002,0.0,0.0,0.005925474050000002,0.005929774785337417,0.005934081768194861,0.03401348876660547,4.235518169007731,0.539792907782207,4.23524576615206,1.0,0.005925474050000002,51741.38754145127,0.04965183465510318,1.0016771138292804,0.041283232660751526
05-01-2026,06.05,789,2958.75,3.71137,0.000877175,0.604788,0.100209,0.0,4231.048536494998,6.035266293446696,0.0151197,-0.00799867142857158,0.008865424050000001,0.0,0.0,0.008865424050000001,0.008875054619414567,0.008884706135087071,0.03401348876660547,4.235518169007731,0.539792907782207,4.235246106286948,1.0,0.008865424050000001,77609.70907073509,0.07447547554312679,1.0016771138292804,0.041283232660751526
05-01-2026,06.05,790,2962.5,3.71118,0.000885713,0.52079,0.0929771,0.0,4190.048017811639,5.601271710991202,0.01301975,-0.008188671428571492,0.006765474050000001,0.0,0.0,0.006765474050000001,0.006771081141827672,0.006776697535459345,0.03401348876660547,4.235518169007731,0.539792907782207,4.235239643724082,1.0,0.006765474050000001,59376.54873663282,0.05697865326669353,1.0016771138292804,0.041283232660751526
05-01-2026,06.05,791,2966.25,3.71061,0.00089018,0.52079,0.0929771,0.0,4168.381675616168,5.601271710991202,0.01301975,-0.008758671428571674,0.006765474050000001,0.0,0.0,0.006765474050000001,0.006771081141827672,0.006776697535459345,0.03401348876660547,4.235518169007731,0.539792907782207,4.235220256035485,1.0,0.006765474050000001,59526.96425266009,0.05712299431911244,1.0016771138292804,0.041283232660751526
05-01-2026,06.05,792,2970.0,3.70939,0.000877832,0.470391,0.0885004,0.0,4225.626315741509,5.3151285191931334,0.011759775,-0.009978671428571673,0.005505499050000001,0.0,0.0,0.005505499050000001,0.0055092115593823885,0.005512929079037643,0.03401348876660547,4.235518169007731,0.539792907782207,4.23517875957919,1.0,0.005505499050000001,48563.45657014501,0.04660224301038317,1.0016771138292804,0.041283232660751526
05-01-2026,06.05,793,2973.75,3.71002,0.000856485,0.554389,0.095732,0.0,4331.681232012236,5.791052103789747,0.013859725000000002,-0.009348671428571542,0.007605449050000003,0.0,0.0,0.007605449050000003,0.007612535612413165,0.007619635393297259,0.03401348876660547,4.235518169007731,0.539792907782207,4.235200188077113,1.0,0.007605449050000003,67256.42385436104,0.06454030313808252,1.0016771138292804,0.041283232660751526
05-01-2026,06.05,794,2977.5,3.71102,0.000851034,0.436791,0.0850568,0.0,4360.601339076935,5.13528606766302,0.010919775,-0.008348671428571652,0.004665499050000001,0.0,0.0,0.004665499050000001,0.0046681648385990555,0.004670833675314333,0.03401348876660547,4.235518169007731,0.539792907782207,4.23523420156588,1.0,0.004665499050000001,41362.010987144065,0.03969162459918513,1.0016771138292804,0.041283232660751526
05-01-2026,06.05,795,2981.25,3.71099,0.00083724,0.386392,0.0802358,0.0,4432.408867230424,4.815705707427358,0.009659800000000001,-0.008378671428571849,0.0034055240500000025,0.0,0.0,0.0034055240500000025,0.0034069441874769795,0.003408365509871048,0.03401348876660547,4.235518169007731,0.539792907782207,4.235233181161217,1.0,0.0034055240500000025,30267.79224892385,0.02904544094250681,1.0016771138292804,0.041283232660751526
05-01-2026,06.05,796,2985.0,3.71139,0.000883677,0.739185,0.110539,0.0,4199.939570680237,6.687096861741105,0.018479625,-0.007978671428571449,0.01222534905,0.0665557,0.0016638924999999999,0.01056145655,0.010575127252631501,0.010588833391725809,0.03401348876660547,4.235518169007731,0.539792907782207,4.235246786556723,1.0,0.01222534905,108930.61073903626,0.10453149655024367,1.0016771138292804,0.041283232660751526
05-01-2026,06.05,797,2988.75,3.71201,0.000898587,0.705586,0.107785,0.0,4130.941133134577,6.5462355615345365,0.01763965,-0.007358671428571828,0.01138537405,0.0,0.0,0.01138537405,0.011401262504923121,0.011417195366956437,0.03401348876660547,4.235518169007731,0.539792907782207,4.235267874919758,1.0,0.01138537405,101701.29466302821,0.097594133183483,1.0016771138292804,0.041283232660751526
05-01-2026,06.05,798,2992.5,3.711,0.000876978,0.419992,0.0836794,0.0,4231.577074909518,5.019060844126511,0.010499799999999998,-0.008368671428571783,0.0042455240499999995,0.0,0.0,0.0042455240499999995,0.0042477313927241755,0.004249941031935858,0.03401348876660547,4.235518169007731,0.539792907782207,4.235233521296104,1.0,0.0042455240499999995,38018.906678477804,0.036483530068753746,1.0016771138292804,0.041283232660751526
05-01-2026,06.05,799,2996.25,3.71019,0.000896091,0.537589,0.0974537,0.0,4140.416542516329,5.516352893733126,0.013439725,-0.00917867142857176,0.007185449050000001,0.0,0.0,0.007185449050000001,0.007191774207963212,0.007198110511471163,0.03401348876660547,4.235518169007731,0.539792907782207,4.235205970370203,1.0,0.007185449050000001,64507.46989175227,0.061902364456662445,1.0016771138292804,0.041283232660751526
05-01-2026,06.05,800,3000.0,3.71172,0.000895368,0.587988,0.0988312,0.0,4145.4686788002255,5.949416783363958,0.014699699999999998,-0.007648671428571507,0.008445424049999999,0.0,0.0,0.008445424049999999,0.008454163286858924,0.00846292062899559,0.03401348876660547,4.235518169007731,0.539792907782207,4.235258011008016,1.0,0.008445424049999999,76008.81644999998,0.07293923425772186,1.0016771138292804,0.041283232660751526
05-01-2026,06.05,801,3003.75,3.71078,0.00090857,0.48719,0.0898778,0.0,4084.198245594726,5.420582168232868,0.012179750000000001,-0.008588671428571448,0.005925474050000002,0.0,0.0,0.005925474050000002,0.005929774785337417,0.005934081768194861,0.03401348876660547,4.235518169007731,0.539792907782207,4.235226038328576,1.0,0.005925474050000002,53462.67294310385,0.05130360671260025,1.0016771138292804,0.041283232660751526
05-01-2026,06.05,802,3007.5,3.70959,0.000862331,0.386392,0.0802358,0.0,4301.816819759466,4.815705707427358,0.009659800000000001,-0.009778671428571695,0.0034055240500000025,0.0,0.0,0.0034055240500000025,0.0034069441874769795,0.003408365509871048,0.03401348876660547,4.235518169007731,0.539792907782207,4.235185562276944,1.0,0.0034055240500000025,30803.156592977833,0.0295591848360178,1.0016771138292804,0.041283232660751526
05-01-2026,06.05,803,3011.25,3.71005,0.000866797,0.50399,0.0915996,0.0,4280.183249365192,5.502098262437827,0.012599750000000002,-0.00931867142857179,0.006345474050000003,0.0,0.0,0.006345474050000003,0.006350406321835115,0.006355346267243341,0.03401348876660547,4.235518169007731,0.539792907782207,4.235201208481776,1.0,0.006345474050000003,57538.38904743448,0.055214726837688605,1.0016771138292804,0.041283232660751526
05-01-2026,06.05,804,3015.0,3.71046,0.000885713,0.554389,0.095732,0.0,4189.23511340581,5.791052103789747,0.013859725000000002,-0.008908671428571768,0.007605449050000003,0.0,0.0,0.007605449050000003,0.007612535612413165,0.007619635393297259,0.03401348876660547,4.235518169007731,0.539792907782207,4.23521515401217,1.0,0.007605449050000003,69135.24309053627,0.0663432470963725,1.0016771138292804,0.041283232660751526
05-01-2026,06.05,805,3018.75,3.70979,0.000873431,0.52079,0.0929771,0.0,4247.376152208932,5.601271710991202,0.01301975,-0.009578671428571717,0.006765474050000001,0.0,0.0,0.006765474050000001,0.006771081141827672,0.006776697535459345,0.03401348876660547,4.235518169007731,0.539792907782207,4.235192364974696,1.0,0.006765474050000001,61652.76076759571,0.059162941488782365,1.0016771138292804,0.041283232660751526
05-01-2026,06.05,806,3022.5,3.70953,0.000869359,0.52079,0.0960763,0.0,4266.97141227042,5.4205875954840055,0.01301975,-0.009838671428571644,0.006765474050000001,0.0,0.0,0.006765474050000001,0.006771081141827672,0.006776697535459345,0.03401348876660547,4.235518169007731,0.539792907782207,4.235183521467617,1.0,0.006765474050000001,61806.030467987825,0.05931002146060201,1.0016771138292804,0.041283232660751526
05-01-2026,06.05,807,3026.25,3.70995,0.000890968,0.554389,0.095732,0.0,4163.95426098356,5.791052103789747,0.013859725000000002,-0.009418671428571557,0.007605449050000003,0.0,0.0,0.007605449050000003,0.007612535612413165,0.007619635393297259,0.03401348876660547,4.235518169007731,0.539792907782207,4.2351978071328995,1.0,0.007605449050000003,69652.14030511104,0.06683926964720165,1.0016771138292804,0.041283232660751526
05-01-2026,06.05,808,3030.0,3.71051,0.000920787,0.604788,0.102964,0.0,4029.7158843467605,5.873781127384328,0.0151197,-0.00885867142857144,0.008865424050000001,0.0,0.0,0.008865424050000001,0.008875054619414567,0.008884706135087071,0.03401348876660547,4.235518169007731,0.539792907782207,4.235216854686609,1.0,0.008865424050000001,81392.57166064502,0.0781055689125153,1.0016771138292804,0.041283232660751526
05-01-2026,06.05,809,3033.75,3.71126,0.000889129,0.604788,0.100209,0.0,4174.03998744839,6.035266293446696,0.0151197,-0.008108671428571856,0.008865424050000001,0.0,0.0,0.008865424050000001,0.008875054619414567,0.008884706135087071,0.03401348876660547,4.235518169007731,0.539792907782207,4.235242364803184,1.0,0.008865424050000001,81594.16309220696,0.07829901916391763,1.0016771138292804,0.041283232660751526
05-01-2026,06.05,810,3037.5,3.71101,0.000874547,0.50399,0.0915996,0.0,4243.351129213181,5.502098262437827,0.012599750000000002,-0.008358671428571718,0.006345474050000003,0.0,0.0,0.006345474050000003,0.006350406321835115,0.006355346267243341,0.03401348876660547,4.235518169007731,0.539792907782207,4.2352338614309915,1.0,0.006345474050000003,58545.92143413283,0.056181570477781,1.0016771138292804,0.041283232660751526
05-01-2026,06.05,811,3041.25,3.70992,0.000876058,0.453591,0.0867786,0.0,4234.788107636709,5.226991447200117,0.011339775000000002,-0.009448671428571753,0.005085499050000003,0.0,0.0,0.005085499050000003,0.005088666567260816,0.005091838032774723,0.03401348876660547,4.235518169007731,0.539792907782207,4.2351967867282365,1.0,0.005085499050000003,47036.80575935229,0.045137245312498984,1.0016771138292804,0.041283232660751526
05-01-2026,06.05,812,3045.0,3.70995,0.000845976,0.218396,0.0602629,0.0,4385.408096683594,3.624053936999381,0.0054599,-0.009418671428571557,-0.0007943759499999987,0.0,0.0,-0.0007943759499999987,-0.0007942987190517363,-0.0007942215031191336,0.03401348876660547,4.235518169007731,0.539792907782207,4.2351978071328995,1.0,-0.0007943759499999987,-7365.4736677987385,-0.007068022294861745,1.0016771138292804,0.041283232660751526
05-01-2026,06.05,813,3048.75,3.70941,0.000848209,0.52079,0.0929771,0.0,4373.226410000365,5.601271710991202,0.01301975,-0.009958671428571542,0.006765474050000001,0.133111,0.0033277750000000003,0.003437699050000001,0.0034391461545349154,0.0034405944779045184,0.03401348876660547,4.235518169007731,0.539792907782207,4.235179439848965,1.0,0.006765474050000001,62884.246181546965,0.06034469391288761,1.0016771138292804,0.041283232660751526
05-01-2026,06.05,814,3052.5,3.71138,0.000903447,0.537589,0.0943545,0.0,4108.021831939228,5.697544897169717,0.013439725,-0.007988671428571514,0.007185449050000001,0.0665557,0.0016638924999999999,0.005521556550000001,0.005525290754335484,0.005529030012940984,0.03401348876660547,4.235518169007731,0.539792907782207,4.235246446421836,1.0,0.007185449050000001,66952.26279469406,0.06424842548731394,1.0016771138292804,0.041283232660751526
05-01-2026,06.05,815,3056.25,3.71081,0.000859638,0.604788,0.102964,0.0,4316.712383584718,5.873781127384328,0.0151197,-0.008558671428571696,0.008865424050000001,0.0,0.0,0.008865424050000001,0.008875054619414567,0.008884706135087071,0.03401348876660547,4.235518169007731,0.539792907782207,4.235227058733239,1.0,0.008865424050000001,82808.94782265821,0.07946474535418628,1.0016771138292804,0.041283232660751526
05-01-2026,06.05,816,3060.0,3.71031,0.000893529,0.571189,0.100209,0.0,4152.422585053199,5.6999770479697425,0.014279725,-0.009058671428571419,0.008025449050000001,0.0,0.0,0.008025449050000001,0.008033340320405391,0.008041247124755237,0.03401348876660547,4.235518169007731,0.539792907782207,4.235210051988855,1.0,0.008025449050000001,75147.09472458,0.07211231278030716,1.0016771138292804,0.041283232660751526
05-01-2026,06.05,817,3063.75,3.71049,0.000896025,0.621588,0.101242,0.0,4141.05633213359,6.139625846980502,0.0155397,-0.008878671428571572,0.009285424050000001,0.0,0.0,0.009285424050000001,0.009295989275572285,0.009306578571374317,0.03401348876660547,4.235518169007731,0.539792907782207,4.235216174416833,1.0,0.009285424050000001,87158.22769280321,0.0836383814942725,1.0016771138292804,0.041283232660751526
05-01-2026,06.05,818,3067.5,3.70926,0.000862988,0.587988,0.0988312,0.0,4298.159418207438,5.949416783363958,0.014699699999999998,-0.010108671428571636,0.008445424049999999,0.0,0.0,0.008445424049999999,0.008454163286858924,0.00846292062899559,0.03401348876660547,4.235518169007731,0.539792907782207,4.23517433782565,1.0,0.008445424049999999,79467.6926535778,0.07625842528666232,1.0016771138292804,0.041283232660751526
05-01-2026,06.05,819,3071.25,3.71023,0.000843086,0.50399,0.0915996,0.0,4400.77287489058,5.502098262437827,0.012599750000000002,-0.009138671428571499,0.006345474050000003,0.0,0.0,0.006345474050000003,0.006350406321835115,0.006355346267243341,0.03401348876660547,4.235518169007731,0.539792907782207,4.235207330909754,1.0,0.006345474050000003,59854.16980198198,0.057436985818086976,1.0016771138292804,0.041283232660751526
05-01-2026,06.05,820,3075.0,3.71077,0.000866797,0.621588,0.101242,0.0,4281.013893679835,6.139625846980502,0.0155397,-0.008598671428571514,0.009285424050000001,0.0,0.0,0.009285424050000001,0.009295989275572285,0.009306578571374317,0.03401348876660547,4.235518169007731,0.539792907782207,4.2352256981936875,1.0,0.009285424050000001,87799.48778278126,0.08425374458118236,1.0016771138292804,0.041283232660751526
05-01-2026,06.05,821,3078.75,3.70991,0.000860754,0.419992,0.0836794,0.0,4310.070008387995,5.019060844126511,0.010499799999999998,-0.009458671428571819,0.0042455240499999995,0.0,0.0,0.0042455240499999995,0.0042477313927241755,0.004249941031935858,0.03401348876660547,4.235518169007731,0.539792907782207,4.235196446593348,1.0,0.0042455240499999995,40242.05544636632,0.03861689796400909,1.0016771138292804,0.041283232660751526
05-01-2026,06.05,822,3082.5,3.70918,0.000861608,0.386392,0.0802358,0.0,4304.950743261436,4.815705707427358,0.009659800000000001,-0.010188671428571716,0.0034055240500000025,0.0,0.0,0.0034055240500000025,0.0034069441874769795,0.003408365509871048,0.03401348876660547,4.235518169007731,0.539792907782207,4.235171616746549,1.0,0.0034055240500000025,32358.629702815335,0.03105184085723946,1.0016771138292804,0.041283232660751526
05-01-2026,06.05,823,3086.25,3.70965,0.000831986,0.352793,0.0767922,0.0,4458.788970006706,4.594125445032177,0.008819825,-0.009718671428571746,0.002565549050000001,0.0,0.0,0.002565549050000001,0.002566354945001713,0.0025671613464609646,0.03401348876660547,4.235518169007731,0.539792907782207,4.23518760308627,1.0,0.002565549050000001,24436.698363104773,0.02344983318565787,1.0016771138292804,0.041283232660751526
05-01-2026,06.05,824,3090.0,3.70852,0.000843349,0.335993,0.074726,0.0,4397.372855128779,4.496333270882959,0.008399825,-0.010848671428571599,0.0021455490500000007,0.0,0.0,0.0021455490500000007,0.002146112651811262,0.002146676549798893,0.03401348876660547,4.235518169007731,0.539792907782207,4.235149167843963,1.0,0.0021455490500000007,20485.916884305007,0.019658602256903617,1.0016771138292804,0.041283232660751526
05-01-2026,06.05,825,3093.75,3.71007,0.000872774,0.419992,0.0836794,0.0,4250.894275035691,5.019060844126511,0.010499799999999998,-0.009298671428571659,0.0042455240499999995,0.0,0.0,0.0042455240499999995,0.0042477313927241755,0.004249941031935858,0.03401348876660547,4.235518169007731,0.539792907782207,4.2352018887515515,1.0,0.0042455240499999995,40635.1379043457,0.03899410596203152,1.0016771138292804,0.041283232660751526
05-01-2026,06.05,826,3097.5,3.71125,0.000865352,0.604788,0.100209,0.0,4288.717192541301,6.035266293446696,0.0151197,-0.008118671428571478,0.008865424050000001,0.0,0.0,0.008865424050000001,0.008875054619414567,0.008884706135087071,0.03401348876660547,4.235518169007731,0.539792907782207,4.235242024668295,1.0,0.008865424050000001,85059.36645662533,0.08162428183412669,1.0016771138292804,0.041283232660751526
05-01-2026,06.05,827,3101.25,3.71048,0.000903644,0.688786,0.106751,0.0,4106.130290247044,6.452267426066267,0.017219650000000003,-0.008888671428571637,0.010965374050000004,0.0,0.0,0.010965374050000004,0.010980111135547135,0.01099488788667557,0.03401348876660547,4.235518169007731,0.539792907782207,4.235215834281946,1.0,0.010965374050000004,105462.24340278449,0.10120319768379424,1.0016771138292804,0.041283232660751526
05-01-2026,06.05,828,3105.0,3.71193,0.000901083,0.554389,0.095732,0.0,4119.4096437287135,5.791052103789747,0.013859725000000002,-0.007438671428571464,0.007605449050000003,0.0,0.0,0.007605449050000003,0.007612535612413165,0.007619635393297259,0.03401348876660547,4.235518169007731,0.539792907782207,4.235265153840657,1.0,0.007605449050000003,73324.32442727628,0.0703631542494608,1.0016771138292804,0.041283232660751526
05-01-2026,06.05,829,3108.75,3.71063,0.000916255,0.722386,0.109162,0.0,4049.778718806446,6.617559223905754,0.018059649999999997,-0.008738671428571543,0.011805374049999998,0.0,0.0,0.011805374049999998,0.01182245723805797,0.011839589938860012,0.03401348876660547,4.235518169007731,0.539792907782207,4.235220936305261,1.0,0.011805374049999998,114090.99001166318,0.1094834762047674,1.0016771138292804,0.041283232660751526
05-01-2026,06.05,830,3112.5,3.70876,0.000871329,0.50399,0.0915996,0.0,4256.44044901524,5.502098262437827,0.012599750000000002,-0.010608671428571803,0.006345474050000003,0.0,0.0,0.006345474050000003,0.006350406321835115,0.006355346267243341,0.03401348876660547,4.235518169007731,0.539792907782207,4.235157331081267,1.0,0.006345474050000003,61472.77133969534,0.058990220853746896,1.0016771138292804,0.041283232660751526
05-01-2026,06.05,831,3116.25,3.70858,0.000873102,0.453591,0.0867786,0.0,4247.590774044728,5.226991447200117,0.011339775000000002,-0.01078867142857165,0.005085499050000003,0.0,0.0,0.005085499050000003,0.005088666567260816,0.005091838032774723,0.03401348876660547,4.235518169007731,0.539792907782207,4.2351512086532885,1.0,0.005085499050000003,49385.35278938041,0.04739094731693926,1.0016771138292804,0.041283232660751526
05-01-2026,06.05,832,3120.0,3.70812,0.000867585,0.50399,0.0915996,0.0,4274.071128477325,5.502098262437827,0.012599750000000002,-0.011248671428571555,0.006345474050000003,0.0,0.0,0.006345474050000003,0.006350406321835115,0.006355346267243341,0.03401348876660547,4.235518169007731,0.539792907782207,4.235135562448456,1.0,0.006345474050000003,61769.38259232003,0.059274853593067334,1.0016771138292804,0.041283232660751526
05-01-2026,06.05,833,3123.75,3.70811,0.000868899,0.50399,0.0915996,0.0,4267.5961187663925,5.502098262437827,0.012599750000000002,-0.01125867142857162,0.006345474050000003,0.0,0.0,0.006345474050000003,0.006350406321835115,0.006355346267243341,0.03401348876660547,4.235518169007731,0.539792907782207,4.235135222313569,1.0,0.006345474050000003,61917.955918318854,0.05941742685148146,1.0016771138292804,0.041283232660751526
05-01-2026,06.05,834,3127.5,3.70777,0.000831198,0.453591,0.0867786,0.0,4460.754236656007,5.226991447200117,0.011339775000000002,-0.011598671428571627,0.005085499050000003,0.0,0.0,0.005085499050000003,0.005088666567260816,0.005091838032774723,0.03401348876660547,4.235518169007731,0.539792907782207,4.235123657727388,1.0,0.005085499050000003,49742.56936718159,0.047733737862377126,1.0016771138292804,0.041283232660751526
05-01-2026,06.05,835,3131.25,3.7084,0.000843414,0.352793,0.0767922,0.0,4396.891680716706,4.594125445032177,0.008819825,-0.010968671428571497,0.002565549050000001,0.0,0.0,0.002565549050000001,0.002566354945001713,0.0025671613464609646,0.03401348876660547,4.235518169007731,0.539792907782207,4.235145086225311,1.0,0.002565549050000001,25154.50691793165,0.024138653361764087,1.0016771138292804,0.041283232660751526
05-01-2026,06.05,836,3135.0,3.70985,0.000884925,0.52079,0.0960763,0.0,4192.276181597311,5.4205875954840055,0.01301975,-0.009518671428571768,0.006765474050000001,0.0,0.0,0.006765474050000001,0.006771081141827672,0.006776697535459345,0.03401348876660547,4.235518169007731,0.539792907782207,4.235194405784022,1.0,0.006765474050000001,66492.60119506126,0.06380732711661438,1.0016771138292804,0.041283232660751526
05-01-2026,06.05,837,3138.75,3.7105,0.000883152,0.554389,0.095732,0.0,4201.428519665924,5.791052103789747,0.013859725000000002,-0.008868671428571506,0.007605449050000003,0.0,0.0,0.007605449050000003,0.007612535612413165,0.007619635393297259,0.03401348876660547,4.235518169007731,0.539792907782207,4.235216514551721,1.0,0.007605449050000003,74926.99456185166,0.0719011012646014,1.0016771138292804,0.041283232660751526
05-01-2026,06.05,838,3142.5,3.7096,0.000852741,0.453591,0.0867786,0.0,4350.207155513808,5.226991447200117,0.011339775000000002,-0.00976867142857163,0.005085499050000003,0.0,0.0,0.005085499050000003,0.005088666567260816,0.005091838032774723,0.03401348876660547,4.235518169007731,0.539792907782207,4.235185902411831,1.0,0.005085499050000003,50220.86055283409,0.04819271347156399,1.0016771138292804,0.041283232660751526
05-01-2026,06.05,839,3146.25,3.70974,0.000899506,0.571189,0.0971094,0.0,4124.1970592747575,5.881912564592099,0.014279725,-0.0096286714285716,0.008025449050000001,0.0,0.0,0.008025449050000001,0.008033340320405391,0.008041247124755237,0.03401348876660547,4.235518169007731,0.539792907782207,4.235190664300259,1.0,0.008025449050000001,79443.02982269603,0.07623475845321903,1.0016771138292804,0.041283232660751526
05-01-2026,06.05,840,3150.0,3.7101,0.000865089,0.302394,0.0709381,0.0,4288.691683745835,4.262786852199311,0.00755985,-0.009268671428571462,0.001305574050000001,0.0,0.0,0.001305574050000001,0.0013057827170341095,0.0013059914507804683,0.03401348876660547,4.235518169007731,0.539792907782207,4.2352029091562144,1.0,0.001305574050000001,12954.55851112501,0.012431394436589886,1.0016771138292804,0.041283232660751526
05-01-2026,06.05,841,3153.75,3.70952,0.000880919,0.604788,0.100209,0.0,4210.9660479567365,6.035266293446696,0.0151197,-0.00984867142857171,0.008865424050000001,0.0,0.0,0.008865424050000001,0.008875054619414567,0.008884706135087071,0.03401348876660547,4.235518169007731,0.539792907782207,4.235183181332729,1.0,0.008865424050000001,88176.74044933196,0.08461576206685119,1.0016771138292804,0.041283232660751526
05-01-2026,06.05,842,3157.5,3.70945,0.00087862,0.50399,0.0915996,0.0,4221.904805262799,5.502098262437827,0.012599750000000002,-0.009918671428571724,0.006345474050000003,0.0,0.0,0.006345474050000003,0.006350406321835115,0.006355346267243341,0.03401348876660547,4.235518169007731,0.539792907782207,4.235180800388516,1.0,0.006345474050000003,63263.14684290284,0.06070829283982553,1.0016771138292804,0.041283232660751526
05-01-2026,06.05,843,3161.25,3.70901,0.000842167,0.470391,0.0885004,0.0,4404.126497476154,5.3151285191931334,0.011759775,-0.010358671428571498,0.005505499050000001,0.0,0.0,0.005505499050000001,0.0055092115593823885,0.005512929079037643,0.03401348876660547,4.235518169007731,0.539792907782207,4.235165834453459,1.0,0.005505499050000001,55019.21335851728,0.05279728693673762,1.0016771138292804,0.041283232660751526
05-01-2026,06.05,844,3165.0,3.70919,0.000832774,0.419992,0.0836794,0.0,4454.017536570546,5.019060844126511,0.010499799999999998,-0.01017867142857165,0.0042455240499999995,0.0,0.0,0.0042455240499999995,0.0042477313927241755,0.004249941031935858,0.03401348876660547,4.235518169007731,0.539792907782207,4.2351719568814366,1.0,0.0042455240499999995,42528.36965176125,0.040810880388715796,1.0016771138292804,0.041283232660751526
05-01-2026,06.05,845,3168.75,3.70999,0.000841247,0.453591,0.0867786,0.0,4410.107851796202,5.226991447200117,0.011339775000000002,-0.009378671428571739,0.005085499050000003,0.0,0.0,0.005085499050000003,0.005088666567260816,0.005091838032774723,0.03401348876660547,4.235518169007731,0.539792907782207,4.23519916767245,1.0,0.005085499050000003,51063.37676966604,0.0490012050462994,1.0016771138292804,0.041283232660751526
05-01-2026,06.05,846,3172.5,3.70976,0.000884662,0.638387,0.105374,0.0,4193.4207640884315,6.058297113139864,0.015959675,-0.00960867142857147,0.00970539905,0.0,0.0,0.00970539905,0.009716942202518439,0.009728512845515687,0.03401348876660547,4.235518169007731,0.539792907782207,4.235191344570033,1.0,0.00970539905,97682.47574723157,0.093737612479316,1.0016771138292804,0.041283232660751526
05-01-2026,06.05,847,3176.25,3.70954,0.000866731,0.470391,0.0915996,0.0,4279.92075972822,5.135295350634719,0.011759775,-0.009828671428571578,0.005505499050000001,0.0,0.0,0.005505499050000001,0.0055092115593823885,0.005512929079037643,0.03401348876660547,4.235518169007731,0.539792907782207,4.235183861602505,1.0,0.005505499050000001,55542.5798619579,0.05329951751708367,1.0016771138292804,0.041283232660751526
05-01-2026,06.05,848,3180.0,3.70871,0.000868702,0.470391,0.0885004,0.0,4269.254589030531,5.3151285191931334,0.011759775,-0.010658671428571687,0.005505499050000001,0.0,0.0,0.005505499050000001,0.0055092115593823885,0.005512929079037643,0.03401348876660547,4.235518169007731,0.539792907782207,4.235155630406829,1.0,0.005505499050000001,55673.80859322001,0.05342544663449293,1.0016771138292804,0.041283232660751526
05-01-2026,06.05,849,3183.75,3.70788,0.000840984,0.352793,0.0767922,0.0,4408.978054279272,4.594125445032177,0.008819825,-0.011488671428571795,0.002565549050000001,0.0,0.0,0.002565549050000001,0.002566354945001713,0.0025671613464609646,0.03401348876660547,4.235518169007731,0.539792907782207,4.235127399211152,1.0,0.002565549050000001,26005.082636096024,0.02495487895846092,1.0016771138292804,0.041283232660751526
05-01-2026,06.05,850,3187.5,3.70892,0.000850574,0.470391,0.0885004,0.0,4360.490680411111,5.3151285191931334,0.011759775,-0.010448671428571643,0.005505499050000001,0.0,0.0,0.005505499050000001,0.0055092115593823885,0.005512929079037643,0.03401348876660547,4.235518169007731,0.539792907782207,4.23516277323947,1.0,0.005505499050000001,55936.73058222658,0.05367775063609874,1.0016771138292804,0.041283232660751526
05-01-2026,06.05,851,3191.25,3.71013,0.000863907,0.48719,0.0898778,0.0,4294.594209793415,5.420582168232868,0.012179750000000001,-0.00923867142857171,0.005925474050000002,0.0,0.0,0.005925474050000002,0.005929774785337417,0.005934081768194861,0.03401348876660547,4.235518169007731,0.539792907782207,4.235203929560877,1.0,0.005925474050000002,60345.481394306975,0.05790845601062314,1.0016771138292804,0.041283232660751526
05-01-2026,06.05,852,3195.0,3.70973,0.000845582,0.453591,0.0867786,0.0,4387.191307288944,5.226991447200117,0.011339775000000002,-0.009638671428571666,0.005085499050000003,0.0,0.0,0.005085499050000003,0.005088666567260816,0.005091838032774723,0.03401348876660547,4.235518169007731,0.539792907782207,4.23519032416537,1.0,0.005085499050000003,51912.901439876274,0.0498164220411455,1.0016771138292804,0.041283232660751526
05-01-2026,06.05,853,3198.75,3.70902,0.000832183,0.453591,0.0867786,0.0,4456.976410236691,5.226991447200117,0.011339775000000002,-0.010348671428571432,0.005085499050000003,0.0,0.0,0.005085499050000003,0.005088666567260816,0.005091838032774723,0.03401348876660547,4.235518169007731,0.539792907782207,4.235166174588346,1.0,0.005085499050000003,52034.83422569229,0.04993343062572439,1.0016771138292804,0.041283232660751526
05-01-2026,06.05,854,3202.5,3.71033,0.000873628,0.470391,0.0885004,0.0,4247.036496083001,5.3151285191931334,0.011759775,-0.009038671428571732,0.005505499050000001,0.0,0.0,0.005505499050000001,0.0055092115593823885,0.005512929079037643,0.03401348876660547,4.235518169007731,0.539792907782207,4.23521073225863,1.0,0.005505499050000001,56464.43266616907,0.05418414170645949,1.0016771138292804,0.041283232660751526
05-01-2026,06.05,855,3206.25,3.70959,0.000848406,0.453591,0.0867786,0.0,4372.423108747463,5.226991447200117,0.011339775000000002,-0.009778671428571695,0.005085499050000003,0.0,0.0,0.005085499050000003,0.005088666567260816,0.005091838032774723,0.03401348876660547,4.235518169007731,0.539792907782207,4.235185562276944,1.0,0.005085499050000003,52279.128886306666,0.05016785955529711,1.0016771138292804,0.041283232660751526
05-01-2026,06.05,856,3210.0,3.70853,0.000841313,0.537589,0.0974537,0.0,4408.02650143288,5.516352893733126,0.013439725,-0.010838671428571534,0.007185449050000001,0.0665557,0.0016638924999999999,0.005521556550000001,0.005525290754335484,0.005529030012940984,0.03401348876660547,4.235518169007731,0.539792907782207,4.235149507978851,1.0,0.007185449050000001,74039.58555610501,0.07104952987623299,1.0016771138292804,0.041283232660751526
05-01-2026,06.05,857,3213.75,3.70998,0.000878751,0.50399,0.0915996,0.0,4221.878552627536,5.502098262437827,0.012599750000000002,-0.009388671428571804,0.006345474050000003,0.0,0.0,0.006345474050000003,0.006350406321835115,0.006355346267243341,0.03401348876660547,4.235518169007731,0.539792907782207,4.2351988275375625,1.0,0.006345474050000003,65537.2556795876,0.06289056280420025,1.0016771138292804,0.041283232660751526
05-01-2026,06.05,858,3217.5,3.70987,0.000878817,0.571189,0.0971094,0.0,4221.436317231005,5.881912564592099,0.014279725,-0.009498671428571637,0.008025449050000001,0.0,0.0,0.008025449050000001,0.008033340320405391,0.008041247124755237,0.03401348876660547,4.235518169007731,0.539792907782207,4.235195086053798,1.0,0.008025449050000001,83081.90635937157,0.07972668058199077,1.0016771138292804,0.041283232660751526
05-01-2026,06.05,859,3221.25,3.70785,0.000852544,0.319194,0.0730042,0.0,4349.159691464605,4.372268992742883,0.007979849999999998,-0.011518671428571547,0.0017255740499999995,0.0,0.0,0.0017255740499999995,0.001725938585943901,0.0017263032759403433,0.03401348876660547,4.235518169007731,0.539792907782207,4.2351263788064895,1.0,0.0017255740499999995,17905.335547331946,0.017182236547638806,1.0016771138292804,0.041283232660751526
05-01-2026,06.05,860,3225.0,3.70804,0.000850508,0.52079,0.0929771,0.0,4359.794381710695,5.601271710991202,0.01301975,-0.011328671428571635,0.006765474050000001,0.0,0.0,0.006765474050000001,0.006771081141827672,0.006776697535459345,0.03401348876660547,4.235518169007731,0.539792907782207,4.235132841369355,1.0,0.006765474050000001,70365.15854128126,0.06752349295953618,1.0016771138292804,0.041283232660751526
05-01-2026,06.05,861,3228.75,3.70976,0.000864564,0.369593,0.078514,0.0,4290.9026977759895,4.707351555136664,0.009239825,-0.00960867142857147,0.002985549050000001,0.0,0.0,0.002985549050000001,0.0029866404616189697,0.002987732671493076,0.03401348876660547,4.235518169007731,0.539792907782207,4.235191344570033,1.0,0.002985549050000001,31123.831040086654,0.029866908988432694,1.0016771138292804,0.041283232660751526
05-01-2026,06.05,862,3232.5,3.70967,0.000846961,0.470391,0.0885004,0.0,4379.977354329184,5.3151285191931334,0.011759775,-0.009698671428571615,0.005505499050000001,0.0,0.0,0.005505499050000001,0.0055092115593823885,0.005512929079037643,0.03401348876660547,4.235518169007731,0.539792907782207,4.235188283356044,1.0,0.005505499050000001,57527.26925777157,0.05520405611577764,1.0016771138292804,0.041283232660751526
05-01-2026,06.05,863,3236.25,3.70886,0.00083862,0.386392,0.0802358,0.0,4422.575183038802,4.815705707427358,0.009659800000000001,-0.010508671428571592,0.0034055240500000025,0.0,0.0,0.0034055240500000025,0.0034069441874769795,0.003408365509871048,0.03401348876660547,4.235518169007731,0.539792907782207,4.235160732430144,1.0,0.0034055240500000025,35667.122923046976,0.03422672205262427,1.0016771138292804,0.041283232660751526
05-01-2026,06.05,864,3240.0,3.70923,0.000839342,0.436791,0.0850568,0.0,4419.211715844078,5.13528606766302,0.010919775,-0.010138671428571833,0.004665499050000001,0.0,0.0,0.004665499050000001,0.0046681648385990555,0.004670833675314333,0.03401348876660547,4.235518169007731,0.539792907782207,4.235173317420987,1.0,0.004665499050000001,48976.542827280005,0.04699864696304351,1.0016771138292804,0.041283232660751526
05-01-2026,06.05,865,3243.75,3.70877,0.000836715,0.302394,0.0709381,0.0,4432.536765804366,4.262786852199311,0.00755985,-0.010598671428571738,0.001305574050000001,0.0665557,0.0016638924999999999,-0.0003583184499999989,-0.00035830273549474737,-0.0003582870223677941,0.03401348876660547,4.235518169007731,0.539792907782207,4.235157671216155,1.0,0.001305574050000001,13737.137956330089,0.01318236975952022,1.0016771138292804,0.041283232660751526
05-01-2026,06.05,866,3247.5,3.70895,0.00086036,0.352793,0.0767922,0.0,4310.927983634758,4.594125445032177,0.008819825,-0.010418671428571447,0.002565549050000001,0.0,0.0,0.002565549050000001,0.002566354945001713,0.0025671613464609646,0.03401348876660547,4.235518169007731,0.539792907782207,4.235163793644133,1.0,0.002565549050000001,27056.93770324407,0.025964255327297715,1.0016771138292804,0.041283232660751526
05-01-2026,06.05,867,3251.25,3.71016,0.000863119,0.537589,0.0943545,0.0,4298.549794408419,5.697544897169717,0.013439725,-0.009208671428571513,0.007185449050000001,0.0,0.0,0.007185449050000001,0.007191774207963212,0.007198110511471163,0.03401348876660547,4.235518169007731,0.539792907782207,4.23520494996554,1.0,0.007185449050000001,75954.6985914204,0.07288730192475283,1.0016771138292804,0.041283232660751526
05-01-2026,06.05,868,3255.0,3.71082,0.000848538,0.48719,0.0898778,0.0,4373.19247929969,5.420582168232868,0.012179750000000001,-0.00854867142857163,0.005925474050000002,0.0,0.0,0.005925474050000002,0.005929774785337417,0.005934081768194861,0.03401348876660547,4.235518169007731,0.539792907782207,4.235227398868126,1.0,0.005925474050000002,62780.54569660128,0.06024518132583044,1.0016771138292804,0.041283232660751526
05-01-2026,06.05,869,3258.75,3.70983,0.000839474,0.319194,0.0730042,0.0,4419.231566433266,4.372268992742883,0.007979849999999998,-0.009538671428571455,0.0017255740499999995,0.0,0.0,0.0017255740499999995,0.001725938585943901,0.0017263032759403433,0.03401348876660547,4.235518169007731,0.539792907782207,4.2351937255142476,1.0,0.0017255740499999995,18324.65004148195,0.017584617212736835,1.0016771138292804,0.041283232660751526
05-01-2026,06.05,870,3262.5,3.70949,0.000868833,0.537589,0.0943545,0.0,4269.508639750102,5.697544897169717,0.013439725,-0.009878671428571462,0.007185449050000001,0.0,0.0,0.007185449050000001,0.007191774207963212,0.007198110511471163,0.03401348876660547,4.235518169007731,0.539792907782207,4.235182160928066,1.0,0.007185449050000001,76481.24605235158,0.07339258500103824,1.0016771138292804,0.041283232660751526
05-01-2026,06.05,871,3266.25,3.70978,0.000824498,0.403192,0.0819576,0.0,4499.440871900235,4.919519361230685,0.010079800000000002,-0.009588671428571782,0.0038255240500000027,0.0,0.0,0.0038255240500000027,0.0038273161683820126,0.0038291099666350765,0.03401348876660547,4.235518169007731,0.539792907782207,4.235192024839809,1.0,0.0038255240500000027,40812.17893335073,0.0391639972679476,1.0016771138292804,0.041283232660751526
05-01-2026,06.05,872,3270.0,3.70882,0.000864301,0.470391,0.0885004,0.0,4291.12080166516,5.3151285191931334,0.011759775,-0.010548671428571854,0.005505499050000001,0.0,0.0,0.005505499050000001,0.0055092115593823885,0.005512929079037643,0.03401348876660547,4.235518169007731,0.539792907782207,4.235159371890593,1.0,0.005505499050000001,58869.75079174501,0.056492322131044014,1.0016771138292804,0.041283232660751526
05-01-2026,06.05,873,3273.75,3.70863,0.000849786,0.319194,0.0730042,0.0,4364.192867380729,4.372268992742883,0.007979849999999998,-0.010738671428571767,0.0017255740499999995,0.0,0.0,0.0017255740499999995,0.001725938585943901,0.0017263032759403433,0.03401348876660547,4.235518169007731,0.539792907782207,4.235152909327727,1.0,0.0017255740499999995,18493.734728706324,0.017746873490190718,1.0016771138292804,0.041283232660751526
05-01-2026,06.05,874,3277.5,3.70931,0.000877175,0.453591,0.0867786,0.0,4228.700088351811,5.226991447200117,0.011339775000000002,-0.010058671428571753,0.005085499050000003,0.0,0.0,0.005085499050000003,0.005088666567260816,0.005091838032774723,0.03401348876660547,4.235518169007731,0.539792907782207,4.2351760385000885,1.0,0.005085499050000003,54628.462579469095,0.052422316453831455,1.0016771138292804,0.041283232660751526
05-01-2026,06.05,875,3281.25,3.70976,0.000853398,0.50399,0.0915996,0.0,4347.0455754524855,5.502098262437827,0.012599750000000002,-0.00960867142857147,0.006345474050000003,0.0,0.0,0.006345474050000003,0.006350406321835115,0.006355346267243341,0.03401348876660547,4.235518169007731,0.539792907782207,4.235191344570033,1.0,0.006345474050000003,68319.19082153324,0.06556015073472198,1.0016771138292804,0.041283232660751526
05-01-2026,06.05,876,3285.0,3.70846,0.000858193,0.419992,0.0836794,0.0,4321.2424244895965,5.019060844126511,0.010499799999999998,-0.010908671428571548,0.0042455240499999995,0.0665557,0.0016638924999999999,0.0025816315499999996,0.0025824475820060405,0.0025832641300568976,0.03401348876660547,4.235518169007731,0.539792907782207,4.235147127034637,1.0,0.0042455240499999995,45814.405266461246,0.04396421091896404,1.0016771138292804,0.041283232660751526
05-01-2026,06.05,877,3288.75,3.70751,0.000843086,0.251995,0.0647396,0.0,4397.546632253412,3.8924398667894153,0.006299875000000001,-0.011858671428571554,4.559905000000187e-05,0.0,0.0,4.559905000000187e-05,4.559930450448172e-05,4.559955901180254e-05,0.03401348876660547,4.235518169007731,0.539792907782207,4.235114814220308,1.0,4.559905000000187e-05,493.19369616728585,0.000473276288453211,1.0016771138292804,0.041283232660751526
05-01-2026,06.05,878,3292.5,3.70826,0.00083481,0.403192,0.0819576,0.0,4442.040703872738,4.919519361230685,0.010079800000000002,-0.011108671428571526,0.0038255240500000027,0.0,0.0,0.0038255240500000027,0.0038273161683820126,0.0038291099666350765,0.03401348876660547,4.235518169007731,0.539792907782207,4.235140324336884,1.0,0.0038255240500000027,41470.80864975284,0.039796028516656125,1.0016771138292804,0.041283232660751526
05-01-2026,06.05,879,3296.25,3.70965,0.000854186,0.319194,0.0730042,0.0,4342.9065800657,4.372268992742883,0.007979849999999998,-0.009718671428571746,0.0017255740499999995,0.0,0.0,0.0017255740499999995,0.001725938585943901,0.0017263032759403433,0.03401348876660547,4.235518169007731,0.539792907782207,4.23518760308627,1.0,0.0017255740499999995,18748.81771264757,0.01799165506145868,1.0016771138292804,0.041283232660751526
05-01-2026,06.05,880,3300.0,3.70821,0.000824958,0.386392,0.0802358,0.0,4495.028837831744,4.815705707427358,0.009659800000000001,-0.011158671428571854,0.0034055240500000025,0.0,0.0,0.0034055240500000025,0.0034069441874769795,0.003408365509871048,0.03401348876660547,4.235518169007731,0.539792907782207,4.235138623662445,1.0,0.0034055240500000025,37086.15690450003,0.03558844897888102,1.0016771138292804,0.041283232660751526
05-01-2026,06.05,881,3303.75,3.70856,0.0008266,0.352793,0.0767922,0.0,4486.523106702153,4.594125445032177,0.008819825,-0.010808671428571781,0.002565549050000001,0.0,0.0,0.002565549050000001,0.002566354945001713,0.0025671613464609646,0.03401348876660547,4.235518169007731,0.539792907782207,4.235150528383514,1.0,0.002565549050000001,28002.362571521026,0.02687149963343279,1.0016771138292804,0.041283232660751526
05-01-2026,06.05,882,3307.5,3.70887,0.000866863,0.453591,0.0867786,0.0,4278.496140681976,5.226991447200117,0.011339775000000002,-0.010498671428571527,0.005085499050000003,0.0,0.0,0.005085499050000003,0.005088666567260816,0.005091838032774723,0.03401348876660547,4.235518169007731,0.539792907782207,4.235161072565031,1.0,0.005085499050000003,55633.10291679659,0.0533863848386785,1.0016771138292804,0.041283232660751526
05-01-2026,06.05,883,3311.25,3.70771,0.000842692,0.352793,0.0767922,0.0,4399.8400364546005,4.594125445032177,0.008819825,-0.011658671428571576,0.002565549050000001,0.0,0.0,0.002565549050000001,0.002566354945001713,0.0025671613464609646,0.03401348876660547,4.235518169007731,0.539792907782207,4.235121616918062,1.0,0.002565549050000001,28129.64587376415,0.026993642656216402,1.0016771138292804,0.041283232660751526
05-01-2026,06.05,884,3315.0,3.70737,0.000819901,0.319194,0.0767922,0.0,4521.728842872493,4.156594029081078,0.007979849999999998,-0.011998671428571583,0.0017255740499999995,0.0,0.0,0.0017255740499999995,0.001725938585943901,0.0017263032759403433,0.03401348876660547,4.235518169007731,0.539792907782207,4.235110052331882,1.0,0.0017255740499999995,18962.721489611245,0.01819692042967854,1.0016771138292804,0.041283232660751526
05-01-2026,06.05,885,3318.75,3.70779,0.000825024,0.419992,0.0836794,0.0,4494.160169885967,5.019060844126511,0.010499799999999998,-0.011578671428571496,0.0042455240499999995,0.0,0.0,0.0042455240499999995,0.0042477313927241755,0.004249941031935858,0.03401348876660547,4.235518169007731,0.539792907782207,4.2351243379971635,1.0,0.0042455240499999995,46760.633072736324,0.04487222573680388,1.0016771138292804,0.041283232660751526
05-01-2026,06.05,886,3322.5,3.70796,0.000838291,0.453591,0.0867786,0.0,4423.237276792904,5.226991447200117,0.011339775000000002,-0.011408671428571715,0.005085499050000003,0.0,0.0,0.005085499050000003,0.005088666567260816,0.005091838032774723,0.03401348876660547,4.235518169007731,0.539792907782207,4.235130120290254,1.0,0.005085499050000003,56138.85579731909,0.05387171311442154,1.0016771138292804,0.041283232660751526
05-01-2026,06.05,887,3326.25,3.70796,0.000823973,0.369593,0.078514,0.0,4500.098911008006,4.707351555136664,0.009239825,-0.011408671428571715,0.002985549050000001,0.0,0.0,0.002985549050000001,0.0029866404616189697,0.002987732671493076,0.03401348876660547,4.235518169007731,0.539792907782207,4.235130120290254,1.0,0.002985549050000001,33031.93275730478,0.031697952867813274,1.0016771138292804,0.041283232660751526
05-01-2026,06.05,888,3330.0,3.70795,0.000843414,0.386392,0.0802358,0.0,4396.3581349135775,4.815705707427358,0.009659800000000001,-0.01141867142857178,0.0034055240500000025,0.0,0.0,0.0034055240500000025,0.0034069441874769795,0.003408365509871048,0.03401348876660547,4.235518169007731,0.539792907782207,4.235129780155366,1.0,0.0034055240500000025,37763.51563804503,0.03623845288171843,1.0016771138292804,0.041283232660751526
05-01-2026,06.05,889,3333.75,3.70879,0.000835007,0.386392,0.0802358,0.0,4441.627435458625,4.815705707427358,0.009659800000000001,-0.010578671428571607,0.0034055240500000025,0.0,0.0,0.0034055240500000025,0.0034069441874769795,0.003408365509871048,0.03401348876660547,4.235518169007731,0.539792907782207,4.23515835148593,1.0,0.0034055240500000025,37848.61649137573,0.03632011697499771,1.0016771138292804,0.041283232660751526
05-01-2026,06.05,890,3337.5,3.70909,0.000884137,0.50399,0.0915996,0.0,4195.153013616668,5.502098262437827,0.012599750000000002,-0.010278671428571418,0.006345474050000003,0.0,0.0,0.006345474050000003,0.006350406321835115,0.006355346267243341,0.03401348876660547,4.235518169007731,0.539792907782207,4.23516855553256,1.0,0.006345474050000003,70681.64055475785,0.06782719398788346,1.0016771138292804,0.041283232660751526
05-01-2026,06.05,891,3341.25,3.70951,0.00088013,0.470391,0.0885004,0.0,4214.729642211946,5.3151285191931334,0.011759775,-0.009858671428571775,0.005505499050000001,0.0,0.0,0.005505499050000001,0.0055092115593823885,0.005512929079037643,0.03401348876660547,4.235518169007731,0.539792907782207,4.235182841197842,1.0,0.005505499050000001,61463.12472158978,0.0589809638100162,1.0016771138292804,0.041283232660751526
05-01-2026,06.05,892,3345.0,3.70892,0.000851231,0.403192,0.0819576,0.0,4357.125151692078,4.919519361230685,0.010079800000000002,-0.010448671428571643,0.0038255240500000027,0.0,0.0,0.0038255240500000027,0.0038273161683820126,0.0038291099666350765,0.03401348876660547,4.235518169007731,0.539792907782207,4.23516277323947,1.0,0.0038255240500000027,42803.88423355128,0.041075268436855196,1.0016771138292804,0.041283232660751526
05-01-2026,06.05,893,3348.75,3.70888,0.000841247,0.419992,0.0836794,0.0,4408.788382009089,5.019060844126511,0.010499799999999998,-0.010488671428571461,0.0042455240499999995,0.0,0.0,0.0042455240499999995,0.0042477313927241755,0.004249941031935858,0.03401348876660547,4.235518169007731,0.539792907782207,4.235161412699919,1.0,0.0042455240499999995,47609.84402083757,0.04568714167906861,1.0016771138292804,0.041283232660751526
05-01-2026,06.05,894,3352.5,3.70938,0.000828045,0.436791,0.0850568,0.0,4479.684075140844,5.13528606766302,0.010919775,-0.009988671428571738,0.004665499050000001,0.133111,0.0033277750000000003,0.0013377240500000004,0.0013379431213597758,0.0013381622644834121,0.03401348876660547,4.235518169007731,0.539792907782207,4.235178419444302,1.0,0.004665499050000001,52436.73935708157,0.05031910499742135,1.0016771138292804,0.041283232660751526
05-01-2026,06.05,895,3356.25,3.70922,0.000837897,0.386392,0.0802358,0.0,4426.820957707212,4.815705707427358,0.009659800000000001,-0.010148671428571454,0.0034055240500000025,0.0,0.0,0.0034055240500000025,0.0034069441874769795,0.003408365509871048,0.03401348876660547,4.235518169007731,0.539792907782207,4.2351729772860995,1.0,0.0034055240500000025,38361.23299900198,0.03681203169332149,1.0016771138292804,0.041283232660751526
05-01-2026,06.05,896,3360.0,3.70907,0.000852676,0.453591,0.0867786,0.0,4349.917201844546,5.226991447200117,0.011339775000000002,-0.010298671428571549,0.005085499050000003,0.0,0.0,0.005085499050000003,0.005088666567260816,0.005091838032774723,0.03401348876660547,4.235518169007731,0.539792907782207,4.235167875262785,1.0,0.005085499050000003,57413.25007488003,0.055094641546794436,1.0016771138292804,0.041283232660751526
05-01-2026,06.05,897,3363.75,3.70968,0.000862331,0.335993,0.074726,0.0,4301.921188035684,4.496333270882959,0.008399825,-0.00968867142857155,0.0021455490500000007,0.0,0.0,0.0021455490500000007,0.002146112651811262,0.002146676549798893,0.03401348876660547,4.235518169007731,0.539792907782207,4.235188623490933,1.0,0.0021455490500000007,24276.488562723524,0.0232960933866955,1.0016771138292804,0.041283232660751526
05-01-2026,06.05,898,3367.5,3.70939,0.000887421,0.537589,0.0943545,0.0,4179.966442083295,5.697544897169717,0.013439725,-0.009978671428571673,0.007185449050000001,0.0,0.0,0.007185449050000001,0.007191774207963212,0.007198110511471163,0.03401348876660547,4.235518169007731,0.539792907782207,4.23517875957919,1.0,0.007185449050000001,81483.39640850907,0.07819272574339706,1.0016771138292804,0.041283232660751526
05-01-2026,06.05,899,3371.25,3.70905,0.000860623,0.419992,0.0836794,0.0,4309.726790940981,5.019060844126511,0.010499799999999998,-0.01031867142857168,0.0042455240499999995,0.0,0.0,0.0042455240499999995,0.0042477313927241755,0.004249941031935858,0.03401348876660547,4.235518169007731,0.539792907782207,4.235167194993009,1.0,0.0042455240499999995,48251.76725719757,0.0463031411314892,1.0016771138292804,0.041283232660751526
05-01-2026,06.05,900,3375.0,3.70932,0.000852807,0.470391,0.0885004,0.0,4349.542159011359,5.3151285191931334,0.011759775,-0.010048671428571687,0.005505499050000001,0.0,0.0,0.005505499050000001,0.0055092115593823885,0.005512929079037643,0.03401348876660547,4.235518169007731,0.539792907782207,4.235176378634976,1.0,0.005505499050000001,62711.07511640626,0.060178516284069165,1.0016771138292804,0.041283232660751526
05-01-2026,06.05,901,3378.75,3.70898,0.000831723,0.251995,0.0647396,0.0,4459.393331674127,3.8924398667894153,0.006299875000000001,-0.010388671428571694,4.559905000000187e-05,0.0,0.0,4.559905000000187e-05,4.559930450448172e-05,4.559955901180254e-05,0.03401348876660547,4.235518169007731,0.539792907782207,4.235164814048796,1.0,4.559905000000187e-05,520.556546096037,0.000499534101877065,1.0016771138292804,0.041283232660751526
05-01-2026,06.05,902,3382.5,3.70852,0.0007977,0.369593,0.078514,0.0,4649.01592077222,4.707351555136664,0.009239825,-0.010848671428571599,0.002985549050000001,0.0,0.0,0.002985549050000001,0.0029866404616189697,0.002987732671493076,0.03401348876660547,4.235518169007731,0.539792907782207,4.235149167843963,1.0,0.002985549050000001,34158.58100544658,0.032779101928347903,1.0016771138292804,0.041283232660751526
05-01-2026,06.05,903,3386.25,3.70892,0.000845451,0.453591,0.0867786,0.0,4386.913020387935,5.226991447200117,0.011339775000000002,-0.010448671428571643,0.005085499050000003,0.0,0.0,0.005085499050000003,0.005088666567260816,0.005091838032774723,0.03401348876660547,4.235518169007731,0.539792907782207,4.23516277323947,1.0,0.005085499050000003,58313.83633398917,0.05595885803101845,1.0016771138292804,0.041283232660751526
05-01-2026,06.05,904,3390.0,3.70787,0.000846961,0.419992,0.0836794,0.0,4377.852108892854,5.019060844126511,0.010499799999999998,-0.011498671428571416,0.0042455240499999995,0.0,0.0,0.0042455240499999995,0.0042477313927241755,0.004249941031935858,0.03401348876660547,4.235518169007731,0.539792907782207,4.235127059076265,1.0,0.0042455240499999995,48789.98693500499,0.04681962504737197,1.0016771138292804,0.041283232660751526
05-01-2026,06.05,905,3393.75,3.70848,0.000826337,0.386392,0.0802358,0.0,4487.854228964697,4.815705707427358,0.009659800000000001,-0.010888671428571417,0.0034055240500000025,0.0,0.0,0.0034055240500000025,0.0034069441874769795,0.003408365509871048,0.03401348876660547,4.235518169007731,0.539792907782207,4.235147807304412,1.0,0.0034055240500000025,39223.25627415823,0.03763924254252069,1.0016771138292804,0.041283232660751526
05-01-2026,06.05,906,3397.5,3.70802,0.000823841,0.285594,0.0730042,0.0,4500.892769357194,3.912021500132869,0.0071398500000000005,-0.011348671428571766,0.0008855740500000016,0.0,0.0,0.0008855740500000016,0.0008856700515531386,0.0008857660739228237,0.03401348876660547,4.235518169007731,0.539792907782207,4.23513216109958,1.0,0.0008855740500000016,10222.186793987832,0.00980936833404501,1.0016771138292804,0.041283232660751526
05-01-2026,06.05,907,3401.25,3.70779,0.000855697,0.453591,0.0867786,0.0,4333.064157055594,5.226991447200117,0.011339775000000002,-0.011578671428571496,0.005085499050000003,0.0665557,0.0016638924999999999,0.003421606550000003,0.003423040135097375,0.003424474921985565,0.03401348876660547,4.235518169007731,0.539792907782207,4.2351243379971635,1.0,0.005085499050000003,58831.6037060173,0.05645571559837983,1.0016771138292804,0.041283232660751526
05-01-2026,06.05,908,3405.0,3.7094,0.000829162,0.403192,0.0819576,0.0,4473.673419669498,4.919519361230685,0.010079800000000002,-0.009968671428571607,0.0038255240500000027,0.0,0.0,0.0038255240500000027,0.0038273161683820126,0.0038291099666350765,0.03401348876660547,4.235518169007731,0.539792907782207,4.2351790997140775,1.0,0.0038255240500000027,44353.221473801284,0.04256203638284927,1.0016771138292804,0.041283232660751526
05-01-2026,06.05,909,3408.75,3.70829,0.0008155,0.285594,0.0688719,0.0,4547.2593500919675,4.146741994921006,0.0071398500000000005,-0.011078671428571774,0.0008855740500000016,0.0,0.0,0.0008855740500000016,0.0008856700515531386,0.0008857660739228237,0.03401348876660547,4.235518169007731,0.539792907782207,4.235141344741547,1.0,0.0008855740500000016,10289.995475738222,0.009874438592390008,1.0016771138292804,0.041283232660751526
05-01-2026,06.05,910,3412.5,3.70887,0.000824433,0.48719,0.0898778,0.0,4498.691828201928,5.420582168232868,0.012179750000000001,-0.010498671428571527,0.005925474050000002,0.0,0.0,0.005925474050000002,0.005929774785337417,0.005934081768194861,0.03401348876660547,4.235518169007731,0.539792907782207,4.235161072565031,1.0,0.005925474050000002,69003.07116757034,0.0662164128776362,1.0016771138292804,0.041283232660751526
05-01-2026,06.05,911,3416.25,3.71011,0.000853792,0.436791,0.0850568,0.0,4345.4494771560285,5.13528606766302,0.010919775,-0.00925867142857184,0.004665499050000001,0.0,0.0,0.004665499050000001,0.0046681648385990555,0.004670833675314333,0.03401348876660547,4.235518169007731,0.539792907782207,4.235203249291102,1.0,0.004665499050000001,54449.9386463679,0.05225100213024053,1.0016771138292804,0.041283232660751526
05-01-2026,06.05,912,3420.0,3.708,0.000809917,0.369593,0.078514,0.0,4578.2469067818065,4.707351555136664,0.009239825,-0.011368671428571453,0.002985549050000001,0.0,0.0,0.002985549050000001,0.0029866404616189697,0.002987732671493076,0.03401348876660547,4.235518169007731,0.539792907782207,4.235131480829804,1.0,0.002985549050000001,34920.17590842002,0.03350994016043653,1.0016771138292804,0.041283232660751526
05-01-2026,06.05,913,3423.75,3.70715,0.000824367,0.235195,0.0626734,0.0,4496.965550537564,3.752708485577613,0.005879875,-0.012218671428571692,-0.00037440094999999923,0.0,0.0,-0.00037440094999999923,-0.00037438379323510217,-0.000374366638042536,0.03401348876660547,4.235518169007731,0.539792907782207,4.2351025693643525,1.0,-0.00037440094999999923,-4388.75192096085,-0.004211514129713703,1.0016771138292804,0.041283232660751526
05-01-2026,06.05,914,3427.5,3.70747,0.000847946,0.302394,0.0709381,0.0,4372.294933875506,4.262786852199311,0.00755985,-0.011898671428571816,0.001305574050000001,0.0,0.0,0.001305574050000001,0.0013057827170341095,0.0013059914507804683,0.03401348876660547,4.235518169007731,0.539792907782207,4.235113453680758,1.0,0.001305574050000001,15337.565705725325,0.014718164947207263,1.0016771138292804,0.041283232660751526
05-01-2026,06.05,915,3431.25,3.70875,0.000823644,0.386392,0.0802358,0.0,4502.855602663287,4.815705707427358,0.009659800000000001,-0.010618671428571425,0.0034055240500000025,0.0,0.0,0.0034055240500000025,0.0034069441874769795,0.003408365509871048,0.03401348876660547,4.235518169007731,0.539792907782207,4.235156990946379,1.0,0.0034055240500000025,40094.857585705104,0.03847564462337765,1.0016771138292804,0.041283232660751526
05-01-2026,06.05,916,3435.0,3.70845,0.000817536,0.319194,0.0730042,0.0,4536.130519023016,4.372268992742883,0.007979849999999998,-0.010918671428571614,0.0017255740499999995,0.0,0.0,0.0017255740499999995,0.001725938585943901,0.0017263032759403433,0.03401348876660547,4.235518169007731,0.539792907782207,4.235146786899749,1.0,0.0017255740499999995,20360.436470111243,0.019538189313338634,1.0016771138292804,0.041283232660751526
05-01-2026,06.05,917,3438.75,3.70755,0.000810771,0.403192,0.0819576,0.0,4572.869527893819,4.919519361230685,0.010079800000000002,-0.011818671428571736,0.0038255240500000027,0.0665557,0.0016638924999999999,0.002161631550000003,0.002162203633841317,0.0021627760205710305,0.03401348876660547,4.235518169007731,0.539792907782207,4.23511617475986,1.0,0.0038255240500000027,45236.82786863136,0.04340995872704901,1.0016771138292804,0.041283232660751526
05-01-2026,06.05,918,3442.5,3.70841,0.000835467,0.352793,0.0767922,0.0,4438.727083176236,4.594125445032177,0.008819825,-0.010958671428571432,0.002565549050000001,0.0,0.0,0.002565549050000001,0.002566354945001713,0.0025671613464609646,0.03401348876660547,4.235518169007731,0.539792907782207,4.235145426360199,1.0,0.002565549050000001,30403.824716421575,0.029175979799403753,1.0016771138292804,0.041283232660751526
05-01-2026,06.05,919,3446.25,3.70885,0.000834285,0.403192,0.0819576,0.0,4445.543189677388,4.919519361230685,0.010079800000000002,-0.010518671428571658,0.0038255240500000027,0.0,0.0,0.0038255240500000027,0.0038273161683820126,0.0038291099666350765,0.03401348876660547,4.235518169007731,0.539792907782207,4.235160392295256,1.0,0.0038255240500000027,45434.368366763236,0.04359952164016326,1.0016771138292804,0.041283232660751526
05-01-2026,06.05,920,3450.0,3.70772,0.000828373,0.386392,0.0802358,0.0,4475.906385167069,4.815705707427358,0.009659800000000001,-0.011648671428571511,0.0034055240500000025,0.0,0.0,0.0034055240500000025,0.0034069441874769795,0.003408365509871048,0.03401348876660547,4.235518169007731,0.539792907782207,4.235121957052949,1.0,0.0034055240500000025,40534.25000512503,0.03889729237567781,1.0016771138292804,0.041283232660751526
05-01-2026,06.05,921,3453.75,3.70902,0.000827848,0.436791,0.0850568,0.0,4480.315226949875,5.13528606766302,0.010919775,-0.010348671428571432,0.004665499050000001,0.0,0.0,0.004665499050000001,0.0046681648385990555,0.004670833675314333,0.03401348876660547,4.235518169007731,0.539792907782207,4.235166174588346,1.0,0.004665499050000001,55651.88783912415,0.05340441114028608,1.0016771138292804,0.041283232660751526
05-01-2026,06.05,922,3457.5,3.70902,0.000827125,0.251995,0.0647396,0.0,4484.231524860209,3.8924398667894153,0.006299875000000001,-0.010348671428571432,4.559905000000187e-05,0.0,0.0,4.559905000000187e-05,4.559930450448172e-05,4.559955901180254e-05,0.03401348876660547,4.235518169007731,0.539792907782207,4.235166174588346,1.0,4.559905000000187e-05,545.1050084090848,0.0005230911854753356,1.0016771138292804,0.041283232660751526
05-01-2026,06.05,923,3461.25,3.70738,0.000803809,0.386392,0.0802358,0.0,4612.264853964064,4.815705707427358,0.009659800000000001,-0.011988671428571518,0.0034055240500000025,0.0,0.0,0.0034055240500000025,0.0034069441874769795,0.003408365509871048,0.03401348876660547,4.235518169007731,0.539792907782207,4.235110392466769,1.0,0.0034055240500000025,40799.034821143854,0.03915138397485682,1.0016771138292804,0.041283232660751526
05-01-2026,06.05,924,3465.0,3.70829,0.000821083,0.403192,0.0854012,0.0,4516.340004603676,4.721151459230081,0.010079800000000002,-0.011078671428571774,0.0038255240500000027,0.0,0.0,0.0038255240500000027,0.0038273161683820126,0.0038291099666350765,0.03401348876660547,4.235518169007731,0.539792907782207,4.235141344741547,1.0,0.0038255240500000027,45930.10248721128,0.04407523575899435,1.0016771138292804,0.041283232660751526
05-01-2026,06.05,925,3468.75,3.7081,0.000835467,0.268795,0.0671501,0.0,4438.356033212563,4.002897985259888,0.006719875,-0.011268671428571686,0.00046559905000000124,0.0,0.0,0.00046559905000000124,0.0004656255856872363,0.0004656521243993178,0.03401348876660547,4.235518169007731,0.539792907782207,4.235134882178681,1.0,0.00046559905000000124,5602.193256884781,0.005375951177844565,1.0016771138292804,0.041283232660751526
05-01-2026,06.05,926,3472.5,3.70714,0.000820492,0.335993,0.074726,0.0,4518.191524109924,4.496333270882959,0.008399825,-0.012228671428571758,0.0021455490500000007,0.0,0.0,0.0021455490500000007,0.002146112651811262,0.002146676549798893,0.03401348876660547,4.235518169007731,0.539792907782207,4.235102229229465,1.0,0.0021455490500000007,25871.580241844073,0.024826767998928807,1.0016771138292804,0.041283232660751526
05-01-2026,06.05,927,3476.25,3.70875,0.000832905,0.369593,0.078514,0.0,4452.788733408973,4.707351555136664,0.009239825,-0.010618671428571425,0.002985549050000001,0.0,0.0,0.002985549050000001,0.0029866404616189697,0.002987732671493076,0.03401348876660547,4.235518169007731,0.539792907782207,4.235156990946379,1.0,0.002985549050000001,36078.31236919853,0.03462130579616776,1.0016771138292804,0.041283232660751526
05-01-2026,06.05,928,3480.0,3.70987,0.000865549,0.470391,0.0885004,0.0,4286.146711509112,5.3151285191931334,0.011759775,-0.009498671428571637,0.005505499050000001,0.0,0.0,0.005505499050000001,0.0055092115593823885,0.005512929079037643,0.03401348876660547,4.235518169007731,0.539792907782207,4.235195086053798,1.0,0.005505499050000001,66673.79569512002,0.06398120415750595,1.0016771138292804,0.041283232660751526
05-01-2026,06.05,929,3483.75,3.70951,0.000858258,0.571189,0.0971094,0.0,4322.1385643943895,5.881912564592099,0.014279725,-0.009858671428571775,0.008025449050000001,0.0,0.0,0.008025449050000001,0.008033340320405391,0.008041247124755237,0.03401348876660547,4.235518169007731,0.539792907782207,4.235182841197842,1.0,0.008025449050000001,97400.97525320228,0.09346748025733655,1.0016771138292804,0.041283232660751526
05-01-2026,06.05,930,3487.5,3.70896,0.000807552,0.268795,0.0671501,0.0,4592.8435568235855,4.002897985259888,0.006719875,-0.010408671428571825,0.00046559905000000124,0.0,0.0,0.00046559905000000124,0.0004656255856872363,0.0004656521243993178,0.03401348876660547,4.235518169007731,0.539792907782207,4.23516413377902,1.0,0.00046559905000000124,5662.921195476578,0.005434226645689134,1.0016771138292804,0.041283232660751526
05-01-2026,06.05,931,3491.25,3.70912,0.00083192,0.436791,0.0850568,0.0,4458.505625540917,5.13528606766302,0.010919775,-0.010248671428571665,0.004665499050000001,0.0,0.0,0.004665499050000001,0.0046681648385990555,0.004670833675314333,0.03401348876660547,4.235518169007731,0.539792907782207,4.235169575937223,1.0,0.004665499050000001,56866.958747958524,0.05457041195175133,1.0016771138292804,0.041283232660751526
05-01-2026,06.05,932,3495.0,3.70811,0.000824498,0.302394,0.0709381,0.0,4497.415397005208,4.262786852199311,0.00755985,-0.01125867142857162,0.001305574050000001,0.0,0.0,0.001305574050000001,0.0013057827170341095,0.0013059914507804683,0.03401348876660547,4.235518169007731,0.539792907782207,4.235135222313569,1.0,0.001305574050000001,15947.619660101262,0.015303582144399735,1.0016771138292804,0.041283232660751526
05-01-2026,06.05,933,3498.75,3.70798,0.000819178,0.285594,0.0688719,0.0,4526.464333758963,4.146741994921006,0.0071398500000000005,-0.011388671428571584,0.0008855740500000016,0.0,0.0,0.0008855740500000016,0.0008856700515531386,0.0008857660739228237,0.03401348876660547,4.235518169007731,0.539792907782207,4.235130800560029,1.0,0.0008855740500000016,10840.534723271972,0.010402744557663778,1.0016771138292804,0.041283232660751526
05-01-2026,06.05,934,3502.5,3.70848,0.000805516,0.369593,0.078514,0.0,4603.856410052686,4.707351555136664,0.009239825,-0.010888671428571417,0.002985549050000001,0.0,0.0,0.002985549050000001,0.0029866404616189697,0.002987732671493076,0.03401348876660547,4.235518169007731,0.539792907782207,4.235147807304412,1.0,0.002985549050000001,36625.24163055658,0.03514614756294938,1.0016771138292804,0.041283232660751526
05-01-2026,06.05,935,3506.25,3.70914,0.000843152,0.369593,0.078514,0.0,4399.135624418847,4.707351555136664,0.009239825,-0.010228671428571534,0.002985549050000001,0.0665557,0.0016638924999999999,0.0013216565500000013,0.0013218703899798834,0.00132208429916827,0.03401348876660547,4.235518169007731,0.539792907782207,4.235170256206998,1.0,0.002985549050000001,36703.71025644728,0.03522144726833932,1.0016771138292804,0.041283232660751526
05-01-2026,06.05,936,3510.0,3.70878,0.000814515,0.302394,0.0709381,0.0,4553.35997495442,4.262786852199311,0.00755985,-0.010588671428571672,0.001305574050000001,0.0,0.0,0.001305574050000001,0.0013057827170341095,0.0013059914507804683,0.03401348876660547,4.235518169007731,0.539792907782207,4.235158011351042,1.0,0.001305574050000001,16084.802853405012,0.015435225255553646,1.0016771138292804,0.041283232660751526
05-01-2026,06.05,937,3513.75,3.70874,0.000814843,0.436791,0.0850568,0.0,4551.478014783216,5.13528606766302,0.010919775,-0.01062867142857149,0.004665499050000001,0.0,0.0,0.004665499050000001,0.0046681648385990555,0.004670833675314333,0.03401348876660547,4.235518169007731,0.539792907782207,4.235156650811492,1.0,0.004665499050000001,57602.299716976646,0.05527605650331194,1.0016771138292804,0.041283232660751526
05-01-2026,06.05,938,3517.5,3.70918,0.000820032,0.251995,0.0647396,0.0,4523.213728244751,3.8924398667894153,0.006299875000000001,-0.010188671428571716,4.559905000000187e-05,0.0665557,0.0016638924999999999,-0.001618293449999998,-0.0016179729633420182,-0.00161765260359719,0.03401348876660547,4.235518169007731,0.539792907782207,4.235171616746549,1.0,4.559905000000187e-05,564.1882108340856,0.0005414037212714992,1.0016771138292804,0.041283232660751526
05-01-2026,06.05,939,3521.25,3.70947,0.000820689,0.453591,0.0867786,0.0,4519.946045335078,5.226991447200117,0.011339775000000002,-0.009898671428571593,0.005085499050000003,0.0,0.0,0.005085499050000003,0.005088666567260816,0.005091838032774723,0.03401348876660547,4.235518169007731,0.539792907782207,4.235181480658291,1.0,0.005085499050000003,63056.127766852296,0.0605096341369394,1.0016771138292804,0.041283232660751526
05-01-2026,06.05,940,3525.0,3.70921,0.000790738,0.235195,0.0626734,0.0,4690.820474038177,3.752708485577613,0.005879875,-0.01015867142857152,-0.00037440094999999923,0.0,0.0,-0.00037440094999999923,-0.00037438379323510217,-0.000374366638042536,0.03401348876660547,4.235518169007731,0.539792907782207,4.235172637151212,1.0,-0.00037440094999999923,-4652.16580434374,-0.00446429016076057,1.0016771138292804,0.041283232660751526
05-01-2026,06.05,941,3528.75,3.70903,0.000799999,0.335993,0.074726,0.0,4636.293295366619,4.496333270882959,0.008399825,-0.01033867142857181,0.0021455490500000007,0.0,0.0,0.0021455490500000007,0.002146112651811262,0.002146676549798893,0.03401348876660547,4.235518169007731,0.539792907782207,4.235166514723234,1.0,0.0021455490500000007,26716.54103919915,0.02563760543089192,1.0016771138292804,0.041283232660751526
05-01-2026,06.05,942,3532.5,3.70881,0.000835533,0.436791,0.0850568,0.0,4438.855197819835,5.13528606766302,0.010919775,-0.010558671428571476,0.004665499050000001,0.0,0.0,0.004665499050000001,0.0046681648385990555,0.004670833675314333,0.03401348876660547,4.235518169007731,0.539792907782207,4.235159031755705,1.0,0.004665499050000001,58218.69232974657,0.055867556375002875,1.0016771138292804,0.041283232660751526
05-01-2026,06.05,943,3536.25,3.7097,0.000840919,0.302394,0.0709381,0.0,4411.4831511715165,4.262786852199311,0.00755985,-0.009668671428571418,0.001305574050000001,0.0,0.0,0.001305574050000001,0.0013057827170341095,0.0013059914507804683,0.03401348876660547,4.235518169007731,0.539792907782207,4.235189303760707,1.0,0.001305574050000001,16326.28713358759,0.01566695730065635,1.0016771138292804,0.041283232660751526
05-01-2026,06.05,944,3540.0,3.70786,0.000789753,0.218396,0.0602629,0.0,4694.961589256388,3.624053936999381,0.0054599,-0.011508671428571482,-0.0007943759499999987,0.0665557,0.0016638924999999999,-0.0024582684499999986,-0.002457528999041194,-0.002456789992804605,0.03401348876660547,4.235518169007731,0.539792907782207,4.235126718941377,1.0,-0.0007943759499999987,-9954.801655019985,-0.009552781424800887,1.0016771138292804,0.041283232660751526
05-01-2026,06.05,945,3543.75,3.70914,0.000798488,0.268795,0.0671501,0.0,4645.204436384767,4.002897985259888,0.006719875,-0.010228671428571534,0.00046559905000000124,0.0,0.0,0.00046559905000000124,0.0004656255856872363,0.0004656521243993178,0.03401348876660547,4.235518169007731,0.539792907782207,4.235170256206998,1.0,0.00046559905000000124,5847.069257244156,0.005610937970015653,1.0016771138292804,0.041283232660751526
05-01-2026,06.05,946,3547.5,3.70957,0.000808341,0.335993,0.078514,0.0,4589.115237257543,4.27940239957205,0.008399825,-0.009798671428571826,0.0021455490500000007,0.0,0.0,0.0021455490500000007,0.002146112651811262,0.002146676549798893,0.03401348876660547,4.235518169007731,0.539792907782207,4.235184882007168,1.0,0.0021455490500000007,27001.21181666907,0.025910779905827536,1.0016771138292804,0.041283232660751526
05-01-2026,06.05,947,3551.25,3.70869,0.000841707,0.419992,0.0836794,0.0,4406.153210083794,5.019060844126511,0.010499799999999998,-0.010678671428571818,0.0042455240499999995,0.0,0.0,0.0042455240499999995,0.0042477313927241755,0.004249941031935858,0.03401348876660547,4.235518169007731,0.539792907782207,4.235154950137053,1.0,0.0042455240499999995,53541.902499700074,0.05137963661884816,1.0016771138292804,0.041283232660751526
05-01-2026,06.05,948,3555.0,3.70802,0.000801641,0.218396,0.0602629,0.0,4625.536867500539,3.624053936999381,0.0054599,-0.011348671428571766,-0.0007943759499999987,0.0,0.0,-0.0007943759499999987,-0.0007942987190517363,-0.0007942215031191336,0.03401348876660547,4.235518169007731,0.539792907782207,4.23513216109958,1.0,-0.0007943759499999987,-10039.343115498734,-0.00963390871605934,1.0016771138292804,0.041283232660751526
05-01-2026,06.05,949,3558.75,3.70946,0.000838554,0.369593,0.078514,0.0,4423.638787722674,4.707351555136664,0.009239825,-0.009908671428571658,0.002985549050000001,0.0,0.0,0.002985549050000001,0.0029866404616189697,0.002987732671493076,0.03401348876660547,4.235518169007731,0.539792907782207,4.235181140523403,1.0,0.002985549050000001,37811.087718455405,0.036284103784853625,1.0016771138292804,0.041283232660751526
05-01-2026,06.05,950,3562.5,3.71057,0.000839342,0.436791,0.0850568,0.0,4420.8082045221145,5.13528606766302,0.010919775,-0.008798671428571492,0.004665499050000001,0.0,0.0,0.004665499050000001,0.0046681648385990555,0.004670833675314333,0.03401348876660547,4.235518169007731,0.539792907782207,4.235218895495935,1.0,0.004665499050000001,59211.74380253907,0.05682050390644662,1.0016771138292804,0.041283232660751526
05-01-2026,06.05,951,3566.25,3.70908,0.000827782,0.319194,0.0730042,0.0,4480.744930428543,4.372268992742883,0.007979849999999998,-0.010288671428571483,0.0017255740499999995,0.0,0.0,0.0017255740499999995,0.001725938585943901,0.0017263032759403433,0.03401348876660547,4.235518169007731,0.539792907782207,4.235168215397672,1.0,0.0017255740499999995,21946.09073054132,0.021059807632831152,1.0016771138292804,0.041283232660751526
05-01-2026,06.05,952,3570.0,3.70801,0.00081169,0.369593,0.078514,0.0,4568.258818021658,4.707351555136664,0.009239825,-0.011358671428571832,0.002985549050000001,0.0,0.0,0.002985549050000001,0.0029866404616189697,0.002987732671493076,0.03401348876660547,4.235518169007731,0.539792907782207,4.235131820964692,1.0,0.002985549050000001,38050.52408734502,0.03651387062264863,1.0016771138292804,0.041283232660751526
05-01-2026,06.05,953,3573.75,3.7088,0.000801641,0.235195,0.0626734,0.0,4626.509871625828,3.752708485577613,0.005879875,-0.010568671428571541,-0.00037440094999999923,0.0,0.0,-0.00037440094999999923,-0.00037438379323510217,-0.000374366638042536,0.03401348876660547,4.235518169007731,0.539792907782207,4.235158691620818,1.0,-0.00037440094999999923,-4781.7325181046,-0.004588624380504977,1.0016771138292804,0.041283232660751526
05-01-2026,06.05,954,3577.5,3.70857,0.000841707,0.335993,0.074726,0.0,4406.010642658312,4.496333270882959,0.008399825,-0.010798671428571716,0.0021455490500000007,0.0,0.0,0.0021455490500000007,0.002146112651811262,0.002146676549798893,0.03401348876660547,4.235518169007731,0.539792907782207,4.235150868518401,1.0,0.0021455490500000007,27459.82292610657,0.02635087020991035,1.0016771138292804,0.041283232660751526
05-01-2026,06.05,955,3581.25,3.70903,0.000819769,0.235195,0.0626734,0.0,4524.481896729444,3.752708485577613,0.005879875,-0.01033867142857181,-0.00037440094999999923,0.0,0.0,-0.00037440094999999923,-0.00037438379323510217,-0.000374366638042536,0.03401348876660547,4.235518169007731,0.539792907782207,4.235166514723234,1.0,-0.00037440094999999923,-4801.823809083974,-0.004607904293648324,1.0016771138292804,0.041283232660751526
05-01-2026,06.05,956,3585.0,3.70978,0.000843414,0.470391,0.0885004,0.0,4398.5278878463005,5.3151285191931334,0.011759775,-0.009588671428571782,0.005505499050000001,0.0,0.0,0.005505499050000001,0.0055092115593823885,0.005512929079037643,0.03401348876660547,4.235518169007731,0.539792907782207,4.235192024839809,1.0,0.005505499050000001,70757.91252788626,0.06790038575135438,1.0016771138292804,0.041283232660751526
05-01-2026,06.05,957,3588.75,3.70853,0.000808275,0.352793,0.0767922,0.0,4588.2032724011015,4.594125445032177,0.008819825,-0.010838671428571534,0.002565549050000001,0.0,0.0,0.002565549050000001,0.002566354945001713,0.0025671613464609646,0.03401348876660547,4.235518169007731,0.539792907782207,4.235149507978851,1.0,0.002565549050000001,33042.03091725165,0.03170764321806917,1.0016771138292804,0.041283232660751526
05-01-2026,06.05,958,3592.5,3.70853,0.000808997,0.319194,0.0730042,0.0,4584.108470117936,4.372268992742883,0.007979849999999998,-0.010838671428571534,0.0017255740499999995,0.0,0.0,0.0017255740499999995,0.001725938585943901,0.0017263032759403433,0.03401348876660547,4.235518169007731,0.539792907782207,4.235149507978851,1.0,0.0017255740499999995,22270.355752840307,0.021370977356656672,1.0016771138292804,0.041283232660751526
05-01-2026,06.05,959,3596.25,3.71079,0.000821411,0.48719,0.0898778,0.0,4517.58011519203,5.420582168232868,0.012179750000000001,-0.008578671428571827,0.005925474050000002,0.0,0.0,0.005925474050000002,0.005929774785337417,0.005934081768194861,0.03401348876660547,4.235518169007731,0.539792907782207,4.235226378463463,1.0,0.005925474050000002,76634.23921562886,0.07353939960357124,1.0016771138292804,0.041283232660751526
05-01-2026,06.05,960,3600.0,3.71022,0.000822593,0.369593,0.078514,0.0,4510.395785035856,4.707351555136664,0.009239825,-0.009148671428571564,0.002985549050000001,0.0,0.0,0.002985549050000001,0.0029866404616189697,0.002987732671493076,0.03401348876660547,4.235518169007731,0.539792907782207,4.235206990774866,1.0,0.002985549050000001,38692.71568800002,0.03713012760159172,1.0016771138292804,0.041283232660751526
05-01-2026,06.05,961,3603.75,3.70888,0.000849786,0.436791,0.0850568,0.0,4364.487059094878,5.13528606766302,0.010919775,-0.010488671428571461,0.004665499050000001,0.0,0.0,0.004665499050000001,0.0046681648385990555,0.004670833675314333,0.03401348876660547,4.235518169007731,0.539792907782207,4.235161412699919,1.0,0.004665499050000001,60590.9017709304,0.05814396519466536,1.0016771138292804,0.041283232660751526
05-01-2026,06.05,962,3607.5,3.70928,0.000817208,0.352793,0.0767922,0.0,4538.966823623851,4.594125445032177,0.008819825,-0.010088671428571505,0.002565549050000001,0.0,0.0,0.002565549050000001,0.002566354945001713,0.0025671613464609646,0.03401348876660547,4.235518169007731,0.539792907782207,4.2351750180954255,1.0,0.002565549050000001,33388.199648834074,0.03203983207963628,1.0016771138292804,0.041283232660751526
05-01-2026,06.05,963,3611.25,3.70923,0.000814515,0.319194,0.0730042,0.0,4553.912450967753,4.372268992742883,0.007979849999999998,-0.010138671428571833,0.0017255740499999995,0.0,0.0,0.0017255740499999995,0.001725938585943901,0.0017263032759403433,0.03401348876660547,4.235518169007731,0.539792907782207,4.235173317420987,1.0,0.0017255740499999995,22503.429579015698,0.021594638600190615,1.0016771138292804,0.041283232660751526
05-01-2026,06.05,964,3615.0,3.70968,0.000796321,0.235195,0.0626734,0.0,4658.523384414074,3.752708485577613,0.005879875,-0.00968867142857155,-0.00037440094999999923,0.0,0.0,-0.00037440094999999923,-0.00037438379323510217,-0.000374366638042536,0.03401348876660547,4.235518169007731,0.539792907782207,4.235188623490933,1.0,-0.00037440094999999923,-4892.75585481374,-0.0046951640892192795,1.0016771138292804,0.041283232660751526
05-01-2026,06.05,965,3618.75,3.70955,0.000786337,0.235195,0.0626734,0.0,4717.50661612006,3.752708485577613,0.005879875,-0.009818671428571513,-0.00037440094999999923,0.0,0.0,-0.00037440094999999923,-0.00037438379323510217,-0.000374366638042536,0.03401348876660547,4.235518169007731,0.539792907782207,4.235184201737392,1.0,-0.00037440094999999923,-4902.912065583974,-0.0047049101459419,1.0016771138292804,0.041283232660751526
05-01-2026,06.05,966,3622.5,3.70952,0.000823119,0.403192,0.0819576,0.0,4506.663070588821,4.919519361230685,0.010079800000000002,-0.00984867142857171,0.0038255240500000027,0.0,0.0,0.0038255240500000027,0.0038273161683820126,0.0038291099666350765,0.03401348876660547,4.235518169007731,0.539792907782207,4.235183181332729,1.0,0.0038255240500000027,50200.46325565035,0.04817313991014052,1.0016771138292804,0.041283232660751526
05-01-2026,06.05,967,3626.25,3.71017,0.000830607,0.369593,0.078514,0.0,4466.817640592964,4.707351555136664,0.009239825,-0.009198671428571448,0.002985549050000001,0.0,0.0,0.002985549050000001,0.0029866404616189697,0.002987732671493076,0.03401348876660547,4.235518169007731,0.539792907782207,4.235205290100428,1.0,0.002985549050000001,39259.04168834228,0.03767358277869444,1.0016771138292804,0.041283232660751526
05-01-2026,06.05,968,3630.0,3.71021,0.000833956,0.285594,0.0688719,0.0,4448.927761176849,4.146741994921006,0.0071398500000000005,-0.00915867142857163,0.0008855740500000016,0.0,0.0,0.0008855740500000016,0.0008856700515531386,0.0008857660739228237,0.03401348876660547,4.235518169007731,0.539792907782207,4.235206650639978,1.0,0.0008855740500000016,11669.120699445022,0.011197868458303718,1.0016771138292804,0.041283232660751526
05-01-2026,06.05,969,3633.75,3.71002,0.000794876,0.251995,0.0647396,0.0,4667.419823972544,3.8924398667894153,0.006299875000000001,-0.009348671428571542,4.559905000000187e-05,0.0,0.0,4.559905000000187e-05,4.559930450448172e-05,4.559955901180254e-05,0.03401348876660547,4.235518169007731,0.539792907782207,4.235200188077113,1.0,4.559905000000187e-05,602.0961973179153,0.0005777808106082535,1.0016771138292804,0.041283232660751526
05-01-2026,06.05,970,3637.5,3.70985,0.000807815,0.319194,0.0730042,0.0,4592.450004023198,4.372268992742883,0.007979849999999998,-0.009518671428571768,0.0017255740499999995,0.0,0.0,0.0017255740499999995,0.001725938585943901,0.0017263032759403433,0.03401348876660547,4.235518169007731,0.539792907782207,4.235194405784022,1.0,0.0017255740499999995,22831.771270007805,0.02190972035826014,1.0016771138292804,0.041283232660751526
05-01-2026,06.05,971,3641.25,3.71002,0.000831329,0.369593,0.078514,0.0,4462.757825120981,4.707351555136664,0.009239825,-0.009348671428571542,0.002985549050000001,0.0,0.0,0.002985549050000001,0.0029866404616189697,0.002987732671493076,0.03401348876660547,4.235518169007731,0.539792907782207,4.235200188077113,1.0,0.002985549050000001,39584.50385415541,0.03798590129992658,1.0016771138292804,0.041283232660751526
05-01-2026,06.05,972,3645.0,3.70913,0.000829424,0.319194,0.0730042,0.0,4471.934740253477,4.372268992742883,0.007979849999999998,-0.0102386714285716,0.0017255740499999995,0.0,0.0,0.0017255740499999995,0.001725938585943901,0.0017263032759403433,0.03401348876660547,4.235518169007731,0.539792907782207,4.235169916072111,1.0,0.0017255740499999995,22926.019967651242,0.022000162864234722,1.0016771138292804,0.041283232660751526
05-01-2026,06.05,973,3648.75,3.70875,0.000802495,0.285594,0.0688719,0.0,4621.524121645618,4.146741994921006,0.0071398500000000005,-0.010618671428571425,0.0008855740500000016,0.0,0.0,0.0008855740500000016,0.0008856700515531386,0.0008857660739228237,0.03401348876660547,4.235518169007731,0.539792907782207,4.235156990946379,1.0,0.0008855740500000016,11789.980801628224,0.01131384767910045,1.0016771138292804,0.041283232660751526
05-01-2026,06.05,974,3652.5,3.70924,0.000817011,0.319194,0.0730042,0.0,4540.01231317571,4.372268992742883,0.007979849999999998,-0.010128671428571767,0.0017255740499999995,0.0,0.0,0.0017255740499999995,0.001725938585943901,0.0017263032759403433,0.03401348876660547,4.235518169007731,0.539792907782207,4.235173657555875,1.0,0.0017255740499999995,23020.462792375307,0.022090791657554256,1.0016771138292804,0.041283232660751526
05-01-2026,06.05,975,3656.25,3.70912,0.000794679,0.184796,0.0554419,0.0,4667.444339160844,3.333146952034472,0.0046199,-0.010248671428571665,-0.0016343759499999992,0.0,0.0,-0.0016343759499999992,-0.0016340490623801855,-0.001633722305494244,0.03401348876660547,4.235518169007731,0.539792907782207,4.235169575937223,1.0,-0.0016343759499999992,-21848.605839404285,-0.020966259625595566,1.0016771138292804,0.041283232660751526
05-01-2026,06.05,976,3660.0,3.70952,0.000802823,0.319194,0.0730042,0.0,4620.595075128639,4.372268992742883,0.007979849999999998,-0.00984867142857171,0.0017255740499999995,0.0,0.0,0.0017255740499999995,0.001725938585943901,0.0017263032759403433,0.03401348876660547,4.235518169007731,0.539792907782207,4.235183181332729,1.0,0.0017255740499999995,23115.099744179992,0.02218160673821874,1.0016771138292804,0.041283232660751526
05-01-2026,06.05,977,3663.75,3.70965,0.00081261,0.369593,0.078514,0.0,4565.105031934138,4.707351555136664,0.009239825,-0.009718671428571746,0.002985549050000001,0.0665557,0.0016638924999999999,0.0013216565500000013,0.0013218703899798834,0.00132208429916827,0.03401348876660547,4.235518169007731,0.539792907782207,4.23518760308627,1.0,0.002985549050000001,40075.21615988603,0.03845679640779052,1.0016771138292804,0.041283232660751526
05-01-2026,06.05,978,3667.5,3.71025,0.000843677,0.319194,0.0730042,0.0,4397.7138170176495,4.372268992742883,0.007979849999999998,-0.009118671428571812,0.0017255740499999995,0.0,0.0,0.0017255740499999995,0.001725938585943901,0.0017263032759403433,0.03401348876660547,4.235518169007731,0.539792907782207,4.235208011179529,1.0,0.0017255740499999995,23209.930823065304,0.02227260810622818,1.0016771138292804,0.041283232660751526
05-01-2026,06.05,979,3671.25,3.70972,0.00082174,0.235195,0.0626734,0.0,4514.4692968578875,3.752708485577613,0.005879875,-0.009648671428571731,-0.00037440094999999923,0.0,0.0,-0.00037440094999999923,-0.00037438379323510217,-0.000374366638042536,0.03401348876660547,4.235518169007731,0.539792907782207,4.235189984030483,1.0,-0.00037440094999999923,-5046.204669172724,-0.0048424159415680415,1.0016771138292804,0.041283232660751526
05-01-2026,06.05,980,3675.0,3.71026,0.000805385,0.268795,0.0671501,0.0,4606.81537401367,4.002897985259888,0.006719875,-0.009108671428571746,0.00046559905000000124,0.0,0.0,0.00046559905000000124,0.0004656255856872363,0.0004656521243993178,0.03401348876660547,4.235518169007731,0.539792907782207,4.235208351314417,1.0,0.00046559905000000124,6288.206169656267,0.0060342597647356265,1.0016771138292804,0.041283232660751526
05-01-2026,06.05,981,3678.75,3.71067,0.00082568,0.48719,0.0898778,0.0,4494.077608758841,5.420582168232868,0.012179750000000001,-0.008698671428571725,0.005925474050000002,0.0,0.0,0.005925474050000002,0.005929774785337417,0.005934081768194861,0.03401348876660547,4.235518169007731,0.539792907782207,4.235222296844811,1.0,0.005925474050000002,80190.63467201324,0.0769521716137361,1.0016771138292804,0.041283232660751526
05-01-2026,06.05,982,3682.5,3.70969,0.000827979,0.386392,0.0802358,0.0,4480.415566095276,4.815705707427358,0.009659800000000001,-0.009678671428571484,0.0034055240500000025,0.0,0.0,0.0034055240500000025,0.0034069441874769795,0.003408365509871048,0.03401348876660547,4.235518169007731,0.539792907782207,4.23518896362582,1.0,0.0034055240500000025,46181.65182176534,0.04431662638573147,1.0016771138292804,0.041283232660751526
05-01-2026,06.05,983,3686.25,3.70965,0.000813924,0.335993,0.074726,0.0,4557.735120232355,4.496333270882959,0.008399825,-0.009718671428571746,0.0021455490500000007,0.0,0.0,0.0021455490500000007,0.002146112651811262,0.002146676549798893,0.03401348876660547,4.235518169007731,0.539792907782207,4.23518760308627,1.0,0.0021455490500000007,29154.662521529775,0.027977264463281675,1.0016771138292804,0.041283232660751526
05-01-2026,06.05,984,3690.0,3.70906,0.000804006,0.218396,0.0602629,0.0,4613.2242794208005,3.624053936999381,0.0054599,-0.010308671428571614,-0.0007943759499999987,0.0,0.0,-0.0007943759499999987,-0.0007942987190517363,-0.0007942215031191336,0.03401348876660547,4.235518169007731,0.539792907782207,4.235167535127897,1.0,-0.0007943759499999987,-10816.302372794982,-0.010379490819865887,1.0016771138292804,0.041283232660751526
05-01-2026,06.05,985,3693.75,3.70962,0.000823579,0.352793,0.0767922,0.0,4504.267350187414,4.594125445032177,0.008819825,-0.009748671428571498,0.002565549050000001,0.0,0.0,0.002565549050000001,0.002566354945001713,0.0025671613464609646,0.03401348876660547,4.235518169007731,0.539792907782207,4.235186582681607,1.0,0.002565549050000001,35003.810067697275,0.033590196791448326,1.0016771138292804,0.041283232660751526
05-01-2026,06.05,986,3697.5,3.70992,0.000820492,0.319194,0.0730042,0.0,4521.579735085777,4.372268992742883,0.007979849999999998,-0.009448671428571753,0.0017255740499999995,0.0,0.0,0.0017255740499999995,0.001725938585943901,0.0017263032759403433,0.03401348876660547,4.235518169007731,0.539792907782207,4.2351967867282365,1.0,0.0017255740499999995,23591.196409412805,0.02263847645171546,1.0016771138292804,0.041283232660751526
05-01-2026,06.05,987,3701.25,3.71052,0.000818324,0.268795,0.0671501,0.0,4534.292040805353,4.002897985259888,0.006719875,-0.00884867142857182,0.00046559905000000124,0.0665557,0.0016638924999999999,-0.0011982934499999986,-0.0011981177207340675,-0.0011979420430018352,0.03401348876660547,4.235518169007731,0.539792907782207,4.235217194821496,1.0,0.00046559905000000124,6378.358513211033,0.0061207713460565815,1.0016771138292804,0.041283232660751526
05-01-2026,06.05,988,3705.0,3.71024,0.000813201,0.436791,0.0850568,0.0,4562.512835080134,5.13528606766302,0.010919775,-0.009128671428571433,0.004665499050000001,0.0,0.0,0.004665499050000001,0.0046681648385990555,0.004670833675314333,0.03401348876660547,4.235518169007731,0.539792907782207,4.235207671044641,1.0,0.004665499050000001,64043.42209682626,0.06145705702521266,1.0016771138292804,0.041283232660751526
05-01-2026,06.05,989,3708.75,3.71028,0.00083816,0.352793,0.0767922,0.0,4426.6965734465975,4.594125445032177,0.008819825,-0.009088671428571615,0.002565549050000001,0.0,0.0,0.002565549050000001,0.002566354945001713,0.0025671613464609646,0.03401348876660547,4.235518169007731,0.539792907782207,4.235209031584192,1.0,0.002565549050000001,35288.682220336654,0.033863564509106894,1.0016771138292804,0.041283232660751526
05-01-2026,06.05,990,3712.5,3.71081,0.000798948,0.319194,0.0767922,0.0,4644.620175530823,4.156594029081078,0.007979849999999998,-0.008558671428571696,0.0017255740499999995,0.0,0.0,0.0017255740499999995,0.001725938585943901,0.0017263032759403433,0.03401348876660547,4.235518169007731,0.539792907782207,4.235227058733239,1.0,0.0017255740499999995,23782.993965070305,0.02282252834852882,1.0016771138292804,0.041283232660751526
05-01-2026,06.05,991,3716.25,3.71058,0.000820229,0.386392,0.0802358,0.0,4523.834197522887,4.815705707427358,0.009659800000000001,-0.008788671428571426,0.0034055240500000025,0.0,0.0,0.0034055240500000025,0.0034069441874769795,0.003408365509871048,0.03401348876660547,4.235518169007731,0.539792907782207,4.235219235630822,1.0,0.0034055240500000025,47032.03778270699,0.04513266988846649,1.0016771138292804,0.041283232660751526
05-01-2026,06.05,992,3720.0,3.71039,0.00080013,0.319194,0.0730042,0.0,4637.233949483209,4.372268992742883,0.007979849999999998,-0.008978671428571783,0.0017255740499999995,0.0665557,0.0016638924999999999,6.16815499999996e-05,6.168201568822138e-05,6.168248138347498e-05,0.03401348876660547,4.235518169007731,0.539792907782207,4.235212773067956,1.0,0.0017255740499999995,23879.18393351999,0.022914833727952926,1.0016771138292804,0.041283232660751526
05-01-2026,06.05,993,3723.75,3.7101,0.000815828,0.235195,0.0626734,0.0,4547.649749702144,3.752708485577613,0.005879875,-0.009268671428571462,-0.00037440094999999923,0.0,0.0,-0.00037440094999999923,-0.00037438379323510217,-0.000374366638042536,0.03401348876660547,4.235518169007731,0.539792907782207,4.2352029091562144,1.0,-0.00037440094999999923,-5191.561157998349,-0.004981902273345179,1.0016771138292804,0.041283232660751526
05-01-2026,06.05,994,3727.5,3.70984,0.000808735,0.369593,0.078514,0.0,4587.213364080941,4.707351555136664,0.009239825,-0.009528671428571833,0.002985549050000001,0.0,0.0,0.002985549050000001,0.0029866404616189697,0.002987732671493076,0.03401348876660547,4.235518169007731,0.539792907782207,4.235194065649135,1.0,0.002985549050000001,41481.98354764408,0.039806752121274165,1.0016771138292804,0.041283232660751526
05-01-2026,06.05,995,3731.25,3.71053,0.000784564,0.302394,0.0709381,0.0,4729.416593165121,4.262786852199311,0.00755985,-0.008838671428571754,0.001305574050000001,0.0,0.0,0.001305574050000001,0.0013057827170341095,0.0013059914507804683,0.03401348876660547,4.235518169007731,0.539792907782207,4.235217534956384,1.0,0.001305574050000001,18176.49771822072,0.0174424479550523,1.0016771138292804,0.041283232660751526
05-01-2026,06.05,996,3735.0,3.71103,0.000789556,0.235195,0.0626734,0.0,4700.14793124237,3.752708485577613,0.005879875,-0.008338671428571587,-0.00037440094999999923,0.0665557,0.0016638924999999999,-0.002038293449999999,-0.00203778504888048,-0.002037276901313505,0.03401348876660547,4.235518169007731,0.539792907782207,4.235234541700767,1.0,-0.00037440094999999923,-5222.97749271374,-0.005012049873378292,1.0016771138292804,0.041283232660751526
05-01-2026,06.05,997,3738.75,3.70959,0.000836124,0.436791,0.0850568,0.0,4436.650544656056,5.13528606766302,0.010919775,-0.009778671428571695,0.004665499050000001,0.0,0.0,0.004665499050000001,0.0046681648385990555,0.004670833675314333,0.03401348876660547,4.235518169007731,0.539792907782207,4.235185562276944,1.0,0.004665499050000001,65215.51938550478,0.06258181968702836,1.0016771138292804,0.041283232660751526
05-01-2026,06.05,998,3742.5,3.70953,0.000786994,0.302394,0.0709381,0.0,4713.542924088367,4.262786852199311,0.00755985,-0.009838671428571644,0.001305574050000001,0.0,0.0,0.001305574050000001,0.0013057827170341095,0.0013059914507804683,0.03401348876660547,4.235518169007731,0.539792907782207,4.235183521467617,1.0,0.001305574050000001,18286.269976352825,0.017547787109440577,1.0016771138292804,0.041283232660751526
05-01-2026,06.05,999,3746.25,3.71015,0.000831789,0.352793,0.0767922,0.0,4460.44609871013,4.594125445032177,0.008819825,-0.009218671428571579,0.002565549050000001,0.0,0.0,0.002565549050000001,0.002566354945001713,0.0025671613464609646,0.03401348876660547,4.235518169007731,0.539792907782207,4.235204609830652,1.0,0.002565549050000001,36005.91352662728,0.034551830748601846,1.0016771138292804,0.041283232660751526
05-01-2026,06.05,1000,3750.0,3.71023,0.000816222,0.352793,0.0767922,0.0,4545.613815849119,4.594125445032177,0.008819825,-0.009138671428571499,0.002565549050000001,0.0,0.0,0.002565549050000001,0.002566354945001713,0.0025671613464609646,0.03401348876660547,4.235518169007731,0.539792907782207,4.235207330909754,1.0,0.002565549050000001,36078.033515625015,0.03462103820397159,1.0016771138292804,0.041283232660751526
05-01-2026,06.05,1001,3753.75,3.7098,0.00079862,0.268795,0.0671501,0.0,4645.263078810949,4.002897985259888,0.006719875,-0.009568671428571651,0.00046559905000000124,0.0,0.0,0.00046559905000000124,0.0004656255856872363,0.0004656521243993178,0.03401348876660547,4.235518169007731,0.539792907782207,4.235192705109585,1.0,0.00046559905000000124,6560.588161392908,0.0062956417310754504,1.0016771138292804,0.041283232660751526
05-01-2026,06.05,1002,3757.5,3.71042,0.000792446,0.369593,0.078514,0.0,4682.237023090533,4.707351555136664,0.009239825,-0.008948671428571586,0.002985549050000001,0.0,0.0,0.002985549050000001,0.0029866404616189697,0.002987732671493076,0.03401348876660547,4.235518169007731,0.539792907782207,4.235213793472619,1.0,0.002985549050000001,42152.38858682158,0.04045008315159341,1.0016771138292804,0.041283232660751526
05-01-2026,06.05,1003,3761.25,3.71109,0.000823973,0.419992,0.0836794,0.0,4503.89757916825,5.019060844126511,0.010499799999999998,-0.008278671428571638,0.0042455240499999995,0.0,0.0,0.0042455240499999995,0.0042477313927241755,0.004249941031935858,0.03401348876660547,4.235518169007731,0.539792907782207,4.235236582510093,1.0,0.0042455240499999995,60061.43536898132,0.05763588105749475,1.0016771138292804,0.041283232660751526
05-01-2026,06.05,1004,3765.0,3.71031,0.000818061,0.268795,0.0671501,0.0,4535.493074477331,4.002897985259888,0.006719875,-0.009058671428571419,0.00046559905000000124,0.0,0.0,0.00046559905000000124,0.0004656255856872363,0.0004656521243993178,0.03401348876660547,4.235518169007731,0.539792907782207,4.235210051988855,1.0,0.00046559905000000124,6599.971293536268,0.006333434392971416,1.0016771138292804,0.041283232660751526
05-01-2026,06.05,1005,3768.75,3.71023,0.000817864,0.352793,0.0767922,0.0,4536.487729011181,4.594125445032177,0.008819825,-0.009138671428571499,0.002565549050000001,0.0,0.0,0.002565549050000001,0.002566354945001713,0.0025671613464609646,0.03401348876660547,4.235518169007731,0.539792907782207,4.235207330909754,1.0,0.002565549050000001,36439.71580161915,0.0349681141119664,1.0016771138292804,0.041283232660751526
05-01-2026,06.05,1006,3772.5,3.71046,0.000817864,0.184796,0.0554419,0.0,4536.768949360774,3.333146952034472,0.0046199,-0.008908671428571768,-0.0016343759499999992,0.0,0.0,-0.0016343759499999992,-0.0016340490623801855,-0.001633722305494244,0.03401348876660547,4.235518169007731,0.539792907782207,4.23521515401217,1.0,-0.0016343759499999992,-23260.040141262176,-0.022320693781932136,1.0016771138292804,0.041283232660751526
05-01-2026,06.05,1007,3776.25,3.70983,0.00078949,0.235195,0.0626734,0.0,4699.020886901671,3.752708485577613,0.005879875,-0.009538671428571455,-0.00037440094999999923,0.0,0.0,-0.00037440094999999923,-0.00037438379323510217,-0.000374366638042536,0.03401348876660547,4.235518169007731,0.539792907782207,4.2351937255142476,1.0,-0.00037440094999999923,-5338.981532060849,-0.005123369141273309,1.0016771138292804,0.041283232660751526
05-01-2026,06.05,1008,3780.0,3.71009,0.000813924,0.251995,0.0647396,0.0,4558.2757112457675,3.8924398667894153,0.006299875000000001,-0.009278671428571528,4.559905000000187e-05,0.0,0.0,4.559905000000187e-05,4.559930450448172e-05,4.559955901180254e-05,0.03401348876660547,4.235518169007731,0.539792907782207,4.235202569021326,1.0,4.559905000000187e-05,651.5374660200267,0.0006252254156986973,1.0016771138292804,0.041283232660751526
05-01-2026,06.05,1009,3783.75,3.7108,0.000805057,0.235195,0.0626734,0.0,4609.363063733375,3.752708485577613,0.005879875,-0.008568671428571761,-0.00037440094999999923,0.0,0.0,-0.00037440094999999923,-0.00037438379323510217,-0.000374366638042536,0.03401348876660547,4.235518169007731,0.539792907782207,4.2352267185983505,1.0,-0.00037440094999999923,-5360.2100659258485,-0.0051437403702549594,1.0016771138292804,0.041283232660751526
05-01-2026,06.05,1010,3787.5,3.71076,0.000797897,0.285594,0.0688719,0.0,4650.675463123686,4.146741994921006,0.0071398500000000005,-0.00860867142857158,0.0008855740500000016,0.0,0.0,0.0008855740500000016,0.0008856700515531386,0.0008857660739228237,0.03401348876660547,4.235518169007731,0.539792907782207,4.2352253580588,1.0,0.0008855740500000016,12703.698118195336,0.012190664928876552,1.0016771138292804,0.041283232660751526
05-01-2026,06.05,1011,3791.25,3.71023,0.000801707,0.251995,0.0647396,0.0,4627.91269129495,3.8924398667894153,0.006299875000000001,-0.009138671428571499,4.559905000000187e-05,0.0665557,0.0016638924999999999,-0.001618293449999998,-0.0016179729633420182,-0.00161765260359719,0.03401348876660547,4.235518169007731,0.539792907782207,4.235207330909754,1.0,4.559905000000187e-05,655.4214363522925,0.0006289525336193077,1.0016771138292804,0.041283232660751526
05-01-2026,06.05,1012,3795.0,3.71005,0.000784827,0.285594,0.0688719,0.0,4727.220138960561,4.146741994921006,0.0071398500000000005,-0.00931867142857179,0.0008855740500000016,0.0,0.0,0.0008855740500000016,0.0008856700515531386,0.0008857660739228237,0.03401348876660547,4.235518169007731,0.539792907782207,4.235201208481776,1.0,0.0008855740500000016,12754.059607451274,0.012238992591823691,1.0016771138292804,0.041283232660751526
05-01-2026,06.05,1013,3798.75,3.70983,0.000798751,0.403192,0.0819576,0.0,4644.538786179924,4.919519361230685,0.010079800000000002,-0.009538671428571455,0.0038255240500000027,0.0,0.0,0.0038255240500000027,0.0038273161683820126,0.0038291099666350765,0.03401348876660547,4.235518169007731,0.539792907782207,4.2351937255142476,1.0,0.0038255240500000027,55204.230780906364,0.05297483251294423,1.0016771138292804,0.041283232660751526
05-01-2026,06.05,1014,3802.5,3.71008,0.000796846,0.201596,0.0581968,0.0,4655.956106951657,3.464039259890578,0.005039900000000001,-0.009288671428571593,-0.0012143759499999981,0.0665557,0.0016638924999999999,-0.002878268449999998,-0.002877254792968749,-0.002876241849657475,0.03401348876660547,4.235518169007731,0.539792907782207,4.235202228886439,1.0,-0.0012143759499999981,-17558.66945089966,-0.01684957040707973,1.0016771138292804,0.041283232660751526
05-01-2026,06.05,1015,3806.25,3.71042,0.00079908,0.352793,0.0767922,0.0,4643.36486960004,4.594125445032177,0.008819825,-0.008948671428571586,0.002565549050000001,0.0,0.0,0.002565549050000001,0.002566354945001713,0.0025671613464609646,0.03401348876660547,4.235518169007731,0.539792907782207,4.235213793472619,1.0,0.002565549050000001,37168.49207863478,0.035667459083686626,1.0016771138292804,0.041283232660751526
05-01-2026,06.05,1016,3810.0,3.70946,0.000801772,0.235195,0.0626734,0.0,4626.577131653388,3.752708485577613,0.005879875,-0.009908671428571658,-0.00037440094999999923,0.0,0.0,-0.00037440094999999923,-0.00037438379323510217,-0.000374366638042536,0.03401348876660547,4.235518169007731,0.539792907782207,4.235181140523403,1.0,-0.00037440094999999923,-5434.841630294989,-0.005215357972143576,1.0016771138292804,0.041283232660751526
05-01-2026,06.05,1017,3813.75,3.71017,0.000786337,0.218396,0.0602629,0.0,4718.295082133996,3.624053936999381,0.0054599,-0.009198671428571448,-0.0007943759499999987,0.0,0.0,-0.0007943759499999987,-0.0007942987190517363,-0.0007942215031191336,0.03401348876660547,4.235518169007731,0.539792907782207,4.235205290100428,1.0,-0.0007943759499999987,-11553.951191478029,-0.011087350019610793,1.0016771138292804,0.041283232660751526
05-01-2026,06.05,1018,3817.5,3.71039,0.000786731,0.302394,0.0709381,0.0,4716.211767427494,4.262786852199311,0.00755985,-0.008978671428571783,0.001305574050000001,0.0,0.0,0.001305574050000001,0.0013057827170341095,0.0013059914507804683,0.03401348876660547,4.235518169007731,0.539792907782207,4.235212773067956,1.0,0.001305574050000001,19026.530462702827,0.018258152505817145,1.0016771138292804,0.041283232660751526
05-01-2026,06.05,1019,3821.25,3.71083,0.000801378,0.285594,0.0688719,0.0,4630.5613580607405,4.146741994921006,0.0071398500000000005,-0.008538671428571565,0.0008855740500000016,0.0,0.0,0.0008855740500000016,0.0008856700515531386,0.0008857660739228237,0.03401348876660547,4.235518169007731,0.539792907782207,4.2352277390030135,1.0,0.0008855740500000016,12931.109383106977,0.012408892291160854,1.0016771138292804,0.041283232660751526
05-01-2026,06.05,1020,3825.0,3.71076,0.000795073,0.386392,0.0836794,0.0,4667.194081549745,4.617528328357995,0.009659800000000001,-0.00860867142857158,0.0034055240500000025,0.0,0.0,0.0034055240500000025,0.0034069441874769795,0.003408365509871048,0.03401348876660547,4.235518169007731,0.539792907782207,4.2352253580588,1.0,0.0034055240500000025,49824.94530403129,0.047812787083713594,1.0016771138292804,0.041283232660751526
05-01-2026,06.05,1021,3828.75,3.71084,0.000811034,0.285594,0.0688719,0.0,4575.443199668572,4.146741994921006,0.0071398500000000005,-0.0085286714285715,0.0008855740500000016,0.0,0.0,0.0008855740500000016,0.0008856700515531386,0.0008857660739228237,0.03401348876660547,4.235518169007731,0.539792907782207,4.235228079137902,1.0,0.0008855740500000016,12981.919194225728,0.012457650170692091,1.0016771138292804,0.041283232660751526
05-01-2026,06.05,1022,3832.5,3.71104,0.000821805,0.285594,0.0688719,0.0,4515.718449023795,4.146741994921006,0.0071398500000000005,-0.008328671428571521,0.0008855740500000016,0.0,0.0,0.0008855740500000016,0.0008856700515531386,0.0008857660739228237,0.03401348876660547,4.235518169007731,0.539792907782207,4.235234881835654,1.0,0.0008855740500000016,13007.361459940335,0.012482064961839718,1.0016771138292804,0.041283232660751526
05-01-2026,06.05,1023,3836.25,3.71104,0.000826075,0.48719,0.0929771,0.0,4492.376600187635,5.239892403613363,0.012179750000000001,-0.008328671428571521,0.005925474050000002,0.0,0.0,0.005925474050000002,0.005929774785337417,0.005934081768194861,0.03401348876660547,4.235518169007731,0.539792907782207,4.235234881835654,1.0,0.005925474050000002,87204.09982601886,0.08368240110182315,1.0016771138292804,0.041283232660751526
05-01-2026,06.05,1024,3840.0,3.70968,0.000819572,0.201596,0.0581968,0.0,4526.362540447942,3.464039259890578,0.005039900000000001,-0.00968867142857155,-0.0012143759499999981,0.0,0.0,-0.0012143759499999981,-0.0012141954724508841,-0.0012140150485380524,0.03401348876660547,4.235518169007731,0.539792907782207,4.235188623490933,1.0,-0.0012143759499999981,-17906.70200831997,-0.017183547824708552,1.0016771138292804,0.041283232660751526
05-01-2026,06.05,1025,3843.75,3.70926,0.000782659,0.218396,0.0602629,0.0,4739.305367982735,3.624053936999381,0.0054599,-0.010108671428571636,-0.0007943759499999987,0.0,0.0,-0.0007943759499999987,-0.0007942987190517363,-0.0007942215031191336,0.03401348876660547,4.235518169007731,0.539792907782207,4.23517433782565,1.0,-0.0007943759499999987,-11736.439206591778,-0.01126246833752809,1.0016771138292804,0.041283232660751526
05-01-2026,06.05,1026,3847.5,3.70966,0.000773661,0.151197,0.0502765,0.0,4794.942487730414,3.0073095780334747,0.003779925,-0.00970867142857168,-0.002474350949999999,0.0,0.0,-0.002474350949999999,-0.0024736017935847784,-0.002472853090674718,0.03401348876660547,4.235518169007731,0.539792907782207,4.235187943221157,1.0,-0.002474350949999999,-36628.45116528092,-0.035149227482043646,1.0016771138292804,0.041283232660751526
05-01-2026,06.05,1027,3851.25,3.71005,0.000789884,0.235195,0.0626734,0.0,4696.955502326924,3.752708485577613,0.005879875,-0.00931867142857179,-0.00037440094999999923,0.0,0.0,-0.00037440094999999923,-0.00037438379323510217,-0.000374366638042536,0.03401348876660547,4.235518169007731,0.539792907782207,4.235201208481776,1.0,-0.00037440094999999923,-5553.162275520223,-0.005328900290820322,1.0016771138292804,0.041283232660751526
05-01-2026,06.05,1028,3855.0,3.71025,0.000811034,0.335993,0.074726,0.0,4574.715733249161,4.496333270882959,0.008399825,-0.009118671428571812,0.0021455490500000007,0.0,0.0,0.0021455490500000007,0.002146112651811262,0.002146676549798893,0.03401348876660547,4.235518169007731,0.539792907782207,4.235208011179529,1.0,0.0021455490500000007,31885.05807077626,0.03059739420459579,1.0016771138292804,0.041283232660751526
05-01-2026,06.05,1029,3858.75,3.7103,0.000805648,0.218396,0.0602629,0.0,4605.361150279031,3.624053936999381,0.0054599,-0.009068671428571484,-0.0007943759499999987,0.0,0.0,-0.0007943759499999987,-0.0007942987190517363,-0.0007942215031191336,0.03401348876660547,4.235518169007731,0.539792907782207,4.235209711853967,1.0,-0.0007943759499999987,-11828.219417914903,-0.011350542045902752,1.0016771138292804,0.041283232660751526
05-01-2026,06.05,1030,3862.5,3.71098,0.000800722,0.251995,0.0647396,0.0,4634.5423255511905,3.8924398667894153,0.006299875000000001,-0.00838867142857147,4.559905000000187e-05,0.0,0.0,4.559905000000187e-05,4.559930450448172e-05,4.559955901180254e-05,0.03401348876660547,4.235518169007731,0.539792907782207,4.2352328410263285,1.0,4.559905000000187e-05,680.2879520390903,0.0006528148261475143,1.0016771138292804,0.041283232660751526
05-01-2026,06.05,1031,3866.25,3.71117,0.000801838,0.352793,0.0767922,0.0,4628.3289143193515,4.594125445032177,0.008819825,-0.008198671428571558,0.002565549050000001,0.0,0.0,0.002565549050000001,0.002566354945001713,0.0025671613464609646,0.03401348876660547,4.235518169007731,0.539792907782207,4.235239303589195,1.0,0.002565549050000001,38349.54258380228,0.03680081339033184,1.0016771138292804,0.041283232660751526
05-01-2026,06.05,1032,3870.0,3.71197,0.00081504,0.268795,0.0671501,0.0,4554.340891244602,4.002897985259888,0.006719875,-0.007398671428571646,0.00046559905000000124,0.0,0.0,0.00046559905000000124,0.0004656255856872363,0.0004656521243993178,0.03401348876660547,4.235518169007731,0.539792907782207,4.235266514380208,1.0,0.00046559905000000124,6973.230411945018,0.00669161960816097,1.0016771138292804,0.041283232660751526
05-01-2026,06.05,1033,3873.75,3.7124,0.000815828,0.386392,0.0802358,0.0,4550.468971400835,4.815705707427358,0.009659800000000001,-0.0069686714285714935,0.0034055240500000025,0.0,0.0,0.0034055240500000025,0.0034069441874769795,0.003408365509871048,0.03401348876660547,4.235518169007731,0.539792907782207,4.235281140180377,1.0,0.0034055240500000025,51103.08637017824,0.049039310992284556,1.0016771138292804,0.041283232660751526
05-01-2026,06.05,1034,3877.5,3.71137,0.000815763,0.319194,0.0730042,0.0,4549.568931172412,4.372268992742883,0.007979849999999998,-0.00799867142857158,0.0017255740499999995,0.0,0.0,0.0017255740499999995,0.001725938585943901,0.0017263032759403433,0.03401348876660547,4.235518169007731,0.539792907782207,4.235246106286948,1.0,0.0017255740499999995,25944.016626587803,0.024896279072543288,1.0016771138292804,0.041283232660751526
05-01-2026,06.05,1035,3881.25,3.71118,0.000811625,0.235195,0.0626734,0.0,4572.530417372555,3.752708485577613,0.005879875,-0.008188671428571492,-0.00037440094999999923,0.0,0.0,-0.00037440094999999923,-0.00037438379323510217,-0.000374366638042536,0.03401348876660547,4.235518169007731,0.539792907782207,4.235239643724082,1.0,-0.00037440094999999923,-5640.0139358964725,-0.005412244485582551,1.0016771138292804,0.041283232660751526
05-01-2026,06.05,1036,3885.0,3.71196,0.000810442,0.319194,0.0730042,0.0,4580.167365462304,4.372268992742883,0.007979849999999998,-0.0074086714285717115,0.0017255740499999995,0.0,0.0,0.0017255740499999995,0.001725938585943901,0.0017263032759403433,0.03401348876660547,4.235518169007731,0.539792907782207,4.23526617424532,1.0,0.0017255740499999995,26044.477390811244,0.02499268277355636,1.0016771138292804,0.041283232660751526
05-01-2026,06.05,1037,3888.75,3.71162,0.000816091,0.218396,0.0602629,0.0,4548.0467251813825,3.624053936999381,0.0054599,-0.007748671428571718,-0.0007943759499999987,0.0,0.0,-0.0007943759499999987,-0.0007942987190517363,-0.0007942215031191336,0.03401348876660547,4.235518169007731,0.539792907782207,4.2352546096591395,1.0,-0.0007943759499999987,-12012.852248093654,-0.011527718561484112,1.0016771138292804,0.041283232660751526
05-01-2026,06.05,1038,3892.5,3.71162,0.000789687,0.319194,0.0730042,0.0,4700.115362162477,4.372268992742883,0.007979849999999998,-0.007748671428571718,0.0017255740499999995,0.0,0.0,0.0017255740499999995,0.001725938585943901,0.0017263032759403433,0.03401348876660547,4.235518169007731,0.539792907782207,4.2352546096591395,1.0,0.0017255740499999995,26145.132282115304,0.02508927276191438,1.0016771138292804,0.041283232660751526
05-01-2026,06.05,1039,3896.25,3.71159,0.000820754,0.285594,0.0688719,0.0,4522.171076839101,4.146741994921006,0.0071398500000000005,-0.007778671428571471,0.0008855740500000016,0.0,0.0,0.0008855740500000016,0.0008856700515531386,0.0008857660739228237,0.03401348876660547,4.235518169007731,0.539792907782207,4.2352535892544765,1.0,0.0008855740500000016,13443.690712922602,0.012900773252314228,1.0016771138292804,0.041283232660751526
05-01-2026,06.05,1040,3900.0,3.71144,0.000798751,0.235195,0.0671501,0.0,4646.554433108691,3.5025264295957856,0.005879875,-0.007928671428571565,-0.00037440094999999923,0.0,0.0,-0.00037440094999999923,-0.00037438379323510217,-0.000374366638042536,0.03401348876660547,4.235518169007731,0.539792907782207,4.2352484872311615,1.0,-0.00037440094999999923,-5694.638449499988,-0.005464663012538064,1.0016771138292804,0.041283232660751526
05-01-2026,06.05,1041,3903.75,3.71213,0.00079908,0.335993,0.074726,0.0,4645.504830555139,4.496333270882959,0.008399825,-0.007238671428571486,0.0021455490500000007,0.0,0.0,0.0021455490500000007,0.002146112651811262,0.002146676549798893,0.03401348876660547,4.235518169007731,0.539792907782207,4.23527195653841,1.0,0.0021455490500000007,32696.588531996025,0.03137615136965602,1.0016771138292804,0.041283232660751526
05-01-2026,06.05,1042,3907.5,3.71171,0.000785878,0.235195,0.0626734,0.0,4723.010441824304,3.752708485577613,0.005879875,-0.007658671428571573,-0.00037440094999999923,0.0,0.0,-0.00037440094999999923,-0.00037438379323510217,-0.000374366638042536,0.03401348876660547,4.235518169007731,0.539792907782207,4.235257670873128,1.0,-0.00037440094999999923,-5716.561965128426,-0.005485701156754233,1.0016771138292804,0.041283232660751526
05-01-2026,06.05,1043,3911.25,3.71135,0.00078903,0.251995,0.0647396,0.0,4703.686805317921,3.8924398667894153,0.006299875000000001,-0.008018671428571711,4.559905000000187e-05,0.0,0.0,4.559905000000187e-05,4.559930450448172e-05,4.559955901180254e-05,0.03401348876660547,4.235518169007731,0.539792907782207,4.235245426017173,1.0,4.559905000000187e-05,697.5686382672942,0.0006693976395605121,1.0016771138292804,0.041283232660751526
05-01-2026,06.05,1044,3915.0,3.71176,0.000797635,0.302394,0.0709381,0.0,4653.456781610636,4.262786852199311,0.00755985,-0.007608671428571689,0.001305574050000001,0.0,0.0,0.001305574050000001,0.0013057827170341095,0.0013059914507804683,0.03401348876660547,4.235518169007731,0.539792907782207,4.235259371547567,1.0,0.001305574050000001,20010.827218511266,0.019202698875622214,1.0016771138292804,0.041283232660751526
05-01-2026,06.05,1045,3918.75,3.71219,0.000804597,0.302394,0.0709381,0.0,4613.725877675408,4.262786852199311,0.00755985,-0.007178671428571537,0.001305574050000001,0.0665557,0.0016638924999999999,-0.0003583184499999989,-0.00035830273549474737,-0.0003582870223677941,0.03401348876660547,4.235518169007731,0.539792907782207,4.235273997347736,1.0,0.001305574050000001,20049.180496189467,0.01923950327326682,1.0016771138292804,0.041283232660751526
05-01-2026,06.05,1046,3922.5,3.7115,0.000804925,0.201596,0.0581968,0.0,4610.988601422493,3.464039259890578,0.005039900000000001,-0.007868671428571616,-0.0012143759499999981,0.0,0.0,-0.0012143759499999981,-0.0012141954724508841,-0.0012140150485380524,0.03401348876660547,4.235518169007731,0.539792907782207,4.2352505280404875,1.0,-0.0012143759499999981,-18684.39595654966,-0.017929834949282478,1.0016771138292804,0.041283232660751526
05-01-2026,06.05,1047,3926.25,3.71251,0.000780163,0.302394,0.0709381,0.0,4758.633772685965,4.262786852199311,0.00755985,-0.006858671428571661,0.001305574050000001,0.0,0.0,0.001305574050000001,0.0013057827170341095,0.0013059914507804683,0.03401348876660547,4.235518169007731,0.539792907782207,4.235284881664142,1.0,0.001305574050000001,20125.997209356345,0.019313217777692408,1.0016771138292804,0.041283232660751526
05-01-2026,06.05,1048,3930.0,3.71215,0.000782396,0.302394,0.0709381,0.0,4744.592252516628,4.262786852199311,0.00755985,-0.007218671428571799,0.001305574050000001,0.0,0.0,0.001305574050000001,0.0013057827170341095,0.0013059914507804683,0.03401348876660547,4.235518169007731,0.539792907782207,4.235272636808186,1.0,0.001305574050000001,20164.460644845014,0.01935012788447338,1.0016771138292804,0.041283232660751526
05-01-2026,06.05,1049,3933.75,3.71202,0.000762889,0.218396,0.0602629,0.0,4865.7406254383,3.624053936999381,0.0054599,-0.0073486714285717625,-0.0007943759499999987,0.0,0.0,-0.0007943759499999987,-0.0007942987190517363,-0.0007942215031191336,0.03401348876660547,4.235518169007731,0.539792907782207,4.235268215054646,1.0,-0.0007943759499999987,-12292.482512193028,-0.011796056081936226,1.0016771138292804,0.041283232660751526
05-01-2026,06.05,1050,3937.5,3.71166,0.000794416,0.218396,0.0602629,0.0,4672.186864312904,3.624053936999381,0.0054599,-0.007708671428571456,-0.0007943759499999987,0.0,0.0,-0.0007943759499999987,-0.0007942987190517363,-0.0007942215031191336,0.03401348876660547,4.235518169007731,0.539792907782207,4.23525597019869,1.0,-0.0007943759499999987,-12315.930256054668,-0.011818556899107406,1.0016771138292804,0.041283232660751526
05-01-2026,06.05,1051,3941.25,3.71057,0.000777011,0.285594,0.0688719,0.0,4775.440759525927,4.146741994921006,0.0071398500000000005,-0.008798671428571492,0.0008855740500000016,0.0,0.0,0.0008855740500000016,0.0008856700515531386,0.0008857660739228237,0.03401348876660547,4.235518169007731,0.539792907782207,4.235218895495935,1.0,0.0008855740500000016,13756.021610681979,0.013200490805903312,1.0016771138292804,0.041283232660751526
05-01-2026,06.05,1052,3945.0,3.71076,0.000804137,0.201596,0.0581968,0.0,4614.586817917842,3.464039259890578,0.005039900000000001,-0.00860867142857158,-0.0012143759499999981,0.0,0.0,-0.0012143759499999981,-0.0012141954724508841,-0.0012140150485380524,0.03401348876660547,4.235518169007731,0.539792907782207,4.2352253580588,1.0,-0.0012143759499999981,-18899.36326924872,-0.018136120902820827,1.0016771138292804,0.041283232660751526
05-01-2026,06.05,1053,3948.75,3.71071,0.00076486,0.201596,0.0581968,0.0,4851.489161415161,3.464039259890578,0.005039900000000001,-0.008658671428571463,-0.0012143759499999981,0.0,0.0,-0.0012143759499999981,-0.0012141954724508841,-0.0012140150485380524,0.03401348876660547,4.235518169007731,0.539792907782207,4.235223657384362,1.0,-0.0012143759499999981,-18935.310694831143,-0.0181706166076348,1.0016771138292804,0.041283232660751526
05-01-2026,06.05,1054,3952.5,3.70985,0.000785549,0.285594,0.0688719,0.0,4722.620740399389,4.146741994921006,0.0071398500000000005,-0.009518671428571768,0.0008855740500000016,0.0,0.0,0.0008855740500000016,0.0008856700515531386,0.0008857660739228237,0.03401348876660547,4.235518169007731,0.539792907782207,4.235194405784022,1.0,0.0008855740500000016,13834.664737450337,0.013275957965030706,1.0016771138292804,0.041283232660751526
05-01-2026,06.05,1055,3956.25,3.71187,0.000817142,0.268795,0.0671501,0.0,4542.503016611556,4.002897985259888,0.006719875,-0.007498671428571857,0.00046559905000000124,0.0,0.0,0.00046559905000000124,0.0004656255856872363,0.0004656521243993178,0.03401348876660547,4.235518169007731,0.539792907782207,4.235263113031331,1.0,0.00046559905000000124,7287.51631818166,0.006993213218080873,1.0016771138292804,0.041283232660751526
05-01-2026,06.05,1056,3960.0,3.71171,0.000824498,0.335993,0.074726,0.0,4501.781690192092,4.496333270882959,0.008399825,-0.007658671428571573,0.0021455490500000007,0.0,0.0,0.0021455490500000007,0.002146112651811262,0.002146676549798893,0.03401348876660547,4.235518169007731,0.539792907782207,4.235257670873128,1.0,0.0021455490500000007,33645.64198248001,0.03228687771932214,1.0016771138292804,0.041283232660751526
05-01-2026,06.05,1057,3963.75,3.71157,0.000802561,0.218396,0.0602629,0.0,4624.65781417238,3.624053936999381,0.0054599,-0.007798671428571602,-0.0007943759499999987,0.0,0.0,-0.0007943759499999987,-0.0007942987190517363,-0.0007942215031191336,0.03401348876660547,4.235518169007731,0.539792907782207,4.235252908984701,1.0,-0.0007943759499999987,-12480.690034146777,-0.011976662926957687,1.0016771138292804,0.041283232660751526
05-01-2026,06.05,1058,3967.5,3.71246,0.000794482,0.218396,0.0602629,0.0,4672.805677158199,3.624053936999381,0.0054599,-0.0069086714285715445,-0.0007943759499999987,0.0,0.0,-0.0007943759499999987,-0.0007942987190517363,-0.0007942215031191336,0.03401348876660547,4.235518169007731,0.539792907782207,4.235283180989703,1.0,-0.0007943759499999987,-12504.316512597168,-0.011999335260600874,1.0016771138292804,0.041283232660751526
05-01-2026,06.05,1059,3971.25,3.71289,0.000795795,0.319194,0.0767922,0.0,4665.636250541911,4.156594029081078,0.007979849999999998,-0.006478671428571836,0.0017255740499999995,0.0,0.0,0.0017255740499999995,0.001725938585943901,0.0017263032759403433,0.03401348876660547,4.235518169007731,0.539792907782207,4.235297806789873,1.0,0.0017255740499999995,27213.729063300696,0.026114714738125138,1.0016771138292804,0.041283232660751526
05-01-2026,06.05,1060,3975.0,3.71319,0.000783579,0.302394,0.0709381,0.0,4738.756398525229,4.262786852199311,0.00755985,-0.006178671428571647,0.001305574050000001,0.0,0.0,0.001305574050000001,0.0013057827170341095,0.0013059914507804683,0.03401348876660547,4.235518169007731,0.539792907782207,4.235308010836503,1.0,0.001305574050000001,20628.885973781267,0.019795797603390584,1.0016771138292804,0.041283232660751526
05-01-2026,06.05,1061,3978.75,3.71296,0.000782396,0.218396,0.0602629,0.0,4745.627533883097,3.624053936999381,0.0054599,-0.006408671428571822,-0.0007943759499999987,0.0,0.0,-0.0007943759499999987,-0.0007942987190517363,-0.0007942215031191336,0.03401348876660547,4.235518169007731,0.539792907782207,4.235300187734087,1.0,-0.0007943759499999987,-12575.329998889902,-0.012067480898884434,1.0016771138292804,0.041283232660751526
05-01-2026,06.05,1062,3982.5,3.71195,0.000793234,0.335993,0.074726,0.0,4679.514493831581,4.496333270882959,0.008399825,-0.007418671428571777,0.0021455490500000007,0.0,0.0,0.0021455490500000007,0.002146112651811262,0.002146676549798893,0.03401348876660547,4.235518169007731,0.539792907782207,4.235265834110432,1.0,0.0021455490500000007,34029.06500739657,0.03265481637618296,1.0016771138292804,0.041283232660751526
05-01-2026,06.05,1063,3986.25,3.71232,0.000786863,0.302394,0.0709381,0.0,4717.873378211963,4.262786852199311,0.00755985,-0.0070486714285715735,0.001305574050000001,0.0,0.0,0.001305574050000001,0.0013057827170341095,0.0013059914507804683,0.03401348876660547,4.235518169007731,0.539792907782207,4.2352784191012764,1.0,0.001305574050000001,20745.818489593843,0.019908007851642626,1.0016771138292804,0.041283232660751526
05-01-2026,06.05,1064,3990.0,3.71266,0.000794876,0.235195,0.0626734,0.0,4670.7410967245205,3.752708485577613,0.005879875,-0.0067086714285715665,-0.00037440094999999923,0.0,0.0,-0.00037440094999999923,-0.00037438379323510217,-0.000374366638042536,0.03401348876660547,4.235518169007731,0.539792907782207,4.235289983687457,1.0,-0.00037440094999999923,-5960.500564094988,-0.005719788404070166,1.0016771138292804,0.041283232660751526
05-01-2026,06.05,1065,3993.75,3.71159,0.000767618,0.201596,0.0581968,0.0,4835.204489733175,3.464039259890578,0.005039900000000001,-0.007778671428571471,-0.0012143759499999981,0.0,0.0,-0.0012143759499999981,-0.0012141954724508841,-0.0012140150485380524,0.03401348876660547,4.235518169007731,0.539792907782207,4.2352535892544765,1.0,-0.0012143759499999981,-19369.343839060515,-0.01858712151668554,1.0016771138292804,0.041283232660751526
05-01-2026,06.05,1066,3997.5,3.7123,0.000821017,0.403192,0.0854012,0.0,4521.587250933903,4.721151459230081,0.010079800000000002,-0.0070686714285717045,0.0038255240500000027,0.0,0.0,0.0038255240500000027,0.0038273161683820126,0.0038291099666350765,0.03401348876660547,4.235518169007731,0.539792907782207,4.235277738831501,1.0,0.0038255240500000027,61131.89822852536,0.05866311375132094,1.0016771138292804,0.041283232660751526
05-01-2026,06.05,1067,4001.25,3.71233,0.000825943,0.251995,0.0647396,0.0,4494.656410914555,3.8924398667894153,0.006299875000000001,-0.007038671428571508,4.559905000000187e-05,0.0,0.0,4.559905000000187e-05,4.559930450448172e-05,4.559955901180254e-05,0.03401348876660547,4.235518169007731,0.539792907782207,4.235278759236164,1.0,4.559905000000187e-05,730.0408617485456,0.0007005584867620487,1.0016771138292804,0.041283232660751526
05-01-2026,06.05,1068,4005.0,3.71291,0.000783579,0.235195,0.0626734,0.0,4738.399063782976,3.752708485577613,0.005879875,-0.006458671428571705,-0.00037440094999999923,0.0,0.0,-0.00037440094999999923,-0.00037438379323510217,-0.000374366638042536,0.03401348876660547,4.235518169007731,0.539792907782207,4.235298487059648,1.0,-0.00037440094999999923,-6005.400598023738,-0.005762875170130563,1.0016771138292804,0.041283232660751526
05-01-2026,06.05,1069,4008.75,3.71269,0.00078752,0.218396,0.0602629,0.0,4714.4072531491265,3.624053936999381,0.0054599,-0.006678671428571814,-0.0007943759499999987,0.0,0.0,-0.0007943759499999987,-0.0007942987190517363,-0.0007942215031191336,0.03401348876660547,4.235518169007731,0.539792907782207,4.23529100409212,1.0,-0.0007943759499999987,-12765.682335908652,-0.012250145941569958,1.0016771138292804,0.041283232660751526
05-01-2026,06.05,1070,4012.5,3.71263,0.000793234,0.268795,0.0671501,0.0,4680.371744025092,4.002897985259888,0.006719875,-0.006738671428571763,0.00046559905000000124,0.0,0.0,0.00046559905000000124,0.0004656255856872363,0.0004656521243993178,0.03401348876660547,4.235518169007731,0.539792907782207,4.235288963282794,1.0,0.00046559905000000124,7496.217454851582,0.007193486052317595,1.0016771138292804,0.041283232660751526
05-01-2026,06.05,1071,4016.25,3.71231,0.000777602,0.218396,0.0602629,0.0,4774.048935059323,3.624053936999381,0.0054599,-0.007058671428571639,-0.0007943759499999987,0.0,0.0,-0.0007943759499999987,-0.0007942987190517363,-0.0007942215031191336,0.03401348876660547,4.235518169007731,0.539792907782207,4.235278078966388,1.0,-0.0007943759499999987,-12813.493838399278,-0.012296026597831347,1.0016771138292804,0.041283232660751526
05-01-2026,06.05,1072,4020.0,3.71292,0.000769983,0.201596,0.0581968,0.0,4822.080487491282,3.464039259890578,0.005039900000000001,-0.0064486714285716396,-0.0012143759499999981,0.0665557,0.0016638924999999999,-0.002878268449999998,-0.002877254792968749,-0.002876241849657475,0.03401348876660547,4.235518169007731,0.539792907782207,4.235298827194536,1.0,-0.0012143759499999981,-19624.80110237997,-0.018832262252225757,1.0016771138292804,0.041283232660751526
05-01-2026,06.05,1073,4023.75,3.71277,0.000799933,0.218396,0.0602629,0.0,4641.351213164103,3.624053936999381,0.0054599,-0.006598671428571734,-0.0007943759499999987,0.0665557,0.0016638924999999999,-0.0024582684499999986,-0.002457528999041194,-0.002456789992804605,0.03401348876660547,4.235518169007731,0.539792907782207,4.235293725171221,1.0,-0.0007943759499999987,-12861.394708184276,-0.012341993012328734,1.0016771138292804,0.041283232660751526
05-01-2026,06.05,1074,4027.5,3.7122,0.000800787,0.218396,0.0602629,0.0,4635.689640316339,3.624053936999381,0.0054599,-0.0071686714285714714,-0.0007943759499999987,0.0,0.0,-0.0007943759499999987,-0.0007942987190517363,-0.0007942215031191336,0.03401348876660547,4.235518169007731,0.539792907782207,4.2352743374826245,1.0,-0.0007943759499999987,-12885.378655812166,-0.01236500837891593,1.0016771138292804,0.041283232660751526
05-01-2026,06.05,1075,4031.25,3.71328,0.000781543,0.117598,0.0444224,0.0,4751.216503762429,2.647268044950295,0.00293995,-0.0060886714285715016,-0.0033143259499999987,0.0,0.0,-0.0033143259499999987,-0.003312981961024757,-0.0033116390616069196,0.03401348876660547,4.235518169007731,0.539792907782207,4.235311072050492,1.0,-0.0033143259499999987,-53861.03333393553,-0.051685879496507936,1.0016771138292804,0.041283232660751526
05-01-2026,06.05,1076,4035.0,3.71326,0.000774055,0.184796,0.0554419,0.0,4797.152657110929,3.333146952034472,0.0046199,-0.006108671428571633,-0.0016343759499999992,0.0,0.0,-0.0016343759499999992,-0.0016340490623801855,-0.001633722305494244,0.03401348876660547,4.235518169007731,0.539792907782207,4.235310391780716,1.0,-0.0016343759499999992,-26609.642576538736,-0.025535024015025415,1.0016771138292804,0.041283232660751526
05-01-2026,06.05,1077,4038.75,3.71288,0.000805845,0.268795,0.0671501,0.0,4607.436914046746,4.002897985259888,0.006719875,-0.0064886714285714575,0.00046559905000000124,0.0,0.0,0.00046559905000000124,0.0004656255856872363,0.0004656521243993178,0.03401348876660547,4.235518169007731,0.539792907782207,4.235297466654985,1.0,0.00046559905000000124,7594.619631573536,0.007287914300968378,1.0016771138292804,0.041283232660751526
05-01-2026,06.05,1078,4042.5,3.71326,0.000813529,0.201596,0.0581968,0.0,4564.385535119215,3.464039259890578,0.005039900000000001,-0.006108671428571633,-0.0012143759499999981,0.0,0.0,-0.0012143759499999981,-0.0012141954724508841,-0.0012140150485380524,0.03401348876660547,4.235518169007731,0.539792907782207,4.235310391780716,1.0,-0.0012143759499999981,-19845.096489559655,-0.01904366110833036,1.0016771138292804,0.041283232660751526
05-01-2026,06.05,1079,4046.25,3.71294,0.00077747,0.235195,0.0626734,0.0,4775.669800764016,3.752708485577613,0.005879875,-0.0064286714285715085,-0.00037440094999999923,0.0665557,0.0016638924999999999,-0.002038293449999999,-0.00203778504888048,-0.002037276901313505,0.03401348876660547,4.235518169007731,0.539792907782207,4.235299507464311,1.0,-0.00037440094999999923,-6129.7444185320965,-0.0058821974208398,1.0016771138292804,0.041283232660751526
05-01-2026,06.05,1080,4050.0,3.7121,0.000804597,0.285594,0.0688719,0.0,4613.614020435075,4.146741994921006,0.0071398500000000005,-0.0072686714285716825,0.0008855740500000016,0.0,0.0,0.0008855740500000016,0.0008856700515531386,0.0008857660739228237,0.03401348876660547,4.235518169007731,0.539792907782207,4.235270936133747,1.0,0.0008855740500000016,14525.628355125027,0.013939017324812873,1.0016771138292804,0.041283232660751526
05-01-2026,06.05,1081,4053.75,3.7126,0.000810311,0.335993,0.074726,0.0,4581.697644484649,4.496333270882959,0.008399825,-0.0067686714285715155,0.0021455490500000007,0.0,0.0,0.0021455490500000007,0.002146112651811262,0.002146676549798893,0.03401348876660547,4.235518169007731,0.539792907782207,4.235287942878131,1.0,0.0021455490500000007,35257.56951680228,0.03383370827824481,1.0016771138292804,0.041283232660751526
05-01-2026,06.05,1082,4057.5,3.71325,0.000787717,0.218396,0.0602629,0.0,4713.939143118659,3.624053936999381,0.0054599,-0.006118671428571698,-0.0007943759499999987,0.0,0.0,-0.0007943759499999987,-0.0007942987190517363,-0.0007942215031191336,0.03401348876660547,4.235518169007731,0.539792907782207,4.235310051645829,1.0,-0.0007943759499999987,-13078.054542484668,-0.012549903135737523,1.0016771138292804,0.041283232660751526
05-01-2026,06.05,1083,4061.25,3.71453,0.000800459,0.268795,0.0671501,0.0,4640.500013117474,4.002897985259888,0.006719875,-0.00483867142857175,0.00046559905000000124,0.0,0.0,0.00046559905000000124,0.0004656255856872363,0.0004656521243993178,0.03401348876660547,4.235518169007731,0.539792907782207,4.23535358891145,1.0,0.00046559905000000124,7679.475058436036,0.007369342879218039,1.0016771138292804,0.041283232660751526
05-01-2026,06.05,1084,4065.0,3.71284,0.000779901,0.201596,0.0581968,0.0,4760.655519097936,3.464039259890578,0.005039900000000001,-0.0065286714285717196,-0.0012143759499999981,0.0,0.0,-0.0012143759499999981,-0.0012141954724508841,-0.0012140150485380524,0.03401348876660547,4.235518169007731,0.539792907782207,4.235296106115435,1.0,-0.0012143759499999981,-20066.621432388718,-0.019256239865027173,1.0016771138292804,0.041283232660751526
05-01-2026,06.05,1085,4068.75,3.712,0.000793759,0.268795,0.0671501,0.0,4676.4824083884405,4.002897985259888,0.006719875,-0.007368671428571449,0.00046559905000000124,0.0,0.0,0.00046559905000000124,0.0004656255856872363,0.0004656521243993178,0.03401348876660547,4.235518169007731,0.539792907782207,4.235267534784871,1.0,0.00046559905000000124,7707.864960509786,0.007396586267743543,1.0016771138292804,0.041283232660751526
05-01-2026,06.05,1086,4072.5,3.71259,0.000800787,0.184796,0.0554419,0.0,4636.176661209535,3.333146952034472,0.0046199,-0.006778671428571581,-0.0016343759499999992,0.0,0.0,-0.0016343759499999992,-0.0016340490623801855,-0.001633722305494244,0.03401348876660547,4.235518169007731,0.539792907782207,4.235287602743243,1.0,-0.0016343759499999992,-27106.543939587176,-0.026011858237884457,1.0016771138292804,0.041283232660751526
05-01-2026,06.05,1087,4076.25,3.71282,0.00076197,0.134397,0.0475216,0.0,4872.659028570678,2.828124473923437,0.0033599249999999997,-0.006548671428571851,-0.002894350949999999,0.0,0.0,-0.002894350949999999,-0.002893325935597947,-0.0028923016469424223,0.03401348876660547,4.235518169007731,0.539792907782207,4.235295425845659,1.0,-0.002894350949999999,-48091.99721682022,-0.04614982333301887,1.0016771138292804,0.041283232660751526
05-01-2026,06.05,1088,4080.0,3.71309,0.000766764,0.235195,0.0626734,0.0,4842.54607675895,3.752708485577613,0.005879875,-0.006278671428571858,-0.00037440094999999923,0.0,0.0,-0.00037440094999999923,-0.00037438379323510217,-0.000374366638042536,0.03401348876660547,4.235518169007731,0.539792907782207,4.235304609487626,1.0,-0.00037440094999999923,-6232.4279740799875,-0.005980734146739884,1.0016771138292804,0.041283232660751526
05-01-2026,06.05,1089,4083.75,3.71442,0.000785549,0.201596,0.0581968,0.0,4728.438327844603,3.464039259890578,0.005039900000000001,-0.004948671428571583,-0.0012143759499999981,0.0,0.0,-0.0012143759499999981,-0.0012141954724508841,-0.0012140150485380524,0.03401348876660547,4.235518169007731,0.539792907782207,4.235349847427686,1.0,-0.0012143759499999981,-20252.164795311764,-0.01943429014189357,1.0016771138292804,0.041283232660751526
05-01-2026,06.05,1090,4087.5,3.71476,0.000796715,0.218396,0.0602629,0.0,4662.595783937794,3.624053936999381,0.0054599,-0.004608671428571576,-0.0007943759499999987,0.0,0.0,-0.0007943759499999987,-0.0007942987190517363,-0.0007942215031191336,0.03401348876660547,4.235518169007731,0.539792907782207,4.235361412013867,1.0,-0.0007943759499999987,-13272.160305867166,-0.012736170024335155,1.0016771138292804,0.041283232660751526
05-01-2026,06.05,1091,4091.25,3.71375,0.000782199,0.251995,0.0647396,0.0,4747.832712647293,3.8924398667894153,0.006299875000000001,-0.005618671428571531,4.559905000000187e-05,0.0,0.0,4.559905000000187e-05,4.559930450448172e-05,4.559955901180254e-05,0.03401348876660547,4.235518169007731,0.539792907782207,4.2353270583902125,1.0,4.559905000000187e-05,763.2517898397969,0.000732428206316985,1.0016771138292804,0.041283232660751526
05-01-2026,06.05,1092,4095.0,3.71383,0.000803546,0.251995,0.0647396,0.0,4621.801365447654,3.8924398667894153,0.006299875000000001,-0.005538671428571451,4.559905000000187e-05,0.0,0.0,4.559905000000187e-05,4.559930450448172e-05,4.559955901180254e-05,0.03401348876660547,4.235518169007731,0.539792907782207,4.235329779469313,1.0,4.559905000000187e-05,764.6516094262813,0.0007337714948130545,1.0016771138292804,0.041283232660751526
05-01-2026,06.05,1093,4098.75,3.71427,0.000806304,0.369593,0.078514,0.0,4606.53798071199,4.707351555136664,0.009239825,-0.005098671428571677,0.002985549050000001,0.0,0.0,0.002985549050000001,0.0029866404616189697,0.002987732671493076,0.03401348876660547,4.235518169007731,0.539792907782207,4.235344745404371,1.0,0.002985549050000001,50156.48231765791,0.04813093512273648,1.0016771138292804,0.041283232660751526
05-01-2026,06.05,1094,4102.5,3.71334,0.000787585,0.235195,0.0626734,0.0,4714.843477211984,3.752708485577613,0.005879875,-0.006028671428571553,-0.00037440094999999923,0.0,0.0,-0.00037440094999999923,-0.00037438379323510217,-0.000374366638042536,0.03401348876660547,4.235518169007731,0.539792907782207,4.235313112859818,1.0,-0.00037440094999999923,-6301.357528980924,-0.006046880012272564,1.0016771138292804,0.041283232660751526
05-01-2026,06.05,1095,4106.25,3.71451,0.000793497,0.251995,0.0647396,0.0,4681.189720944125,3.8924398667894153,0.006299875000000001,-0.004858671428571437,4.559905000000187e-05,0.0,0.0,4.559905000000187e-05,4.559930450448172e-05,4.559955901180254e-05,0.03401348876660547,4.235518169007731,0.539792907782207,4.235352908641675,1.0,4.559905000000187e-05,768.8587630254221,0.0007378087443882773,1.0016771138292804,0.041283232660751526
05-01-2026,06.05,1096,4110.0,3.71514,0.00078903,0.184796,0.0554419,0.0,4708.490171476369,3.333146952034472,0.0046199,-0.004228671428571751,-0.0016343759499999992,0.0,0.0,-0.0016343759499999992,-0.0016340490623801855,-0.001633722305494244,0.03401348876660547,4.235518169007731,0.539792907782207,4.235374337139598,1.0,-0.0016343759499999992,-27608.041984994987,-0.026493103508133498,1.0016771138292804,0.041283232660751526
05-01-2026,06.05,1097,4113.75,3.71373,0.000786337,0.151197,0.0502765,0.0,4722.8224031172385,3.0073095780334747,0.003779925,-0.005638671428571662,-0.002474350949999999,0.0,0.0,-0.002474350949999999,-0.0024736017935847784,-0.002472853090674718,0.03401348876660547,4.235518169007731,0.539792907782207,4.235326378120437,1.0,-0.002474350949999999,-41873.290346088965,-0.04018225616898139,1.0016771138292804,0.041283232660751526
05-01-2026,06.05,1098,4117.5,3.7133,0.000801181,0.386392,0.0802358,0.0,4634.782901741304,4.815705707427358,0.009659800000000001,-0.006068671428571815,0.0034055240500000025,0.0,0.0,0.0034055240500000025,0.0034069441874769795,0.003408365509871048,0.03401348876660547,4.235518169007731,0.539792907782207,4.235311752320268,1.0,0.0034055240500000025,57736.59492341535,0.05540492825766383,1.0016771138292804,0.041283232660751526
05-01-2026,06.05,1099,4121.25,3.71421,0.000806304,0.352793,0.0767922,0.0,4606.46356709132,4.594125445032177,0.008819825,-0.005158671428571626,0.002565549050000001,0.0,0.0,0.002565549050000001,0.002566354945001713,0.0025671613464609646,0.03401348876660547,4.235518169007731,0.539792907782207,4.235342704595045,1.0,0.002565549050000001,43575.08495820541,0.04181532456379509,1.0016771138292804,0.041283232660751526
05-01-2026,06.05,1100,4125.0,3.7134,0.000788899,0.218396,0.0602629,0.0,4707.066430557017,3.624053936999381,0.0054599,-0.005968671428571604,-0.0007943759499999987,0.0,0.0,-0.0007943759499999987,-0.0007942987190517363,-0.0007942215031191336,0.03401348876660547,4.235518169007731,0.539792907782207,4.235315153669144,1.0,-0.0007943759499999987,-13516.803274218728,-0.012970933195392255,1.0016771138292804,0.041283232660751526
05-01-2026,06.05,1101,4128.75,3.71298,0.000801641,0.251995,0.0647396,0.0,4631.724175784422,3.8924398667894153,0.006299875000000001,-0.006388671428571691,4.559905000000187e-05,0.0665557,0.0016638924999999999,-0.001618293449999998,-0.0016179729633420182,-0.00161765260359719,0.03401348876660547,4.235518169007731,0.539792907782207,4.235300868003862,1.0,4.559905000000187e-05,777.3076970022975,0.0007459164719302885,1.0016771138292804,0.041283232660751526
05-01-2026,06.05,1102,4132.5,3.71336,0.000800787,0.285594,0.0688719,0.0,4637.138215280718,4.146741994921006,0.0071398500000000005,-0.0060086714285714216,0.0008855740500000016,0.0,0.0,0.0008855740500000016,0.0008856700515531386,0.0008857660739228237,0.03401348876660547,4.235518169007731,0.539792907782207,4.235313793129594,1.0,0.0008855740500000016,15123.44065241534,0.014512687238787765,1.0016771138292804,0.041283232660751526
05-01-2026,06.05,1103,4136.25,3.7136,0.000784433,0.151197,0.0502765,0.0,4734.120058692075,3.0073095780334747,0.003779925,-0.005768671428571626,-0.002474350949999999,0.0,0.0,-0.002474350949999999,-0.0024736017935847784,-0.002472853090674718,0.03401348876660547,4.235518169007731,0.539792907782207,4.235321956366898,1.0,-0.002474350949999999,-42332.59174118272,-0.04062300888184174,1.0016771138292804,0.041283232660751526
05-01-2026,06.05,1104,4140.0,3.71347,0.000773267,0.201596,0.0581968,0.0,4802.312784587988,3.464039259890578,0.005039900000000001,-0.005898671428571589,-0.0012143759499999981,0.0,0.0,-0.0012143759499999981,-0.0012141954724508841,-0.0012140150485380524,0.03401348876660547,4.235518169007731,0.539792907782207,4.235317534613357,1.0,-0.0012143759499999981,-20813.918032619968,-0.019973357224960308,1.0016771138292804,0.041283232660751526
05-01-2026,06.05,1105,4143.75,3.7144,0.00078903,0.134397,0.0475216,0.0,4707.552311065485,2.828124473923437,0.0033599249999999997,-0.004968671428571714,-0.002894350949999999,0.0,0.0,-0.002894350949999999,-0.002893325935597947,-0.0028923016469424223,0.03401348876660547,4.235518169007731,0.539792907782207,4.235349167157911,1.0,-0.002894350949999999,-49697.92784142772,-0.04769089916475413,1.0016771138292804,0.041283232660751526
05-01-2026,06.05,1106,4147.5,3.71501,0.000787454,0.268795,0.0671501,0.0,4717.748592298724,4.002897985259888,0.006719875,-0.004358671428571714,0.00046559905000000124,0.0,0.0,0.00046559905000000124,0.0004656255856872363,0.0004656521243993178,0.03401348876660547,4.235518169007731,0.539792907782207,4.235369915386058,1.0,0.00046559905000000124,8009.121368331584,0.007685676569737765,1.0016771138292804,0.041283232660751526
05-01-2026,06.05,1107,4151.25,3.71597,0.000815237,0.218396,0.0602629,0.0,4558.146894706692,3.624053936999381,0.0054599,-0.0033986714285716424,-0.0007943759499999987,0.0,0.0,-0.0007943759499999987,-0.0007942987190517363,-0.0007942215031191336,0.03401348876660547,4.235518169007731,0.539792907782207,4.2354025683352745,1.0,-0.0007943759499999987,-13689.382690568651,-0.013136543068892764,1.0016771138292804,0.041283232660751526
05-01-2026,06.05,1108,4155.0,3.7147,0.000794088,0.369593,0.078514,0.0,4677.94501365088,4.707351555136664,0.009239825,-0.004668671428571525,0.002985549050000001,0.0,0.0,0.002985549050000001,0.0029866404616189697,0.002987732671493076,0.03401348876660547,4.235518169007731,0.539792907782207,4.235359371204541,1.0,0.002985549050000001,51542.59343792627,0.04946106876289116,1.0016771138292804,0.041283232660751526
05-01-2026,06.05,1109,4158.75,3.714,0.00076486,0.0671987,0.0337472,0.0,4855.79060220171,1.991237791579746,0.0016799675,-0.00536867142857167,-0.004574308449999999,0.0,0.0,-0.004574308449999999,-0.004571748749114434,-0.004569191911352039,0.03401348876660547,4.235518169007731,0.539792907782207,4.235335561762404,1.0,-0.004574308449999999,-79113.58665179694,-0.07591861969801789,1.0016771138292804,0.041283232660751526
05-01-2026,06.05,1110,4162.5,3.71464,0.000804334,0.419992,0.0836794,0.0,4618.280465577733,5.019060844126511,0.010499799999999998,-0.004728671428571474,0.0042455240499999995,0.0,0.0,0.0042455240499999995,0.0042477313927241755,0.004249941031935858,0.03401348876660547,4.235518169007731,0.539792907782207,4.235357330395215,1.0,0.0042455240499999995,73559.6744344453,0.07058899975143293,1.0016771138292804,0.041283232660751526
05-01-2026,06.05,1111,4166.25,3.71491,0.000790607,0.151197,0.0502765,0.0,4698.8073720571665,3.0073095780334747,0.003779925,-0.004458671428571481,-0.002474350949999999,0.0665557,0.0016638924999999999,-0.004138243449999999,-0.00413614840398138,-0.004134055478184489,0.03401348876660547,4.235518169007731,0.539792907782207,4.235366514037182,1.0,-0.002474350949999999,-42948.89070405396,-0.041214418885643436,1.0016771138292804,0.041283232660751526
05-01-2026,06.05,1112,4170.0,3.71375,0.000762364,0.167997,0.0530314,0.0,4871.360662360762,3.1678778987543232,0.004199925,-0.005618671428571531,-0.0020543509499999987,0.0,0.0,-0.0020543509499999987,-0.0020538345080627703,-0.0020533183257162827,0.03401348876660547,4.235518169007731,0.539792907782207,4.2353270583902125,1.0,-0.0020543509499999987,-35722.90323445498,-0.03428024970100481,1.0016771138292804,0.041283232660751526
05-01-2026,06.05,1113,4173.75,3.71409,0.000785812,0.302394,0.0709381,0.0,4726.435839615582,4.262786852199311,0.00755985,-0.005278671428571524,0.001305574050000001,0.0,0.0,0.001305574050000001,0.0013057827170341095,0.0013059914507804683,0.03401348876660547,4.235518169007731,0.539792907782207,4.235338622976393,1.0,0.001305574050000001,22743.346786093844,0.02182486685773812,1.0016771138292804,0.041283232660751526
05-01-2026,06.05,1114,4177.5,3.71516,0.000796912,0.251995,0.0647396,0.0,4661.945108117333,3.8924398667894153,0.006299875000000001,-0.00420867142857162,4.559905000000187e-05,0.0,0.0,4.559905000000187e-05,4.559930450448172e-05,4.559955901180254e-05,0.03401348876660547,4.235518169007731,0.539792907782207,4.235375017409373,1.0,4.559905000000187e-05,795.7721060690951,0.0007636352040623628,1.0016771138292804,0.041283232660751526
05-01-2026,06.05,1115,4181.25,3.71561,0.000804662,0.352793,0.0767922,0.0,4617.603416092719,4.594125445032177,0.008819825,-0.0037586714285717804,0.002565549050000001,0.0,0.0,0.002565549050000001,0.002566354945001713,0.0025671613464609646,0.03401348876660547,4.235518169007731,0.539792907782207,4.235390323479318,1.0,0.002565549050000001,44853.11321746291,0.04304174022113258,1.0016771138292804,0.041283232660751526
05-01-2026,06.05,1116,4185.0,3.71559,0.000773924,0.235195,0.0626734,0.0,4800.975289563316,3.752708485577613,0.005879875,-0.0037786714285714673,-0.00037440094999999923,0.0,0.0,-0.00037440094999999923,-0.00037438379323510217,-0.000374366638042536,0.03401348876660547,4.235518169007731,0.539792907782207,4.235389643209543,1.0,-0.00037440094999999923,-6557.342478513737,-0.0062925271236534824,1.0016771138292804,0.041283232660751526
05-01-2026,06.05,1117,4188.75,3.71468,0.000792905,0.386392,0.0802358,0.0,4684.899199778031,4.815705707427358,0.009659800000000001,-0.004688671428571656,0.0034055240500000025,0.0,0.0,0.0034055240500000025,0.0034069441874769795,0.003408365509871048,0.03401348876660547,4.235518169007731,0.539792907782207,4.235358690934765,1.0,0.0034055240500000025,59752.05323091262,0.057338993179249835,1.0016771138292804,0.041283232660751526
05-01-2026,06.05,1118,4192.5,3.71554,0.000789162,0.201596,0.0626734,0.0,4708.20946776454,3.21661183213293,0.005039900000000001,-0.003828671428571795,-0.0012143759499999981,0.0,0.0,-0.0012143759499999981,-0.0012141954724508841,-0.0012140150485380524,0.03401348876660547,4.235518169007731,0.539792907782207,4.235387942535104,1.0,-0.0012143759499999981,-21345.154381797154,-0.02048313983082868,1.0016771138292804,0.041283232660751526
05-01-2026,06.05,1119,4196.25,3.7157,0.000798357,0.235195,0.0626734,0.0,4654.183529423553,3.752708485577613,0.005879875,-0.003668671428571635,-0.00037440094999999923,0.0,0.0,-0.00037440094999999923,-0.00037438379323510217,-0.000374366638042536,0.03401348876660547,4.235518169007731,0.539792907782207,4.235393384693307,1.0,-0.00037440094999999923,-6592.644393088346,-0.006326403386134129,1.0016771138292804,0.041283232660751526
05-01-2026,06.05,1120,4200.0,3.71501,0.000798948,0.235195,0.0626734,0.0,4649.877088371209,3.752708485577613,0.005879875,-0.004358671428571714,-0.00037440094999999923,0.0,0.0,-0.00037440094999999923,-0.00037438379323510217,-0.000374366638042536,0.03401348876660547,4.235518169007731,0.539792907782207,4.235369915386058,1.0,-0.00037440094999999923,-6604.432757999986,-0.00633771568318024,1.0016771138292804,0.041283232660751526
05-01-2026,06.05,1121,4203.75,3.71458,0.000780032,0.251995,0.0647396,0.0,4762.086683623236,3.8924398667894153,0.006299875000000001,-0.004788671428571423,4.559905000000187e-05,0.0,0.0,4.559905000000187e-05,4.559930450448172e-05,4.559955901180254e-05,0.03401348876660547,4.235518169007731,0.539792907782207,4.235355289585889,1.0,4.559905000000187e-05,805.8042533116736,0.0007732622075076242,1.0016771138292804,0.041283232660751526
05-01-2026,06.05,1122,4207.5,3.7151,0.000796715,0.218396,0.0602629,0.0,4663.022536289639,3.624053936999381,0.0054599,-0.004268671428571569,-0.0007943759499999987,0.0,0.0,-0.0007943759499999987,-0.0007942987190517363,-0.0007942215031191336,0.03401348876660547,4.235518169007731,0.539792907782207,4.235372976600047,1.0,-0.0007943759499999987,-14062.882126497165,-0.013494958896486102,1.0016771138292804,0.041283232660751526
05-01-2026,06.05,1123,4211.25,3.71497,0.000800919,0.352793,0.0767922,0.0,4638.384156200565,4.594125445032177,0.008819825,-0.004398671428571532,0.002565549050000001,0.0,0.0,0.002565549050000001,0.002566354945001713,0.0025671613464609646,0.03401348876660547,4.235518169007731,0.539792907782207,4.235368554846508,1.0,0.002565549050000001,45499.054329526654,0.04366159528913648,1.0016771138292804,0.041283232660751526
05-01-2026,06.05,1124,4215.0,3.71453,0.000798423,0.319194,0.0730042,0.0,4652.333412238875,4.372268992742883,0.007979849999999998,-0.00483867142857175,0.0017255740499999995,0.0,0.0,0.0017255740499999995,0.001725938585943901,0.0017263032759403433,0.03401348876660547,4.235518169007731,0.539792907782207,4.23535358891145,1.0,0.0017255740499999995,30656.936826461242,0.029418870089634678,1.0016771138292804,0.041283232660751526
05-01-2026,06.05,1125,4218.75,3.71533,0.000821477,0.302394,0.0709381,0.0,4522.74378954006,4.262786852199311,0.00755985,-0.004038671428571838,0.001305574050000001,0.0,0.0,0.001305574050000001,0.0013057827170341095,0.0013059914507804683,0.03401348876660547,4.235518169007731,0.539792907782207,4.2353807997024635,1.0,0.001305574050000001,23236.41314575197,0.022298020952110365,1.0016771138292804,0.041283232660751526
05-01-2026,06.05,1126,4222.5,3.71636,0.000816682,0.302394,0.0709381,0.0,4550.559458883629,4.262786852199311,0.00755985,-0.003008671428571752,0.001305574050000001,0.0,0.0,0.001305574050000001,0.0013057827170341095,0.0013059914507804683,0.03401348876660547,4.235518169007731,0.539792907782207,4.235415833595893,1.0,0.001305574050000001,23277.74068431283,0.022337679496436846,1.0016771138292804,0.041283232660751526
05-01-2026,06.05,1127,4226.25,3.71599,0.000808275,0.302394,0.0709381,0.0,4597.432804429186,4.262786852199311,0.00755985,-0.0033786714285715114,0.001305574050000001,0.0,0.0,0.001305574050000001,0.0013057827170341095,0.0013059914507804683,0.03401348876660547,4.235518169007731,0.539792907782207,4.235403248605049,1.0,0.001305574050000001,23319.104942143847,0.022377373277142114,1.0016771138292804,0.041283232660751526
05-01-2026,06.05,1128,4230.0,3.71441,0.00077018,0.218396,0.0602629,0.0,4822.781687397752,3.624053936999381,0.0054599,-0.004958671428571648,-0.0007943759499999987,0.0,0.0,-0.0007943759499999987,-0.0007942987190517363,-0.0007942215031191336,0.03401348876660547,4.235518169007731,0.539792907782207,4.235349507292798,1.0,-0.0007943759499999987,-14213.689435754977,-0.013639675919740479,1.0016771138292804,0.041283232660751526
05-01-2026,06.05,1129,4233.75,3.71372,0.000777536,0.167997,0.0530314,0.0,4776.267594040662,3.1678778987543232,0.004199925,-0.005648671428571728,-0.0020543509499999987,0.0,0.0,-0.0020543509499999987,-0.0020538345080627703,-0.0020533183257162827,0.03401348876660547,4.235518169007731,0.539792907782207,4.2353260379855495,1.0,-0.0020543509499999987,-36823.49928645396,-0.035336398671732244,1.0016771138292804,0.041283232660751526
05-01-2026,06.05,1130,4237.5,3.71546,0.000773595,0.218396,0.0602629,0.0,4802.849035994287,3.624053936999381,0.0054599,-0.003908671428571431,-0.0007943759499999987,0.0,0.0,-0.0007943759499999987,-0.0007942987190517363,-0.0007942215031191336,0.03401348876660547,4.235518169007731,0.539792907782207,4.235385221456003,1.0,-0.0007943759499999987,-14264.137273429666,-0.013688086443963942,1.0016771138292804,0.041283232660751526
05-01-2026,06.05,1131,4241.25,3.71684,0.000770508,0.235195,0.0626734,0.0,4823.882425620499,3.752708485577613,0.005879875,-0.002528671428571716,-0.00037440094999999923,0.0,0.0,-0.00037440094999999923,-0.00037438379323510217,-0.000374366638042536,0.03401348876660547,4.235518169007731,0.539792907782207,4.235432160070501,1.0,-0.00037440094999999923,-6734.799753791471,-0.00646281786592197,1.0016771138292804,0.041283232660751526
05-01-2026,06.05,1132,4245.0,3.71587,0.000785352,0.151197,0.0502765,0.0,4731.470729048885,3.0073095780334747,0.003779925,-0.0034986714285718534,-0.002474350949999999,0.0,0.0,-0.002474350949999999,-0.0024736017935847784,-0.002472853090674718,0.03401348876660547,4.235518169007731,0.539792907782207,4.235399166986397,1.0,-0.002474350949999999,-44587.865977773734,-0.042787204873057136,1.0016771138292804,0.041283232660751526
05-01-2026,06.05,1133,4248.75,3.71546,0.000789818,0.201596,0.0581968,0.0,4704.197675920276,3.464039259890578,0.005039900000000001,-0.003908671428571431,-0.0012143759499999981,0.0,0.0,-0.0012143759499999981,-0.0012141954724508841,-0.0012140150485380524,0.03401348876660547,4.235518169007731,0.539792907782207,4.235385221456003,1.0,-0.0012143759499999981,-21921.76474986864,-0.02103646404605131,1.0016771138292804,0.041283232660751526
05-01-2026,06.05,1134,4252.5,3.71573,0.000796649,0.201596,0.0626734,0.0,4664.199666352434,3.21661183213293,0.005039900000000001,-0.0036386714285714383,-0.0012143759499999981,0.0,0.0,-0.0012143759499999981,-0.0012141954724508841,-0.0012140150485380524,0.03401348876660547,4.235518169007731,0.539792907782207,4.235394405097971,1.0,-0.0012143759499999981,-21960.478675662154,-0.021073614527197755,1.0016771138292804,0.041283232660751526
05-01-2026,06.05,1135,4256.25,3.71585,0.00080013,0.218396,0.0602629,0.0,4644.057840600903,3.624053936999381,0.0054599,-0.0035186714285715404,-0.0007943759499999987,0.0,0.0,-0.0007943759499999987,-0.0007942987190517363,-0.0007942215031191336,0.03401348876660547,4.235518169007731,0.539792907782207,4.235398486716623,1.0,-0.0007943759499999987,-14390.647849529274,-0.013809487946805114,1.0016771138292804,0.041283232660751526
05-01-2026,06.05,1136,4260.0,3.71583,0.000803612,0.302394,0.0709381,0.0,4623.910543894317,4.262786852199311,0.00755985,-0.0035386714285716714,0.001305574050000001,0.0,0.0,0.001305574050000001,0.0013057827170341095,0.0013059914507804683,0.03401348876660547,4.235518169007731,0.539792907782207,4.235397806446847,1.0,0.001305574050000001,23693.035629780017,0.022736202940535008,1.0016771138292804,0.041283232660751526
05-01-2026,06.05,1137,4263.75,3.71662,0.000778062,0.218396,0.0602629,0.0,4776.765861846485,3.624053936999381,0.0054599,-0.002748671428571825,-0.0007943759499999987,0.0,0.0,-0.0007943759499999987,-0.0007942987190517363,-0.0007942215031191336,0.03401348876660547,4.235518169007731,0.539792907782207,4.235424677102973,1.0,-0.0007943759499999987,-14441.408472734274,-0.013858198624854587,1.0016771138292804,0.041283232660751526
05-01-2026,06.05,1138,4267.5,3.71547,0.000782002,0.285594,0.0688719,0.0,4751.228257728241,4.146741994921006,0.0071398500000000005,-0.0038986714285718094,0.0008855740500000016,0.0,0.0,0.0008855740500000016,0.0008856700515531386,0.0008857660739228237,0.03401348876660547,4.235518169007731,0.539792907782207,4.235385561590891,1.0,0.0008855740500000016,16127.681625115341,0.01547637238716989,1.0016771138292804,0.041283232660751526
05-01-2026,06.05,1139,4271.25,3.71624,0.000778193,0.167997,0.0530314,0.0,4775.4734365382365,3.1678778987543232,0.004199925,-0.00312867142857165,-0.0020543509499999987,0.0,0.0,-0.0020543509499999987,-0.0020538345080627703,-0.0020533183257162827,0.03401348876660547,4.235518169007731,0.539792907782207,4.235411751977241,1.0,-0.0020543509499999987,-37478.708842569584,-0.03596514788180385,1.0016771138292804,0.041283232660751526
05-01-2026,06.05,1140,4275.0,3.71744,0.00079192,0.251995,0.0647396,0.0,4694.21153651884,3.8924398667894153,0.006299875000000001,-0.001928671428571782,4.559905000000187e-05,0.0,0.0,4.559905000000187e-05,4.559930450448172e-05,4.559955901180254e-05,0.03401348876660547,4.235518169007731,0.539792907782207,4.235452568163761,1.0,4.559905000000187e-05,833.3511381562842,0.0007996966236792437,1.0016771138292804,0.041283232660751526
05-01-2026,06.05,1141,4278.75,3.71654,0.000782594,0.251995,0.0647396,0.0,4749.001397915139,3.8924398667894153,0.006299875000000001,-0.002828671428571461,4.559905000000187e-05,0.0,0.0,4.559905000000187e-05,4.559930450448172e-05,4.559955901180254e-05,0.03401348876660547,4.235518169007731,0.539792907782207,4.235421956023871,1.0,4.559905000000187e-05,834.8137989335498,0.0008011002155525988,1.0016771138292804,0.041283232660751526
05-01-2026,06.05,1142,4282.5,3.71552,0.000813595,0.184796,0.0554419,0.0,4566.79306042933,3.333146952034472,0.0046199,-0.003848671428571482,-0.0016343759499999992,0.0,0.0,-0.0016343759499999992,-0.0016340490623801855,-0.001633722305494244,0.03401348876660547,4.235518169007731,0.539792907782207,4.235387262265329,1.0,-0.0016343759499999992,-29974.13826265967,-0.028763646041662295,1.0016771138292804,0.041283232660751526
05-01-2026,06.05,1143,4286.25,3.71659,0.000756124,0.117598,0.0444224,0.0,4915.3181224243635,2.647268044950295,0.00293995,-0.0027786714285715775,-0.0033143259499999987,0.0,0.0,-0.0033143259499999987,-0.003312981961024757,-0.0033116390616069196,0.03401348876660547,4.235518169007731,0.539792907782207,4.23542365669831,1.0,-0.0033143259499999987,-60890.5943866624,-0.0584315548576167,1.0016771138292804,0.041283232660751526
05-01-2026,06.05,1144,4290.0,3.71577,0.000755796,0.134397,0.0475216,0.0,4916.3663210707655,2.828124473923437,0.0033599249999999997,-0.0035986714285716204,-0.002894350949999999,0.0,0.0,-0.002894350949999999,-0.002893325935597947,-0.0028923016469424223,0.03401348876660547,4.235518169007731,0.539792907782207,4.235395765637521,1.0,-0.002894350949999999,-53267.924318894984,-0.05111672292482435,1.0016771138292804,0.041283232660751526
05-01-2026,06.05,1145,4293.75,3.71637,0.000769326,0.235195,0.0626734,0.0,4830.682961449373,3.752708485577613,0.005879875,-0.0029986714285716864,-0.00037440094999999923,0.0,0.0,-0.00037440094999999923,-0.00037438379323510217,-0.000374366638042536,0.03401348876660547,4.235518169007731,0.539792907782207,4.235416173730781,1.0,-0.00037440094999999923,-6902.564139474595,-0.006623807161624182,1.0016771138292804,0.041283232660751526
05-01-2026,06.05,1146,4297.5,3.71624,0.000801444,0.285594,0.0688719,0.0,4636.9303407349735,4.146741994921006,0.0071398500000000005,-0.00312867142857165,0.0008855740500000016,0.0,0.0,0.0008855740500000016,0.0008856700515531386,0.0008857660739228237,0.03401348876660547,4.235518169007731,0.539792907782207,4.235411751977241,1.0,0.0008855740500000016,16355.229877262842,0.015694731204521556,1.0016771138292804,0.041283232660751526
05-01-2026,06.05,1147,4301.25,3.71584,0.000783973,0.151197,0.0502765,0.0,4739.755068095457,3.0073095780334747,0.003779925,-0.003528671428571606,-0.002474350949999999,0.0,0.0,-0.002474350949999999,-0.0024736017935847784,-0.002472853090674718,0.03401348876660547,4.235518169007731,0.539792907782207,4.235398146581734,1.0,-0.002474350949999999,-45777.35220438584,-0.043928654228294325,1.0016771138292804,0.041283232660751526
05-01-2026,06.05,1148,4305.0,3.71603,0.000790738,0.235195,0.0626734,0.0,4699.445328288257,3.752708485577613,0.005879875,-0.0033386714285716934,-0.00037440094999999923,0.0,0.0,-0.00037440094999999923,-0.00037438379323510217,-0.000374366638042536,0.03401348876660547,4.235518169007731,0.539792907782207,4.2354046091446005,1.0,-0.00037440094999999923,-6938.782166373736,-0.0066585625396412395,1.0016771138292804,0.041283232660751526
05-01-2026,06.05,1149,4308.75,3.71644,0.00079238,0.235195,0.0626734,0.0,4690.224387288928,3.752708485577613,0.005879875,-0.002928671428571672,-0.00037440094999999923,0.0,0.0,-0.00037440094999999923,-0.00037438379323510217,-0.000374366638042536,0.03401348876660547,4.235518169007731,0.539792907782207,4.235418554674994,1.0,-0.00037440094999999923,-6950.87590206022,-0.006670167875199486,1.0016771138292804,0.041283232660751526
05-01-2026,06.05,1150,4312.5,3.71713,0.00080729,0.235195,0.0626734,0.0,4604.4544091962,3.752708485577613,0.005879875,-0.0022386714285715925,-0.00037440094999999923,0.0,0.0,-0.00037440094999999923,-0.00037438379323510217,-0.000374366638042536,0.03401348876660547,4.235518169007731,0.539792907782207,4.235442023982244,1.0,-0.00037440094999999923,-6962.980167773423,-0.006681783315534014,1.0016771138292804,0.041283232660751526
05-01-2026,06.05,1151,4316.25,3.71612,0.00078614,0.268795,0.0671501,0.0,4727.046073218511,4.002897985259888,0.006719875,-0.003248671428571548,0.00046559905000000124,0.0,0.0,0.00046559905000000124,0.0004656255856872363,0.0004656521243993178,0.03401348876660547,4.235518169007731,0.539792907782207,4.2354076703585894,1.0,0.00046559905000000124,8674.116848986663,0.008323816504145692,1.0016771138292804,0.041283232660751526
05-01-2026,06.05,1152,4320.0,3.71603,0.000758685,0.285594,0.0688719,0.0,4897.987966020153,4.146741994921006,0.0071398500000000005,-0.0033386714285716934,0.0008855740500000016,0.0,0.0,0.0008855740500000016,0.0008856700515531386,0.0008857660739228237,0.03401348876660547,4.235518169007731,0.539792907782207,4.2354046091446005,1.0,0.0008855740500000016,16526.93715072003,0.015859504156231535,1.0016771138292804,0.041283232660751526
05-01-2026,06.05,1153,4323.75,3.71823,0.000797832,0.251995,0.0647396,0.0,4660.417230695184,3.8924398667894153,0.006299875000000001,-0.0011386714285714916,4.559905000000187e-05,0.0,0.0,4.559905000000187e-05,4.559930450448172e-05,4.559955901180254e-05,0.03401348876660547,4.235518169007731,0.539792907782207,4.235479438819887,1.0,4.559905000000187e-05,852.4657611766755,0.0008180393111640502,1.0016771138292804,0.041283232660751526
05-01-2026,06.05,1154,4327.5,3.71688,0.000780032,0.285594,0.0688719,0.0,4765.035280603874,4.146741994921006,0.0071398500000000005,-0.002488671428571454,0.0008855740500000016,0.0,0.0,0.0008855740500000016,0.0008856700515531386,0.0008857660739228237,0.03401348876660547,4.235518169007731,0.539792907782207,4.2354335206100515,1.0,0.0008855740500000016,16584.372162700343,0.015914619680838904,1.0016771138292804,0.041283232660751526
05-01-2026,06.05,1155,4331.25,3.71599,0.000814055,0.302394,0.0709381,0.0,4564.78984835177,4.262786852199311,0.00755985,-0.0033786714285715114,0.001305574050000001,0.0,0.0,0.001305574050000001,0.0013057827170341095,0.0013059914507804683,0.03401348876660547,4.235518169007731,0.539792907782207,4.235403248605049,1.0,0.001305574050000001,24492.212185095723,0.023503105106677753,1.0016771138292804,0.041283232660751526
05-01-2026,06.05,1156,4335.0,3.71781,0.000793103,0.285594,0.0688719,0.0,4687.676127816942,4.146741994921006,0.0071398500000000005,-0.0015586714285715786,0.0008855740500000016,0.0,0.0,0.0008855740500000016,0.0008856700515531386,0.0008857660739228237,0.03401348876660547,4.235518169007731,0.539792907782207,4.235465153154605,1.0,0.0008855740500000016,16641.90680176128,0.01596983080913163,1.0016771138292804,0.041283232660751526
05-01-2026,06.05,1157,4338.75,3.71771,0.00080591,0.285594,0.0688719,0.0,4613.058530108821,4.146741994921006,0.0071398500000000005,-0.0016586714285717896,0.0008855740500000016,0.0,0.0,0.0008855740500000016,0.0008856700515531386,0.0008857660739228237,0.03401348876660547,4.235518169007731,0.539792907782207,4.235461751805728,1.0,0.0008855740500000016,16670.711481446982,0.01599747222466,1.0016771138292804,0.041283232660751526
05-01-2026,06.05,1158,4342.5,3.71667,0.000792577,0.218396,0.0602629,0.0,4689.348795132839,3.624053936999381,0.0054599,-0.0026986714285714974,-0.0007943759499999987,0.0,0.0,-0.0007943759499999987,-0.0007942987190517363,-0.0007942215031191336,0.03401348876660547,4.235518169007731,0.539792907782207,4.235426377777411,1.0,-0.0007943759499999987,-14979.790566784664,-0.014374838397872711,1.0016771138292804,0.041283232660751526
05-01-2026,06.05,1159,4346.25,3.71766,0.000776748,0.235195,0.0626734,0.0,4786.185481005423,3.752708485577613,0.005879875,-0.001708671428571673,-0.00037440094999999923,0.0,0.0,-0.00037440094999999923,-0.00037438379323510217,-0.000374366638042536,0.03401348876660547,4.235518169007731,0.539792907782207,4.23546005113129,1.0,-0.00037440094999999923,-7072.392410394595,-0.006786776993477388,1.0016771138292804,0.041283232660751526
05-01-2026,06.05,1160,4350.0,3.71724,0.000758488,0.218396,0.0602629,0.0,4900.855385978421,3.624053936999381,0.0054599,-0.00212867142857176,-0.0007943759499999987,0.0,0.0,-0.0007943759499999987,-0.0007942987190517363,-0.0007942215031191336,0.03401348876660547,4.235518169007731,0.539792907782207,4.235445765466007,1.0,-0.0007943759499999987,-15031.578913874977,-0.014424535295636214,1.0016771138292804,0.041283232660751526
05-01-2026,06.05,1161,4353.75,3.71674,0.00078174,0.251995,0.0647396,0.0,4754.445211963057,3.8924398667894153,0.006299875000000001,-0.002628671428571483,4.559905000000187e-05,0.0,0.0,4.559905000000187e-05,4.559930450448172e-05,4.559955901180254e-05,0.03401348876660547,4.235518169007731,0.539792907782207,4.235428758721625,1.0,4.559905000000187e-05,864.3363338679261,0.0008294304960652123,1.0016771138292804,0.041283232660751526
05-01-2026,06.05,1162,4357.5,3.71588,0.000764006,0.201596,0.0581968,0.0,4863.679081054337,3.464039259890578,0.005039900000000001,-0.003488671428571788,-0.0012143759499999981,0.0,0.0,-0.0012143759499999981,-0.0012141954724508841,-0.0012140150485380524,0.03401348876660547,4.235518169007731,0.539792907782207,4.2353995071212855,1.0,-0.0012143759499999981,-23058.33525325965,-0.022127134655977036,1.0016771138292804,0.041283232660751526
05-01-2026,06.05,1163,4361.25,3.718,0.000789096,0.335993,0.074726,0.0,4711.720753875321,4.496333270882959,0.008399825,-0.0013686714285716661,0.0021455490500000007,0.0,0.0,0.0021455490500000007,0.002146112651811262,0.002146676549798893,0.03401348876660547,4.235518169007731,0.539792907782207,4.23547161571747,1.0,0.0021455490500000007,40809.41905794541,0.03916134884888107,1.0016771138292804,0.041283232660751526
05-01-2026,06.05,1164,4365.0,3.71778,0.00080059,0.201596,0.0581968,0.0,4643.800197354451,3.464039259890578,0.005039900000000001,-0.0015886714285717751,-0.0012143759499999981,0.0665557,0.0016638924999999999,-0.002878268449999998,-0.002877254792968749,-0.002876241849657475,0.03401348876660547,4.235518169007731,0.539792907782207,4.235464132749942,1.0,-0.0012143759499999981,-23137.778209938715,-0.022203369344240494,1.0016771138292804,0.041283232660751526
05-01-2026,06.05,1165,4368.75,3.71769,0.000779704,0.251995,0.0647396,0.0,4768.078655489776,3.8924398667894153,0.006299875000000001,-0.0016786714285714766,4.559905000000187e-05,0.0,0.0,4.559905000000187e-05,4.559930450448172e-05,4.559955901180254e-05,0.03401348876660547,4.235518169007731,0.539792907782207,4.235461071535953,1.0,4.559905000000187e-05,870.3023995723013,0.0008351556248638516,1.0016771138292804,0.041283232660751526
05-01-2026,06.05,1166,4372.5,3.71753,0.000755861,0.184796,0.0554419,0.0,4918.272010329942,3.333146952034472,0.0046199,-0.0018386714285716366,-0.0016343759499999992,0.0,0.0,-0.0016343759499999992,-0.0016340490623801855,-0.001633722305494244,0.03401348876660547,4.235518169007731,0.539792907782207,4.23545562937775,1.0,-0.0016343759499999992,-31247.235408912173,-0.0299853297267968,1.0016771138292804,0.041283232660751526
05-01-2026,06.05,1167,4376.25,3.71736,0.000792446,0.184796,0.0554419,0.0,4690.994717621138,3.333146952034472,0.0046199,-0.002008671428571418,-0.0016343759499999992,0.0,0.0,-0.0016343759499999992,-0.0016340490623801855,-0.001633722305494244,0.03401348876660547,4.235518169007731,0.539792907782207,4.235449847084659,1.0,-0.0016343759499999992,-31300.85570863428,-0.030036784594601153,1.0016771138292804,0.041283232660751526
05-01-2026,06.05,1168,4380.0,3.71664,0.000786075,0.100798,0.0409788,0.0,4728.098463887033,2.4597596806153423,0.0025199500000000004,-0.002728671428571694,-0.0037343259499999985,0.0,0.0,-0.0037343259499999985,-0.0037326198385391543,-0.003730915285317784,0.03401348876660547,4.235518169007731,0.539792907782207,4.235425357372748,1.0,-0.0037343259499999985,-71640.80275517998,-0.06874762085012467,1.0016771138292804,0.041283232660751526
05-01-2026,06.05,1169,4383.75,3.71647,0.000756255,0.167997,0.0530314,0.0,4914.308004575177,3.1678778987543232,0.004199925,-0.0028986714285714754,-0.0020543509499999987,0.0,0.0,-0.0020543509499999987,-0.0020538345080627703,-0.0020533183257162827,0.03401348876660547,4.235518169007731,0.539792907782207,4.235419575079657,1.0,-0.0020543509499999987,-39479.00468319771,-0.03788466266599073,1.0016771138292804,0.041283232660751526
05-01-2026,06.05,1170,4387.5,3.71756,0.000783579,0.268795,0.0671501,0.0,4744.333372895395,4.002897985259888,0.006719875,-0.00180867142857144,0.00046559905000000124,0.0,0.0,0.00046559905000000124,0.0004656255856872363,0.0004656521243993178,0.03401348876660547,4.235518169007731,0.539792907782207,4.235456649782413,1.0,0.00046559905000000124,8962.854462351586,0.008600893577620367,1.0016771138292804,0.041283232660751526
05-01-2026,06.05,1171,4391.25,3.7181,0.000784367,0.201596,0.0581968,0.0,4740.25551814393,3.464039259890578,0.005039900000000001,-0.001268671428571455,-0.0012143759499999981,0.0,0.0,-0.0012143759499999981,-0.0012141954724508841,-0.0012140150485380524,0.03401348876660547,4.235518169007731,0.539792907782207,4.235475017066347,1.0,-0.0012143759499999981,-23416.904419508635,-0.022471223166180783,1.0016771138292804,0.041283232660751526
05-01-2026,06.05,1172,4395.0,3.7188,0.000818981,0.251995,0.0647396,0.0,4540.764681964539,3.8924398667894153,0.006299875000000001,-0.0005686714285717542,4.559905000000187e-05,0.0,0.0,4.559905000000187e-05,4.559930450448172e-05,4.559955901180254e-05,0.03401348876660547,4.235518169007731,0.539792907782207,4.235498826508484,1.0,4.559905000000187e-05,880.7923897762861,0.0008452219814864807,1.0016771138292804,0.041283232660751526
05-01-2026,06.05,1173,4398.75,3.71821,0.000783513,0.235195,0.0626734,0.0,4745.562613511199,3.752708485577613,0.005879875,-0.0011586714285716226,-0.00037440094999999923,0.0,0.0,-0.00037440094999999923,-0.00037438379323510217,-0.000374366638042536,0.03401348876660547,4.235518169007731,0.539792907782207,4.235478758550111,1.0,-0.00037440094999999923,-7244.28456655147,-0.006951727361481588,1.0016771138292804,0.041283232660751526
05-01-2026,06.05,1174,4402.5,3.71766,0.000795007,0.268795,0.0671501,0.0,4676.26071216983,4.002897985259888,0.006719875,-0.001708671428571673,0.00046559905000000124,0.0,0.0,0.00046559905000000124,0.0004656255856872363,0.0004656521243993178,0.03401348876660547,4.235518169007731,0.539792907782207,4.23546005113129,1.0,0.00046559905000000124,9024.243697094087,0.008659803635465183,1.0016771138292804,0.041283232660751526
05-01-2026,06.05,1175,4406.25,3.71813,0.000776945,0.151197,0.0502765,0.0,4785.576842633648,3.0073095780334747,0.003779925,-0.0012386714285717026,-0.002474350949999999,0.0,0.0,-0.002474350949999999,-0.0024736017935847784,-0.002472853090674718,0.03401348876660547,4.235518169007731,0.539792907782207,4.23547603747101,1.0,-0.002474350949999999,-48039.620348583965,-0.04609956168127373,1.0016771138292804,0.041283232660751526
05-01-2026,06.05,1176,4410.0,3.7174,0.000776288,0.100798,0.0409788,0.0,4788.686672987345,2.4597596806153423,0.0025199500000000004,-0.0019686714285716,-0.0037343259499999985,0.0,0.0,-0.0037343259499999985,-0.0037326198385391543,-0.003730915285317784,0.03401348876660547,4.235518169007731,0.539792907782207,4.235451207624211,1.0,-0.0037343259499999985,-72625.54450819497,-0.06969259424612234,1.0016771138292804,0.041283232660751526
05-01-2026,06.05,1177,4413.75,3.71678,0.000771428,0.117598,0.0444224,0.0,4818.051717075346,2.647268044950295,0.00293995,-0.002588671428571665,-0.0033143259499999987,0.0,0.0,-0.0033143259499999987,-0.003312981961024757,-0.0033116390616069196,0.03401348876660547,4.235518169007731,0.539792907782207,4.235430119261175,1.0,-0.0033143259499999987,-64567.0104466999,-0.06195950049282236,1.0016771138292804,0.041283232660751526
05-01-2026,06.05,1178,4417.5,3.71803,0.000778127,0.251995,0.0647396,0.0,4778.178883395642,3.8924398667894153,0.006299875000000001,-0.0013386714285714696,4.559905000000187e-05,0.0,0.0,4.559905000000187e-05,4.559930450448172e-05,4.559955901180254e-05,0.03401348876660547,4.235518169007731,0.539792907782207,4.235472636122133,1.0,4.559905000000187e-05,889.833826409099,0.0008538982837286147,1.0016771138292804,0.041283232660751526
05-01-2026,06.05,1179,4421.25,3.71943,0.00077747,0.235195,0.0626734,0.0,4784.01738973851,3.752708485577613,0.005879875,6.132857142837622e-05,-0.00037440094999999923,0.0,0.0,-0.00037440094999999923,-0.00037438379323510217,-0.000374366638042536,0.03401348876660547,4.235518169007731,0.539792907782207,4.235520255006406,1.0,-0.00037440094999999923,-7318.584435078969,-0.007023026662917366,1.0016771138292804,0.041283232660751526
05-01-2026,06.05,1180,4425.0,3.71903,0.00081215,0.302394,0.0709381,0.0,4579.240288124115,4.262786852199311,0.00755985,-0.0003386714285715797,0.001305574050000001,0.0,0.0,0.001305574050000001,0.0013057827170341095,0.0013059914507804683,0.03401348876660547,4.235518169007731,0.539792907782207,4.2355066496109,1.0,0.001305574050000001,25563.95588278127,0.024531566912567682,1.0016771138292804,0.041283232660751526
05-01-2026,06.05,1181,4428.75,3.71796,0.000786206,0.218396,0.0602629,0.0,4728.989603233758,3.624053936999381,0.0054599,-0.001408671428571484,-0.0007943759499999987,0.0,0.0,-0.0007943759499999987,-0.0007942987190517363,-0.0007942215031191336,0.03401348876660547,4.235518169007731,0.539792907782207,4.23547025517792,1.0,-0.0007943759499999987,-15580.752108721148,-0.014951530375651651,1.0016771138292804,0.041283232660751526
05-01-2026,06.05,1182,4432.5,3.71826,0.0007688,0.167997,0.0530314,0.0,4836.446409989594,3.1678778987543232,0.004199925,-0.0011086714285717392,-0.0020543509499999987,0.0,0.0,-0.0020543509499999987,-0.0020538345080627703,-0.0020533183257162827,0.03401348876660547,4.235518169007731,0.539792907782207,4.23548045922455,1.0,-0.0020543509499999987,-40361.94867189091,-0.03873194935503035,1.0016771138292804,0.041283232660751526
05-01-2026,06.05,1183,4436.25,3.71829,0.000762429,0.235195,0.0626734,0.0,4876.9000129848155,3.752708485577613,0.005879875,-0.0010786714285715426,-0.00037440094999999923,0.0,0.0,-0.00037440094999999923,-0.00037438379323510217,-0.000374366638042536,0.03401348876660547,4.235518169007731,0.539792907782207,4.235481479629213,1.0,-0.00037440094999999923,-7368.328281298344,-0.007070761626066829,1.0016771138292804,0.041283232660751526
05-01-2026,06.05,1184,4440.0,3.7198,0.000773398,0.184796,0.0554419,0.0,4809.68401780196,3.333146952034472,0.0046199,0.0004313285714285797,-0.0016343759499999992,0.0,0.0,-0.0016343759499999992,-0.0016340490623801855,-0.001633722305494244,0.03401348876660547,4.235518169007731,0.539792907782207,4.2355328399972505,1.0,-0.0016343759499999992,-32219.433727919986,-0.030918266249781886,1.0016771138292804,0.041283232660751526
05-01-2026,06.05,1185,4443.75,3.71785,0.000741017,0.218396,0.0602629,0.0,5017.226325441927,3.624053936999381,0.0054599,-0.0015186714285717606,-0.0007943759499999987,0.0,0.0,-0.0007943759499999987,-0.0007942987190517363,-0.0007942215031191336,0.03401348876660547,4.235518169007731,0.539792907782207,4.235466513694155,1.0,-0.0007943759499999987,-15686.473617966773,-0.01505298236884272,1.0016771138292804,0.041283232660751526
05-01-2026,06.05,1186,4447.5,3.71935,0.000802889,0.235195,0.0626734,0.0,4632.458534118664,3.752708485577613,0.005879875,-1.8671428571703785e-05,-0.00037440094999999923,0.0,0.0,-0.00037440094999999923,-0.00037438379323510217,-0.000374366638042536,0.03401348876660547,4.235518169007731,0.539792907782207,4.235517533927306,1.0,-0.00037440094999999923,-7405.746731243422,-0.007106668948579873,1.0016771138292804,0.041283232660751526
05-01-2026,06.05,1187,4451.25,3.71924,0.000791329,0.218396,0.0602629,0.0,4699.9920387095635,3.624053936999381,0.0054599,-0.00012867142857153624,-0.0007943759499999987,0.0,0.0,-0.0007943759499999987,-0.0007942987190517363,-0.0007942215031191336,0.03401348876660547,4.235518169007731,0.539792907782207,4.235513792443541,1.0,-0.0007943759499999987,-15739.468423531147,-0.015103837002792256,1.0016771138292804,0.041283232660751526
05-01-2026,06.05,1188,4455.0,3.71814,0.00075862,0.151197,0.0502765,0.0,4901.18900108091,3.0073095780334747,0.003779925,-0.0012286714285716371,-0.002474350949999999,0.0,0.0,-0.002474350949999999,-0.0024736017935847784,-0.002472853090674718,0.03401348876660547,4.235518169007731,0.539792907782207,4.235476377605898,1.0,-0.002474350949999999,-49108.50516342373,-0.047125280059028045,1.0016771138292804,0.041283232660751526
05-01-2026,06.05,1189,4458.75,3.71849,0.000737996,0.134397,0.0475216,0.0,5038.631645699977,2.828124473923437,0.0033599249999999997,-0.0008786714285715647,-0.002894350949999999,0.0,0.0,-0.002894350949999999,-0.002893325935597947,-0.0028923016469424223,0.03401348876660547,4.235518169007731,0.539792907782207,4.235488282326966,1.0,-0.002894350949999999,-57541.003866350846,-0.05521723605830787,1.0016771138292804,0.041283232660751526
05-01-2026,06.05,1190,4462.5,3.72001,0.00077064,0.268795,0.0671501,0.0,4827.169625246548,4.002897985259888,0.006719875,0.0006413285714281791,0.00046559905000000124,0.0,0.0,0.00046559905000000124,0.0004656255856872363,0.0004656521243993178,0.03401348876660547,4.235518169007731,0.539792907782207,4.235539982829891,1.0,0.00046559905000000124,9271.895831789087,0.00889745444902345,1.0016771138292804,0.041283232660751526
05-01-2026,06.05,1191,4466.25,3.71953,0.00078036,0.218396,0.0602629,0.0,4766.4283151366035,3.624053936999381,0.0054599,0.00016132857142814316,-0.0007943759499999987,0.0,0.0,-0.0007943759499999987,-0.0007942987190517363,-0.0007942215031191336,0.03401348876660547,4.235518169007731,0.539792907782207,4.235523656355284,1.0,-0.0007943759499999987,-15845.726136543022,-0.01520580354539934,1.0016771138292804,0.041283232660751526
05-01-2026,06.05,1192,4470.0,3.7181,0.000771165,0.167997,0.0530314,0.0,4821.40657317176,3.1678778987543232,0.004199925,-0.001268671428571455,-0.0020543509499999987,0.0,0.0,-0.0020543509499999987,-0.0020538345080627703,-0.0020533183257162827,0.03401348876660547,4.235518169007731,0.539792907782207,4.235475017066347,1.0,-0.0020543509499999987,-41047.78089685497,-0.039390084551110593,1.0016771138292804,0.041283232660751526
05-01-2026,06.05,1193,4473.75,3.71897,0.000786797,0.235195,0.0626734,0.0,4726.721123746023,3.752708485577613,0.005879875,-0.0003986714285715287,-0.00037440094999999923,0.0,0.0,-0.00037440094999999923,-0.00037438379323510217,-0.000374366638042536,0.03401348876660547,4.235518169007731,0.539792907782207,4.235504608801574,1.0,-0.00037440094999999923,-7493.424998717094,-0.007190806368280129,1.0016771138292804,0.041283232660751526
05-01-2026,06.05,1194,4477.5,3.71958,0.000812347,0.235195,0.0626734,0.0,4578.8068399341655,3.752708485577613,0.005879875,0.00021132857142847072,-0.00037440094999999923,0.0,0.0,-0.00037440094999999923,-0.00037438379323510217,-0.000374366638042536,0.03401348876660547,4.235518169007731,0.539792907782207,4.235525357029721,1.0,-0.00037440094999999923,-7505.992585605922,-0.007202866418771001,1.0016771138292804,0.041283232660751526
05-01-2026,06.05,1195,4481.25,3.71822,0.000774383,0.167997,0.0530314,0.0,4801.52585994269,3.1678778987543232,0.004199925,-0.0011486714285715571,-0.0020543509499999987,0.0,0.0,-0.0020543509499999987,-0.0020538345080627703,-0.0020533183257162827,0.03401348876660547,4.235518169007731,0.539792907782207,4.235479098684999,1.0,-0.0020543509499999987,-41254.657247443334,-0.03958860629243876,1.0016771138292804,0.041283232660751526
05-01-2026,06.05,1196,4485.0,3.71965,0.000767355,0.167997,0.0530314,0.0,4847.365300284745,3.1678778987543232,0.004199925,0.0002813285714284852,-0.0020543509499999987,0.0,0.0,-0.0020543509499999987,-0.0020538345080627703,-0.0020533183257162827,0.03401348876660547,4.235518169007731,0.539792907782207,4.235527737973936,1.0,-0.0020543509499999987,-41323.731588213726,-0.03965489109672806,1.0016771138292804,0.041283232660751526
05-01-2026,06.05,1197,4488.75,3.71972,0.000772413,0.134397,0.0475216,0.0,4815.7138732776375,2.828124473923437,0.0033599249999999997,0.0003513285714284997,-0.002894350949999999,0.0,0.0,-0.002894350949999999,-0.002893325935597947,-0.0028923016469424223,0.03401348876660547,4.235518169007731,0.539792907782207,4.235530118918149,1.0,-0.002894350949999999,-58317.92002010459,-0.05596277679928928,1.0016771138292804,0.041283232660751526
05-01-2026,06.05,1198,4492.5,3.71938,0.00079041,0.167997,0.0530314,0.0,4705.63378499766,3.1678778987543232,0.004199925,1.132857142849275e-05,-0.0020543509499999987,0.0,0.0,-0.0020543509499999987,-0.0020538345080627703,-0.0020533183257162827,0.03401348876660547,4.235518169007731,0.539792907782207,4.235518554331969,1.0,-0.0020543509499999987,-41462.05360561591,-0.03978762704107651,1.0016771138292804,0.041283232660751526
05-01-2026,06.05,1199,4496.25,3.71905,0.000747914,0.151197,0.0502765,0.0,4972.563690477782,3.0073095780334747,0.003779925,-0.0003186714285714487,-0.002474350949999999,0.0,0.0,-0.002474350949999999,-0.0024736017935847784,-0.002472853090674718,0.03401348876660547,4.235518169007731,0.539792907782207,4.235507329880675,1.0,-0.002474350949999999,-50022.132188497715,-0.048002010663692744,1.0016771138292804,0.041283232660751526
05-01-2026,06.05,1200,4500.0,3.71815,0.000742922,0.151197,0.0502765,0.0,5004.764968596973,3.0073095780334747,0.003779925,-0.0012186714285715716,-0.002474350949999999,0.0,0.0,-0.002474350949999999,-0.0024736017935847784,-0.002472853090674718,0.03401348876660547,4.235518169007731,0.539792907782207,4.235476717740785,1.0,-0.002474350949999999,-50105.60673749998,-0.04808211413021941,1.0016771138292804,0.041283232660751526
05-01-2026,06.05,1201,4503.75,3.71797,0.000746009,0.134397,0.0475216,0.0,4983.813868197301,2.828124473923437,0.0033599249999999997,-0.0013986714285714186,-0.002894350949999999,0.0,0.0,-0.002894350949999999,-0.002893325935597947,-0.0028923016469424223,0.03401348876660547,4.235518169007731,0.539792907782207,4.235470595312807,1.0,-0.002894350949999999,-58708.331783872716,-0.05633742195789645,1.0016771138292804,0.041283232660751526
05-01-2026,06.05,1202,4507.5,3.7191,0.000779572,0.319194,0.0730042,0.0,4770.694688880565,4.372268992742883,0.007979849999999998,-0.00026867142857156523,0.0017255740499999995,0.0665557,0.0016638924999999999,6.16815499999996e-05,6.168201568822138e-05,6.168248138347498e-05,0.03401348876660547,4.235518169007731,0.539792907782207,4.2355090305551135,1.0,0.0017255740499999995,35059.4478244153,0.03364358764214655,1.0016771138292804,0.041283232660751526
05-01-2026,06.05,1203,4511.25,3.71971,0.000791789,0.134397,0.0475216,0.0,4697.855110389258,2.828124473923437,0.0033599249999999997,0.0003413285714284342,-0.002894350949999999,0.0,0.0,-0.002894350949999999,-0.002893325935597947,-0.0028923016469424223,0.03401348876660547,4.235518169007731,0.539792907782207,4.2355297787832615,1.0,-0.002894350949999999,-58904.02608747959,-0.056525213234229155,1.0016771138292804,0.041283232660751526
05-01-2026,06.05,1204,4515.0,3.71869,0.000806304,0.167997,0.0581968,0.0,4612.019784101282,2.8867051109339346,0.004199925,-0.0006786714285715867,-0.0020543509499999987,0.0,0.0,-0.0020543509499999987,-0.0020538345080627703,-0.0020533183257162827,0.03401348876660547,4.235518169007731,0.539792907782207,4.235495085024719,1.0,-0.0020543509499999987,-41878.40634471372,-0.04018716556028074,1.0016771138292804,0.041283232660751526
05-01-2026,06.05,1205,4518.75,3.71876,0.000784761,0.184796,0.0554419,0.0,4738.716628374754,3.333146952034472,0.0046199,-0.0006086714285715722,-0.0016343759499999992,0.0,0.0,-0.0016343759499999992,-0.0016340490623801855,-0.001633722305494244,0.03401348876660547,4.235518169007731,0.539792907782207,4.235497465968933,1.0,-0.0016343759499999992,-33372.48851435741,-0.03202475543232653,1.0016771138292804,0.041283232660751526
05-01-2026,06.05,1206,4522.5,3.71945,0.000767881,0.251995,0.0647396,0.0,4843.784388466443,3.8924398667894153,0.006299875000000001,8.132857142850725e-05,4.559905000000187e-05,0.0,0.0,4.559905000000187e-05,4.559930450448172e-05,4.559955901180254e-05,0.03401348876660547,4.235518169007731,0.539792907782207,4.235520935276182,1.0,4.559905000000187e-05,932.6376546441007,0.0008949734984283968,1.0016771138292804,0.041283232660751526
05-01-2026,06.05,1207,4526.25,3.72092,0.00076683,0.218396,0.0602629,0.0,4852.340153619446,3.624053936999381,0.0054599,0.0015513285714283676,-0.0007943759499999987,0.0665557,0.0016638924999999999,-0.0024582684499999986,-0.002457528999041194,-0.002456789992804605,0.03401348876660547,4.235518169007731,0.539792907782207,4.235570935104668,1.0,-0.0007943759499999987,-16274.331680365522,-0.01561710004526778,1.0016771138292804,0.041283232660751526
05-01-2026,06.05,1208,4530.0,3.72015,0.000801641,0.235195,0.0626734,0.0,4640.668329089955,3.752708485577613,0.005879875,0.0007813285714282081,-0.00037440094999999923,0.0,0.0,-0.00037440094999999923,-0.00037438379323510217,-0.000374366638042536,0.03401348876660547,4.235518169007731,0.539792907782207,4.235544744718319,1.0,-0.00037440094999999923,-7683.044454854984,-0.007372768127152686,1.0016771138292804,0.041283232660751526
05-01-2026,06.05,1209,4533.75,3.72017,0.000783907,0.285594,0.0688719,0.0,4745.6777398339345,4.146741994921006,0.0071398500000000005,0.0008013285714283391,0.0008855740500000016,0.0,0.0,0.0008855740500000016,0.0008856700515531386,0.0008857660739228237,0.03401348876660547,4.235518169007731,0.539792907782207,4.235545424988094,1.0,0.0008855740500000016,18202.876354378863,0.017467761301740232,1.0016771138292804,0.041283232660751526
05-01-2026,06.05,1210,4537.5,3.72065,0.000779835,0.235195,0.0626734,0.0,4771.073368084274,3.752708485577613,0.005879875,0.001281328571428375,-0.00037440094999999923,0.0,0.0,-0.00037440094999999923,-0.00037438379323510217,-0.000374366638042536,0.03401348876660547,4.235518169007731,0.539792907782207,4.2355617514627015,1.0,-0.00037440094999999923,-7708.506059460921,-0.0073972014761991296,1.0016771138292804,0.041283232660751526
05-01-2026,06.05,1211,4541.25,3.72088,0.000783382,0.251995,0.0647396,0.0,4749.764482717244,3.8924398667894153,0.006299875000000001,0.0015113285714285496,4.559905000000187e-05,0.0,0.0,4.559905000000187e-05,4.559930450448172e-05,4.559955901180254e-05,0.03401348876660547,4.235518169007731,0.539792907782207,4.235569574565118,1.0,4.559905000000187e-05,940.3869994460541,0.0009024098893926655,1.0016771138292804,0.041283232660751526
05-01-2026,06.05,1212,4545.0,3.72113,0.000752708,0.167997,0.0530314,0.0,4943.6567699559455,3.1678778987543232,0.004199925,0.001761328571428411,-0.0020543509499999987,0.0,0.0,-0.0020543509499999987,-0.0020538345080627703,-0.0020533183257162827,0.03401348876660547,4.235518169007731,0.539792907782207,4.23557807793731,1.0,-0.0020543509499999987,-42436.77893292372,-0.04072298852025711,1.0016771138292804,0.041283232660751526
05-01-2026,06.05,1213,4548.75,3.71984,0.000771559,0.167997,0.0530314,0.0,4821.199674943848,3.1678778987543232,0.004199925,0.0004713285714283977,-0.0020543509499999987,0.0,0.0,-0.0020543509499999987,-0.0020538345080627703,-0.0020533183257162827,0.03401348876660547,4.235518169007731,0.539792907782207,4.235534200536801,1.0,-0.0020543509499999987,-42506.83551024208,-0.04079021589390895,1.0016771138292804,0.041283232660751526
05-01-2026,06.05,1214,4552.5,3.71992,0.000770771,0.167997,0.0530314,0.0,4826.232434795808,3.1678778987543232,0.004199925,0.0005513285714284777,-0.0020543509499999987,0.0,0.0,-0.0020543509499999987,-0.0020538345080627703,-0.0020533183257162827,0.03401348876660547,4.235518169007731,0.539792907782207,4.2355369216159025,1.0,-0.0020543509499999987,-42576.94986618091,-0.04085749871281741,1.0016771138292804,0.041283232660751526
05-01-2026,06.05,1215,4556.25,3.72013,0.000779506,0.218396,0.0602629,0.0,4772.419968544181,3.624053936999381,0.0054599,0.0007613285714285212,-0.0007943759499999987,0.0,0.0,-0.0007943759499999987,-0.0007942987190517363,-0.0007942215031191336,0.03401348876660547,4.235518169007731,0.539792907782207,4.235544064448543,1.0,-0.0007943759499999987,-16490.77926734177,-0.01582480649286606,1.0016771138292804,0.041283232660751526
05-01-2026,06.05,1216,4560.0,3.72014,0.00078706,0.151197,0.0502765,0.0,4726.62821131807,3.0073095780334747,0.003779925,0.0007713285714281426,-0.002474350949999999,0.0665557,0.0016638924999999999,-0.004138243449999999,-0.00413614840398138,-0.004134055478184489,0.03401348876660547,4.235518169007731,0.539792907782207,4.235544404583431,1.0,-0.002474350949999999,-51450.663913919976,-0.04937285177175952,1.0016771138292804,0.041283232660751526
05-01-2026,06.05,1217,4563.75,3.72056,0.000746863,0.235195,0.0626734,0.0,4981.582967692871,3.752708485577613,0.005879875,0.0011913285714282296,-0.00037440094999999923,0.0,0.0,-0.00037440094999999923,-0.00037438379323510217,-0.000374366638042536,0.03401348876660547,4.235518169007731,0.539792907782207,4.235558690248713,1.0,-0.00037440094999999923,-7797.953371423343,-0.007483036498314523,1.0016771138292804,0.041283232660751526
05-01-2026,06.05,1218,4567.5,3.72131,0.000792052,0.167997,0.0530314,0.0,4698.315262129254,3.1678778987543232,0.004199925,0.001941328571428258,-0.0020543509499999987,0.0,0.0,-0.0020543509499999987,-0.0020538345080627703,-0.0020533183257162827,0.03401348876660547,4.235518169007731,0.539792907782207,4.235584200365288,1.0,-0.0020543509499999987,-42857.98507614091,-0.041127184441017435,1.0016771138292804,0.041283232660751526
05-01-2026,06.05,1219,4571.25,3.72032,0.000768144,0.201596,0.0581968,0.0,4843.258555687476,3.464039259890578,0.005039900000000001,0.0009513285714284336,-0.0012143759499999981,0.0,0.0,-0.0012143759499999981,-0.0012141954724508841,-0.0012140150485380524,0.03401348876660547,4.235518169007731,0.539792907782207,4.235550527011409,1.0,-0.0012143759499999981,-25375.99642084613,-0.024351198109771485,1.0016771138292804,0.041283232660751526
05-01-2026,06.05,1220,4575.0,3.72103,0.000810902,0.235195,0.0671501,0.0,4588.754251438521,3.5025264295957856,0.005879875,0.0016613285714282,-0.00037440094999999923,0.0,0.0,-0.00037440094999999923,-0.00037438379323510217,-0.000374366638042536,0.03401348876660547,4.235518169007731,0.539792907782207,4.235574676588433,1.0,-0.00037440094999999923,-7836.445884093734,-0.007519974508008186,1.0016771138292804,0.041283232660751526
05-01-2026,06.05,1221,4578.75,3.72087,0.000784236,0.285594,0.0688719,0.0,4744.579437822288,4.146741994921006,0.0071398500000000005,0.001501328571428484,0.0008855740500000016,0.0665557,0.0016638924999999999,-0.0007783184499999983,-0.0007782443096388508,-0.0007781701834011501,0.03401348876660547,4.235518169007731,0.539792907782207,4.235569234430231,1.0,0.0008855740500000016,18566.017063256986,0.01781623673486055,1.0016771138292804,0.041283232660751526
05-01-2026,06.05,1222,4582.5,3.7206,0.000778784,0.117598,0.0444224,0.0,4777.447918806755,2.647268044950295,0.00293995,0.0012313285714284916,-0.0033143259499999987,0.0,0.0,-0.0033143259499999987,-0.003312981961024757,-0.0033116390616069196,0.03401348876660547,4.235518169007731,0.539792907782207,4.235560050788264,1.0,-0.0033143259499999987,-69598.54563637216,-0.06678783937528468,1.0016771138292804,0.041283232660751526
05-01-2026,06.05,1223,4586.25,3.72057,0.000754876,0.218396,0.0602629,0.0,4928.716769376692,3.624053936999381,0.0054599,0.001201328571428295,-0.0007943759499999987,0.0665557,0.0016638924999999999,-0.0024582684499999986,-0.002457528999041194,-0.002456789992804605,0.03401348876660547,4.235518169007731,0.539792907782207,4.235559030383601,1.0,-0.0007943759499999987,-16708.65673102802,-0.01603388507224038,1.0016771138292804,0.041283232660751526
05-01-2026,06.05,1224,4590.0,3.7202,0.000766896,0.167997,0.0530314,0.0,4850.983705743673,3.1678778987543232,0.004199925,0.0008313285714285357,-0.0020543509499999987,0.0,0.0,-0.0020543509499999987,-0.0020538345080627703,-0.0020533183257162827,0.03401348876660547,4.235518169007731,0.539792907782207,4.235546445392757,1.0,-0.0020543509499999987,-43281.271249694975,-0.04153337639101608,1.0016771138292804,0.041283232660751526
05-01-2026,06.05,1225,4593.75,3.72159,0.000766961,0.134397,0.0475216,0.0,4852.3849322195,2.828124473923437,0.0033599249999999997,0.002221328571428316,-0.002894350949999999,0.0,0.0,-0.002894350949999999,-0.002893325935597947,-0.0028923016469424223,0.03401348876660547,4.235518169007731,0.539792907782207,4.235593724142142,1.0,-0.002894350949999999,-61078.15398295897,-0.058611539943170005,1.0016771138292804,0.041283232660751526
05-01-2026,06.05,1226,4597.5,3.72123,0.000779572,0.184796,0.0554419,0.0,4773.426957356088,3.333146952034472,0.0046199,0.001861328571428178,-0.0016343759499999992,0.0,0.0,-0.0016343759499999992,-0.0016340490623801855,-0.001633722305494244,0.03401348876660547,4.235518169007731,0.539792907782207,4.235581479286187,1.0,-0.0016343759499999992,-34545.81466999967,-0.03315069733386108,1.0016771138292804,0.041283232660751526
05-01-2026,06.05,1227,4601.25,3.72009,0.000775237,0.151197,0.0502765,0.0,4798.648671309547,3.0073095780334747,0.003779925,0.0007213285714282591,-0.002474350949999999,0.0,0.0,-0.002474350949999999,-0.0024736017935847784,-0.002472853090674718,0.03401348876660547,4.235518169007731,0.539792907782207,4.235542703908992,1.0,-0.002474350949999999,-52385.725004098334,-0.050270150836357705,1.0016771138292804,0.041283232660751526
05-01-2026,06.05,1228,4605.0,3.72024,0.000786469,0.151197,0.0502765,0.0,4730.307233978707,3.0073095780334747,0.003779925,0.0008713285714283536,-0.002474350949999999,0.0,0.0,-0.002474350949999999,-0.0024736017935847784,-0.002472853090674718,0.03401348876660547,4.235518169007731,0.539792907782207,4.235547805932308,1.0,-0.002474350949999999,-52471.14810447373,-0.05035212416287833,1.0016771138292804,0.041283232660751526
05-01-2026,06.05,1229,4608.75,3.72025,0.000771953,0.100798,0.0409788,0.0,4819.2700850958545,2.4597596806153423,0.0025199500000000004,0.0008813285714284191,-0.0037343259499999985,0.0665557,0.0016638924999999999,-0.005398218449999999,-0.005394653975875629,-0.005391094205929846,0.03401348876660547,4.235518169007731,0.539792907782207,4.235548146067195,1.0,-0.0037343259499999985,-79319.23625030552,-0.07611596422910252,1.0016771138292804,0.041283232660751526
05-01-2026,06.05,1230,4612.5,3.72081,0.000773267,0.151197,0.0502765,0.0,4811.804978099415,3.0073095780334747,0.003779925,0.001441328571428535,-0.002474350949999999,0.0,0.0,-0.002474350949999999,-0.0024736017935847784,-0.002472853090674718,0.03401348876660547,4.235518169007731,0.539792907782207,4.235567193620905,1.0,-0.002474350949999999,-52642.20307858592,-0.05051627115806177,1.0016771138292804,0.041283232660751526
05-01-2026,06.05,1231,4616.25,3.72093,0.000779375,0.184796,0.0554419,0.0,4774.248596631916,3.333146952034472,0.0046199,0.001561328571428433,-0.0016343759499999992,0.0,0.0,-0.0016343759499999992,-0.0016340490623801855,-0.001633722305494244,0.03401348876660547,4.235518169007731,0.539792907782207,4.235571275239557,1.0,-0.0016343759499999992,-34828.16588392428,-0.033421645919791854,1.0016771138292804,0.041283232660751526
05-01-2026,06.05,1232,4620.0,3.72108,0.000754022,0.201596,0.0581968,0.0,4934.975372071372,3.464039259890578,0.005039900000000001,0.0017113285714285276,-0.0012143759499999981,0.0,0.0,-0.0012143759499999981,-0.0012141954724508841,-0.0012140150485380524,0.03401348876660547,4.235518169007731,0.539792907782207,4.235576377262872,1.0,-0.0012143759499999981,-25920.12602717996,-0.024873353284349857,1.0016771138292804,0.041283232660751526
05-01-2026,06.05,1233,4623.75,3.72134,0.000763546,0.151197,0.0502765,0.0,4873.7600616072905,3.0073095780334747,0.003779925,0.0019713285714284545,-0.002474350949999999,0.0,0.0,-0.002474350949999999,-0.0024736017935847784,-0.002472853090674718,0.03401348876660547,4.235518169007731,0.539792907782207,4.235585220769951,1.0,-0.002474350949999999,-52899.307473157714,-0.050762992506192456,1.0016771138292804,0.041283232660751526
05-01-2026,06.05,1234,4627.5,3.72216,0.000782002,0.251995,0.0647396,0.0,4759.783223060811,3.8924398667894153,0.006299875000000001,0.0027913285714284974,4.559905000000187e-05,0.0,0.0,4.559905000000187e-05,4.559930450448172e-05,4.559955901180254e-05,0.03401348876660547,4.235518169007731,0.539792907782207,4.235613111830739,1.0,4.559905000000187e-05,976.4469419316025,0.000937013567164751,1.0016771138292804,0.041283232660751526
05-01-2026,06.05,1235,4631.25,3.72193,0.000779769,0.167997,0.0530314,0.0,4773.11870566796,3.1678778987543232,0.004199925,0.002561328571428323,-0.0020543509499999987,0.0,0.0,-0.0020543509499999987,-0.0020538345080627703,-0.0020533183257162827,0.03401348876660547,4.235518169007731,0.539792907782207,4.2356052887283235,1.0,-0.0020543509499999987,-44062.69820222458,-0.04228324576417423,1.0016771138292804,0.041283232660751526
05-01-2026,06.05,1236,4635.0,3.72124,0.000766173,0.167997,0.0530314,0.0,4856.918737674128,3.1678778987543232,0.004199925,0.0018713285714282435,-0.0020543509499999987,0.0,0.0,-0.0020543509499999987,-0.0020538345080627703,-0.0020533183257162827,0.03401348876660547,4.235518169007731,0.539792907782207,4.235581819421074,1.0,-0.0020543509499999987,-44134.08368781372,-0.04235174837872833,1.0016771138292804,0.041283232660751526
05-01-2026,06.05,1237,4638.75,3.72194,0.000761904,0.134397,0.0475216,0.0,4885.051135051135,2.828124473923437,0.0033599249999999997,0.0025713285714283884,-0.002894350949999999,0.0,0.0,-0.002894350949999999,-0.002893325935597947,-0.0028923016469424223,0.03401348876660547,4.235518169007731,0.539792907782207,4.235605628863211,1.0,-0.002894350949999999,-62280.64826452334,-0.05976547202885498,1.0016771138292804,0.041283232660751526
05-01-2026,06.05,1238,4642.5,3.72273,0.000749227,0.184796,0.0554419,0.0,4968.761136477997,3.333146952034472,0.0046199,0.003361328571428235,-0.0016343759499999992,0.0,0.0,-0.0016343759499999992,-0.0016340490623801855,-0.001633722305494244,0.03401348876660547,4.235518169007731,0.539792907782207,4.235632499519337,1.0,-0.0016343759499999992,-35225.38819000967,-0.03380282657999873,1.0016771138292804,0.041283232660751526
05-01-2026,06.05,1239,4646.25,3.72235,0.000755993,0.117598,0.0444224,0.0,4923.7889768820605,2.647268044950295,0.00293995,0.00298132857142841,-0.0033143259499999987,0.0,0.0,-0.0033143259499999987,-0.003312981961024757,-0.0033116390616069196,0.03401348876660547,4.235518169007731,0.539792907782207,4.235619574393605,1.0,-0.0033143259499999987,-71548.4723440774,-0.06865901916154354,1.0016771138292804,0.041283232660751526
05-01-2026,06.05,1240,4650.0,3.72179,0.000783907,0.184796,0.0606073,0.0,4747.744311506339,3.049071646484829,0.0046199,0.002421328571428294,-0.0016343759499999992,0.0665557,0.0016638924999999999,-0.003298268449999999,-0.0032969374497838766,-0.003295607523371773,0.03401348876660547,4.235518169007731,0.539792907782207,4.235600526839896,1.0,-0.0016343759499999992,-35339.293978874986,-0.03391213233432295,1.0016771138292804,0.041283232660751526
05-01-2026,06.05,1241,4653.75,3.72235,0.000771428,0.117598,0.0444224,0.0,4825.272092794143,2.647268044950295,0.00293995,0.00298132857142841,-0.0033143259499999987,0.0,0.0,-0.0033143259499999987,-0.003312981961024757,-0.0033116390616069196,0.03401348876660547,4.235518169007731,0.539792907782207,4.235619574393605,1.0,-0.0033143259499999987,-71779.6465790899,-0.06888085752805749,1.0016771138292804,0.041283232660751526
05-01-2026,06.05,1242,4657.5,3.7228,0.000758423,0.167997,0.0530314,0.0,4908.606410934267,3.1678778987543232,0.004199925,0.0034313285714282493,-0.0020543509499999987,0.0,0.0,-0.0020543509499999987,-0.0020538345080627703,-0.0020533183257162827,0.03401348876660547,4.235518169007731,0.539792907782207,4.23563488046355,1.0,-0.0020543509499999987,-44563.60995237841,-0.04276392841644194,1.0016771138292804,0.041283232660751526
05-01-2026,06.05,1243,4661.25,3.72226,0.000785286,0.184796,0.0554419,0.0,4740.005552117318,3.333146952034472,0.0046199,0.0028913285714282644,-0.0016343759499999992,0.0,0.0,-0.0016343759499999992,-0.0016340490623801855,-0.001633722305494244,0.03401348876660547,4.235518169007731,0.539792907782207,4.235616513179616,1.0,-0.0016343759499999992,-35510.497413349905,-0.03407642179436351,1.0016771138292804,0.041283232660751526
05-01-2026,06.05,1244,4665.0,3.72307,0.000779112,0.235195,0.0626734,0.0,4778.606926860323,3.752708485577613,0.005879875,0.003701328571428242,-0.00037440094999999923,0.0,0.0,-0.00037440094999999923,-0.00037438379323510217,-0.000374366638042536,0.03401348876660547,4.235518169007731,0.539792907782207,4.235644064105517,1.0,-0.00037440094999999923,-8147.7977141137335,-0.007818752533072397,1.0016771138292804,0.041283232660751526
05-01-2026,06.05,1245,4668.75,3.72368,0.000804203,0.302394,0.0709381,0.0,4630.273699550984,4.262786852199311,0.00755985,0.004311328571428241,0.001305574050000001,0.0,0.0,0.001305574050000001,0.0013057827170341095,0.0013059914507804683,0.03401348876660547,4.235518169007731,0.539792907782207,4.235664812333665,1.0,0.001305574050000001,28457.893361970724,0.027308634015837923,1.0016771138292804,0.041283232660751526
05-01-2026,06.05,1246,4672.5,3.72264,0.000782462,0.0839983,0.0375352,0.0,4757.598452065404,2.2378540676485006,0.0020999575,0.0032713285714285334,-0.004154318449999999,0.0,0.0,-0.004154318449999999,-0.004152207100114937,-0.004150097895243049,0.03401348876660547,4.235518169007731,0.539792907782207,4.235629438305347,1.0,-0.004154318449999999,-90698.14494450278,-0.0870353407647081,1.0016771138292804,0.041283232660751526
05-01-2026,06.05,1247,4676.25,3.72119,0.000776288,0.235195,0.0626734,0.0,4793.568881652171,3.752708485577613,0.005879875,0.00182132857142836,-0.00037440094999999923,0.0,0.0,-0.00037440094999999923,-0.00037438379323510217,-0.000374366638042536,0.03401348876660547,4.235518169007731,0.539792907782207,4.235580118746636,1.0,-0.00037440094999999923,-8187.143158948343,-0.007856509029644788,1.0016771138292804,0.041283232660751526
05-01-2026,06.05,1248,4680.0,3.72285,0.000775763,0.201596,0.0581968,0.0,4798.952772947408,3.464039259890578,0.005039900000000001,0.003481328571428577,-0.0012143759499999981,0.0,0.0,-0.0012143759499999981,-0.0012141954724508841,-0.0012140150485380524,0.03401348876660547,4.235518169007731,0.539792907782207,4.235636581137989,1.0,-0.0012143759499999981,-26597.74780727996,-0.025523609610724328,1.0016771138292804,0.041283232660751526
05-01-2026,06.05,1249,4683.75,3.72315,0.000782922,0.184796,0.0554419,0.0,4755.454566355269,3.333146952034472,0.0046199,0.003781328571428322,-0.0016343759499999992,0.0,0.0,-0.0016343759499999992,-0.0016340490623801855,-0.001633722305494244,0.03401348876660547,4.235518169007731,0.539792907782207,4.235646785184619,1.0,-0.0016343759499999992,-35854.14538653678,-0.034406191697239935,1.0016771138292804,0.041283232660751526
05-01-2026,06.05,1250,4687.5,3.7231,0.000769326,0.251995,0.0647396,0.0,4839.430878457248,3.8924398667894153,0.006299875000000001,0.0037313285714284383,4.559905000000187e-05,0.0,0.0,4.559905000000187e-05,4.559930450448172e-05,4.559955901180254e-05,0.03401348876660547,4.235518169007731,0.539792907782207,4.23564508451018,1.0,4.559905000000187e-05,1001.9322509766035,0.000961469663357047,1.0016771138292804,0.041283232660751526
05-01-2026,06.05,1251,4691.25,3.72267,0.000798094,0.201596,0.0581968,0.0,4664.450553443579,3.464039259890578,0.005039900000000001,0.003301328571428286,-0.0012143759499999981,0.0,0.0,-0.0012143759499999981,-0.0012141954724508841,-0.0012140150485380524,0.03401348876660547,4.235518169007731,0.539792907782207,4.23563045871001,1.0,-0.0012143759499999981,-26725.77528927113,-0.02564646675988837,1.0016771138292804,0.041283232660751526
05-01-2026,06.05,1252,4695.0,3.72337,0.000787388,0.0839983,0.0375352,0.0,4728.761423846948,2.2378540676485006,0.0020999575,0.004001328571428431,-0.004154318449999999,0.0,0.0,-0.004154318449999999,-0.004152207100114937,-0.004150097895243049,0.03401348876660547,4.235518169007731,0.539792907782207,4.235654268152147,1.0,-0.004154318449999999,-91573.74545131122,-0.08787558053510754,1.0016771138292804,0.041283232660751526
05-01-2026,06.05,1253,4698.75,3.7232,0.000790016,0.268795,0.0671501,0.0,4712.815942968243,4.002897985259888,0.006719875,0.0038313285714282053,0.00046559905000000124,0.0,0.0,0.00046559905000000124,0.0004656255856872363,0.0004656521243993178,0.03401348876660547,4.235518169007731,0.539792907782207,4.235648485859056,1.0,0.00046559905000000124,10279.612953161042,0.00986447536336195,1.0016771138292804,0.041283232660751526
05-01-2026,06.05,1254,4702.5,3.72363,0.000777602,0.184796,0.0554419,0.0,4788.606510785724,3.333146952034472,0.0046199,0.004261328571428358,-0.0016343759499999992,0.0,0.0,-0.0016343759499999992,-0.0016340490623801855,-0.001633722305494244,0.03401348876660547,4.235518169007731,0.539792907782207,4.2356631116592265,1.0,-0.0016343759499999992,-36141.78278517467,-0.03468221298766921,1.0016771138292804,0.041283232660751526
05-01-2026,06.05,1255,4706.25,3.7227,0.000782331,0.151197,0.0557862,0.0,4758.471797742899,2.7102939436634865,0.003779925,0.0033313285714284824,-0.002474350949999999,0.0,0.0,-0.002474350949999999,-0.0024736017935847784,-0.002472853090674718,0.03401348876660547,4.235518169007731,0.539792907782207,4.235631479114673,1.0,-0.002474350949999999,-54803.87725814646,-0.052590647088853346,1.0016771138292804,0.041283232660751526
05-01-2026,06.05,1256,4710.0,3.72152,0.000756715,0.167997,0.0530314,0.0,4917.994225038488,3.1678778987543232,0.004199925,0.0021513285714283015,-0.0020543509499999987,0.0,0.0,-0.0020543509499999987,-0.0020538345080627703,-0.0020533183257162827,0.03401348876660547,4.235518169007731,0.539792907782207,4.235591343197929,1.0,-0.0020543509499999987,-45573.92690989497,-0.043733444173700516,1.0016771138292804,0.041283232660751526
05-01-2026,06.05,1257,4713.75,3.72232,0.000744564,0.0671987,0.0337472,0.0,4999.328466055302,1.991237791579746,0.0016799675,0.0029513285714282134,-0.004574308449999999,0.0,0.0,-0.004574308449999999,-0.004571748749114434,-0.004569191911352039,0.03401348876660547,4.235518169007731,0.539792907782207,4.235618553988942,1.0,-0.004574308449999999,-101638.5678578538,-0.09753393957239233,1.0016771138292804,0.041283232660751526
05-01-2026,06.05,1258,4717.5,3.72259,0.000756846,0.235195,0.0626734,0.0,4918.55674734358,3.752708485577613,0.005879875,0.003221328571428206,-0.00037440094999999923,0.0,0.0,-0.00037440094999999923,-0.00037438379323510217,-0.000374366638042536,0.03401348876660547,4.235518169007731,0.539792907782207,4.235627737630909,1.0,-0.00037440094999999923,-8332.22060206592,-0.007995727584850487,1.0016771138292804,0.041283232660751526
05-01-2026,06.05,1259,4721.25,3.72265,0.000771165,0.117598,0.0444224,0.0,4827.306737209287,2.647268044950295,0.00293995,0.003281328571428155,-0.0033143259499999987,0.0,0.0,-0.0033143259499999987,-0.003312981961024757,-0.0033116390616069196,0.03401348876660547,4.235518169007731,0.539792907782207,4.235629778440235,1.0,-0.0033143259499999987,-73876.99346932427,-0.07089350399844611,1.0016771138292804,0.041283232660751526
05-01-2026,06.05,1260,4725.0,3.72238,0.00076197,0.201596,0.0581968,0.0,4885.2054542829765,3.464039259890578,0.005039900000000001,0.0030113285714281623,-0.0012143759499999981,0.0,0.0,-0.0012143759499999981,-0.0012141954724508841,-0.0012140150485380524,0.03401348876660547,4.235518169007731,0.539792907782207,4.235620594798268,1.0,-0.0012143759499999981,-27111.702068718707,-0.026016808058268833,1.0016771138292804,0.041283232660751526
05-01-2026,06.05,1261,4728.75,3.72261,0.000737602,0.134397,0.0475216,0.0,5046.90876651636,2.828124473923437,0.0033599249999999997,0.003241328571428337,-0.002894350949999999,0.0,0.0,-0.002894350949999999,-0.002893325935597947,-0.0028923016469424223,0.03401348876660547,4.235518169007731,0.539792907782207,4.235628417900684,1.0,-0.002894350949999999,-64720.80319169459,-0.06210708238632132,1.0016771138292804,0.041283232660751526
05-01-2026,06.05,1262,4732.5,3.72286,0.00077596,0.218396,0.0602629,0.0,4797.747306562193,3.624053936999381,0.0054599,0.0034913285714281983,-0.0007943759499999987,0.0,0.0,-0.0007943759499999987,-0.0007942987190517363,-0.0007942215031191336,0.03401348876660547,4.235518169007731,0.539792907782207,4.235636921272876,1.0,-0.0007943759499999987,-17791.28564782216,-0.017072792502514297,1.0016771138292804,0.041283232660751526
05-01-2026,06.05,1263,4736.25,3.72349,0.000771165,0.167997,0.0530314,0.0,4828.395998262369,3.1678778987543232,0.004199925,0.004121328571428329,-0.0020543509499999987,0.0,0.0,-0.0020543509499999987,-0.0020538345080627703,-0.0020533183257162827,0.03401348876660547,4.235518169007731,0.539792907782207,4.235658349770799,1.0,-0.0020543509499999987,-46083.332117257705,-0.04422227727869137,1.0016771138292804,0.041283232660751526
05-01-2026,06.05,1264,4740.0,3.72374,0.000772084,0.117598,0.0444224,0.0,4822.972629921096,2.647268044950295,0.00293995,0.00437132857142819,-0.0033143259499999987,0.0,0.0,-0.0033143259499999987,-0.003312981961024757,-0.0033116390616069196,0.03401348876660547,4.235518169007731,0.539792907782207,4.235666853142991,1.0,-0.0033143259499999987,-74464.94971421997,-0.07145771589231173,1.0016771138292804,0.041283232660751526
05-01-2026,06.05,1265,4743.75,3.72293,0.000770902,0.235195,0.0626734,0.0,4829.316826263261,3.752708485577613,0.005879875,0.003561328571428213,-0.00037440094999999923,0.0,0.0,-0.00037440094999999923,-0.00037438379323510217,-0.000374366638042536,0.03401348876660547,4.235518169007731,0.539792907782207,4.2356393022170895,1.0,-0.00037440094999999923,-8425.206003005842,-0.008084957811796157,1.0016771138292804,0.041283232660751526
05-01-2026,06.05,1266,4747.5,3.72393,0.000770837,0.151197,0.0502765,0.0,4831.021344330903,3.0073095780334747,0.003779925,0.004561328571428547,-0.002474350949999999,0.0,0.0,-0.002474350949999999,-0.0024736017935847784,-0.002472853090674718,0.03401348876660547,4.235518169007731,0.539792907782207,4.235673315705856,1.0,-0.002474350949999999,-55768.792939005914,-0.05351659507978746,1.0016771138292804,0.041283232660751526
05-01-2026,06.05,1267,4751.25,3.72256,0.000747126,0.100798,0.0409788,0.0,4982.50629746522,2.4597596806153423,0.0025199500000000004,0.0031913285714284534,-0.0037343259499999985,0.0,0.0,-0.0037343259499999985,-0.0037326198385391543,-0.003730915285317784,0.03401348876660547,4.235518169007731,0.539792907782207,4.235626717226246,1.0,-0.0037343259499999985,-84300.08020241551,-0.08089565901704981,1.0016771138292804,0.041283232660751526
05-01-2026,06.05,1268,4755.0,3.72281,0.000752643,0.100798,0.0409788,0.0,4946.315849612632,2.4597596806153423,0.0025199500000000004,0.003441328571428315,-0.0037343259499999985,0.0,0.0,-0.0037343259499999985,-0.0037326198385391543,-0.003730915285317784,0.03401348876660547,4.235518169007731,0.539792907782207,4.2356352205984376,1.0,-0.0037343259499999985,-84433.20308764871,-0.08102340579386584,1.0016771138292804,0.041283232660751526
05-01-2026,06.05,1269,4758.75,3.72448,0.000785418,0.218396,0.0602629,0.0,4742.035451186502,3.624053936999381,0.0054599,0.005111328571428153,-0.0007943759499999987,0.0,0.0,-0.0007943759499999987,-0.0007942987190517363,-0.0007942215031191336,0.03401348876660547,4.235518169007731,0.539792907782207,4.2356920231246775,1.0,-0.0007943759499999987,-17989.200692127393,-0.017262714835921542,1.0016771138292804,0.041283232660751526
05-01-2026,06.05,1270,4762.5,3.72381,0.000773661,0.0335993,0.0237608,0.0,4813.232152066603,1.4140643412679708,0.0008399825,0.004441328571428205,-0.005414293449999999,0.0,0.0,-0.005414293449999999,-0.005410707722491672,-0.005407126741284008,0.03401348876660547,4.235518169007731,0.539792907782207,4.235669234087204,1.0,-0.005414293449999999,-122803.78929616403,-0.1178444129715011,1.0016771138292804,0.041283232660751526
05-01-2026,06.05,1271,4766.25,3.72358,0.000758751,0.100798,0.0409788,0.0,4907.512477743028,2.4597596806153423,0.0025199500000000004,0.004211328571428474,-0.0037343259499999985,0.0,0.0,-0.0037343259499999985,-0.0037326198385391543,-0.003730915285317784,0.03401348876660547,4.235518169007731,0.539792907782207,4.235661410984788,1.0,-0.0037343259499999985,-84833.20191085238,-0.08140725084278405,1.0016771138292804,0.041283232660751526
05-01-2026,06.05,1272,4770.0,3.72372,0.000756452,0.167997,0.0530314,0.0,4922.612406339067,3.1678778987543232,0.004199925,0.004351328571428503,-0.0020543509499999987,0.0,0.0,-0.0020543509499999987,-0.0020538345080627703,-0.0020533183257162827,0.03401348876660547,4.235518169007731,0.539792907782207,4.2356661728732155,1.0,-0.0020543509499999987,-46742.44173025497,-0.04485476904358484,1.0016771138292804,0.041283232660751526
05-01-2026,06.05,1273,4773.75,3.72363,0.000785549,0.268795,0.0671501,0.0,4740.162612389552,4.002897985259888,0.006719875,0.004261328571428358,0.00046559905000000124,0.0,0.0,0.00046559905000000124,0.0004656255856872363,0.0004656521243993178,0.03401348876660547,4.235518169007731,0.539792907782207,4.2356631116592265,1.0,0.00046559905000000124,10610.39197824542,0.0101818960248722,1.0016771138292804,0.041283232660751526
05-01-2026,06.05,1274,4777.5,3.72473,0.000806239,0.201596,0.0581968,0.0,4619.883186003158,3.464039259890578,0.005039900000000001,0.005361328571428459,-0.0012143759499999981,0.0,0.0,-0.0012143759499999981,-0.0012141954724508841,-0.0012140150485380524,0.03401348876660547,4.235518169007731,0.539792907782207,4.23570052649687,1.0,-0.0012143759499999981,-27717.531460624643,-0.026598171300064716,1.0016771138292804,0.041283232660751526
05-01-2026,06.05,1275,4781.25,3.72381,0.000755007,0.134397,0.0475216,0.0,4932.15294692632,2.828124473923437,0.0033599249999999997,0.004441328571428205,-0.002894350949999999,0.0,0.0,-0.002894350949999999,-0.002893325935597947,-0.0028923016469424223,0.03401348876660547,4.235518169007731,0.539792907782207,4.235669234087204,1.0,-0.002894350949999999,-66165.88026225584,-0.06349380066313419,1.0016771138292804,0.041283232660751526
05-01-2026,06.05,1276,4785.0,3.72293,0.000762232,0.167997,0.0530314,0.0,4884.247840552483,3.1678778987543232,0.004199925,0.003561328571428213,-0.0020543509499999987,0.0,0.0,-0.0020543509499999987,-0.0020538345080627703,-0.0020533183257162827,0.03401348876660547,4.235518169007731,0.539792907782207,4.2356393022170895,1.0,-0.0020543509499999987,-47036.88158016372,-0.045137318071320716,1.0016771138292804,0.041283232660751526
05-01-2026,06.05,1277,4788.75,3.7239,0.000774843,0.151197,0.0502765,0.0,4806.005861832655,3.0073095780334747,0.003779925,0.00453132857142835,-0.002474350949999999,0.0,0.0,-0.002474350949999999,-0.0024736017935847784,-0.002472853090674718,0.03401348876660547,4.235518169007731,0.539792907782207,4.235672295301193,1.0,-0.002474350949999999,-56742.129145442086,-0.05445062353712401,1.0016771138292804,0.041283232660751526
05-01-2026,06.05,1278,4792.5,3.72384,0.000750738,0.151197,0.0502765,0.0,4960.239124701294,3.0073095780334747,0.003779925,0.004471328571428401,-0.002474350949999999,0.0,0.0,-0.002474350949999999,-0.0024736017935847784,-0.002472853090674718,0.03401348876660547,4.235518169007731,0.539792907782207,4.235670254491867,1.0,-0.002474350949999999,-56831.031801840916,-0.05453593589934811,1.0016771138292804,0.041283232660751526
05-01-2026,06.05,1279,4796.25,3.72455,0.000798685,0.285594,0.0688719,0.0,4663.352886306867,4.146741994921006,0.0071398500000000005,0.005181328571428168,0.0008855740500000016,0.0,0.0,0.0008855740500000016,0.0008856700515531386,0.0008857660739228237,0.03401348876660547,4.235518169007731,0.539792907782207,4.235694404068892,1.0,0.0008855740500000016,20371.757899585115,0.01954905353192662,1.0016771138292804,0.041283232660751526
05-01-2026,06.05,1280,4800.0,3.72503,0.000759277,0.218396,0.0602629,0.0,4906.022439768358,3.624053936999381,0.0054599,0.0056613285714282036,-0.0007943759499999987,0.0,0.0,-0.0007943759499999987,-0.0007942987190517363,-0.0007942215031191336,0.03401348876660547,4.235518169007731,0.539792907782207,4.2357107305435,1.0,-0.0007943759499999987,-18302.42188799997,-0.017563286733331133,1.0016771138292804,0.041283232660751526
05-01-2026,06.05,1281,4803.75,3.72494,0.000768472,0.235195,0.0626734,0.0,4847.203281316692,3.752708485577613,0.005879875,0.005571328571428502,-0.00037440094999999923,0.0,0.0,-0.00037440094999999923,-0.00037438379323510217,-0.000374366638042536,0.03401348876660547,4.235518169007731,0.539792907782207,4.235707669329511,1.0,-0.00037440094999999923,-8639.681587213341,-0.008290771895079025,1.0016771138292804,0.041283232660751526
05-01-2026,06.05,1282,4807.5,3.72439,0.000774515,0.117598,0.0444224,0.0,4808.673815226302,2.647268044950295,0.00293995,0.005021328571428452,-0.0033143259499999987,0.0,0.0,-0.0033143259499999987,-0.003312981961024757,-0.0033116390616069196,0.03401348876660547,4.235518169007731,0.539792907782207,4.2356889619106886,1.0,-0.0033143259499999987,-76600.88778723466,-0.07350739505775551,1.0016771138292804,0.041283232660751526
05-01-2026,06.05,1283,4811.25,3.72465,0.000771296,0.167997,0.0530314,0.0,4829.079886321205,3.1678778987543232,0.004199925,0.005281328571428379,-0.0020543509499999987,0.0,0.0,-0.0020543509499999987,-0.0020538345080627703,-0.0020533183257162827,0.03401348876660547,4.235518169007731,0.539792907782207,4.235697805417768,1.0,-0.0020543509499999987,-47554.37579439208,-0.04563391351223839,1.0016771138292804,0.041283232660751526
05-01-2026,06.05,1284,4815.0,3.72538,0.000762298,0.134397,0.0475216,0.0,4887.038927033785,2.828124473923437,0.0033599249999999997,0.006011328571428276,-0.002894350949999999,0.0,0.0,-0.002894350949999999,-0.002893325935597947,-0.0028923016469424223,0.03401348876660547,4.235518169007731,0.539792907782207,4.235722635264568,1.0,-0.002894350949999999,-67103.28365376373,-0.06439334743626615,1.0016771138292804,0.041283232660751526
05-01-2026,06.05,1285,4818.75,3.72555,0.000810574,0.319194,0.0730042,0.0,4596.1873931312875,4.372268992742883,0.007979849999999998,0.0061813285714285016,0.0017255740499999995,0.0,0.0,0.0017255740499999995,0.001725938585943901,0.0017263032759403433,0.03401348876660547,4.235518169007731,0.539792907782207,4.235728417557659,1.0,0.0017255740499999995,40068.43608812694,0.03845029014620906,1.0016771138292804,0.041283232660751526
05-01-2026,06.05,1286,4822.5,3.72624,0.000817339,0.302394,0.0709381,0.0,4558.989599174884,4.262786852199311,0.00755985,0.006871328571428581,0.001305574050000001,0.0,0.0,0.001305574050000001,0.0013057827170341095,0.0013059914507804683,0.03401348876660547,4.235518169007731,0.539792907782207,4.235751886864907,1.0,0.001305574050000001,30363.091053662836,0.02913689114746968,1.0016771138292804,0.041283232660751526
05-01-2026,06.05,1287,4826.25,3.72553,0.00076591,0.151197,0.0502765,0.0,4864.187698293534,3.0073095780334747,0.003779925,0.0061613285714283705,-0.002474350949999999,0.0,0.0,-0.002474350949999999,-0.0024736017935847784,-0.002472853090674718,0.03401348876660547,4.235518169007731,0.539792907782207,4.235727737287883,1.0,-0.002474350949999999,-57634.28730985146,-0.05530675229149819,1.0016771138292804,0.041283232660751526
05-01-2026,06.05,1288,4830.0,3.72427,0.000756649,0.0671987,0.0337472,0.0,4922.057651566314,1.991237791579746,0.0016799675,0.004901328571428554,-0.004574308449999999,0.0,0.0,-0.004574308449999999,-0.004571748749114434,-0.004569191911352039,0.03401348876660547,4.235518169007731,0.539792907782207,4.235684880292037,1.0,-0.004574308449999999,-106713.58439920498,-0.10240400383151586,1.0016771138292804,0.041283232660751526
05-01-2026,06.05,1289,4833.75,3.72399,0.00078995,0.167997,0.0581968,0.0,4714.2097601114,2.8867051109339346,0.004199925,0.004621328571428496,-0.0020543509499999987,0.0,0.0,-0.0020543509499999987,-0.0020538345080627703,-0.0020533183257162827,0.03401348876660547,4.235518169007731,0.539792907782207,4.235675356515182,1.0,-0.0020543509499999987,-48000.19562992895,-0.04606172911231886,1.0016771138292804,0.041283232660751526
05-01-2026,06.05,1290,4837.5,3.72564,0.000742265,0.0839983,0.0375352,0.0,5019.285565128357,2.2378540676485006,0.0020999575,0.006271328571428203,-0.004154318449999999,0.0,0.0,-0.004154318449999999,-0.004152207100114937,-0.004150097895243049,0.03401348876660547,4.235518169007731,0.539792907782207,4.235731478771648,1.0,-0.004154318449999999,-97216.89374032029,-0.09329083279434851,1.0016771138292804,0.041283232660751526
05-01-2026,06.05,1291,4841.25,3.7249,0.000762495,0.184796,0.0554419,0.0,4885.146787847789,3.333146952034472,0.0046199,0.00553132857142824,-0.0016343759499999992,0.0,0.0,-0.0016343759499999992,-0.0016340490623801855,-0.001633722305494244,0.03401348876660547,4.235518169007731,0.539792907782207,4.23570630878996,1.0,-0.0016343759499999992,-38306.0157570274,-0.036759044375066136,1.0016771138292804,0.041283232660751526
05-01-2026,06.05,1292,4845.0,3.7261,0.000768472,0.235195,0.0626734,0.0,4848.712770276601,3.752708485577613,0.005879875,0.006731328571428552,-0.00037440094999999923,0.0,0.0,-0.00037440094999999923,-0.00037438379323510217,-0.000374366638042536,0.03401348876660547,4.235518169007731,0.539792907782207,4.23574712497648,1.0,-0.00037440094999999923,-8788.697260323732,-0.008433769636613664,1.0016771138292804,0.041283232660751526
05-01-2026,06.05,1293,4848.75,3.72588,0.000779178,0.184796,0.0554419,0.0,4781.808521287819,3.333146952034472,0.0046199,0.006511328571428443,-0.0016343759499999992,0.0,0.0,-0.0016343759499999992,-0.0016340490623801855,-0.001633722305494244,0.03401348876660547,4.235518169007731,0.539792907782207,4.2357396420089515,1.0,-0.0016343759499999992,-38424.794029193654,-0.03687302583962375,1.0016771138292804,0.041283232660751526
05-01-2026,06.05,1294,4852.5,3.72498,0.000771231,0.184796,0.0554419,0.0,4829.914772616764,3.333146952034472,0.0046199,0.00561132857142832,-0.0016343759499999992,0.0665557,0.0016638924999999999,-0.003298268449999999,-0.0032969374497838766,-0.003295607523371773,0.03401348876660547,4.235518169007731,0.539792907782207,4.235709029869061,1.0,-0.0016343759499999992,-38484.25211551217,-0.036930082737613404,1.0016771138292804,0.041283232660751526
05-01-2026,06.05,1295,4856.25,3.72526,0.000759933,0.134397,0.0475216,0.0,4902.090052675697,2.828124473923437,0.0033599249999999997,0.005891328571428378,-0.002894350949999999,0.0,0.0,-0.002894350949999999,-0.002893325935597947,-0.0028923016469424223,0.03401348876660547,4.235518169007731,0.539792907782207,4.235718553645916,1.0,-0.002894350949999999,-68257.95330830272,-0.06550138627118346,1.0016771138292804,0.041283232660751526
05-01-2026,06.05,1296,4860.0,3.72605,0.000768997,0.134397,0.0475216,0.0,4845.337498065662,2.828124473923437,0.0033599249999999997,0.0066813285714282244,-0.002894350949999999,0.0,0.0,-0.002894350949999999,-0.002893325935597947,-0.0028923016469424223,0.03401348876660547,4.235518169007731,0.539792907782207,4.235745424302041,1.0,-0.002894350949999999,-68363.41169861998,-0.06560258577138688,1.0016771138292804,0.041283232660751526
05-01-2026,06.05,1297,4863.75,3.72545,0.000773792,0.184796,0.0554419,0.0,4814.53672304702,3.333146952034472,0.0046199,0.0060813285714282905,-0.0016343759499999992,0.0,0.0,-0.0016343759499999992,-0.0016340490623801855,-0.001633722305494244,0.03401348876660547,4.235518169007731,0.539792907782207,4.235725016208781,1.0,-0.0016343759499999992,-38662.902175409276,-0.037101518094425766,1.0016771138292804,0.041283232660751526
05-01-2026,06.05,1298,4867.5,3.72532,0.00077458,0.184796,0.0554419,0.0,4809.470939089571,3.333146952034472,0.0046199,0.005951328571428327,-0.0016343759499999992,0.0,0.0,-0.0016343759499999992,-0.0016340490623801855,-0.001633722305494244,0.03401348876660547,4.235518169007731,0.539792907782207,4.235720594455242,1.0,-0.0016343759499999992,-38722.54412902217,-0.03715875143431103,1.0016771138292804,0.041283232660751526
05-01-2026,06.05,1299,4871.25,3.7251,0.000748571,0.117598,0.0444224,0.0,4976.28147497031,2.647268044950295,0.00293995,0.005731328571428218,-0.0033143259499999987,0.0,0.0,-0.0033143259499999987,-0.003312981961024757,-0.0033116390616069196,0.03401348876660547,4.235518169007731,0.539792907782207,4.235713111487713,1.0,-0.0033143259499999987,-78645.89422063052,-0.07546981481733867,1.0016771138292804,0.041283232660751526
05-01-2026,06.05,1300,4875.0,3.7255,0.000761247,0.151197,0.0502765,0.0,4893.9437528161025,3.0073095780334747,0.003779925,0.006131328571428174,-0.002474350949999999,0.0,0.0,-0.002474350949999999,-0.0024736017935847784,-0.002472853090674718,0.03401348876660547,4.235518169007731,0.539792907782207,4.23572671688322,1.0,-0.002474350949999999,-58804.49679609373,-0.05642970338893806,1.0016771138292804,0.041283232660751526
05-01-2026,06.05,1301,4878.75,3.72599,0.000763218,0.218396,0.0602629,0.0,4881.947228707919,3.624053936999381,0.0054599,0.0066213285714282755,-0.0007943759499999987,0.0,0.0,-0.0007943759499999987,-0.0007942987190517363,-0.0007942215031191336,0.03401348876660547,4.235518169007731,0.539792907782207,4.235743383492715,1.0,-0.0007943759499999987,-18907.89647830239,-0.018144309502028205,1.0016771138292804,0.041283232660751526
05-01-2026,06.05,1302,4882.5,3.72582,0.000777076,0.151197,0.0502765,0.0,4794.666158779836,3.0073095780334747,0.003779925,0.006451328571428494,-0.002474350949999999,0.0,0.0,-0.002474350949999999,-0.0024736017935847784,-0.002472853090674718,0.03401348876660547,4.235518169007731,0.539792907782207,4.2357376011996255,1.0,-0.002474350949999999,-58985.57289155341,-0.05660346680694754,1.0016771138292804,0.041283232660751526
05-01-2026,06.05,1303,4886.25,3.72524,0.000774646,0.235195,0.0626734,0.0,4808.957898188333,3.752708485577613,0.005879875,0.005871328571428247,-0.00037440094999999923,0.0,0.0,-0.00037440094999999923,-0.00037438379323510217,-0.000374366638042536,0.03401348876660547,4.235518169007731,0.539792907782207,4.2357178733761405,1.0,-0.00037440094999999923,-8938.98706666709,-0.008577990056078252,1.0016771138292804,0.041283232660751526
05-01-2026,06.05,1304,4890.0,3.72579,0.000777076,0.0839983,0.0375352,0.0,4794.627552517385,2.2378540676485006,0.0020999575,0.0064213285714282975,-0.004154318449999999,0.0665557,0.0016638924999999999,-0.005818210949999999,-0.005814070465414215,-0.0058099358697249704,0.03401348876660547,4.235518169007731,0.539792907782207,4.2357365807949625,1.0,-0.004154318449999999,-99338.47820824497,-0.09532673801864967,1.0016771138292804,0.041283232660751526
05-01-2026,06.05,1305,4893.75,3.72535,0.000722955,0.117598,0.0444224,0.0,5152.948662088235,2.647268044950295,0.00293995,0.005981328571428524,-0.0033143259499999987,0.0,0.0,-0.0033143259499999987,-0.003312981961024757,-0.0033116390616069196,0.03401348876660547,4.235518169007731,0.539792907782207,4.235721614859905,1.0,-0.0033143259499999987,-79374.09306091988,-0.07616860567185758,1.0016771138292804,0.041283232660751526
05-01-2026,06.05,1306,4897.5,3.72665,0.000762561,0.134397,0.0475216,0.0,4887.018874555609,2.828124473923437,0.0033599249999999997,0.007281328571428158,-0.002894350949999999,0.0,0.0,-0.002894350949999999,-0.002893325935597947,-0.0028923016469424223,0.03401348876660547,4.235518169007731,0.539792907782207,4.235765832395302,1.0,-0.002894350949999999,-69422.47280091842,-0.06661887716285463,1.0016771138292804,0.041283232660751526
05-01-2026,06.05,1307,4901.25,3.72611,0.000751526,0.117598,0.0444224,0.0,4958.058669959522,2.647268044950295,0.00293995,0.006741328571428173,-0.0033143259499999987,0.0,0.0,-0.0033143259499999987,-0.003312981961024757,-0.0033116390616069196,0.03401348876660547,4.235518169007731,0.539792907782207,4.235747465111367,1.0,-0.0033143259499999987,-79617.57173102177,-0.07640225156433116,1.0016771138292804,0.041283232660751526
05-01-2026,06.05,1308,4905.0,3.72608,0.000737667,0.151197,0.0502765,0.0,5051.168074483473,3.0073095780334747,0.003779925,0.006711328571428421,-0.002474350949999999,0.0,0.0,-0.002474350949999999,-0.0024736017935847784,-0.002472853090674718,0.03401348876660547,4.235518169007731,0.539792907782207,4.235746444706704,1.0,-0.002474350949999999,-59530.47136482372,-0.05712635979811368,1.0016771138292804,0.041283232660751526
05-01-2026,06.05,1309,4908.75,3.7264,0.000743119,0.0671987,0.0337472,0.0,5014.540066934098,1.991237791579746,0.0016799675,0.007031328571428297,-0.004574308449999999,0.0,0.0,-0.004574308449999999,-0.004571748749114434,-0.004569191911352039,0.03401348876660547,4.235518169007731,0.539792907782207,4.23575732902311,1.0,-0.004574308449999999,-110221.74305457818,-0.10577048706239008,1.0016771138292804,0.041283232660751526
05-01-2026,06.05,1310,4912.5,3.72669,0.000745812,0.134397,0.0475216,0.0,4996.82225547457,2.828124473923437,0.0033599249999999997,0.00732132857142842,-0.002894350949999999,0.0,0.0,-0.002894350949999999,-0.002893325935597947,-0.0028923016469424223,0.03401348876660547,4.235518169007731,0.539792907782207,4.235767192934852,1.0,-0.002894350949999999,-69848.37654321092,-0.06702758097224427,1.0016771138292804,0.041283232660751526
05-01-2026,06.05,1311,4916.25,3.72658,0.000749753,0.100798,0.0409788,0.0,4970.410255110683,2.4597596806153423,0.0025199500000000004,0.007211328571428144,-0.0037343259499999985,0.0,0.0,-0.0037343259499999985,-0.0037326198385391543,-0.003730915285317784,0.03401348876660547,4.235518169007731,0.539792907782207,4.235763451451088,1.0,-0.0037343259499999985,-90256.84356248364,-0.08661186114241293,1.0016771138292804,0.041283232660751526
05-01-2026,06.05,1312,4920.0,3.72625,0.000760196,0.167997,0.0530314,0.0,4901.696404611443,3.1678778987543232,0.004199925,0.006881328571428202,-0.0020543509499999987,0.0,0.0,-0.0020543509499999987,-0.0020538345080627703,-0.0020533183257162827,0.03401348876660547,4.235518169007731,0.539792907782207,4.235752226999795,1.0,-0.0020543509499999987,-49728.44083607997,-0.04772017990571013,1.0016771138292804,0.041283232660751526
05-01-2026,06.05,1313,4923.75,3.72801,0.000768472,0.218396,0.0602629,0.0,4851.198221926108,3.624053936999381,0.0054599,0.008641328571428186,-0.0007943759499999987,0.0,0.0,-0.0007943759499999987,-0.0007942987190517363,-0.0007942215031191336,0.03401348876660547,4.235518169007731,0.539792907782207,4.2358120907400245,1.0,-0.0007943759499999987,-19258.305639546765,-0.018480567545394372,1.0016771138292804,0.041283232660751526
05-01-2026,06.05,1314,4927.5,3.72655,0.000762561,0.100798,0.0409788,0.0,4886.88773750559,2.4597596806153423,0.0025199500000000004,0.007181328571428391,-0.0037343259499999985,0.0,0.0,-0.0037343259499999985,-0.0037326198385391543,-0.003730915285317784,0.03401348876660547,4.235518169007731,0.539792907782207,4.235762431046425,1.0,-0.0037343259499999985,-90670.39098702466,-0.08700870763843904,1.0016771138292804,0.041283232660751526
05-01-2026,06.05,1315,4931.25,3.72538,0.000750213,0.167997,0.0530314,0.0,4965.763056625252,3.1678778987543232,0.004199925,0.006011328571428276,-0.0020543509499999987,0.0,0.0,-0.0020543509499999987,-0.0020538345080627703,-0.0020533183257162827,0.03401348876660547,4.235518169007731,0.539792907782207,4.235722635264568,1.0,-0.0020543509499999987,-49956.117490037075,-0.04793866193942152,1.0016771138292804,0.041283232660751526
05-01-2026,06.05,1316,4935.0,3.72716,0.000740623,0.117598,0.0444224,0.0,5032.465910456467,2.647268044950295,0.00293995,0.007791328571428391,-0.0033143259499999987,0.0,0.0,-0.0033143259499999987,-0.003312981961024757,-0.0033116390616069196,0.03401348876660547,4.235518169007731,0.539792907782207,4.235783179274573,1.0,-0.0033143259499999987,-80717.83990963871,-0.07745808590269702,1.0016771138292804,0.041283232660751526
05-01-2026,06.05,1317,4938.75,3.727,0.000752577,0.184796,0.0554419,0.0,4952.3171715319495,3.333146952034472,0.0046199,0.007631328571428231,-0.0016343759499999992,0.0665557,0.0016638924999999999,-0.003298268449999999,-0.0032969374497838766,-0.003295607523371773,0.03401348876660547,4.235518169007731,0.539792907782207,4.235777737116369,1.0,-0.0016343759499999992,-39864.4749441499,-0.03825456588217187,1.0016771138292804,0.041283232660751526
05-01-2026,06.05,1318,4942.5,3.72716,0.000754876,0.201596,0.0581968,0.0,4937.446679984527,3.464039259890578,0.005039900000000001,0.007791328571428391,-0.0012143759499999981,0.0,0.0,-0.0012143759499999981,-0.0012141954724508841,-0.0012140150485380524,0.03401348876660547,4.235518169007731,0.539792907782207,4.235783179274573,1.0,-0.0012143759499999981,-29665.147609234642,-0.02846713383812811,1.0016771138292804,0.041283232660751526
05-01-2026,06.05,1319,4946.25,3.72769,0.000754285,0.0839983,0.0375352,0.0,4942.0179375169855,2.2378540676485006,0.0020999575,0.00832132857142831,-0.004154318449999999,0.0,0.0,-0.004154318449999999,-0.004152207100114937,-0.004150097895243049,0.03401348876660547,4.235518169007731,0.539792907782207,4.235801206423619,1.0,-0.004154318449999999,-101637.01716877193,-0.09753245150719822,1.0016771138292804,0.041283232660751526
05-01-2026,06.05,1320,4950.0,3.72632,0.000740886,0.0671987,0.0337472,0.0,5029.545706087037,1.991237791579746,0.0016799675,0.006951328571428217,-0.004574308449999999,0.0,0.0,-0.004574308449999999,-0.004571748749114434,-0.004569191911352039,0.03401348876660547,4.235518169007731,0.539792907782207,4.235754607944009,1.0,-0.004574308449999999,-112081.99279612498,-0.10755561144681994,1.0016771138292804,0.041283232660751526
05-01-2026,06.05,1321,4953.75,3.72642,0.000734055,0.0839983,0.0375352,0.0,5076.486094366226,2.2378540676485006,0.0020999575,0.007051328571428428,-0.004154318449999999,0.0,0.0,-0.004154318449999999,-0.004152207100114937,-0.004150097895243049,0.03401348876660547,4.235518169007731,0.539792907782207,4.235758009292885,1.0,-0.004154318449999999,-101945.47531368442,-0.09782845270733893,1.0016771138292804,0.041283232660751526
05-01-2026,06.05,1322,4957.5,3.72741,0.000782856,0.268795,0.0671501,0.0,4761.297096784083,4.002897985259888,0.006719875,0.008041328571428252,0.00046559905000000124,0.0,0.0,0.00046559905000000124,0.0004656255856872363,0.0004656521243993178,0.03401348876660547,4.235518169007731,0.539792907782207,4.235791682646764,1.0,0.00046559905000000124,11442.937642034092,0.01098081970290735,1.0016771138292804,0.041283232660751526
05-01-2026,06.05,1323,4961.25,3.72764,0.000770377,0.151197,0.0502765,0.0,4838.721820615101,3.0073095780334747,0.003779925,0.008271328571428427,-0.002474350949999999,0.0,0.0,-0.002474350949999999,-0.0024736017935847784,-0.002472853090674718,0.03401348876660547,4.235518169007731,0.539792907782207,4.23579950574918,1.0,-0.002474350949999999,-60903.67814947334,-0.05844411023849501,1.0016771138292804,0.041283232660751526
05-01-2026,06.05,1324,4965.0,3.72672,0.000756912,0.184796,0.0554419,0.0,4923.584247574355,3.333146952034472,0.0046199,0.007351328571428173,-0.0016343759499999992,0.0,0.0,-0.0016343759499999992,-0.0016340490623801855,-0.001633722305494244,0.03401348876660547,4.235518169007731,0.539792907782207,4.235768213339515,1.0,-0.0016343759499999992,-40289.36927803873,-0.038662301047666554,1.0016771138292804,0.041283232660751526
05-01-2026,06.05,1325,4968.75,3.72684,0.000751066,0.117598,0.0444224,0.0,4962.067248417583,2.647268044950295,0.00293995,0.007471328571428515,-0.0033143259499999987,0.0,0.0,-0.0033143259499999987,-0.003312981961024757,-0.0033116390616069196,0.03401348876660547,4.235518169007731,0.539792907782207,4.235772294958167,1.0,-0.0033143259499999987,-81825.65853706052,-0.0785211657683563,1.0016771138292804,0.041283232660751526
05-01-2026,06.05,1326,4972.5,3.72664,0.000762101,0.151197,0.0502765,0.0,4889.955530828592,3.0073095780334747,0.003779925,0.007271328571428537,-0.002474350949999999,0.0,0.0,-0.002474350949999999,-0.0024736017935847784,-0.002472853090674718,0.03401348876660547,4.235518169007731,0.539792907782207,4.2357654922604135,1.0,-0.002474350949999999,-61180.198466655915,-0.058709463405851155,1.0016771138292804,0.041283232660751526
05-01-2026,06.05,1327,4976.25,3.7271,0.000743053,0.0335993,0.0237608,0.0,5015.927531414313,1.4140643412679708,0.0008399825,0.007731328571428442,-0.005414293449999999,0.0,0.0,-0.005414293449999999,-0.005410707722491672,-0.005407126741284008,0.03401348876660547,4.235518169007731,0.539792907782207,4.235781138465247,1.0,-0.005414293449999999,-134074.4955555241,-0.1286599567793989,1.0016771138292804,0.041283232660751526
05-01-2026,06.05,1328,4980.0,3.72683,0.000757241,0.117598,0.0444224,0.0,4921.590352344894,2.647268044950295,0.00293995,0.007461328571428449,-0.0033143259499999987,0.0,0.0,-0.0033143259499999987,-0.003312981961024757,-0.0033116390616069196,0.03401348876660547,4.235518169007731,0.539792907782207,4.23577195482328,1.0,-0.0033143259499999987,-82196.60929037997,-0.07887713584075237,1.0016771138292804,0.041283232660751526
05-01-2026,06.05,1329,4983.75,3.72812,0.000816879,0.235195,0.0626734,0.0,4563.858294802535,3.752708485577613,0.005879875,0.008751328571428463,-0.00037440094999999923,0.0,0.0,-0.00037440094999999923,-0.00037438379323510217,-0.000374366638042536,0.03401348876660547,4.235518169007731,0.539792907782207,4.235815832223788,1.0,-0.00037440094999999923,-9299.28246087584,-0.008923735081294602,1.0016771138292804,0.041283232660751526
05-01-2026,06.05,1330,4987.5,3.7289,0.000798817,0.235195,0.0626734,0.0,4668.027846177535,3.752708485577613,0.005879875,0.009531328571428244,-0.00037440094999999923,0.0,0.0,-0.00037440094999999923,-0.00037438379323510217,-0.000374366638042536,0.03401348876660547,4.235518169007731,0.539792907782207,4.235842362745027,1.0,-0.00037440094999999923,-9313.282131398419,-0.008937169381359635,1.0016771138292804,0.041283232660751526
05-01-2026,06.05,1331,4991.25,3.72802,0.00078463,0.201596,0.0581968,0.0,4751.309534430241,3.464039259890578,0.005039900000000001,0.008651328571428252,-0.0012143759499999981,0.0,0.0,-0.0012143759499999981,-0.0012141954724508841,-0.0012140150485380524,0.03401348876660547,4.235518169007731,0.539792907782207,4.235812430874912,1.0,-0.0012143759499999981,-30253.233830033623,-0.029031470458878047,1.0016771138292804,0.041283232660751526
05-01-2026,06.05,1332,4995.0,3.72837,0.000764597,0.201596,0.0581968,0.0,4876.255072933846,3.464039259890578,0.005039900000000001,0.009001328571428324,-0.0012143759499999981,0.0,0.0,-0.0012143759499999981,-0.0012141954724508841,-0.0012140150485380524,0.03401348876660547,4.235518169007731,0.539792907782207,4.23582433559598,1.0,-0.0012143759499999981,-30298.710311898703,-0.02907511039328166,1.0016771138292804,0.041283232660751526
05-01-2026,06.05,1333,4998.75,3.7276,0.000745155,0.100798,0.0409788,0.0,5002.449154873818,2.4597596806153423,0.0025199500000000004,0.008231328571428165,-0.0037343259499999985,0.0,0.0,-0.0037343259499999985,-0.0037326198385391543,-0.003730915285317784,0.03401348876660547,4.235518169007731,0.539792907782207,4.23579814520963,1.0,-0.0037343259499999985,-93311.47551050926,-0.0895431331399808,1.0016771138292804,0.041283232660751526
05-01-2026,06.05,1334,5002.5,3.72809,0.000752577,0.184796,0.0554419,0.0,4953.765528311388,3.333146952034472,0.0046199,0.008721328571428266,-0.0016343759499999992,0.0,0.0,-0.0016343759499999992,-0.0016340490623801855,-0.001633722305494244,0.03401348876660547,4.235518169007731,0.539792907782207,4.235814811819125,1.0,-0.0016343759499999992,-40900.268363599665,-0.0392485292457976,1.0016771138292804,0.041283232660751526
05-01-2026,06.05,1335,5006.25,3.72948,0.000768275,0.134397,0.0475216,0.0,4854.355536754418,2.828124473923437,0.0033599249999999997,0.01011132857142849,-0.002894350949999999,0.0,0.0,-0.002894350949999999,-0.002893325935597947,-0.0028923016469424223,0.03401348876660547,4.235518169007731,0.539792907782207,4.235862090568511,1.0,-0.002894350949999999,-72539.78374495897,-0.06961029689310533,1.0016771138292804,0.041283232660751526
05-01-2026,06.05,1336,5010.0,3.72755,0.000750278,0.117598,0.0502765,0.0,4968.225111225439,2.339025190695454,0.00293995,0.008181328571428281,-0.0033143259499999987,0.0,0.0,-0.0033143259499999987,-0.003312981961024757,-0.0033116390616069196,0.03401348876660547,4.235518169007731,0.539792907782207,4.235796444535191,1.0,-0.0033143259499999987,-83189.91277759497,-0.07983032520912842,1.0016771138292804,0.041283232660751526
05-01-2026,06.05,1337,5013.75,3.72781,0.000739966,0.100798,0.0409788,0.0,5037.812548144104,2.4597596806153423,0.0025199500000000004,0.008441328571428208,-0.0037343259499999985,0.0,0.0,-0.0037343259499999985,-0.0037326198385391543,-0.003730915285317784,0.03401348876660547,4.235518169007731,0.539792907782207,4.235805288042271,1.0,-0.0037343259499999985,-93872.32458912488,-0.09008133257840098,1.0016771138292804,0.041283232660751526
05-01-2026,06.05,1338,5017.5,3.72817,0.000757109,0.151197,0.0502765,0.0,4924.218309384779,3.0073095780334747,0.003779925,0.008801328571428346,-0.002474350949999999,0.0,0.0,-0.002474350949999999,-0.0024736017935847784,-0.002472853090674718,0.03401348876660547,4.235518169007731,0.539792907782207,4.235817532898227,1.0,-0.002474350949999999,-62292.54293622841,-0.05977688633954203,1.0016771138292804,0.041283232660751526
05-01-2026,06.05,1339,5021.25,3.72829,0.000757963,0.151197,0.0502765,0.0,4918.828491628219,3.0073095780334747,0.003779925,0.008921328571428244,-0.002474350949999999,0.0,0.0,-0.002474350949999999,-0.0024736017935847784,-0.002472853090674718,0.03401348876660547,4.235518169007731,0.539792907782207,4.235821614516879,1.0,-0.002474350949999999,-62385.690650975834,-0.059866272325324384,1.0016771138292804,0.041283232660751526
05-01-2026,06.05,1340,5025.0,3.72765,0.000766567,0.151197,0.0502765,0.0,4862.784335876708,3.0073095780334747,0.003779925,0.008281328571428492,-0.002474350949999999,0.0,0.0,-0.002474350949999999,-0.0024736017935847784,-0.002472853090674718,0.03401348876660547,4.235518169007731,0.539792907782207,4.235799845884068,1.0,-0.002474350949999999,-62478.90795684372,-0.05995572509182081,1.0016771138292804,0.041283232660751526
05-01-2026,06.05,1341,5028.75,3.72784,0.000735106,0.151197,0.0502765,0.0,5071.159805524645,3.0073095780334747,0.003779925,0.008471328571428405,-0.002474350949999999,0.0,0.0,-0.002474350949999999,-0.0024736017935847784,-0.002472853090674718,0.03401348876660547,4.235518169007731,0.539792907782207,4.235806308446934,1.0,-0.002474350949999999,-62572.19485383209,-0.06004524463903132,1.0016771138292804,0.041283232660751526
05-01-2026,06.05,1342,5032.5,3.72881,0.000752183,0.0839983,0.0375352,0.0,4957.31756766638,2.2378540676485006,0.0020999575,0.009441328571428542,-0.004154318449999999,0.0,0.0,-0.004154318449999999,-0.004152207100114937,-0.004150097895243049,0.03401348876660547,4.235518169007731,0.539792907782207,4.235839301531037,1.0,-0.004154318449999999,-105212.50274511278,-0.10096354269132929,1.0016771138292804,0.041283232660751526
05-01-2026,06.05,1343,5036.25,3.72865,0.000765976,0.184796,0.0554419,0.0,4867.841812276102,3.333146952034472,0.0046199,0.009281328571428382,-0.0016343759499999992,0.0,0.0,-0.0016343759499999992,-0.0016340490623801855,-0.001633722305494244,0.03401348876660547,4.235518169007731,0.539792907782207,4.235833859372835,1.0,-0.0016343759499999992,-41454.00770402178,-0.039779906069634004,1.0016771138292804,0.041283232660751526
05-01-2026,06.05,1344,5040.0,3.72944,0.000744761,0.184796,0.0554419,0.0,5007.5661856622455,3.333146952034472,0.0046199,0.010071328571428229,-0.0016343759499999992,0.0,0.0,-0.0016343759499999992,-0.0016340490623801855,-0.001633722305494244,0.03401348876660547,4.235518169007731,0.539792907782207,4.235860730028961,1.0,-0.0016343759499999992,-41515.76413151998,-0.039839168491318654,1.0016771138292804,0.041283232660751526
05-01-2026,06.05,1345,5043.75,3.72939,0.000753759,0.100798,0.0409788,0.0,4947.722017249545,2.4597596806153423,0.0025199500000000004,0.010021328571428345,-0.0037343259499999985,0.0,0.0,-0.0037343259499999985,-0.0037326198385391543,-0.003730915285317784,0.03401348876660547,4.235518169007731,0.539792907782207,4.235859029354522,1.0,-0.0037343259499999985,-94999.06408638864,-0.09116256920300242,1.0016771138292804,0.041283232660751526
05-01-2026,06.05,1346,5047.5,3.72801,0.000739966,0.167997,0.0530314,0.0,5038.082830832768,3.1678778987543232,0.004199925,0.008641328571428186,-0.0020543509499999987,0.0665557,0.0016638924999999999,-0.0037182434499999986,-0.0037165519988765264,-0.0037148620859557262,0.03401348876660547,4.235518169007731,0.539792907782207,4.2358120907400245,1.0,-0.0020543509499999987,-52339.2255805809,-0.050225529271344674,1.0016771138292804,0.041283232660751526
05-01-2026,06.05,1347,5051.25,3.72986,0.000760065,0.151197,0.0502765,0.0,4907.290823811121,3.0073095780334747,0.003779925,0.010491328571428316,-0.002474350949999999,0.0,0.0,-0.002474350949999999,-0.0024736017935847784,-0.002472853090674718,0.03401348876660547,4.235518169007731,0.539792907782207,4.235875015694242,1.0,-0.002474350949999999,-63133.37764929208,-0.06058376431728977,1.0016771138292804,0.041283232660751526
05-01-2026,06.05,1348,5055.0,3.73015,0.000761904,0.167997,0.0530314,0.0,4895.826770826771,3.1678778987543232,0.004199925,0.010781328571428439,-0.0020543509499999987,0.0,0.0,-0.0020543509499999987,-0.0020538345080627703,-0.0020533183257162827,0.03401348876660547,4.235518169007731,0.539792907782207,4.235884879605985,1.0,-0.0020543509499999987,-52494.88118412372,-0.05037489879267915,1.0016771138292804,0.041283232660751526
05-01-2026,06.05,1349,5058.75,3.72878,0.000759539,0.302394,0.0709381,0.0,4909.267331894741,4.262786852199311,0.00755985,0.009411328571428346,0.001305574050000001,0.0,0.0,0.001305574050000001,0.0013057827170341095,0.0013059914507804683,0.03401348876660547,4.235518169007731,0.539792907782207,4.235838281126374,1.0,0.001305574050000001,33410.88227480698,0.03206159867786382,1.0016771138292804,0.041283232660751526
05-01-2026,06.05,1350,5062.5,3.72888,0.000765845,0.050399,0.0289262,0.0,4868.974792549407,1.7423304824000387,0.0012599750000000002,0.009511328571428557,-0.004994300949999999,0.0,0.0,-0.004994300949999999,-0.004991249786845219,-0.004988202349502183,0.03401348876660547,4.235518169007731,0.539792907782207,4.235841682475251,1.0,-0.004994300949999999,-127998.4708318359,-0.12282930960745751,1.0016771138292804,0.041283232660751526
05-01-2026,06.05,1351,5066.25,3.72941,0.000742199,0.117598,0.0444224,0.0,5024.811405027493,2.647268044950295,0.00293995,0.010041328571428476,-0.0033143259499999987,0.0,0.0,-0.0033143259499999987,-0.003312981961024757,-0.0033116390616069196,0.03401348876660547,4.235518169007731,0.539792907782207,4.235859709624298,1.0,-0.0033143259499999987,-85068.43647561489,-0.08163298556443983,1.0016771138292804,0.041283232660751526
05-01-2026,06.05,1352,5070.0,3.73023,0.000778784,0.167997,0.0530314,0.0,4789.813350043144,3.1678778987543232,0.004199925,0.010861328571428519,-0.0020543509499999987,0.0,0.0,-0.0020543509499999987,-0.0020538345080627703,-0.0020533183257162827,0.03401348876660547,4.235518169007731,0.539792907782207,4.235887600685086,1.0,-0.0020543509499999987,-52806.88573465497,-0.05067430317842754,1.0016771138292804,0.041283232660751526
05-01-2026,06.05,1353,5073.75,3.72975,0.000779178,0.151197,0.0502765,0.0,4786.775293963638,3.0073095780334747,0.003779925,0.010381328571428483,-0.002474350949999999,0.0,0.0,-0.002474350949999999,-0.0024736017935847784,-0.002472853090674718,0.03401348876660547,4.235518169007731,0.539792907782207,4.235871274210478,1.0,-0.002474350949999999,-63697.065725088956,-0.06112468810125474,1.0016771138292804,0.041283232660751526
05-01-2026,06.05,1354,5077.5,3.72887,0.000757438,0.167997,0.0530314,0.0,4923.003598974437,3.1678778987543232,0.004199925,0.009501328571428491,-0.0020543509499999987,0.0,0.0,-0.0020543509499999987,-0.0020538345080627703,-0.0020533183257162827,0.03401348876660547,4.235518169007731,0.539792907782207,4.235841342340364,1.0,-0.0020543509499999987,-52963.23468164341,-0.05082433804284145,1.0016771138292804,0.041283232660751526
05-01-2026,06.05,1355,5081.25,3.72949,0.000769523,0.151197,0.0502765,0.0,4846.4958162394105,3.0073095780334747,0.003779925,0.010121328571428556,-0.002474350949999999,0.0665557,0.0016638924999999999,-0.004138243449999999,-0.00413614840398138,-0.004134055478184489,0.03401348876660547,4.235518169007731,0.539792907782207,4.235862430703398,1.0,-0.002474350949999999,-63885.518479318336,-0.061305530274955625,1.0016771138292804,0.041283232660751526
05-01-2026,06.05,1356,5085.0,3.72951,0.000748965,0.134397,0.0475216,0.0,4979.551781458413,2.828124473923437,0.0033599249999999997,0.010141328571428243,-0.002894350949999999,0.0,0.0,-0.002894350949999999,-0.002893325935597947,-0.0028923016469424223,0.03401348876660547,4.235518169007731,0.539792907782207,4.235863110973174,1.0,-0.002894350949999999,-74839.88374311374,-0.07181750837747249,1.0016771138292804,0.041283232660751526
05-01-2026,06.05,1357,5088.75,3.72879,0.00076729,0.134397,0.0475216,0.0,4859.687992805849,2.828124473923437,0.0033599249999999997,0.009421328571428411,-0.002894350949999999,0.0,0.0,-0.002894350949999999,-0.002893325935597947,-0.0028923016469424223,0.03401348876660547,4.235518169007731,0.539792907782207,4.235838621261262,1.0,-0.002894350949999999,-74950.3077542796,-0.07192347296413859,1.0016771138292804,0.041283232660751526
05-01-2026,06.05,1358,5092.5,3.72879,0.000759014,0.134397,0.0475216,0.0,4912.676182521008,2.828124473923437,0.0033599249999999997,0.009421328571428411,-0.002894350949999999,0.0,0.0,-0.002894350949999999,-0.002893325935597947,-0.0028923016469424223,0.03401348876660547,4.235518169007731,0.539792907782207,4.235838621261262,1.0,-0.002894350949999999,-75060.81316906592,-0.07202951566697621,1.0016771138292804,0.041283232660751526
05-01-2026,06.05,1359,5096.25,3.72932,0.000753365,0.0839983,0.0375352,0.0,4950.2166944309865,2.2378540676485006,0.0020999575,0.00995132857142833,-0.004154318449999999,0.0665557,0.0016638924999999999,-0.005818210949999999,-0.005814070465414215,-0.0058099358697249704,0.03401348876660547,4.235518169007731,0.539792907782207,4.235856648410309,1.0,-0.004154318449999999,-107894.97862389067,-0.10353768797671965,1.0016771138292804,0.041283232660751526
05-01-2026,06.05,1360,5100.0,3.72959,0.000758817,0.100798,0.0409788,0.0,4915.005857802343,2.4597596806153423,0.0025199500000000004,0.010221328571428323,-0.0037343259499999985,0.0,0.0,-0.0037343259499999985,-0.0037326198385391543,-0.003730915285317784,0.03401348876660547,4.235518169007731,0.539792907782207,4.2358658320522755,1.0,-0.0037343259499999985,-97129.81795949997,-0.0932072735301465,1.0016771138292804,0.041283232660751526
05-01-2026,06.05,1361,5103.75,3.73014,0.000797109,0.167997,0.0530314,0.0,4679.585853377644,3.1678778987543232,0.004199925,0.010771328571428374,-0.0020543509499999987,0.0,0.0,-0.0020543509499999987,-0.0020538345080627703,-0.0020533183257162827,0.03401348876660547,4.235518169007731,0.539792907782207,4.235884539471097,1.0,-0.0020543509499999987,-53512.276022647704,-0.05135120659387368,1.0016771138292804,0.041283232660751526
05-01-2026,06.05,1362,5107.5,3.72999,0.00074174,0.0839983,0.0375352,0.0,5028.702779949848,2.2378540676485006,0.0020999575,0.010621328571428279,-0.004154318449999999,0.0,0.0,-0.004154318449999999,-0.004152207100114937,-0.004150097895243049,0.03401348876660547,4.235518169007731,0.539792907782207,4.235879437447782,1.0,-0.004154318449999999,-108371.86192633778,-0.1039953125594372,1.0016771138292804,0.041283232660751526
05-01-2026,06.05,1363,5111.25,3.72904,0.000744433,0.134397,0.0475216,0.0,5009.235216601091,2.828124473923437,0.0033599249999999997,0.009671328571428273,-0.002894350949999999,0.0,0.0,-0.002894350949999999,-0.002893325935597947,-0.0028923016469424223,0.03401348876660547,4.235518169007731,0.539792907782207,4.2358471246334535,1.0,-0.002894350949999999,-75614.5612973046,-0.07256090092373711,1.0016771138292804,0.041283232660751526
05-01-2026,06.05,1364,5115.0,3.73054,0.000761575,0.184796,0.0554419,0.0,4898.453862062173,3.333146952034472,0.0046199,0.01117132857142833,-0.0016343759499999992,0.0,0.0,-0.0016343759499999992,-0.0016340490623801855,-0.001633722305494244,0.03401348876660547,4.235518169007731,0.539792907782207,4.235898144866604,1.0,-0.0016343759499999992,-42760.54571443873,-0.041033680124530764,1.0016771138292804,0.041283232660751526
05-01-2026,06.05,1365,5118.75,3.73144,0.00074082,0.151197,0.0502765,0.0,5036.905051159526,3.0073095780334747,0.003779925,0.012071328571428452,-0.002474350949999999,0.0,0.0,-0.002474350949999999,-0.0024736017935847784,-0.002472853090674718,0.03401348876660547,4.235518169007731,0.539792907782207,4.235928757006493,1.0,-0.002474350949999999,-64831.95771769333,-0.062213747986304205,1.0016771138292804,0.041283232660751526
05-01-2026,06.05,1366,5122.5,3.72988,0.000754482,0.151197,0.0502765,0.0,4943.63019926254,3.0073095780334747,0.003779925,0.010511328571428447,-0.002474350949999999,0.0,0.0,-0.002474350949999999,-0.0024736017935847784,-0.002472853090674718,0.03401348876660547,4.235518169007731,0.539792907782207,4.235875695964018,1.0,-0.002474350949999999,-64926.98439269341,-0.06230493705136645,1.0016771138292804,0.041283232660751526
05-01-2026,06.05,1367,5126.25,3.73059,0.00077504,0.184796,0.0554419,0.0,4813.416081750619,3.333146952034472,0.0046199,0.011221328571428213,-0.0016343759499999992,0.0,0.0,-0.0016343759499999992,-0.0016340490623801855,-0.001633722305494244,0.03401348876660547,4.235518169007731,0.539792907782207,4.2358998455410415,1.0,-0.0016343759499999992,-42948.848807290524,-0.041214378680862127,1.0016771138292804,0.041283232660751526
05-01-2026,06.05,1368,5130.0,3.7308,0.000748833,0.167997,0.0530314,0.0,4982.152228868119,3.1678778987543232,0.004199925,0.011431328571428256,-0.0020543509499999987,0.0,0.0,-0.0020543509499999987,-0.0020538345080627703,-0.0020533183257162827,0.03401348876660547,4.235518169007731,0.539792907782207,4.235906988373683,1.0,-0.0020543509499999987,-54064.148516054964,-0.051880791962480285,1.0016771138292804,0.041283232660751526
05-01-2026,06.05,1369,5133.75,3.73078,0.000747848,0.151197,0.0502765,0.0,4988.68754078369,3.0073095780334747,0.003779925,0.01141132857142857,-0.002474350949999999,0.0,0.0,-0.002474350949999999,-0.0024736017935847784,-0.002472853090674718,0.03401348876660547,4.235518169007731,0.539792907782207,4.235906308103908,1.0,-0.002474350949999999,-65212.48196441646,-0.06257890493083759,1.0016771138292804,0.041283232660751526
05-01-2026,06.05,1370,5137.5,3.7304,0.000760196,0.134397,0.0475216,0.0,4907.155523049319,2.828124473923437,0.0033599249999999997,0.0110313285714283,-0.002894350949999999,0.0,0.0,-0.002894350949999999,-0.002893325935597947,-0.0028923016469424223,0.03401348876660547,4.235518169007731,0.539792907782207,4.235893382978176,1.0,-0.002894350949999999,-76393.22762889841,-0.07330812116240619,1.0016771138292804,0.041283232660751526
05-01-2026,06.05,1371,5141.25,3.73059,0.000746272,0.134397,0.0475216,0.0,4998.968204622443,2.828124473923437,0.0033599249999999997,0.011221328571428213,-0.002894350949999999,0.0,0.0,-0.002894350949999999,-0.002893325935597947,-0.0028923016469424223,0.03401348876660547,4.235518169007731,0.539792907782207,4.2358998455410415,1.0,-0.002894350949999999,-76504.79129075084,-0.07341517937547357,1.0016771138292804,0.041283232660751526
05-01-2026,06.05,1372,5145.0,3.73153,0.000744236,0.117598,0.0444224,0.0,5013.906879000747,2.647268044950295,0.00293995,0.012161328571428154,-0.0033143259499999987,0.0,0.0,-0.0033143259499999987,-0.003312981961024757,-0.0033116390616069196,0.03401348876660547,4.235518169007731,0.539792907782207,4.235931818220482,1.0,-0.0033143259499999987,-87733.60508059872,-0.08419052252257835,1.0016771138292804,0.041283232660751526
05-01-2026,06.05,1373,5148.75,3.7309,0.000756124,0.134397,0.0475216,0.0,4934.243589675767,2.828124473923437,0.0033599249999999997,0.011531328571428467,-0.002894350949999999,0.0,0.0,-0.002894350949999999,-0.002893325935597947,-0.0028923016469424223,0.03401348876660547,4.235518169007731,0.539792907782207,4.23591038972256,1.0,-0.002894350949999999,-76728.1628253171,-0.07362953015012287,1.0016771138292804,0.041283232660751526
05-01-2026,06.05,1374,5152.5,3.73099,0.000751855,0.134397,0.0475216,0.0,4962.37971417361,2.828124473923437,0.0033599249999999997,0.011621328571428169,-0.002894350949999999,0.0,0.0,-0.002894350949999999,-0.002893325935597947,-0.0028923016469424223,0.03401348876660547,4.235518169007731,0.539792907782207,4.235913450936549,1.0,-0.002894350949999999,-76839.97069803091,-0.0737368227117048,1.0016771138292804,0.041283232660751526
05-01-2026,06.05,1375,5156.25,3.73106,0.000763283,0.151197,0.0502765,0.0,4888.173849017991,3.0073095780334747,0.003779925,0.011691328571428183,-0.002474350949999999,0.0,0.0,-0.002474350949999999,-0.0024736017935847784,-0.002472853090674718,0.03401348876660547,4.235518169007731,0.539792907782207,4.235915831880762,1.0,-0.002474350949999999,-65785.3560681152,-0.06312864376905977,1.0016771138292804,0.041283232660751526
05-01-2026,06.05,1376,5160.0,3.7309,0.000747979,0.167997,0.0530314,0.0,4987.974261309476,3.1678778987543232,0.004199925,0.011531328571428467,-0.0020543509499999987,0.0,0.0,-0.0020543509499999987,-0.0020538345080627703,-0.0020533183257162827,0.03401348876660547,4.235518169007731,0.539792907782207,4.23591038972256,1.0,-0.0020543509499999987,-54698.326654319964,-0.052489359099142194,1.0016771138292804,0.041283232660751526
05-01-2026,06.05,1377,5163.75,3.73215,0.000750804,0.134397,0.0475216,0.0,4970.871226045679,2.828124473923437,0.0033599249999999997,0.012781328571428219,-0.002894350949999999,0.0,0.0,-0.002894350949999999,-0.002893325935597947,-0.0028923016469424223,0.03401348876660547,4.235518169007731,0.539792907782207,4.235952906583518,1.0,-0.002894350949999999,-77175.88273789521,-0.07405916909347972,1.0016771138292804,0.041283232660751526
05-01-2026,06.05,1378,5167.5,3.73238,0.000780426,0.251995,0.0692163,0.0,4782.490588473475,3.6406886817122563,0.006299875000000001,0.013011328571428393,4.559905000000187e-05,0.0,0.0,4.559905000000187e-05,4.559930450448172e-05,4.559955901180254e-05,0.03401348876660547,4.235518169007731,0.539792907782207,4.235960729685934,1.0,4.559905000000187e-05,1217.6339970966123,0.0011684603905498128,1.0016771138292804,0.041283232660751526
05-01-2026,06.05,1379,5171.25,3.73096,0.000757569,0.0839983,0.0375352,0.0,4924.9111302072815,2.2378540676485006,0.0020999575,0.011591328571428416,-0.004154318449999999,0.0,0.0,-0.004154318449999999,-0.004152207100114937,-0.004150097895243049,0.03401348876660547,4.235518169007731,0.539792907782207,4.235912430531886,1.0,-0.004154318449999999,-111094.06347529379,-0.10660757921151234,1.0016771138292804,0.041283232660751526
05-01-2026,06.05,1380,5175.0,3.73091,0.000763152,0.117598,0.0444224,0.0,4888.816382581714,2.647268044950295,0.00293995,0.011541328571428533,-0.0033143259499999987,0.0,0.0,-0.0033143259499999987,-0.003312981961024757,-0.0033116390616069196,0.03401348876660547,4.235518169007731,0.539792907782207,4.235910729857447,1.0,-0.0033143259499999987,-88759.72039471872,-0.08517519862684671,1.0016771138292804,0.041283232660751526
05-01-2026,06.05,1381,5178.75,3.73212,0.000773924,0.184796,0.0554419,0.0,4822.333975945959,3.333146952034472,0.0046199,0.012751328571428466,-0.0016343759499999992,0.0,0.0,-0.0016343759499999992,-0.0016340490623801855,-0.001633722305494244,0.03401348876660547,4.235518169007731,0.539792907782207,4.235951886178855,1.0,-0.0016343759499999992,-43833.0666259399,-0.0420628877568026,1.0016771138292804,0.041283232660751526
05-01-2026,06.05,1382,5182.5,3.73189,0.000769786,0.235195,0.0626734,0.0,4847.957744100308,3.752708485577613,0.005879875,0.012521328571428292,-0.00037440094999999923,0.0,0.0,-0.00037440094999999923,-0.00037438379323510217,-0.000374366638042536,0.03401348876660547,4.235518169007731,0.539792907782207,4.235944063076438,1.0,-0.00037440094999999923,-10055.775375390916,-0.009649677366455943,1.0016771138292804,0.041283232660751526
05-01-2026,06.05,1383,5186.25,3.7319,0.000762955,0.151197,0.0502765,0.0,4891.376293490442,3.0073095780334747,0.003779925,0.012531328571428357,-0.002474350949999999,0.0,0.0,-0.002474350949999999,-0.0024736017935847784,-0.002472853090674718,0.03401348876660547,4.235518169007731,0.539792907782207,4.2359444032113265,1.0,-0.002474350949999999,-66553.08530912646,-0.06386536860667724,1.0016771138292804,0.041283232660751526
05-01-2026,06.05,1384,5190.0,3.73054,0.000749293,0.050399,0.0289262,0.0,4978.7466318249335,1.7423304824000387,0.0012599750000000002,0.01117132857142833,-0.004994300949999999,0.0,0.0,-0.004994300949999999,-0.004991249786845219,-0.004988202349502183,0.03401348876660547,4.235518169007731,0.539792907782207,4.235898144866604,1.0,-0.004994300949999999,-134526.98981929498,-0.12909417726390243,1.0016771138292804,0.041283232660751526
05-01-2026,06.05,1385,5193.75,3.7313,0.000754942,0.117598,0.0444224,0.0,4942.4988939547675,2.647268044950295,0.00293995,0.011931328571428423,-0.0033143259499999987,0.0,0.0,-0.0033143259499999987,-0.003312981961024757,-0.0033116390616069196,0.03401348876660547,4.235518169007731,0.539792907782207,4.235923995118066,1.0,-0.0033143259499999987,-89404.07196710739,-0.0857935283480272,1.0016771138292804,0.041283232660751526
05-01-2026,06.05,1386,5197.5,3.73142,0.000723677,0.134397,0.0475216,0.0,5156.19537445573,2.828124473923437,0.0033599249999999997,0.012051328571428321,-0.002894350949999999,0.0,0.0,-0.002894350949999999,-0.002893325935597947,-0.0028923016469424223,0.03401348876660547,4.235518169007731,0.539792907782207,4.235928076736718,1.0,-0.002894350949999999,-78188.01465299341,-0.07503042651206651,1.0016771138292804,0.041283232660751526
05-01-2026,06.05,1387,5201.25,3.73264,0.000761707,0.117598,0.0444224,0.0,4900.361950198699,2.647268044950295,0.00293995,0.01327132857142832,-0.0033143259499999987,0.0,0.0,-0.0033143259499999987,-0.003312981961024757,-0.0033116390616069196,0.03401348876660547,4.235518169007731,0.539792907782207,4.235969573193014,1.0,-0.0033143259499999987,-89662.46510398426,-0.08604148639317907,1.0016771138292804,0.041283232660751526
05-01-2026,06.05,1388,5205.0,3.73222,0.000752906,0.201596,0.0581968,0.0,4957.086276374474,3.464039259890578,0.005039900000000001,0.012851328571428233,-0.0012143759499999981,0.0,0.0,-0.0012143759499999981,-0.0012141954724508841,-0.0012140150485380524,0.03401348876660547,4.235518169007731,0.539792907782207,4.235955287527731,1.0,-0.0012143759499999981,-32899.9035967987,-0.031571255646138496,1.0016771138292804,0.041283232660751526
05-01-2026,06.05,1389,5208.75,3.73215,0.000764728,0.184796,0.0554419,0.0,4880.36269104832,3.333146952034472,0.0046199,0.012781328571428219,-0.0016343759499999992,0.0,0.0,-0.0016343759499999992,-0.0016340490623801855,-0.001633722305494244,0.03401348876660547,4.235518169007731,0.539792907782207,4.235952906583518,1.0,-0.0016343759499999992,-44342.37903135865,-0.04255163180761464,1.0016771138292804,0.041283232660751526
05-01-2026,06.05,1390,5212.5,3.73207,0.000777273,0.218396,0.0602629,0.0,4801.491882517468,3.624053936999381,0.0054599,0.012701328571428583,-0.0007943759499999987,0.0,0.0,-0.0007943759499999987,-0.0007942987190517363,-0.0007942215031191336,0.03401348876660547,4.235518169007731,0.539792907782207,4.235950185504416,1.0,-0.0007943759499999987,-21583.318682742152,-0.020711685972576343,1.0016771138292804,0.041283232660751526
05-01-2026,06.05,1391,5216.25,3.732,0.000768078,0.218396,0.0602629,0.0,4858.881519845641,3.624053936999381,0.0054599,0.012631328571428568,-0.0007943759499999987,0.0,0.0,-0.0007943759499999987,-0.0007942987190517363,-0.0007942215031191336,0.03401348876660547,4.235518169007731,0.539792907782207,4.235947804560203,1.0,-0.0007943759499999987,-21614.384988449263,-0.020741497679366745,1.0016771138292804,0.041283232660751526
05-01-2026,06.05,1392,5220.0,3.73302,0.00074995,0.134397,0.0475216,0.0,4977.691846123074,2.828124473923437,0.0033599249999999997,0.013651328571428145,-0.002894350949999999,0.0,0.0,-0.002894350949999999,-0.002893325935597947,-0.0028923016469424223,0.03401348876660547,4.235518169007731,0.539792907782207,4.235982498318744,1.0,-0.002894350949999999,-78866.43242597998,-0.07568144668550941,1.0016771138292804,0.041283232660751526
05-01-2026,06.05,1393,5223.75,3.73264,0.000737536,0.117598,0.0444224,0.0,5060.959736202707,2.647268044950295,0.00293995,0.01327132857142832,-0.0033143259499999987,0.0,0.0,-0.0033143259499999987,-0.003312981961024757,-0.0033116390616069196,0.03401348876660547,4.235518169007731,0.539792907782207,4.235969573193014,1.0,-0.0033143259499999987,-90439.88168463114,-0.08678750735153647,1.0016771138292804,0.041283232660751526
05-01-2026,06.05,1394,5227.5,3.73268,0.000771493,0.167997,0.0530314,0.0,4838.255175354799,3.1678778987543232,0.004199925,0.013311328571428582,-0.0020543509499999987,0.0,0.0,-0.0020543509499999987,-0.0020538345080627703,-0.0020533183257162827,0.03401348876660547,4.235518169007731,0.539792907782207,4.235970933732564,1.0,-0.0020543509499999987,-56138.7476626059,-0.053871609346680574,1.0016771138292804,0.041283232660751526
05-01-2026,06.05,1395,5231.25,3.73213,0.000756715,0.100798,0.0409788,0.0,4932.015355847314,2.4597596806153423,0.0025199500000000004,0.012761328571428532,-0.0037343259499999985,0.0,0.0,-0.0037343259499999985,-0.0037326198385391543,-0.003730915285317784,0.03401348876660547,4.235518169007731,0.539792907782207,4.235952226313742,1.0,-0.0037343259499999985,-102193.4764244355,-0.09806643840371072,1.0016771138292804,0.041283232660751526
05-01-2026,06.05,1396,5235.0,3.73119,0.00074174,0.201596,0.0581968,0.0,5030.3205975139535,3.464039259890578,0.005039900000000001,0.011821328571428147,-0.0012143759499999981,0.0,0.0,-0.0012143759499999981,-0.0012141954724508841,-0.0012140150485380524,0.03401348876660547,4.235518169007731,0.539792907782207,4.235920253634302,1.0,-0.0012143759499999981,-33280.2461443387,-0.031936238229329325,1.0016771138292804,0.041283232660751526
05-01-2026,06.05,1397,5238.75,3.73255,0.000744104,0.0839983,0.0375352,0.0,5016.167094922215,2.2378540676485006,0.0020999575,0.013181328571428175,-0.004154318449999999,0.0,0.0,-0.004154318449999999,-0.004152207100114937,-0.004150097895243049,0.03401348876660547,4.235518169007731,0.539792907782207,4.235966511979025,1.0,-0.004154318449999999,-114013.19919214754,-0.109408826932844,1.0016771138292804,0.041283232660751526
05-01-2026,06.05,1398,5242.5,3.7332,0.000780951,0.235195,0.0626734,0.0,4780.325526185382,3.752708485577613,0.005879875,0.013831328571428436,-0.00037440094999999923,0.0,0.0,-0.00037440094999999923,-0.00037438379323510217,-0.000374366638042536,0.03401348876660547,4.235518169007731,0.539792907782207,4.235988620746722,1.0,-0.00037440094999999923,-10289.963169615916,-0.009874407590936059,1.0016771138292804,0.041283232660751526
05-01-2026,06.05,1399,5246.25,3.73351,0.000778062,0.151197,0.0502765,0.0,4798.473643488564,3.0073095780334747,0.003779925,0.014141328571428247,-0.002474350949999999,0.0,0.0,-0.002474350949999999,-0.0024736017935847784,-0.002472853090674718,0.03401348876660547,4.235518169007731,0.539792907782207,4.2359991649282405,1.0,-0.002474350949999999,-68101.90528627895,-0.06535164017901358,1.0016771138292804,0.041283232660751526
05-01-2026,06.05,1400,5250.0,3.73236,0.000751789,0.134397,0.0475216,0.0,4964.63768424385,2.828124473923437,0.0033599249999999997,0.012991328571428262,-0.002894350949999999,0.0665557,0.0016638924999999999,-0.004558243449999999,-0.004555701691918565,-0.004553162766916896,0.03401348876660547,4.235518169007731,0.539792907782207,4.235960049416159,1.0,-0.002894350949999999,-79775.54805937498,-0.07655384808903838,1.0016771138292804,0.041283232660751526
05-01-2026,06.05,1401,5253.75,3.7331,0.000743447,0.167997,0.0530314,0.0,5021.33978615826,3.1678778987543232,0.004199925,0.013731328571428225,-0.0020543509499999987,0.0,0.0,-0.0020543509499999987,-0.0020538345080627703,-0.0020533183257162827,0.03401348876660547,4.235518169007731,0.539792907782207,4.235985219397846,1.0,-0.0020543509499999987,-56703.96701734145,-0.054414002569566425,1.0016771138292804,0.041283232660751526
05-01-2026,06.05,1402,5257.5,3.73379,0.000729063,0.117598,0.0444224,0.0,5121.354395984984,2.647268044950295,0.00293995,0.014421328571428305,-0.0033143259499999987,0.0,0.0,-0.0033143259499999987,-0.003312981961024757,-0.0033116390616069196,0.03401348876660547,4.235518169007731,0.539792907782207,4.236008688705095,1.0,-0.0033143259499999987,-91612.29859627216,-0.08791257672848371,1.0016771138292804,0.041283232660751526
05-01-2026,06.05,1403,5261.25,3.73279,0.000760722,0.151197,0.0502765,0.0,4906.904230454752,3.0073095780334747,0.003779925,0.013421328571428415,-0.002474350949999999,0.0,0.0,-0.002474350949999999,-0.0024736017935847784,-0.002472853090674718,0.03401348876660547,4.235518169007731,0.539792907782207,4.235974675216329,1.0,-0.002474350949999999,-68491.89392538583,-0.06572587930066046,1.0016771138292804,0.041283232660751526
05-01-2026,06.05,1404,5265.0,3.73227,0.000748965,0.0839983,0.0375352,0.0,4983.236866876289,2.2378540676485006,0.0020999575,0.01290132857142856,-0.004154318449999999,0.0,0.0,-0.004154318449999999,-0.004152207100114937,-0.004150097895243049,0.03401348876660547,4.235518169007731,0.539792907782207,4.23595698820217,1.0,-0.004154318449999999,-115158.64215565122,-0.1105080116925332,1.0016771138292804,0.041283232660751526
05-01-2026,06.05,1405,5268.75,3.73356,0.000748702,0.151197,0.0502765,0.0,4986.710333350252,3.0073095780334747,0.003779925,0.014191328571428574,-0.002474350949999999,0.0,0.0,-0.002474350949999999,-0.0024736017935847784,-0.002472853090674718,0.03401348876660547,4.235518169007731,0.539792907782207,4.236000865602679,1.0,-0.002474350949999999,-68687.30579166207,-0.0659133995457683,1.0016771138292804,0.041283232660751526
05-01-2026,06.05,1406,5272.5,3.73365,0.000752314,0.167997,0.0530314,0.0,4962.887836727749,3.1678778987543232,0.004199925,0.014281328571428276,-0.0020543509499999987,0.0,0.0,-0.0020543509499999987,-0.0020538345080627703,-0.0020533183257162827,0.03401348876660547,4.235518169007731,0.539792907782207,4.236003926816668,1.0,-0.0020543509499999987,-57109.4284864809,-0.05480308965789778,1.0016771138292804,0.041283232660751526
05-01-2026,06.05,1407,5276.25,3.73365,0.000741477,0.117598,0.0444224,0.0,5035.422541764613,2.647268044950295,0.00293995,0.014281328571428276,-0.0033143259499999987,0.0,0.0,-0.0033143259499999987,-0.003312981961024757,-0.0033116390616069196,0.03401348876660547,4.235518169007731,0.539792907782207,4.236003926816668,1.0,-0.0033143259499999987,-92266.90386456864,-0.08854074605463055,1.0016771138292804,0.041283232660751526
05-01-2026,06.05,1408,5280.0,3.73404,0.000769917,0.235195,0.0626734,0.0,4849.925381567104,3.752708485577613,0.005879875,0.014671328571428166,-0.00037440094999999923,0.0,0.0,-0.00037440094999999923,-0.00037438379323510217,-0.000374366638042536,0.03401348876660547,4.235518169007731,0.539792907782207,4.236017192077287,1.0,-0.00037440094999999923,-10437.699444479978,-0.010016177602152607,1.0016771138292804,0.041283232660751526
05-01-2026,06.05,1409,5283.75,3.73448,0.000770114,0.201596,0.0581968,0.0,4849.2560841641625,3.464039259890578,0.005039900000000001,0.015111328571428384,-0.0012143759499999981,0.0,0.0,-0.0012143759499999981,-0.0012141954724508841,-0.0012140150485380524,0.03401348876660547,4.235518169007731,0.539792907782207,4.236032158012344,1.0,-0.0012143759499999981,-33902.96484926174,-0.03253380871675989,1.0016771138292804,0.041283232660751526
05-01-2026,06.05,1410,5287.5,3.73425,0.000781937,0.117598,0.0444224,0.0,4775.640492776272,2.647268044950295,0.00293995,0.01488132857142821,-0.0033143259499999987,0.0,0.0,-0.0033143259499999987,-0.003312981961024757,-0.0033116390616069196,0.03401348876660547,4.235518169007731,0.539792907782207,4.236024334909928,1.0,-0.0033143259499999987,-92660.78561055465,-0.08891872106176954,1.0016771138292804,0.041283232660751526
05-01-2026,06.05,1411,5291.25,3.7332,0.000754679,0.100798,0.0409788,0.0,4946.738944637389,2.4597596806153423,0.0025199500000000004,0.013831328571428436,-0.0037343259499999985,0.0,0.0,-0.0037343259499999985,-0.0037326198385391543,-0.003730915285317784,0.03401348876660547,4.235518169007731,0.539792907782207,4.235988620746722,1.0,-0.0037343259499999985,-104551.143112968,-0.10032889177330925,1.0016771138292804,0.041283232660751526
05-01-2026,06.05,1412,5295.0,3.73341,0.00072394,0.0839983,0.0375352,0.0,5157.071027985745,2.2378540676485006,0.0020999575,0.01404132857142848,-0.004154318449999999,0.0,0.0,-0.004154318449999999,-0.004152207100114937,-0.004150097895243049,0.03401348876660547,4.235518169007731,0.539792907782207,4.235995763579364,1.0,-0.004154318449999999,-116474.73024061121,-0.1117709501464669,1.0016771138292804,0.041283232660751526
05-01-2026,06.05,1413,5298.75,3.73385,0.000736617,0.134397,0.0475216,0.0,5068.91641110645,2.828124473923437,0.0033599249999999997,0.014481328571428254,-0.002894350949999999,0.0,0.0,-0.002894350949999999,-0.002893325935597947,-0.0028923016469424223,0.03401348876660547,4.235518169007731,0.539792907782207,4.236010729514421,1.0,-0.002894350949999999,-81263.97255783583,-0.07798216322718533,1.0016771138292804,0.041283232660751526
05-01-2026,06.05,1414,5302.5,3.73435,0.000750869,0.100798,0.0409788,0.0,4973.37085430348,2.4597596806153423,0.0025199500000000004,0.01498132857142842,-0.0037343259499999985,0.0,0.0,-0.0037343259499999985,-0.0037326198385391543,-0.003730915285317784,0.03401348876660547,4.235518169007731,0.539792907782207,4.236027736258804,1.0,-0.0037343259499999985,-104996.19891271215,-0.10075597419284213,1.0016771138292804,0.041283232660751526
05-01-2026,06.05,1415,5306.25,3.73477,0.000735106,0.050399,0.0289262,0.0,5080.587017382527,1.7423304824000387,0.0012599750000000002,0.015401328571428508,-0.004994300949999999,0.0,0.0,-0.004994300949999999,-0.004991249786845219,-0.004988202349502183,0.03401348876660547,4.235518169007731,0.539792907782207,4.236042021924086,1.0,-0.004994300949999999,-140620.98121331833,-0.13494206553020116,1.0016771138292804,0.041283232660751526
05-01-2026,06.05,1416,5310.0,3.7346,0.000722561,0.100798,0.0409788,0.0,5168.560163086577,2.4597596806153423,0.0025199500000000004,0.015231328571428282,-0.0037343259499999985,0.0,0.0,-0.0037343259499999985,-0.0037326198385391543,-0.003730915285317784,0.03401348876660547,4.235518169007731,0.539792907782207,4.236036239630996,1.0,-0.0037343259499999985,-105293.42791879496,-0.10104119973792249,1.0016771138292804,0.041283232660751526
05-01-2026,06.05,1417,5313.75,3.73363,0.00074949,0.151197,0.0502765,0.0,4981.560794673711,3.0073095780334747,0.003779925,0.014261328571428145,-0.002474350949999999,0.0,0.0,-0.002474350949999999,-0.0024736017935847784,-0.002472853090674718,0.03401348876660547,4.235518169007731,0.539792907782207,4.236003246546892,1.0,-0.002474350949999999,-69865.62264343895,-0.0670441305963973,1.0016771138292804,0.041283232660751526
05-01-2026,06.05,1418,5317.5,3.73457,0.000762232,0.134397,0.0475216,0.0,4899.518781683268,2.828124473923437,0.0033599249999999997,0.01520132857142853,-0.002894350949999999,0.0,0.0,-0.002894350949999999,-0.002893325935597947,-0.0028923016469424223,0.03401348876660547,4.235518169007731,0.539792907782207,4.236035219226333,1.0,-0.002894350949999999,-81840.10668170342,-0.07853503043111408,1.0016771138292804,0.041283232660751526
05-01-2026,06.05,1419,5321.25,3.7351,0.000769326,0.100798,0.0409788,0.0,4855.02894741631,2.4597596806153423,0.0025199500000000004,0.01573132857142845,-0.0037343259499999985,0.0,0.0,-0.0037343259499999985,-0.0037326198385391543,-0.003730915285317784,0.03401348876660547,4.235518169007731,0.539792907782207,4.23605324637538,1.0,-0.0037343259499999985,-105740.05913729925,-0.10146979395363068,1.0016771138292804,0.041283232660751526
05-01-2026,06.05,1420,5325.0,3.73481,0.000755073,0.151197,0.0502765,0.0,4946.289961367974,3.0073095780334747,0.003779925,0.015441328571428325,-0.002474350949999999,0.0,0.0,-0.002474350949999999,-0.0024736017935847784,-0.002472853090674718,0.03401348876660547,4.235518169007731,0.539792907782207,4.236043382463637,1.0,-0.002474350949999999,-70161.76765659371,-0.06732831592512112,1.0016771138292804,0.041283232660751526
05-01-2026,06.05,1421,5328.75,3.73418,0.000744761,0.134397,0.0475216,0.0,5013.930643521881,2.828124473923437,0.0033599249999999997,0.014811328571428195,-0.002894350949999999,0.0,0.0,-0.002894350949999999,-0.002893325935597947,-0.0028923016469424223,0.03401348876660547,4.235518169007731,0.539792907782207,4.2360219539657145,1.0,-0.002894350949999999,-82186.7639994696,-0.07886768814752956,1.0016771138292804,0.041283232660751526
05-01-2026,06.05,1422,5332.5,3.73448,0.000768735,0.184796,0.0554419,0.0,4857.9549519665425,3.333146952034472,0.0046199,0.015111328571428384,-0.0016343759499999992,0.0665557,0.0016638924999999999,-0.003298268449999999,-0.0032969374497838766,-0.003295607523371773,0.03401348876660547,4.235518169007731,0.539792907782207,4.236032158012344,1.0,-0.0016343759499999992,-46474.389259872165,-0.04459754175280767,1.0016771138292804,0.041283232660751526
05-01-2026,06.05,1423,5336.25,3.73516,0.000741477,0.167997,0.0530314,0.0,5037.459017609447,3.1678778987543232,0.004199925,0.015791328571428398,-0.0020543509499999987,0.0,0.0,-0.0020543509499999987,-0.0020538345080627703,-0.0020533183257162827,0.03401348876660547,4.235518169007731,0.539792907782207,4.236055287184706,1.0,-0.0020543509499999987,-58498.8020835827,-0.05613635402121232,1.0016771138292804,0.041283232660751526
05-01-2026,06.05,1424,5340.0,3.73526,0.000742725,0.134397,0.0475216,0.0,5029.129220101653,2.828124473923437,0.0033599249999999997,0.015891328571428165,-0.002894350949999999,0.0,0.0,-0.002894350949999999,-0.002893325935597947,-0.0028923016469424223,0.03401348876660547,4.235518169007731,0.539792907782207,4.236058688533582,1.0,-0.002894350949999999,-82534.15394981997,-0.07920104890948872,1.0016771138292804,0.041283232660751526
05-01-2026,06.05,1425,5343.75,3.73451,0.000750804,0.184796,0.0554419,0.0,4974.014523097906,3.333146952034472,0.0046199,0.01514132857142858,-0.0016343759499999992,0.0,0.0,-0.0016343759499999992,-0.0016340490623801855,-0.001633722305494244,0.03401348876660547,4.235518169007731,0.539792907782207,4.236033178417007,1.0,-0.0016343759499999992,-46670.69058002927,-0.044785915531597636,1.0016771138292804,0.041283232660751526
05-01-2026,06.05,1426,5347.5,3.7341,0.000753759,0.0839983,0.0375352,0.0,4953.970698857327,2.2378540676485006,0.0020999575,0.014731328571428559,-0.004154318449999999,0.0,0.0,-0.004154318449999999,-0.004152207100114937,-0.004150097895243049,0.03401348876660547,4.235518169007731,0.539792907782207,4.236019232886613,1.0,-0.004154318449999999,-118795.87778107778,-0.11399835917752578,1.0016771138292804,0.041283232660751526
05-01-2026,06.05,1427,5351.25,3.73457,0.000739638,0.151197,0.0502765,0.0,5049.186223530971,3.0073095780334747,0.003779925,0.01520132857142853,-0.002474350949999999,0.0,0.0,-0.002474350949999999,-0.0024736017935847784,-0.002472853090674718,0.03401348876660547,4.235518169007731,0.539792907782207,4.236035219226333,1.0,-0.002474350949999999,-70855.20837650458,-0.06799375235046914,1.0016771138292804,0.041283232660751526
05-01-2026,06.05,1428,5355.0,3.73474,0.000773464,0.134397,0.0475216,0.0,4828.589307323935,2.828124473923437,0.0033599249999999997,0.015371328571428311,-0.002894350949999999,0.0,0.0,-0.002894350949999999,-0.002893325935597947,-0.0028923016469424223,0.03401348876660547,4.235518169007731,0.539792907782207,4.236041001519423,1.0,-0.002894350949999999,-82998.48020097373,-0.07964662355183554,1.0016771138292804,0.041283232660751526
05-01-2026,06.05,1429,5358.75,3.73467,0.000736551,0.167997,0.0530314,0.0,5070.483917610593,3.1678778987543232,0.004199925,0.015301328571428296,-0.0020543509499999987,0.0665557,0.0016638924999999999,-0.0037182434499999986,-0.0037165519988765264,-0.0037148620859557262,0.03401348876660547,4.235518169007731,0.539792907782207,4.23603862057521,1.0,-0.0020543509499999987,-58993.15596031332,-0.05661074363685365,1.0016771138292804,0.041283232660751526
05-01-2026,06.05,1430,5362.5,3.73518,0.000755927,0.100798,0.0409788,0.0,4941.191411339984,2.4597596806153423,0.0025199500000000004,0.01581132857142853,-0.0037343259499999985,0.133111,0.0033277750000000003,-0.007062100949999999,-0.007056001733942466,-0.007049913044026141,0.03401348876660547,4.235518169007731,0.539792907782207,4.23605596745448,1.0,-0.0037343259499999985,-107385.79408811714,-0.10304906663159416,1.0016771138292804,0.041283232660751526
05-01-2026,06.05,1431,5366.25,3.73525,0.000753562,0.151197,0.0502765,0.0,4956.791876448122,3.0073095780334747,0.003779925,0.015881328571428543,-0.002474350949999999,0.0,0.0,-0.002474350949999999,-0.0024736017935847784,-0.002472853090674718,0.03401348876660547,4.235518169007731,0.539792907782207,4.236058348398695,1.0,-0.002474350949999999,-71252.99122110395,-0.06837547091209181,1.0016771138292804,0.041283232660751526
05-01-2026,06.05,1432,5370.0,3.73595,0.000788768,0.167997,0.0530314,0.0,4736.437076554829,3.1678778987543232,0.004199925,0.016581328571428244,-0.0020543509499999987,0.0,0.0,-0.0020543509499999987,-0.0020538345080627703,-0.0020533183257162827,0.03401348876660547,4.235518169007731,0.539792907782207,4.236082157840831,1.0,-0.0020543509499999987,-59241.112910054966,-0.056848686955638696,1.0016771138292804,0.041283232660751526
05-01-2026,06.05,1433,5373.75,3.73534,0.000744104,0.0839983,0.0375352,0.0,5019.916570801931,2.2378540676485006,0.0020999575,0.015971328571428245,-0.004154318449999999,0.0,0.0,-0.004154318449999999,-0.004152207100114937,-0.004150097895243049,0.03401348876660547,4.235518169007731,0.539792907782207,4.236061409612684,1.0,-0.004154318449999999,-119965.03930648192,-0.11512030463555913,1.0016771138292804,0.041283232660751526
05-01-2026,06.05,1434,5377.5,3.73465,0.000736551,0.0335993,0.0237608,0.0,5070.456764025845,1.4140643412679708,0.0008399825,0.015281328571428165,-0.005414293449999999,0.0,0.0,-0.005414293449999999,-0.005410707722491672,-0.005407126741284008,0.03401348876660547,4.235518169007731,0.539792907782207,4.236037940305434,1.0,-0.005414293449999999,-156567.86467970902,-0.15024494121174536,1.0016771138292804,0.041283232660751526
05-01-2026,06.05,1435,5381.25,3.73579,0.000758423,0.218396,0.0602629,0.0,4925.734056061064,3.624053936999381,0.0054599,0.01642132857142853,-0.0007943759499999987,0.0,0.0,-0.0007943759499999987,-0.0007942987190517363,-0.0007942215031191336,0.03401348876660547,4.235518169007731,0.539792907782207,4.2360767156826284,1.0,-0.0007943759499999987,-23003.420844919885,-0.022074437941555055,1.0016771138292804,0.041283232660751526
05-01-2026,06.05,1436,5385.0,3.73649,0.000762626,0.100798,0.0409788,0.0,4899.505130955409,2.4597596806153423,0.0025199500000000004,0.01712132857142823,-0.0037343259499999985,0.0,0.0,-0.0037343259499999985,-0.0037326198385391543,-0.003730915285317784,0.03401348876660547,4.235518169007731,0.539792907782207,4.2361005251247645,1.0,-0.0037343259499999985,-108288.82412143871,-0.10391562819929767,1.0016771138292804,0.041283232660751526
05-01-2026,06.05,1437,5388.75,3.73598,0.000739966,0.0335993,0.0237608,0.0,5048.853595976031,1.4140643412679708,0.0008399825,0.01661132857142844,-0.005414293449999999,0.0,0.0,-0.005414293449999999,-0.005410707722491672,-0.005407126741284008,0.03401348876660547,4.235518169007731,0.539792907782207,4.236083178245494,1.0,-0.005414293449999999,-157223.64559433973,-0.15087423870627298,1.0016771138292804,0.041283232660751526
05-01-2026,06.05,1438,5392.5,3.73561,0.000720328,0.100798,0.0409788,0.0,5185.9847180728775,2.4597596806153423,0.0025199500000000004,0.016241328571428237,-0.0037343259499999985,0.0,0.0,-0.0037343259499999985,-0.0037326198385391543,-0.003730915285317784,0.03401348876660547,4.235518169007731,0.539792907782207,4.2360705932546505,1.0,-0.0037343259499999985,-108590.67435588465,-0.10420528834649237,1.0016771138292804,0.041283232660751526
05-01-2026,06.05,1439,5396.25,3.73599,0.000743579,0.100798,0.0409788,0.0,5024.335006771305,2.4597596806153423,0.0025199500000000004,0.016621328571428506,-0.0037343259499999985,0.0,0.0,-0.0037343259499999985,-0.0037326198385391543,-0.003730915285317784,0.03401348876660547,4.235518169007731,0.539792907782207,4.236083518380382,1.0,-0.0037343259499999985,-108741.75701498362,-0.10435026959970722,1.0016771138292804,0.041283232660751526
05-01-2026,06.05,1440,5400.0,3.73678,0.000723677,0.167997,0.0530314,0.0,5163.601993707137,3.1678778987543232,0.004199925,0.017411328571428353,-0.0020543509499999987,0.0,0.0,-0.0020543509499999987,-0.0020538345080627703,-0.0020533183257162827,0.03401348876660547,4.235518169007731,0.539792907782207,4.236110389036507,1.0,-0.0020543509499999987,-59904.87370199996,-0.05748564206369007,1.0016771138292804,0.041283232660751526
05-01-2026,06.05,1441,5403.75,3.73809,0.000748439,0.151197,0.0502765,0.0,4994.515251075906,3.0073095780334747,0.003779925,0.018721328571428497,-0.002474350949999999,0.0665557,0.0016638924999999999,-0.004138243449999999,-0.00413614840398138,-0.004134055478184489,0.03401348876660547,4.235518169007731,0.539792907782207,4.236154946706791,1.0,-0.002474350949999999,-72252.3197110352,-0.06933444196613342,1.0016771138292804,0.041283232660751526
05-01-2026,06.05,1442,5407.5,3.73723,0.0007688,0.151197,0.0502765,0.0,4861.121227887616,3.0073095780334747,0.003779925,0.017861328571428192,-0.002474350949999999,0.0,0.0,-0.002474350949999999,-0.0024736017935847784,-0.002472853090674718,0.03401348876660547,4.235518169007731,0.539792907782207,4.236125695106452,1.0,-0.002474350949999999,-72352.63531119091,-0.06943070636546497,1.0016771138292804,0.041283232660751526
05-01-2026,06.05,1443,5411.25,3.73611,0.000750081,0.151197,0.0502765,0.0,4980.942058257709,3.0073095780334747,0.003779925,0.016741328571428404,-0.002474350949999999,0.0,0.0,-0.002474350949999999,-0.0024736017935847784,-0.002472853090674718,0.03401348876660547,4.235518169007731,0.539792907782207,4.236087599999034,1.0,-0.002474350949999999,-72453.02050246707,-0.06952703754551057,1.0016771138292804,0.041283232660751526
05-01-2026,06.05,1444,5415.0,3.73648,0.00072486,0.0839983,0.0375352,0.0,5154.760919349943,2.2378540676485006,0.0020999575,0.017111328571428164,-0.004154318449999999,0.0,0.0,-0.004154318449999999,-0.004152207100114937,-0.004150097895243049,0.03401348876660547,4.235518169007731,0.539792907782207,4.236100184989877,1.0,-0.004154318449999999,-121813.86031255122,-0.11689446182890252,1.0016771138292804,0.041283232660751526
05-01-2026,06.05,1445,5418.75,3.73725,0.000752314,0.134397,0.0475216,0.0,4967.673072679759,2.828124473923437,0.0033599249999999997,0.017881328571428323,-0.002894350949999999,0.0,0.0,-0.002894350949999999,-0.002893325935597947,-0.0028923016469424223,0.03401348876660547,4.235518169007731,0.539792907782207,4.2361263753762275,1.0,-0.002894350949999999,-84986.39731463084,-0.0815542595184257,1.0016771138292804,0.041283232660751526
05-01-2026,06.05,1446,5422.5,3.73683,0.000725319,0.100798,0.0409788,0.0,5151.98140404429,2.4597596806153423,0.0025199500000000004,0.017461328571428236,-0.0037343259499999985,0.0,0.0,-0.0037343259499999985,-0.0037326198385391543,-0.003730915285317784,0.03401348876660547,4.235518169007731,0.539792907782207,4.236112089710946,1.0,-0.0037343259499999985,-109802.27641036214,-0.10536796039173865,1.0016771138292804,0.041283232660751526
05-01-2026,06.05,1447,5426.25,3.73664,0.000738915,0.134397,0.0475216,0.0,5056.928063444374,2.828124473923437,0.0033599249999999997,0.017271328571428324,-0.002894350949999999,0.0,0.0,-0.002894350949999999,-0.002893325935597947,-0.0028923016469424223,0.03401348876660547,4.235518169007731,0.539792907782207,4.2361056271480795,1.0,-0.002894350949999999,-85221.81658502646,-0.08178017148645987,1.0016771138292804,0.041283232660751526
05-01-2026,06.05,1448,5430.0,3.73652,0.000766305,0.100798,0.0409788,0.0,4876.021949484866,2.4597596806153423,0.0025199500000000004,0.017151328571428426,-0.0037343259499999985,0.0,0.0,-0.0037343259499999985,-0.0037326198385391543,-0.003730915285317784,0.03401348876660547,4.235518169007731,0.539792907782207,4.2361015455294275,1.0,-0.0037343259499999985,-110106.22720315495,-0.10565963626716711,1.0016771138292804,0.041283232660751526
05-01-2026,06.05,1449,5433.75,3.73682,0.000742199,0.167997,0.0530314,0.0,5034.795250330437,3.1678778987543232,0.004199925,0.01745132857142817,-0.0020543509499999987,0.0,0.0,-0.0020543509499999987,-0.0020538345080627703,-0.0020533183257162827,0.03401348876660547,4.235518169007731,0.539792907782207,4.236111749576058,1.0,-0.0020543509499999987,-60656.02465740395,-0.05820645812237931,1.0016771138292804,0.041283232660751526
05-01-2026,06.05,1450,5437.5,3.73644,0.000765976,0.167997,0.0530314,0.0,4878.011843713119,3.1678778987543232,0.004199925,0.017071328571428346,-0.0020543509499999987,0.0,0.0,-0.0020543509499999987,-0.0020538345080627703,-0.0020533183257162827,0.03401348876660547,4.235518169007731,0.539792907782207,4.236098824450327,1.0,-0.0020543509499999987,-60739.7747677734,-0.058286826021850105,1.0016771138292804,0.041283232660751526
05-01-2026,06.05,1451,5441.25,3.73712,0.00074417,0.0671987,0.0337472,0.0,5021.8632839270595,1.991237791579746,0.0016799675,0.01775132857142836,-0.004574308449999999,0.0,0.0,-0.004574308449999999,-0.004571748749114434,-0.004569191911352039,0.03401348876660547,4.235518169007731,0.539792907782207,4.236121953622688,1.0,-0.004574308449999999,-135432.47228819694,-0.1299630922266679,1.0016771138292804,0.041283232660751526
05-01-2026,06.05,1452,5445.0,3.73662,0.000736617,0.134397,0.0475216,0.0,5072.676845633484,2.828124473923437,0.0033599249999999997,0.017251328571428193,-0.002894350949999999,0.0,0.0,-0.002894350949999999,-0.002893325935597947,-0.0028923016469424223,0.03401348876660547,4.235518169007731,0.539792907782207,4.236104946878305,1.0,-0.002894350949999999,-85811.78932437372,-0.08234631843954691,1.0016771138292804,0.041283232660751526
05-01-2026,06.05,1453,5448.75,3.73616,0.000731953,0.0671987,0.0337472,0.0,5104.371455544277,1.991237791579746,0.0016799675,0.016791328571428288,-0.004574308449999999,0.0,0.0,-0.004574308449999999,-0.004571748749114434,-0.004569191911352039,0.03401348876660547,4.235518169007731,0.539792907782207,4.236089300673472,1.0,-0.004574308449999999,-135806.07893085066,-0.1303216109314906,1.0016771138292804,0.041283232660751526
05-01-2026,06.05,1454,5452.5,3.73749,0.000745287,0.218396,0.0602629,0.0,5014.833211903603,3.624053936999381,0.0054599,0.018121328571428563,-0.0007943759499999987,0.0665557,0.0016638924999999999,-0.0024582684499999986,-0.002457528999041194,-0.002456789992804605,0.03401348876660547,4.235518169007731,0.539792907782207,4.236134538613531,1.0,-0.0007943759499999987,-23616.60336436215,-0.022662857358107347,1.0016771138292804,0.041283232660751526
05-01-2026,06.05,1455,5456.25,3.73771,0.000770508,0.167997,0.0530314,0.0,4850.968451982328,3.1678778987543232,0.004199925,0.018341328571428228,-0.0020543509499999987,0.0,0.0,-0.0020543509499999987,-0.0020538345080627703,-0.0020533183257162827,0.03401348876660547,4.235518169007731,0.539792907782207,4.236142021581061,1.0,-0.0020543509499999987,-61159.3919989277,-0.05868949719805337,1.0016771138292804,0.041283232660751526
05-01-2026,06.05,1456,5460.0,3.7373,0.000773332,0.184796,0.0554419,0.0,4832.723849523879,3.333146952034472,0.0046199,0.017931328571428207,-0.0016343759499999992,0.0,0.0,-0.0016343759499999992,-0.0016340490623801855,-0.001633722305494244,0.03401348876660547,4.235518169007731,0.539792907782207,4.236128076050666,1.0,-0.0016343759499999992,-48723.362071019976,-0.046755690798839254,1.0016771138292804,0.041283232660751526
05-01-2026,06.05,1457,5463.75,3.73827,0.000759474,0.134397,0.0475216,0.0,4922.1829845392995,2.828124473923437,0.0033599249999999997,0.018901328571428344,-0.002894350949999999,0.0,0.0,-0.002894350949999999,-0.002893325935597947,-0.0028923016469424223,0.03401348876660547,4.235518169007731,0.539792907782207,4.236161069134769,1.0,-0.002894350949999999,-86403.79715423271,-0.08291441829692196,1.0016771138292804,0.041283232660751526
05-01-2026,06.05,1458,5467.5,3.73801,0.000731296,0.117598,0.0444224,0.0,5111.487003894456,2.647268044950295,0.00293995,0.018641328571428417,-0.0033143259499999987,0.0,0.0,-0.0033143259499999987,-0.003312981961024757,-0.0033116390616069196,0.03401348876660547,4.235518169007731,0.539792907782207,4.2361522256276904,1.0,-0.0033143259499999987,-99076.98921715964,-0.09507580914398242,1.0016771138292804,0.041283232660751526
05-01-2026,06.05,1459,5471.25,3.7371,0.000735894,0.167997,0.0530314,0.0,5078.312909196162,3.1678778987543232,0.004199925,0.01773132857142823,-0.0020543509499999987,0.0,0.0,-0.0020543509499999987,-0.0020538345080627703,-0.0020533183257162827,0.03401348876660547,4.235518169007731,0.539792907782207,4.2361212733529126,1.0,-0.0020543509499999987,-61496.12579901957,-0.059012632153635156,1.0016771138292804,0.041283232660751526
05-01-2026,06.05,1460,5475.0,3.73772,0.000735697,0.151197,0.0502765,0.0,5080.515483956031,3.0073095780334747,0.003779925,0.018351328571428294,-0.002474350949999999,0.0,0.0,-0.002474350949999999,-0.0024736017935847784,-0.002472853090674718,0.03401348876660547,4.235518169007731,0.539792907782207,4.236142361715948,1.0,-0.002474350949999999,-74170.21619559372,-0.07117488505553868,1.0016771138292804,0.041283232660751526
05-01-2026,06.05,1461,5478.75,3.73933,0.000746929,0.151197,0.0502765,0.0,5006.272349848513,3.0073095780334747,0.003779925,0.019961328571428183,-0.002474350949999999,0.0,0.0,-0.002474350949999999,-0.0024736017935847784,-0.002472853090674718,0.03401348876660547,4.235518169007731,0.539792907782207,4.236197123432862,1.0,-0.002474350949999999,-74271.85402703832,-0.07127241828843754,1.0016771138292804,0.041283232660751526
05-01-2026,06.05,1462,5482.5,3.73884,0.000740295,0.100798,0.0409788,0.0,5050.473122201285,2.4597596806153423,0.0025199500000000004,0.019471328571428526,-0.0037343259499999985,0.0,0.0,-0.0037343259499999985,-0.0037326198385391543,-0.003730915285317784,0.03401348876660547,4.235518169007731,0.539792907782207,4.236180456823367,1.0,-0.0037343259499999985,-112245.64587944714,-0.10771265547327555,1.0016771138292804,0.041283232660751526
05-01-2026,06.05,1463,5486.25,3.73787,0.000738653,0.0839983,0.0375352,0.0,5060.386947592442,2.2378540676485006,0.0020999575,0.018501328571428388,-0.004154318449999999,0.0,0.0,-0.004154318449999999,-0.004152207100114937,-0.004150097895243049,0.03401348876660547,4.235518169007731,0.539792907782207,4.236147463739263,1.0,-0.004154318449999999,-125040.57787276941,-0.11999086983787448,1.0016771138292804,0.041283232660751526
05-01-2026,06.05,1464,5490.0,3.73822,0.000736157,0.117598,0.0444224,0.0,5078.020041920406,2.647268044950295,0.00293995,0.01885132857142846,-0.0033143259499999987,0.0,0.0,-0.0033143259499999987,-0.003312981961024757,-0.0033116390616069196,0.03401348876660547,4.235518169007731,0.539792907782207,4.236159368460331,1.0,-0.0033143259499999987,-99894.11556559496,-0.09585993620884584,1.0016771138292804,0.041283232660751526
05-01-2026,06.05,1465,5493.75,3.73763,0.000736814,0.0839983,0.0375352,0.0,5072.691344084124,2.2378540676485006,0.0020999575,0.018261328571428148,-0.004154318449999999,0.0,0.0,-0.004154318449999999,-0.004152207100114937,-0.004150097895243049,0.03401348876660547,4.235518169007731,0.539792907782207,4.236139300501959,1.0,-0.004154318449999999,-125382.68599712692,-0.12031916207803055,1.0016771138292804,0.041283232660751526
05-01-2026,06.05,1466,5497.5,3.73755,0.000753891,0.0839983,0.0375352,0.0,4957.679558450757,2.2378540676485006,0.0020999575,0.018181328571428512,-0.004154318449999999,0.0,0.0,-0.004154318449999999,-0.004152207100114937,-0.004150097895243049,0.03401348876660547,4.235518169007731,0.539792907782207,4.236136579422857,1.0,-0.004154318449999999,-125553.91531961528,-0.12048347638060866,1.0016771138292804,0.041283232660751526
05-01-2026,06.05,1467,5501.25,3.73809,0.000752774,0.0671987,0.0337472,0.0,4965.753333669866,1.991237791579746,0.0016799675,0.018721328571428497,-0.004574308449999999,0.0,0.0,-0.004574308449999999,-0.004571748749114434,-0.004569191911352039,0.03401348876660547,4.235518169007731,0.539792907782207,4.236154946706791,1.0,-0.004574308449999999,-138435.7345010444,-0.13284506903292886,1.0016771138292804,0.041283232660751526
05-01-2026,06.05,1468,5505.0,3.73743,0.00074706,0.0671987,0.0337472,0.0,5002.85117661232,1.991237791579746,0.0016799675,0.01806132857142817,-0.004574308449999999,0.0,0.0,-0.004574308449999999,-0.004571748749114434,-0.004569191911352039,0.03401348876660547,4.235518169007731,0.539792907782207,4.236132497804205,1.0,-0.004574308449999999,-138624.5319349612,-0.13302624196658153,1.0016771138292804,0.041283232660751526
05-01-2026,06.05,1469,5508.75,3.73859,0.000737142,0.100798,0.0409788,0.0,5071.7365175230825,2.4597596806153423,0.0025199500000000004,0.01922132857142822,-0.0037343259499999985,0.0,0.0,-0.0037343259499999985,-0.0037326198385391543,-0.003730915285317784,0.03401348876660547,4.235518169007731,0.539792907782207,4.236171953451175,1.0,-0.0037343259499999985,-113323.074769518,-0.10874657287758893,1.0016771138292804,0.041283232660751526
05-01-2026,06.05,1470,5512.5,3.73799,0.00073839,0.0839983,0.0375352,0.0,5062.351873671095,2.2378540676485006,0.0020999575,0.018621328571428286,-0.004154318449999999,0.0,0.0,-0.004154318449999999,-0.004152207100114937,-0.004150097895243049,0.03401348876660547,4.235518169007731,0.539792907782207,4.236151545357915,1.0,-0.004154318449999999,-126240.00101163278,-0.12114185480758831,1.0016771138292804,0.041283232660751526
05-01-2026,06.05,1471,5516.25,3.73742,0.0007533,0.100798,0.0409788,0.0,4961.3965219699985,2.4597596806153423,0.0025199500000000004,0.01805132857142855,-0.0037343259499999985,0.0,0.0,-0.0037343259499999985,-0.0037326198385391543,-0.003730915285317784,0.03401348876660547,4.235518169007731,0.539792907782207,4.236132157669318,1.0,-0.0037343259499999985,-113631.85684650863,-0.1090428849279551,1.0016771138292804,0.041283232660751526
05-01-2026,06.05,1472,5520.0,3.73809,0.000742922,0.117598,0.0444224,0.0,5031.604932953931,2.647268044950295,0.00293995,0.018721328571428497,-0.0033143259499999987,0.0,0.0,-0.0033143259499999987,-0.003312981961024757,-0.0033116390616069196,0.03401348876660547,4.235518169007731,0.539792907782207,4.236154946706791,1.0,-0.0033143259499999987,-100988.83742687997,-0.09691044821543447,1.0016771138292804,0.041283232660751526
05-01-2026,06.05,1473,5523.75,3.73889,0.00074614,0.0671987,0.0337472,0.0,5010.976492347281,1.991237791579746,0.0016799675,0.01952132857142841,-0.004574308449999999,0.0,0.0,-0.004574308449999999,-0.004571748749114434,-0.004569191911352039,0.03401348876660547,4.235518169007731,0.539792907782207,4.2361821574978045,1.0,-0.004574308449999999,-139570.44889092256,-0.1339339584876591,1.0016771138292804,0.041283232660751526
05-01-2026,06.05,1474,5527.5,3.73901,0.000750804,0.167997,0.0530314,0.0,4980.008097985626,3.1678778987543232,0.004199925,0.019641328571428307,-0.0020543509499999987,0.0,0.0,-0.0020543509499999987,-0.0020538345080627703,-0.0020533183257162827,0.03401348876660547,4.235518169007731,0.539792907782207,4.236186239116456,1.0,-0.0020543509499999987,-62767.1110027809,-0.06023228918613517,1.0016771138292804,0.041283232660751526
05-01-2026,06.05,1475,5531.25,3.73862,0.00073504,0.100798,0.0409788,0.0,5086.28101872007,2.4597596806153423,0.0025199500000000004,0.019251328571428417,-0.0037343259499999985,0.0,0.0,-0.0037343259499999985,-0.0037326198385391543,-0.003730915285317784,0.03401348876660547,4.235518169007731,0.539792907782207,4.236172973855838,1.0,-0.0037343259499999985,-114250.681335498,-0.1096367184656277,1.0016771138292804,0.041283232660751526
05-01-2026,06.05,1476,5535.0,3.73891,0.000727553,0.0167997,0.0168736,0.0,5139.020799859254,0.9956203773942728,0.0004199925,0.01954132857142854,-0.005834283449999999,0.0,0.0,-0.005834283449999999,-0.005830120066263072,-0.005825962620325917,0.03401348876660547,4.235518169007731,0.539792907782207,4.23618283776758,1.0,-0.005834283449999999,-178740.42048797623,-0.17152206823102306,1.0016771138292804,0.041283232660751526
05-01-2026,06.05,1477,5538.75,3.73951,0.000717438,0.050399,0.0289262,0.0,5212.311028966963,1.7423304824000387,0.0012599750000000002,0.020141328571428474,-0.004994300949999999,0.0,0.0,-0.004994300949999999,-0.004991249786845219,-0.004988202349502183,0.03401348876660547,4.235518169007731,0.539792907782207,4.23620324586084,1.0,-0.004994300949999999,-153213.9237724577,-0.14702644771393536,1.0016771138292804,0.041283232660751526
05-01-2026,06.05,1478,5542.5,3.73919,0.000743447,0.100798,0.0409788,0.0,5029.531358657711,2.4597596806153423,0.0025199500000000004,0.019821328571428154,-0.0037343259499999985,0.0665557,0.0016638924999999999,-0.005398218449999999,-0.005394653975875629,-0.005391094205929846,0.03401348876660547,4.235518169007731,0.539792907782207,4.236192361544434,1.0,-0.0037343259499999985,-114715.90249537214,-0.11008315187620488,1.0016771138292804,0.041283232660751526
05-01-2026,06.05,1479,5546.25,3.73969,0.000744564,0.0839983,0.0375352,0.0,5022.657555294105,2.2378540676485006,0.0020999575,0.02032132857142832,-0.004154318449999999,0.0,0.0,-0.004154318449999999,-0.004152207100114937,-0.004150097895243049,0.03401348876660547,4.235518169007731,0.539792907782207,4.236209368288818,1.0,-0.004154318449999999,-127790.52897074692,-0.12262976538579563,1.0016771138292804,0.041283232660751526
05-01-2026,06.05,1480,5550.0,3.73941,0.000739769,0.0839983,0.0375352,0.0,5054.834684881361,2.2378540676485006,0.0020999575,0.020041328571428263,-0.004154318449999999,0.0,0.0,-0.004154318449999999,-0.004152207100114937,-0.004150097895243049,0.03401348876660547,4.235518169007731,0.539792907782207,4.2361998445119635,1.0,-0.004154318449999999,-127963.39405612496,-0.12279564939170781,1.0016771138292804,0.041283232660751526
05-01-2026,06.05,1481,5553.75,3.73876,0.000743907,0.117598,0.0444224,0.0,5025.843284173962,2.647268044950295,0.00293995,0.019391328571428446,-0.0033143259499999987,0.0,0.0,-0.0033143259499999987,-0.003312981961024757,-0.0033116390616069196,0.03401348876660547,4.235518169007731,0.539792907782207,4.236177735744265,1.0,-0.0033143259499999987,-102227.53050025238,-0.09809911722084598,1.0016771138292804,0.041283232660751526
05-01-2026,06.05,1482,5557.5,3.73933,0.000724531,0.134397,0.0475216,0.0,5161.035207603263,2.828124473923437,0.0033599249999999997,0.019961328571428183,-0.002894350949999999,0.0,0.0,-0.002894350949999999,-0.002893325935597947,-0.0028923016469424223,0.03401348876660547,4.235518169007731,0.539792907782207,4.236197123432862,1.0,-0.002894350949999999,-89394.36266120341,-0.0857842111481169,1.0016771138292804,0.041283232660751526
05-01-2026,06.05,1483,5561.25,3.73933,0.000728932,0.100798,0.0409788,0.0,5129.874940323652,2.4597596806153423,0.0025199500000000004,0.019961328571428183,-0.0037343259499999985,0.0,0.0,-0.0037343259499999985,-0.0037326198385391543,-0.003730915285317784,0.03401348876660547,4.235518169007731,0.539792907782207,4.236197123432862,1.0,-0.0037343259499999985,-115493.37165350925,-0.11082922328873399,1.0016771138292804,0.041283232660751526
05-01-2026,06.05,1484,5565.0,3.73971,0.000748571,0.184796,0.0554419,0.0,4995.798661716792,3.333146952034472,0.0046199,0.020341328571428452,-0.0016343759499999992,0.0,0.0,-0.0016343759499999992,-0.0016340490623801855,-0.001633722305494244,0.03401348876660547,4.235518169007731,0.539792907782207,4.236210048558593,1.0,-0.0016343759499999992,-50615.35653013873,-0.04857127790456341,1.0016771138292804,0.041283232660751526
05-01-2026,06.05,1485,5568.75,3.7398,0.000736091,0.134397,0.0475216,0.0,5080.621825290623,2.828124473923437,0.0033599249999999997,0.020431328571428153,-0.002894350949999999,0.0,0.0,-0.002894350949999999,-0.002893325935597947,-0.0028923016469424223,0.03401348876660547,4.235518169007731,0.539792907782207,4.236213109772582,1.0,-0.002894350949999999,-89756.64947409958,-0.08613186716946411,1.0016771138292804,0.041283232660751526
05-01-2026,06.05,1486,5572.5,3.73935,0.000738062,0.100798,0.0409788,0.0,5066.444282458655,2.4597596806153423,0.0025199500000000004,0.019981328571428314,-0.0037343259499999985,0.0,0.0,-0.0037343259499999985,-0.0037326198385391543,-0.003730915285317784,0.03401348876660547,4.235518169007731,0.539792907782207,4.2361978037026375,1.0,-0.0037343259499999985,-115961.11348339965,-0.11127807557319172,1.0016771138292804,0.041283232660751526
05-01-2026,06.05,1487,5576.25,3.74042,0.000713103,0.0671987,0.0337472,0.0,5245.273123237456,1.991237791579746,0.0016799675,0.02105132857142822,-0.004574308449999999,0.0,0.0,-0.004574308449999999,-0.004571748749114434,-0.004569191911352039,0.03401348876660547,4.235518169007731,0.539792907782207,4.236234198135618,1.0,-0.004574308449999999,-142236.12714016004,-0.13649198450829508,1.0016771138292804,0.041283232660751526
05-01-2026,06.05,1488,5580.0,3.74042,0.000713825,0.0671987,0.0337472,0.0,5239.967779217595,1.991237791579746,0.0016799675,0.02105132857142822,-0.004574308449999999,0.0,0.0,-0.004574308449999999,-0.004571748749114434,-0.004569191911352039,0.03401348876660547,4.235518169007731,0.539792907782207,4.236234198135618,1.0,-0.004574308449999999,-142427.49762257998,-0.13667562657903334,1.0016771138292804,0.041283232660751526
05-01-2026,06.05,1489,5583.75,3.73993,0.000721378,0.0167997,0.0168736,0.0,5184.424809184645,0.9956203773942728,0.0004199925,0.02056132857142856,-0.005834283449999999,0.0,0.0,-0.005834283449999999,-0.005830120066263072,-0.005825962620325917,0.03401348876660547,4.235518169007731,0.539792907782207,4.236217531526122,1.0,-0.005834283449999999,-181902.83001957348,-0.1745567652624623,1.0016771138292804,0.041283232660751526
05-01-2026,06.05,1490,5587.5,3.73967,0.000731559,0.134397,0.0475216,0.0,5111.918519217178,2.828124473923437,0.0033599249999999997,0.02030132857142819,-0.002894350949999999,0.0,0.0,-0.002894350949999999,-0.002893325935597947,-0.0028923016469424223,0.03401348876660547,4.235518169007731,0.539792907782207,4.236208688019043,1.0,-0.002894350949999999,-90362.08890133591,-0.08671285619513985,1.0016771138292804,0.041283232660751526
05-01-2026,06.05,1491,5591.25,3.74078,0.000745812,0.0839983,0.0375352,0.0,5015.714415965417,2.2378540676485006,0.0020999575,0.021411328571428356,-0.004154318449999999,0.0,0.0,-0.004154318449999999,-0.004152207100114937,-0.004150097895243049,0.03401348876660547,4.235518169007731,0.539792907782207,4.236246442991574,1.0,-0.004154318449999999,-129872.62144890628,-0.12462777348674543,1.0016771138292804,0.041283232660751526
05-01-2026,06.05,1492,5595.0,3.73938,0.000746929,0.117598,0.0444224,0.0,5006.339290615306,2.647268044950295,0.00293995,0.02001132857142851,-0.0033143259499999987,0.0,0.0,-0.0033143259499999987,-0.003312981961024757,-0.0033116390616069196,0.03401348876660547,4.235518169007731,0.539792907782207,4.2361988241073005,1.0,-0.0033143259499999987,-103751.74239694871,-0.09956177449909308,1.0016771138292804,0.041283232660751526
05-01-2026,06.05,1493,5598.75,3.73992,0.000739966,0.0671987,0.0337472,0.0,5054.178164942714,1.991237791579746,0.0016799675,0.020551328571428495,-0.004574308449999999,0.0665557,0.0016638924999999999,-0.006238200949999999,-0.006233441369711385,-0.0062286890467502555,0.03401348876660547,4.235518169007731,0.539792907782207,4.236217191391234,1.0,-0.004574308449999999,-143386.27982105693,-0.13759568878553866,1.0016771138292804,0.041283232660751526
05-01-2026,06.05,1494,5602.5,3.74103,0.000748768,0.184796,0.0554419,0.0,4996.247168682422,3.333146952034472,0.0046199,0.021661328571428218,-0.0016343759499999992,0.0,0.0,-0.0016343759499999992,-0.0016340490623801855,-0.001633722305494244,0.03401348876660547,4.235518169007731,0.539792907782207,4.236254946363765,1.0,-0.0016343759499999992,-51299.80253344966,-0.04922808286093447,1.0016771138292804,0.041283232660751526
05-01-2026,06.05,1495,5606.25,3.7405,0.000735828,0.134397,0.0475216,0.0,5083.389052876488,2.828124473923437,0.0033599249999999997,0.0211313285714283,-0.002894350949999999,0.0,0.0,-0.002894350949999999,-0.002893325935597947,-0.0028923016469424223,0.03401348876660547,4.235518169007731,0.539792907782207,4.236236919214719,1.0,-0.002894350949999999,-90969.56341908396,-0.08729579812510357,1.0016771138292804,0.041283232660751526
05-01-2026,06.05,1496,5610.0,3.74043,0.000744564,0.117598,0.0444224,0.0,5023.651425532258,2.647268044950295,0.00293995,0.021061328571428284,-0.0033143259499999987,0.0,0.0,-0.0033143259499999987,-0.003312981961024757,-0.0033116390616069196,0.03401348876660547,4.235518169007731,0.539792907782207,4.236234538270505,1.0,-0.0033143259499999987,-104308.79773099496,-0.1000963334016283,1.0016771138292804,0.041283232660751526
05-01-2026,06.05,1497,5613.75,3.73981,0.000751592,0.134397,0.0475216,0.0,4975.851259726021,2.828124473923437,0.0033599249999999997,0.02044132857142822,-0.002894350949999999,0.0,0.0,-0.002894350949999999,-0.002893325935597947,-0.0028923016469424223,0.03401348876660547,4.235518169007731,0.539792907782207,4.23621344990747,1.0,-0.002894350949999999,-91213.12305152646,-0.0875295217102897,1.0016771138292804,0.041283232660751526
05-01-2026,06.05,1498,5617.5,3.73983,0.000751329,0.117598,0.0444224,0.0,4977.619657966084,2.647268044950295,0.00293995,0.02046132857142835,-0.0033143259499999987,0.0,0.0,-0.0033143259499999987,-0.003312981961024757,-0.0033116390616069196,0.03401348876660547,4.235518169007731,0.539792907782207,4.236214130177245,1.0,-0.0033143259499999987,-104587.88469052214,-0.10036414955862134,1.0016771138292804,0.041283232660751526
05-01-2026,06.05,1499,5621.25,3.74039,0.000758488,0.201596,0.0581968,0.0,4931.376633512989,3.464039259890578,0.005039900000000001,0.021021328571428466,-0.0012143759499999981,0.0665557,0.0016638924999999999,-0.002878268449999998,-0.002877254792968749,-0.002876241849657475,0.03401348876660547,4.235518169007731,0.539792907782207,4.236233177730955,1.0,-0.0012143759499999981,-38372.399634739864,-0.036822747369449564,1.0016771138292804,0.041283232660751526
05-01-2026,06.05,1500,5625.0,3.74157,0.000742528,0.100798,0.0409788,0.0,5038.961493707981,2.4597596806153423,0.0025199500000000004,0.022201328571428203,-0.0037343259499999985,,,,,,0.03401348876660547,4.235518169007731,0.539792907782207,4.2362733136476995,1.0,-0.0037343259499999985,-118156.40701171871,-0.1133847131503188,1.0016771138292804,0.041283232660751526
05-01-2026,06.05,1501,5628.75,3.74176,0.000763415,0.167997,0.0530314,0.0,4901.344615969034,3.1678778987543232,0.004199925,0.02239132857142856,-0.0020543509499999987,,,,,,0.03401348876660547,4.235518169007731,0.539792907782207,4.236279776210565,1.0,-0.0020543509499999987,-65087.64484735707,-0.062459109305138795,1.0016771138292804,0.041283232660751526
05-01-2026,06.05,1502,5632.5,3.74165,0.00074752,0.100798,0.0409788,0.0,5005.4179152397255,2.4597596806153423,0.0025199500000000004,0.022281328571428283,-0.0037343259499999985,,,,,,0.03401348876660547,4.235518169007731,0.539792907782207,4.2362760347268,1.0,-0.0037343259499999985,-118471.70081958464,-0.11368727395820968,1.0016771138292804,0.041283232660751526
05-01-2026,06.05,1503,5636.25,3.74172,0.000762955,0.268795,0.0671501,0.0,4904.247301610187,4.002897985259888,0.006719875,0.022351328571428297,0.00046559905000000124,,,,,,0.03401348876660547,4.235518169007731,0.539792907782207,4.2362784156710145,1.0,0.00046559905000000124,14790.83124855168,0.014193510117529845,1.0016771138292804,0.041283232660751526
05-01-2026,06.05,1504,5640.0,3.74226,0.000747454,0.134397,0.0475216,0.0,5006.675996114811,2.828124473923437,0.0033599249999999997,0.022891328571428282,-0.002894350949999999,,,,,,0.03401348876660547,4.235518169007731,0.539792907782207,4.236296782954948,1.0,-0.002894350949999999,-92068.14597911997,-0.088350014917844,1.0016771138292804,0.041283232660751526
05-01-2026,06.05,1505,5643.75,3.74157,0.000747979,0.201596,0.0581968,0.0,5002.239367682782,3.464039259890578,0.005039900000000001,0.022201328571428203,-0.0012143759499999981,,,,,,0.03401348876660547,4.235518169007731,0.539792907782207,4.2362733136476995,1.0,-0.0012143759499999981,-38680.198398966735,-0.0371181158176999,1.0016771138292804,0.041283232660751526
05-01-2026,06.05,1506,5647.5,3.74134,0.000770048,0.0839983,0.0375352,0.0,4858.580244348404,2.2378540676485006,0.0020999575,0.021971328571428472,-0.004154318449999999,,,,,,0.03401348876660547,4.235518169007731,0.539792907782207,4.236265490545283,1.0,-0.004154318449999999,-132498.89718840277,-0.1271479882504435,1.0016771138292804,0.041283232660751526
05-01-2026,06.05,1507,5651.25,3.74062,0.000732282,0.100798,0.0409788,0.0,5108.1687109610775,2.4597596806153423,0.0025199500000000004,0.021251328571428196,-0.0037343259499999985,,,,,,0.03401348876660547,4.235518169007731,0.539792907782207,4.236241000833371,1.0,-0.0037343259499999985,-119261.773327803,-0.11444543974014149,1.0016771138292804,0.041283232660751526
05-01-2026,06.05,1508,5655.0,3.74204,0.000745549,0.100798,0.0409788,0.0,5019.1737900527,2.4597596806153423,0.0025199500000000004,0.022671328571428173,-0.0037343259499999985,,,,,,0.03401348876660547,4.235518169007731,0.539792907782207,4.23628929998742,1.0,-0.0037343259499999985,-119420.1029131987,-0.11459737525576291,1.0016771138292804,0.041283232660751526
05-01-2026,06.05,1509,5658.75,3.74177,0.000736091,0.134397,0.0475216,0.0,5083.29812482424,2.828124473923437,0.0033599249999999997,0.02240132857142818,-0.002894350949999999,,,,,,0.03401348876660547,4.235518169007731,0.539792907782207,4.236280116345452,1.0,-0.002894350949999999,-92681.31875030084,-0.08893842497981408,1.0016771138292804,0.041283232660751526
05-01-2026,06.05,1510,5662.5,3.74129,0.000737273,0.0839983,0.0375352,0.0,5074.497506351107,2.2378540676485006,0.0020999575,0.021921328571428145,-0.004154318449999999,,,,,,0.03401348876660547,4.235518169007731,0.539792907782207,4.236263789870844,1.0,-0.004154318449999999,-133203.67731344528,-0.12782430614409834,1.0016771138292804,0.041283232660751526
05-01-2026,06.05,1511,5666.25,3.74166,0.000737339,0.117598,0.0444224,0.0,5074.545087130885,2.647268044950295,0.00293995,0.022291328571428348,-0.0033143259499999987,,,,,,0.03401348876660547,4.235518169007731,0.539792907782207,4.2362763748616885,1.0,-0.0033143259499999987,-106411.03843063988,-0.1021136760471145,1.0016771138292804,0.041283232660751526
05-01-2026,06.05,1512,5670.0,3.74146,0.000733727,0.0671987,0.0337472,0.0,5099.253537078504,1.991237791579746,0.0016799675,0.02209132857142837,-0.004574308449999999,,,,,,0.03401348876660547,4.235518169007731,0.539792907782207,4.236269572163935,1.0,-0.004574308449999999,-147058.98492820497,-0.14112007333303417,1.0016771138292804,0.041283232660751526
05-01-2026,06.05,1513,5673.75,3.74273,0.000748636,0.184796,0.0554419,0.0,4999.398906811855,3.333146952034472,0.0046199,0.023361328571428253,-0.0016343759499999992,,,,,,0.03401348876660547,4.235518169007731,0.539792907782207,4.236312769294669,1.0,-0.0016343759499999992,-52612.91379964052,-0.050488164713598925,1.0016771138292804,0.041283232660751526
05-01-2026,06.05,1514,5677.5,3.74325,0.000749096,0.0839983,0.0375352,0.0,4997.023078483933,2.2378540676485006,0.0020999575,0.02388132857142855,-0.004154318449999999,,,,,,0.03401348876660547,4.235518169007731,0.539792907782207,4.236330456308827,1.0,-0.004154318449999999,-133910.32688179027,-0.1285024179844207,1.0016771138292804,0.041283232660751526
05-01-2026,06.05,1515,5681.25,3.74225,0.000742331,0.0839983,0.0375352,0.0,5041.214768075158,2.2378540676485006,0.0020999575,0.022881328571428217,-0.004154318449999999,,,,,,0.03401348876660547,4.235518169007731,0.539792907782207,4.236296442820061,1.0,-0.004154318449999999,-134087.28137439254,-0.1286722262486681,1.0016771138292804,0.041283232660751526
05-01-2026,06.05,1516,5685.0,3.74231,0.000743185,0.117598,0.0444224,0.0,5035.502600294677,2.647268044950295,0.00293995,0.022941328571428166,-0.0033143259499999987,,,,,,0.03401348876660547,4.235518169007731,0.539792907782207,4.236298483629387,1.0,-0.0033143259499999987,-107116.4461013887,-0.10279059614332187,1.0016771138292804,0.041283232660751526
05-01-2026,06.05,1517,5688.75,3.74175,0.000761378,0.100798,0.0409788,0.0,4914.4445991347275,2.4597596806153423,0.0025199500000000004,0.022381328571428494,-0.0037343259499999985,,,,,,0.03401348876660547,4.235518169007731,0.539792907782207,4.2362794360756775,1.0,-0.0037343259499999985,-120849.7954380405,-0.11596933028488177,1.0016771138292804,0.041283232660751526
05-01-2026,06.05,1518,5692.5,3.74232,0.000750475,0.0671987,0.0337472,0.0,4986.601818848063,1.991237791579746,0.0016799675,0.02295132857142823,-0.004574308449999999,,,,,,0.03401348876660547,4.235518169007731,0.539792907782207,4.236298823764274,1.0,-0.004574308449999999,-148228.43547287528,-0.14224229613841935,1.0016771138292804,0.041283232660751526
05-01-2026,06.05,1519,5696.25,3.74299,0.00074614,0.100798,0.0409788,0.0,5016.4714396762,2.4597596806153423,0.0025199500000000004,0.02362132857142818,-0.0037343259499999985,,,,,,0.03401348876660547,4.235518169007731,0.539792907782207,4.236321612801748,1.0,-0.0037343259499999985,-121168.66019509612,-0.1162753178307701,1.0016771138292804,0.041283232660751526
05-01-2026,06.05,1520,5700.0,3.74317,0.000748045,0.167997,0.0530314,0.0,5003.936928928072,3.1678778987543232,0.004199925,0.02380132857142847,-0.0020543509499999987,,,,,,0.03401348876660547,4.235518169007731,0.539792907782207,4.236327735229726,1.0,-0.0020543509499999987,-66745.86236549995,-0.06405036044750653,1.0016771138292804,0.041283232660751526
05-01-2026,06.05,1521,5703.75,3.74311,0.000770902,0.151197,0.0502765,0.0,4855.493953835897,3.0073095780334747,0.003779925,0.02374132857142852,-0.002474350949999999,,,,,,0.03401348876660547,4.235518169007731,0.539792907782207,4.2363256944204,1.0,-0.002474350949999999,-80497.4756641727,-0.0772466209691173,1.0016771138292804,0.041283232660751526
05-01-2026,06.05,1522,5707.5,3.74348,0.000771099,0.302394,0.0709381,0.0,4854.733309211917,4.262786852199311,0.00755985,0.02411132857142828,0.001305574050000001,,,,,,0.03401348876660547,4.235518169007731,0.539792907782207,4.236338279411243,1.0,0.001305574050000001,42529.80090431534,0.040812253840773076,1.0016771138292804,0.041283232660751526
05-01-2026,06.05,1523,5711.25,3.74305,0.000766699,0.0839983,0.0375352,0.0,4882.033235989613,2.2378540676485006,0.0020999575,0.023681328571428573,-0.004154318449999999,,,,,,0.03401348876660547,4.235518169007731,0.539792907782207,4.236323653611074,1.0,-0.004154318449999999,-135507.1235626413,-0.13003472874264912,1.0016771138292804,0.041283232660751526
05-01-2026,06.05,1524,5715.0,3.7429,0.000725648,0.0167997,0.0168736,0.0,5158.010495446829,0.9956203773942728,0.0004199925,0.023531328571428478,-0.005834283449999999,,,,,,0.03401348876660547,4.235518169007731,0.539792907782207,4.236318551587759,1.0,-0.005834283449999999,-190554.8444742262,-0.18285937196762317,1.0016771138292804,0.041283232660751526
05-01-2026,06.05,1525,5718.75,3.74281,0.000723152,0.0671987,0.0337472,0.0,5175.689205035732,1.991237791579746,0.0016799675,0.023441328571428333,-0.004574308449999999,,,,,,0.03401348876660547,4.235518169007731,0.539792907782207,4.236315490373769,1.0,-0.004574308449999999,-149598.6481270019,-0.14355717336490506,1.0016771138292804,0.041283232660751526
05-01-2026,06.05,1526,5722.5,3.74258,0.000726567,0.117598,0.0444224,0.0,5151.045946210053,2.647268044950295,0.00293995,0.023211328571428158,-0.0033143259499999987,,,,,,0.03401348876660547,4.235518169007731,0.539792907782207,4.236307667271354,1.0,-0.0033143259499999987,-108534.25259918715,-0.10415114515730459,1.0016771138292804,0.041283232660751526
05-01-2026,06.05,1527,5726.25,3.74329,0.00073885,0.100798,0.0409788,0.0,5066.373418149828,2.4597596806153423,0.0025199500000000004,0.02392132857142837,-0.0037343259499999985,,,,,,0.03401348876660547,4.235518169007731,0.539792907782207,4.236331816848378,1.0,-0.0037343259499999985,-122448.32034001237,-0.11750329947079097,1.0016771138292804,0.041283232660751526
05-01-2026,06.05,1528,5730.0,3.74325,0.000737536,0.0839983,0.0375352,0.0,5075.345474661576,2.2378540676485006,0.0020999575,0.02388132857142855,-0.004154318449999999,,,,,,0.03401348876660547,4.235518169007731,0.539792907782207,4.236330456308827,1.0,-0.004154318449999999,-136398.32223700496,-0.13088993675555569,1.0016771138292804,0.041283232660751526
05-01-2026,06.05,1529,5733.75,3.74248,0.000738521,0.151197,0.0502765,0.0,5067.533624636266,3.0073095780334747,0.003779925,0.02311132857142839,-0.002474350949999999,,,,,,0.03401348876660547,4.235518169007731,0.539792907782207,4.2363042659224766,1.0,-0.002474350949999999,-81346.48733389145,-0.07806134568076824,1.0016771138292804,0.041283232660751526
05-01-2026,06.05,1530,5737.5,3.74315,0.000746929,0.0839983,0.0375352,0.0,5011.386624431505,2.2378540676485006,0.0020999575,0.02378132857142834,-0.004154318449999999,,,,,,0.03401348876660547,4.235518169007731,0.539792907782207,4.2363270549599505,1.0,-0.004154318449999999,-136755.61958819526,-0.1312328048123853,1.0016771138292804,0.041283232660751526
05-01-2026,06.05,1531,5741.25,3.74391,0.000754482,0.134397,0.0475216,0.0,4962.225738983832,2.828124473923437,0.0033599249999999997,0.024541328571428433,-0.002894350949999999,,,,,,0.03401348876660547,4.235518169007731,0.539792907782207,4.2363529052114135,1.0,-0.002894350949999999,-95403.45581877584,-0.09155062975542372,1.0016771138292804,0.041283232660751526
05-01-2026,06.05,1532,5745.0,3.74355,0.000739901,0.0335993,0.0237608,0.0,5059.528234182681,1.4140643412679708,0.0008399825,0.024181328571428296,-0.005414293449999999,,,,,,0.03401348876660547,4.235518169007731,0.539792907782207,4.236340660355457,1.0,-0.005414293449999999,-178698.8906745862,-0.1714822155806463,1.0016771138292804,0.041283232660751526
05-01-2026,06.05,1533,5748.75,3.74346,0.000736748,0.0839983,0.0375352,0.0,5081.058923811127,2.2378540676485006,0.0020999575,0.02409132857142815,-0.004154318449999999,,,,,,0.03401348876660547,4.235518169007731,0.539792907782207,4.236337599141468,1.0,-0.004154318449999999,-137292.4419165288,-0.13174794781013022,1.0016771138292804,0.041283232660751526
05-01-2026,06.05,1534,5752.5,3.74418,0.000757241,0.134397,0.0475216,0.0,4944.502476754428,2.828124473923437,0.0033599249999999997,0.024811328571428426,-0.002894350949999999,,,,,,0.03401348876660547,4.235518169007731,0.539792907782207,4.23636208885338,1.0,-0.002894350949999999,-95777.70896388091,-0.09190976885398429,1.0016771138292804,0.041283232660751526
05-01-2026,06.05,1535,5756.25,3.74445,0.000736551,0.100798,0.0409788,0.0,5083.762020552548,2.4597596806153423,0.0025199500000000004,0.02508132857142842,-0.0037343259499999985,,,,,,0.03401348876660547,4.235518169007731,0.539792907782207,4.236371272495347,1.0,-0.0037343259499999985,-123734.70227163863,-0.11873773144115995,1.0016771138292804,0.041283232660751526
05-01-2026,06.05,1536,5760.0,3.74459,0.000756715,0.167997,0.0530314,0.0,4948.481264412626,3.1678778987543232,0.004199925,0.025221328571428447,-0.0020543509499999987,,,,,,0.03401348876660547,4.235518169007731,0.539792907782207,4.236376034383774,1.0,-0.0020543509499999987,-68158.43407871996,-0.06540588608135404,1.0016771138292804,0.041283232660751526
05-01-2026,06.05,1537,5763.75,3.74474,0.000745746,0.100798,0.0409788,0.0,5021.46843563358,2.4597596806153423,0.0025199500000000004,0.025371328571428542,-0.0037343259499999985,,,,,,0.03401348876660547,4.235518169007731,0.539792907782207,4.23638113640709,1.0,-0.0037343259499999985,-124057.34803371862,-0.11904734729786909,1.0016771138292804,0.041283232660751526
05-01-2026,06.05,1538,5767.5,3.74386,0.000773924,0.151197,0.0502765,0.0,4837.503424108827,3.0073095780334747,0.003779925,0.02449132857142855,-0.002474350949999999,,,,,,0.03401348876660547,4.235518169007731,0.539792907782207,4.236351204536975,1.0,-0.002474350949999999,-82306.94918304091,-0.0789830197060019,1.0016771138292804,0.041283232660751526
05-01-2026,06.05,1539,5771.25,3.7446,0.000740623,0.117598,0.0444224,0.0,5056.013653370203,2.647268044950295,0.00293995,0.025231328571428513,-0.0033143259499999987,,,,,,0.03401348876660547,4.235518169007731,0.539792907782207,4.236376374518662,1.0,-0.0033143259499999987,-110391.336751218,-0.1059332317931409,1.0016771138292804,0.041283232660751526
05-01-2026,06.05,1540,5775.0,3.74485,0.000734449,0.117598,0.0444224,0.0,5098.85642161675,2.647268044950295,0.00293995,0.025481328571428374,-0.0033143259499999987,,,,,,0.03401348876660547,4.235518169007731,0.539792907782207,4.2363848778908535,1.0,-0.0033143259499999987,-110534.84188621871,-0.10607094153719263,1.0016771138292804,0.041283232660751526
05-01-2026,06.05,1541,5778.75,3.74452,0.00072105,0.0167997,0.0168736,0.0,5193.148880105402,0.9956203773942728,0.0004199925,0.025151328571428433,-0.005834283449999999,,,,,,0.03401348876660547,4.235518169007731,0.539792907782207,4.236373653439561,1.0,-0.005834283449999999,-194829.77893119535,-0.1869616651009256,1.0016771138292804,0.041283232660751526
05-01-2026,06.05,1542,5782.5,3.74487,0.000733924,0.050399,0.0289262,0.0,5102.531052261543,1.7423304824000387,0.0012599750000000002,0.025501328571428505,-0.004994300949999999,,,,,,0.03401348876660547,4.235518169007731,0.539792907782207,4.236385558160629,1.0,-0.004994300949999999,-166995.9703698159,-0.1602519124990215,1.0016771138292804,0.041283232660751526
05-01-2026,06.05,1543,5786.25,3.74399,0.000730837,0.134397,0.0475216,0.0,5122.879657160215,2.828124473923437,0.0033599249999999997,0.024621328571428513,-0.002894350949999999,,,,,,0.03401348876660547,4.235518169007731,0.539792907782207,4.236355626290514,1.0,-0.002894350949999999,-96904.86419470145,-0.09299140442292803,1.0016771138292804,0.041283232660751526
05-01-2026,06.05,1544,5790.0,3.74453,0.000744892,0.0671987,0.0337472,0.0,5026.943503219259,1.991237791579746,0.0016799675,0.0251613285714285,-0.004574308449999999,,,,,,0.03401348876660547,4.235518169007731,0.539792907782207,4.236373993574448,1.0,-0.004574308449999999,-153349.57390864496,-0.14715661967980148,1.0016771138292804,0.041283232660751526
05-01-2026,06.05,1545,5793.75,3.74422,0.000752314,0.151197,0.0502765,0.0,4976.937821175732,3.0073095780334747,0.003779925,0.024851328571428244,-0.002474350949999999,,,,,,0.03401348876660547,4.235518169007731,0.539792907782207,4.236363449392931,1.0,-0.002474350949999999,-83057.87216845895,-0.07970361700117153,1.0016771138292804,0.041283232660751526
05-01-2026,06.05,1546,5797.5,3.74493,0.000755927,0.100798,0.0409788,0.0,4954.089482185449,2.4597596806153423,0.0025199500000000004,0.025561328571428454,-0.0037343259499999985,,,,,,0.03401348876660547,4.235518169007731,0.539792907782207,4.236387598969955,1.0,-0.0037343259499999985,-125514.45284498714,-0.12044560758043882,1.0016771138292804,0.041283232660751526
05-01-2026,06.05,1547,5801.25,3.74531,0.000737011,0.117598,0.0444224,0.0,5081.75590323618,2.647268044950295,0.00293995,0.02594132857142828,-0.0033143259499999987,,,,,,0.03401348876660547,4.235518169007731,0.539792907782207,4.236400524095687,1.0,-0.0033143259499999987,-111541.98786290926,-0.10703741437227324,1.0016771138292804,0.041283232660751526
05-01-2026,06.05,1548,5805.0,3.74593,0.000727947,0.100798,0.0409788,0.0,5145.882873341054,2.4597596806153423,0.0025199500000000004,0.026561328571428344,-0.0037343259499999985,,,,,,0.03401348876660547,4.235518169007731,0.539792907782207,4.236421612458722,1.0,-0.0037343259499999985,-125839.4092212487,-0.12075744073820512,1.0016771138292804,0.041283232660751526
05-01-2026,06.05,1549,5808.75,3.74505,0.000739441,0.0671987,0.0337472,0.0,5064.7042833708165,1.991237791579746,0.0016799675,0.025681328571428352,-0.004574308449999999,,,,,,0.03401348876660547,4.235518169007731,0.539792907782207,4.236391680588607,1.0,-0.004574308449999999,-154344.37878616567,-0.14811124980550458,1.0016771138292804,0.041283232660751526
05-01-2026,06.05,1550,5812.5,3.74464,0.000729063,0.0671987,0.0337472,0.0,5136.236511796649,1.991237791579746,0.0016799675,0.02527132857142833,-0.004574308449999999,,,,,,0.03401348876660547,4.235518169007731,0.539792907782207,4.236377735058213,1.0,-0.004574308449999999,-154543.7257189453,-0.14830254620120806,1.0016771138292804,0.041283232660751526
05-01-2026,06.05,1551,5816.25,3.74513,0.000748965,0.167997,0.0530314,0.0,5000.407228642193,3.1678778987543232,0.004199925,0.025761328571428432,-0.0020543509499999987,,,,,,0.03401348876660547,4.235518169007731,0.539792907782207,4.236394401667709,1.0,-0.0020543509499999987,-69496.1535891227,-0.06668958238525025,1.0016771138292804,0.041283232660751526
05-01-2026,06.05,1552,5820.0,3.74579,0.000736814,0.151197,0.0502765,0.0,5083.76605221942,3.0073095780334747,0.003779925,0.026421328571428315,-0.002474350949999999,,,,,,0.03401348876660547,4.235518169007731,0.539792907782207,4.236416850570294,1.0,-0.002474350949999999,-83812.20511877997,-0.08042748655133057,1.0016771138292804,0.041283232660751526
05-01-2026,06.05,1553,5823.75,3.74476,0.000748702,0.117598,0.0444224,0.0,5001.669556111778,2.647268044950295,0.00293995,0.02539132857142823,-0.0033143259499999987,,,,,,0.03401348876660547,4.235518169007731,0.539792907782207,4.2363818166768645,1.0,-0.0033143259499999987,-112408.89124420613,-0.10786930824670053,1.0016771138292804,0.041283232660751526
05-01-2026,06.05,1554,5827.5,3.74444,0.000756649,0.050399,0.0289262,0.0,4948.714661619853,1.7423304824000387,0.0012599750000000002,0.025071328571428353,-0.004994300949999999,,,,,,0.03401348876660547,4.235518169007731,0.539792907782207,4.236370932360459,1.0,-0.004994300949999999,-169605.2429011434,-0.16275581072153794,1.0016771138292804,0.041283232660751526
05-01-2026,06.05,1555,5831.25,3.74497,0.000761181,0.100798,0.0409788,0.0,4919.946766931912,2.4597596806153423,0.0025199500000000004,0.025601328571428272,-0.0037343259499999985,,,,,,0.03401348876660547,4.235518169007731,0.539792907782207,4.2363889595095054,1.0,-0.0037343259499999985,-126980.06491756049,-0.12185203156235537,1.0016771138292804,0.041283232660751526
05-01-2026,06.05,1556,5835.0,3.74535,0.00072926,0.0839983,0.0375352,0.0,5135.822614705317,2.2378540676485006,0.0020999575,0.02598132857142854,-0.004154318449999999,,,,,,0.03401348876660547,4.235518169007731,0.539792907782207,4.236401884635237,1.0,-0.004154318449999999,-141443.0149888012,-0.13573090183785697,1.0016771138292804,0.041283232660751526
05-01-2026,06.05,1557,5838.75,3.74518,0.000735697,0.117598,0.0444224,0.0,5090.655528023086,2.647268044950295,0.00293995,0.025811328571428316,-0.0033143259499999987,,,,,,0.03401348876660547,4.235518169007731,0.539792907782207,4.236396102342146,1.0,-0.0033143259499999987,-112988.69114008425,-0.10842569318207018,1.0016771138292804,0.041283232660751526
05-01-2026,06.05,1558,5842.5,3.74563,0.000740098,0.134397,0.0475216,0.0,5060.991922691319,2.828124473923437,0.0033599249999999997,0.026261328571428155,-0.002894350949999999,,,,,,0.03401348876660547,4.235518169007731,0.539792907782207,4.236411408412092,1.0,-0.002894350949999999,-98798.10889775341,-0.0948081912820411,1.0016771138292804,0.041283232660751526
05-01-2026,06.05,1559,5846.25,3.74468,0.000721378,0.050399,0.0289262,0.0,5191.009429175828,1.7423304824000387,0.0012599750000000002,0.02531132857142815,-0.004994300949999999,,,,,,0.03401348876660547,4.235518169007731,0.539792907782207,4.236379095597764,1.0,-0.004994300949999999,-170698.40953955083,-0.16380483031223209,1.0016771138292804,0.041283232660751526
05-01-2026,06.05,1560,5850.0,3.74559,0.000753628,0.235195,0.0626734,0.0,4970.078075655363,3.752708485577613,0.005879875,0.026221328571428337,-0.00037440094999999923,,,,,,0.03401348876660547,4.235518169007731,0.539792907782207,4.236410047872541,1.0,-0.00037440094999999923,-12812.936511374974,-0.012295491778210644,1.0016771138292804,0.041283232660751526
05-01-2026,06.05,1561,5853.75,3.74725,0.000758817,0.167997,0.0530314,0.0,4938.2789262760325,3.1678778987543232,0.004199925,0.027881328571428554,-0.0020543509499999987,,,,,,0.03401348876660547,4.235518169007731,0.539792907782207,4.236466510263893,1.0,-0.0020543509499999987,-70395.18892361644,-0.06755231057825856,1.0016771138292804,0.041283232660751526
05-01-2026,06.05,1562,5857.5,3.74666,0.000770114,0.117598,0.0444224,0.0,4865.071924416385,2.647268044950295,0.00293995,0.02729132857142824,-0.0033143259499999987,,,,,,0.03401348876660547,4.235518169007731,0.539792907782207,4.236446442305521,1.0,-0.0033143259499999987,-113715.53835682214,-0.10912318699775266,1.0016771138292804,0.041283232660751526
05-01-2026,06.05,1563,5861.25,3.74613,0.000754876,0.117598,0.0444224,0.0,4962.576635102983,2.647268044950295,0.00293995,0.026761328571428322,-0.0033143259499999987,,,,,,0.03401348876660547,4.235518169007731,0.539792907782207,4.236428415156475,1.0,-0.0033143259499999987,-113861.18744642175,-0.10926295411375186,1.0016771138292804,0.041283232660751526
05-01-2026,06.05,1564,5865.0,3.74578,0.000745352,0.100798,0.0409788,0.0,5025.518144447187,2.4597596806153423,0.0025199500000000004,0.02641132857142825,-0.0037343259499999985,,,,,,0.03401348876660547,4.235518169007731,0.539792907782207,4.236416510435407,1.0,-0.0037343259499999985,-128454.1842514387,-0.12326661924361874,1.0016771138292804,0.041283232660751526
05-01-2026,06.05,1565,5868.75,3.74567,0.000758685,0.134397,0.0475216,0.0,4937.055563244297,2.828124473923437,0.0033599249999999997,0.026301328571428417,-0.002894350949999999,,,,,,0.03401348876660547,4.235518169007731,0.539792907782207,4.236412768951642,1.0,-0.002894350949999999,-99687.89117128708,-0.09566204009483419,1.0016771138292804,0.041283232660751526
05-01-2026,06.05,1566,5872.5,3.74671,0.00071527,0.0671987,0.0337472,0.0,5238.175793756204,1.991237791579746,0.0016799675,0.02734132857142857,-0.004574308449999999,,,,,,0.03401348876660547,4.235518169007731,0.539792907782207,4.23644814297996,1.0,-0.004574308449999999,-157750.77337324028,-0.15138007866464506,1.0016771138292804,0.041283232660751526
05-01-2026,06.05,1567,5876.25,3.74615,0.000759408,0.0839983,0.0375352,0.0,4932.987274297874,2.2378540676485006,0.0020999575,0.026781328571428453,-0.004154318449999999,,,,,,0.03401348876660547,4.235518169007731,0.539792907782207,4.23642909542625,1.0,-0.004154318449999999,-143449.92079413816,-0.13765675964627247,1.0016771138292804,0.041283232660751526
05-01-2026,06.05,1568,5880.0,3.74629,0.000726896,0.0671987,0.0337472,0.0,5153.818427945676,1.991237791579746,0.0016799675,0.026921328571428482,-0.004574308449999999,,,,,,0.03401348876660547,4.235518169007731,0.539792907782207,4.236433857314678,1.0,-0.004574308449999999,-158153.97007367996,-0.15176699244595168,1.0016771138292804,0.041283232660751526
05-01-2026,06.05,1569,5883.75,3.74653,0.000735697,0.0671987,0.0337472,0.0,5092.4905225928605,1.991237791579746,0.0016799675,0.027161328571428278,-0.004574308449999999,,,,,,0.03401348876660547,4.235518169007731,0.539792907782207,4.236442020551982,1.0,-0.004574308449999999,-158355.76140253755,-0.15196063452188643,1.0016771138292804,0.041283232660751526
05-01-2026,06.05,1570,5887.5,3.74621,0.000727553,0.050399,0.0289262,0.0,5149.054433147826,1.7423304824000387,0.0012599750000000002,0.026841328571428402,-0.004994300949999999,,,,,,0.03401348876660547,4.235518169007731,0.539792907782207,4.236431136235576,1.0,-0.004994300949999999,-173115.7370388984,-0.16612453511737835,1.0016771138292804,0.041283232660751526
05-01-2026,06.05,1571,5891.25,3.74651,0.000737076,0.167997,0.0530314,0.0,5082.93581665934,3.1678778987543232,0.004199925,0.027141328571428147,-0.0020543509499999987,,,,,,0.03401348876660547,4.235518169007731,0.539792907782207,4.236441340282206,1.0,-0.0020543509499999987,-71300.00212015706,-0.06842058329692888,1.0016771138292804,0.041283232660751526
05-01-2026,06.05,1572,5895.0,3.747,0.000760787,0.151197,0.0502765,0.0,4925.163021975927,3.0073095780334747,0.003779925,0.02763132857142825,-0.002474350949999999,,,,,,0.03401348876660547,4.235518169007731,0.539792907782207,4.236458006891702,1.0,-0.002474350949999999,-85986.23172222372,-0.08251371605886954,1.0016771138292804,0.041283232660751526
05-01-2026,06.05,1573,5898.75,3.74631,0.00073839,0.100798,0.0409788,0.0,5073.61963190184,2.4597596806153423,0.0025199500000000004,0.02694132857142817,-0.0037343259499999985,,,,,,0.03401348876660547,4.235518169007731,0.539792907782207,4.2364345375844525,1.0,-0.0037343259499999985,-129936.81084662174,-0.12468937062422894,1.0016771138292804,0.041283232660751526
05-01-2026,06.05,1574,5902.5,3.74707,0.00074903,0.117598,0.0444224,0.0,5002.5633152210185,2.647268044950295,0.00293995,0.027701328571428263,-0.0033143259499999987,,,,,,0.03401348876660547,4.235518169007731,0.539792907782207,4.2364603878359155,1.0,-0.0033143259499999987,-115469.47964956214,-0.11080629615272297,1.0016771138292804,0.041283232660751526
05-01-2026,06.05,1575,5906.25,3.74744,0.000738784,0.0671987,0.0337472,0.0,5072.443366396674,1.991237791579746,0.0016799675,0.028071328571428467,-0.004574308449999999,,,,,,0.03401348876660547,4.235518169007731,0.539792907782207,4.23647297282676,1.0,-0.004574308449999999,-159569.2110766113,-0.15312507957143465,1.0016771138292804,0.041283232660751526
05-01-2026,06.05,1576,5910.0,3.74622,0.000728012,0.100798,0.0409788,0.0,5145.8217721685905,2.4597596806153423,0.0025199500000000004,0.026851328571428468,-0.0037343259499999985,,,,,,0.03401348876660547,4.235518169007731,0.539792907782207,4.236431476370464,1.0,-0.0037343259499999985,-130432.91021419496,-0.12516543523984275,1.0016771138292804,0.041283232660751526
05-01-2026,06.05,1577,5913.75,3.74776,0.000737142,0.0839983,0.0375352,0.0,5084.176454468746,2.2378540676485006,0.0020999575,0.028391328571428343,-0.004154318449999999,,,,,,0.03401348876660547,4.235518169007731,0.539792907782207,4.236483857143164,1.0,-0.004154318449999999,-145286.6488388444,-0.13941931224711035,1.0016771138292804,0.041283232660751526
05-01-2026,06.05,1578,5917.5,3.74771,0.000738981,0.134397,0.0475216,0.0,5071.456505647642,2.828124473923437,0.0033599249999999997,0.02834132857142846,-0.002894350949999999,,,,,,0.03401348876660547,4.235518169007731,0.539792907782207,4.2364821564687265,1.0,-0.002894350949999999,-101350.92643565341,-0.09725791442089032,1.0016771138292804,0.041283232660751526
05-01-2026,06.05,1579,5921.25,3.74699,0.000759408,0.117598,0.0444224,0.0,4934.093399068748,2.647268044950295,0.00293995,0.027621328571428183,-0.0033143259499999987,,,,,,0.03401348876660547,4.235518169007731,0.539792907782207,4.236457666756814,1.0,-0.0033143259499999987,-116204.25017677425,-0.11151139329951579,1.0016771138292804,0.041283232660751526
05-01-2026,06.05,1580,5925.0,3.74702,0.000728538,0.134397,0.0475216,0.0,5143.204609780135,2.828124473923437,0.0033599249999999997,0.02765132857142838,-0.002894350949999999,,,,,,0.03401348876660547,4.235518169007731,0.539792907782207,4.236458687161477,1.0,-0.002894350949999999,-101607.99906909373,-0.09750460529054868,1.0016771138292804,0.041283232660751526
05-01-2026,06.05,1581,5928.75,3.74659,0.000734252,0.0839983,0.0375352,0.0,5102.594204714457,2.2378540676485006,0.0020999575,0.027221328571428227,-0.004154318449999999,,,,,,0.03401348876660547,4.235518169007731,0.539792907782207,4.236444061361308,1.0,-0.004154318449999999,-146024.61158250627,-0.14012747269411366,1.0016771138292804,0.041283232660751526
05-01-2026,06.05,1582,5932.5,3.74732,0.000737405,0.0671987,0.0337472,0.0,5081.766464832758,1.991237791579746,0.0016799675,0.02795132857142857,-0.004574308449999999,,,,,,0.03401348876660547,4.235518169007731,0.539792907782207,4.236468891208108,1.0,-0.004574308449999999,-160990.75604837527,-0.1544892160827772,1.0016771138292804,0.041283232660751526
05-01-2026,06.05,1583,5936.25,3.74851,0.000722167,0.0839983,0.0375352,0.0,5190.641499819294,2.2378540676485006,0.0020999575,0.02914132857142837,-0.004154318449999999,,,,,,0.03401348876660547,4.235518169007731,0.539792907782207,4.23650936725974,1.0,-0.004154318449999999,-146394.29399557566,-0.14048222564761564,1.0016771138292804,0.041283232660751526
05-01-2026,06.05,1584,5940.0,3.74765,0.000747323,0.134397,0.0475216,0.0,5014.766038245845,2.828124473923437,0.0033599249999999997,0.02828132857142851,-0.002894350949999999,,,,,,0.03401348876660547,4.235518169007731,0.539792907782207,4.2364801156594005,1.0,-0.002894350949999999,-102123.12117941998,-0.09799892442392362,1.0016771138292804,0.041283232660751526
05-01-2026,06.05,1585,5943.75,3.74811,0.000760328,0.184796,0.0554419,0.0,4929.5961742826785,3.333146952034472,0.0046199,0.028741328571428415,-0.0016343759499999992,,,,,,0.03401348876660547,4.235518169007731,0.539792907782207,4.236495761864233,1.0,-0.0016343759499999992,-57739.50170140427,-0.055407717646718556,1.0016771138292804,0.041283232660751526
05-01-2026,06.05,1586,5947.5,3.74831,0.000720919,0.0671987,0.0337472,0.0,5199.349718900459,1.991237791579746,0.0016799675,0.028941328571428393,-0.004574308449999999,,,,,,0.03401348876660547,4.235518169007731,0.539792907782207,4.236502564561986,1.0,-0.004574308449999999,-161805.89781416528,-0.15527143871148133,1.0016771138292804,0.041283232660751526
05-01-2026,06.05,1587,5951.25,3.74829,0.000703907,0.0335993,0.0237608,0.0,5324.979010011265,1.4140643412679708,0.0008399825,0.028921328571428262,-0.005414293449999999,,,,,,0.03401348876660547,4.235518169007731,0.539792907782207,4.236501884292211,1.0,-0.005414293449999999,-191760.06993852722,-0.18401592493844662,1.0016771138292804,0.041283232660751526
05-01-2026,06.05,1588,5955.0,3.74755,0.000743776,0.117598,0.0444224,0.0,5038.546551649959,2.647268044950295,0.00293995,0.0281813285714283,-0.0033143259499999987,,,,,,0.03401348876660547,4.235518169007731,0.539792907782207,4.236476714310523,1.0,-0.0033143259499999987,-117532.7096970487,-0.11278620357385995,1.0016771138292804,0.041283232660751526
05-01-2026,06.05,1589,5958.75,3.74764,0.000714022,0.100798,0.0409788,0.0,5248.633795597334,2.4597596806153423,0.0025199500000000004,0.028271328571428445,-0.0037343259499999985,,,,,,0.03401348876660547,4.235518169007731,0.539792907782207,4.236479775524512,1.0,-0.0037343259499999985,-132593.59704374924,-0.12723886369431825,1.0016771138292804,0.041283232660751526
05-01-2026,06.05,1590,5962.5,3.74814,0.000740557,0.117598,0.0444224,0.0,5061.24444168376,2.647268044950295,0.00293995,0.028771328571428167,-0.0033143259499999987,,,,,,0.03401348876660547,4.235518169007731,0.539792907782207,4.236496782268896,1.0,-0.0033143259499999987,-117828.94829336714,-0.11307047870643307,1.0016771138292804,0.041283232660751526
05-01-2026,06.05,1591,5966.25,3.74894,0.000747388,0.100798,0.0409788,0.0,5016.055917408361,2.4597596806153423,0.0025199500000000004,0.029571328571428523,-0.0037343259499999985,,,,,,0.03401348876660547,4.235518169007731,0.539792907782207,4.236523993059909,1.0,-0.0037343259499999985,-132927.58582090237,-0.1275593644834898,1.0016771138292804,0.041283232660751526
05-01-2026,06.05,1592,5970.0,3.74821,0.000737339,0.100798,0.0409788,0.0,5083.4283823316,2.4597596806153423,0.0025199500000000004,0.028841328571428182,-0.0037343259499999985,,,,,,0.03401348876660547,4.235518169007731,0.539792907782207,4.23649916321311,1.0,-0.0037343259499999985,-133094.73775135496,-0.12771976605769314,1.0016771138292804,0.041283232660751526
05-01-2026,06.05,1593,5973.75,3.74837,0.000735106,0.0671987,0.0337472,0.0,5099.087750610116,1.991237791579746,0.0016799675,0.029001328571428342,-0.004574308449999999,,,,,,0.03401348876660547,4.235518169007731,0.539792907782207,4.236504605371312,1.0,-0.004574308449999999,-163237.34902266628,-0.15664508140060326,1.0016771138292804,0.041283232660751526
05-01-2026,06.05,1594,5977.5,3.74866,0.000732282,0.0839983,0.0375352,0.0,5119.148087758541,2.2378540676485006,0.0020999575,0.029291328571428465,-0.004154318449999999,,,,,,0.03401348876660547,4.235518169007731,0.539792907782207,4.236514469283055,1.0,-0.004154318449999999,-148435.90134221528,-0.142441383591047,1.0016771138292804,0.041283232660751526
05-01-2026,06.05,1595,5981.25,3.74945,0.000747454,0.100798,0.0409788,0.0,5016.295317170019,2.4597596806153423,0.0025199500000000004,0.030081328571428312,-0.0037343259499999985,,,,,,0.03401348876660547,4.235518169007731,0.539792907782207,4.23654133993918,1.0,-0.0037343259499999985,-133596.82371021673,-0.1282015754987732,1.0016771138292804,0.041283232660751526
05-01-2026,06.05,1596,5985.0,3.75033,0.000744564,0.151197,0.0502765,0.0,5036.9477976372755,3.0073095780334747,0.003779925,0.030961328571428304,-0.002474350949999999,,,,,,0.03401348876660547,4.235518169007731,0.539792907782207,4.236571271809295,1.0,-0.002474350949999999,-88631.80775796372,-0.08505245168494512,1.0016771138292804,0.041283232660751526
05-01-2026,06.05,1597,5988.75,3.75014,0.000746797,0.0671987,0.0337472,0.0,5021.632384704277,1.991237791579746,0.0016799675,0.03077132857142839,-0.004574308449999999,,,,,,0.03401348876660547,4.235518169007731,0.539792907782207,4.236564809246429,1.0,-0.004574308449999999,-164058.15149516318,-0.15743273613089567,1.0016771138292804,0.041283232660751526
05-01-2026,06.05,1598,5992.5,3.74828,0.000731756,0.0839983,0.0375352,0.0,5122.308529072532,2.2378540676485006,0.0020999575,0.028911328571428196,-0.004154318449999999,,,,,,0.03401348876660547,4.235518169007731,0.539792907782207,4.236501544157323,1.0,-0.004154318449999999,-149181.80921991277,-0.14315716831138725,1.0016771138292804,0.041283232660751526
05-01-2026,06.05,1599,5996.25,3.74942,0.000743513,0.134397,0.0475216,0.0,5042.843904545045,2.828124473923437,0.0033599249999999997,0.03005132857142856,-0.002894350949999999,,,,,,0.03401348876660547,4.235518169007731,0.539792907782207,4.236540319534517,1.0,-0.002894350949999999,-104066.4291090602,-0.09986375272852113,1.0016771138292804,0.041283232660751526
05-01-2026,06.05,1600,6000.0,0.0,0.0,0.0,0.0,0.0,,,0.0,-3.7193686714285716,-0.006254275949999999,,,,,,0.03401348876660547,4.235518169007731,0.539792907782207,4.109009464483231,1.0,-0.006254275949999999,-225153.93419999996,-0.2160611928678636,1.0016771138292804,0.041283232660751526
05-01-2026,06.05,1601,6003.75,0.0,0.0,0.0,0.0,0.0,,,0.0,-3.7193686714285716,-0.006254275949999999,,,,,,0.03401348876660547,4.235518169007731,0.539792907782207,4.109009464483231,1.0,-0.006254275949999999,-225435.4645685055,-0.2163313537578519,1.0016771138292804,0.041283232660751526
05-01-2026,06.05,1602,6007.5,0.0,0.0,0.0,0.0,0.0,,,0.0,-3.7193686714285716,-0.006254275949999999,,,,,,0.03401348876660547,4.235518169007731,0.539792907782207,4.109009464483231,1.0,-0.006254275949999999,-225717.17083852214,-0.21660168344564712,1.0016771138292804,0.041283232660751526
05-01-2026,06.05,1603,6011.25,0.0,0.0,0.0,0.0,0.0,,,0.0,-3.7193686714285716,-0.006254275949999999,,,,,,0.03401348876660547,4.235518169007731,0.539792907782207,4.109009464483231,1.0,-0.006254275949999999,-225999.0530100499,-0.21687218193124927,1.0016771138292804,0.041283232660751526
05-01-2026,06.05,1604,6015.0,0.0,0.0,0.0,0.0,0.0,,,0.0,-3.7193686714285716,-0.006254275949999999,,,,,,0.03401348876660547,4.235518169007731,0.539792907782207,4.109009464483231,1.0,-0.006254275949999999,-226281.1110830887,-0.21714284921465835,1.0016771138292804,0.041283232660751526
05-01-2026,06.05,1605,6018.75,0.0,0.0,0.0,0.0,0.0,,,0.0,-3.7193686714285716,-0.006254275949999999,,,,,,0.03401348876660547,4.235518169007731,0.539792907782207,4.109009464483231,1.0,-0.006254275949999999,-226563.34505763862,-0.21741368529587435,1.0016771138292804,0.041283232660751526
05-01-2026,06.05,1606,6022.5,0.0,0.0,0.0,0.0,0.0,,,0.0,-3.7193686714285716,-0.006254275949999999,,,,,,0.03401348876660547,4.235518169007731,0.539792907782207,4.109009464483231,1.0,-0.006254275949999999,-226845.75493369965,-0.21768469017489728,1.0016771138292804,0.041283232660751526
05-01-2026,06.05,1607,6026.25,0.0,0.0,0.0,0.0,0.0,,,0.0,-3.7193686714285716,-0.006254275949999999,,,,,,0.03401348876660547,4.235518169007731,0.539792907782207,4.109009464483231,1.0,-0.006254275949999999,-227128.34071127177,-0.21795586385172716,1.0016771138292804,0.041283232660751526
05-01-2026,06.05,1608,6030.0,0.0,0.0,0.0,0.0,0.0,,,0.0,-3.7193686714285716,-0.006254275949999999,,,,,,0.03401348876660547,4.235518169007731,0.539792907782207,4.109009464483231,1.0,-0.006254275949999999,-227411.10239035496,-0.21822720632636394,1.0016771138292804,0.041283232660751526
05-01-2026,06.05,1609,6033.75,0.0,0.0,0.0,0.0,0.0,,,0.0,-3.7193686714285716,-0.006254275949999999,,,,,,0.03401348876660547,4.235518169007731,0.539792907782207,4.109009464483231,1.0,-0.006254275949999999,-227694.03997094926,-0.21849871759880765,1.0016771138292804,0.041283232660751526
05-01-2026,06.05,1610,6037.5,0.0,0.0,0.0,0.0,0.0,,,0.0,-3.7193686714285716,-0.006254275949999999,,,,,,0.03401348876660547,4.235518169007731,0.539792907782207,4.109009464483231,1.0,-0.006254275949999999,-227977.15345305463,-0.2187703976690583,1.0016771138292804,0.041283232660751526
05-01-2026,06.05,1611,6041.25,0.0,0.0,0.0,0.0,0.0,,,0.0,-3.7193686714285716,-0.006254275949999999,,,,,,0.03401348876660547,4.235518169007731,0.539792907782207,4.109009464483231,1.0,-0.006254275949999999,-228260.44283667114,-0.21904224653711588,1.0016771138292804,0.041283232660751526
05-01-2026,06.05,1612,6045.0,0.0,0.0,0.0,0.0,0.0,,,0.0,-3.7193686714285716,-0.006254275949999999,,,,,,0.03401348876660547,4.235518169007731,0.539792907782207,4.109009464483231,1.0,-0.006254275949999999,-228543.9081217987,-0.2193142642029804,1.0016771138292804,0.041283232660751526
05-01-2026,06.05,1613,6048.75,0.0,0.0,0.0,0.0,0.0,,,0.0,-3.7193686714285716,-0.006254275949999999,,,,,,0.03401348876660547,4.235518169007731,0.539792907782207,4.109009464483231,1.0,-0.006254275949999999,-228827.5493084374,-0.2195864506666518,1.0016771138292804,0.041283232660751526
05-01-2026,06.05,1614,6052.5,0.0,0.0,0.0,0.0,0.0,,,0.0,-3.7193686714285716,-0.006254275949999999,,,,,,0.03401348876660547,4.235518169007731,0.539792907782207,4.109009464483231,1.0,-0.006254275949999999,-229111.36639658714,-0.21985880592813015,1.0016771138292804,0.041283232660751526
05-01-2026,06.05,1615,6056.25,0.0,0.0,0.0,0.0,0.0,,,0.0,-3.7193686714285716,-0.006254275949999999,,,,,,0.03401348876660547,4.235518169007731,0.539792907782207,4.109009464483231,1.0,-0.006254275949999999,-229395.35938624802,-0.22013132998741547,1.0016771138292804,0.041283232660751526
05-01-2026,06.05,1616,6060.0,0.0,0.0,0.0,0.0,0.0,,,0.0,-3.7193686714285716,-0.006254275949999999,,,,,,0.03401348876660547,4.235518169007731,0.539792907782207,4.109009464483231,1.0,-0.006254275949999999,-229679.52827741997,-0.2204040228445077,1.0016771138292804,0.041283232660751526
05-01-2026,06.05,1617,6063.75,0.0,0.0,0.0,0.0,0.0,,,0.0,-3.7193686714285716,-0.006254275949999999,,,,,,0.03401348876660547,4.235518169007731,0.539792907782207,4.109009464483231,1.0,-0.006254275949999999,-229963.873070103,-0.2206768844994068,1.0016771138292804,0.041283232660751526
05-01-2026,06.05,1618,6067.5,0.0,0.0,0.0,0.0,0.0,,,0.0,-3.7193686714285716,-0.006254275949999999,,,,,,0.03401348876660547,4.235518169007731,0.539792907782207,4.109009464483231,1.0,-0.006254275949999999,-230248.39376429716,-0.22094991495211289,1.0016771138292804,0.041283232660751526
05-01-2026,06.05,1619,6071.25,0.0,0.0,0.0,0.0,0.0,,,0.0,-3.7193686714285716,-0.006254275949999999,,,,,,0.03401348876660547,4.235518169007731,0.539792907782207,4.109009464483231,1.0,-0.006254275949999999,-230533.0903600024,-0.2212231142026259,1.0016771138292804,0.041283232660751526
05-01-2026,06.05,1620,6075.0,0.0,0.0,0.0,0.0,0.0,,,0.0,-3.7193686714285716,-0.006254275949999999,,,,,,0.03401348876660547,4.235518169007731,0.539792907782207,4.109009464483231,1.0,-0.006254275949999999,-230817.96285721872,-0.22149648225094581,1.0016771138292804,0.041283232660751526
05-01-2026,06.05,1621,6078.75,0.0,0.0,0.0,0.0,0.0,,,0.0,-3.7193686714285716,-0.006254275949999999,,,,,,0.03401348876660547,4.235518169007731,0.539792907782207,4.109009464483231,1.0,-0.006254275949999999,-231103.01125594613,-0.22177001909707264,1.0016771138292804,0.041283232660751526
05-01-2026,06.05,1622,6082.5,0.0,0.0,0.0,0.0,0.0,,,0.0,-3.7193686714285716,-0.006254275949999999,,,,,,0.03401348876660547,4.235518169007731,0.539792907782207,4.109009464483231,1.0,-0.006254275949999999,-231388.23555618463,-0.22204372474100642,1.0016771138292804,0.041283232660751526
05-01-2026,06.05,1623,6086.25,0.0,0.0,0.0,0.0,0.0,,,0.0,-3.7193686714285716,-0.006254275949999999,,,,,,0.03401348876660547,4.235518169007731,0.539792907782207,4.109009464483231,1.0,-0.006254275949999999,-231673.63575793424,-0.22231759918274713,1.0016771138292804,0.041283232660751526
05-01-2026,06.05,1624,6090.0,0.0,0.0,0.0,0.0,0.0,,,0.0,-3.7193686714285716,-0.006254275949999999,,,,,,0.03401348876660547,4.235518169007731,0.539792907782207,4.109009464483231,1.0,-0.006254275949999999,-231959.21186119496,-0.2225916424222948,1.0016771138292804,0.041283232660751526
05-01-2026,06.05,1625,6093.75,0.0,0.0,0.0,0.0,0.0,,,0.0,-3.7193686714285716,-0.006254275949999999,,,,,,0.03401348876660547,4.235518169007731,0.539792907782207,4.109009464483231,1.0,-0.006254275949999999,-232244.96386596677,-0.22286585445964938,1.0016771138292804,0.041283232660751526
05-01-2026,06.05,1626,6097.5,0.0,0.0,0.0,0.0,0.0,,,0.0,-3.7193686714285716,-0.006254275949999999,,,,,,0.03401348876660547,4.235518169007731,0.539792907782207,4.109009464483231,1.0,-0.006254275949999999,-232530.89177224966,-0.22314023529481086,1.0016771138292804,0.041283232660751526
05-01-2026,06.05,1627,6101.25,0.0,0.0,0.0,0.0,0.0,,,0.0,-3.7193686714285716,-0.006254275949999999,,,,,,0.03401348876660547,4.235518169007731,0.539792907782207,4.109009464483231,1.0,-0.006254275949999999,-232816.99558004364,-0.22341478492777928,1.0016771138292804,0.041283232660751526
05-01-2026,06.05,1628,6105.0,0.0,0.0,0.0,0.0,0.0,,,0.0,-3.7193686714285716,-0.006254275949999999,,,,,,0.03401348876660547,4.235518169007731,0.539792907782207,4.109009464483231,1.0,-0.006254275949999999,-233103.2752893487,-0.22368950335855461,1.0016771138292804,0.041283232660751526
05-01-2026,06.05,1629,6108.75,0.0,0.0,0.0,0.0,0.0,,,0.0,-3.7193686714285716,-0.006254275949999999,,,,,,0.03401348876660547,4.235518169007731,0.539792907782207,4.109009464483231,1.0,-0.006254275949999999,-233389.73090016487,-0.22396439058713688,1.0016771138292804,0.041283232660751526
05-01-2026,06.05,1630,6112.5,0.0,0.0,0.0,0.0,0.0,,,0.0,-3.7193686714285716,-0.006254275949999999,,,,,,0.03401348876660547,4.235518169007731,0.539792907782207,4.109009464483231,1.0,-0.006254275949999999,-233676.36241249213,-0.2242394466135261,1.0016771138292804,0.041283232660751526
05-01-2026,06.05,1631,6116.25,0.0,0.0,0.0,0.0,0.0,,,0.0,-3.7193686714285716,-0.006254275949999999,,,,,,0.03401348876660547,4.235518169007731,0.539792907782207,4.109009464483231,1.0,-0.006254275949999999,-233963.1698263305,-0.22451467143772222,1.0016771138292804,0.041283232660751526
05-01-2026,06.05,1632,6120.0,0.0,0.0,0.0,0.0,0.0,,,0.0,-3.7193686714285716,-0.006254275949999999,,,,,,0.03401348876660547,4.235518169007731,0.539792907782207,4.109009464483231,1.0,-0.006254275949999999,-234250.15314167997,-0.22479006505972532,1.0016771138292804,0.041283232660751526
05-01-2026,06.05,1633,6123.75,0.0,0.0,0.0,0.0,0.0,,,0.0,-3.7193686714285716,-0.006254275949999999,,,,,,0.03401348876660547,4.235518169007731,0.539792907782207,4.109009464483231,1.0,-0.006254275949999999,-234537.3123585405,-0.2250656274795353,1.0016771138292804,0.041283232660751526
05-01-2026,06.05,1634,6127.5,0.0,0.0,0.0,0.0,0.0,,,0.0,-3.7193686714285716,-0.006254275949999999,,,,,,0.03401348876660547,4.235518169007731,0.539792907782207,4.109009464483231,1.0,-0.006254275949999999,-234824.64747691216,-0.22534135869715222,1.0016771138292804,0.041283232660751526
05-01-2026,06.05,1635,6131.25,0.0,0.0,0.0,0.0,0.0,,,0.0,-3.7193686714285716,-0.006254275949999999,,,,,,0.03401348876660547,4.235518169007731,0.539792907782207,4.109009464483231,1.0,-0.006254275949999999,-235112.15849679487,-0.22561725871257604,1.0016771138292804,0.041283232660751526
05-01-2026,06.05,1636,6135.0,0.0,0.0,0.0,0.0,0.0,,,0.0,-3.7193686714285716,-0.006254275949999999,,,,,,0.03401348876660547,4.235518169007731,0.539792907782207,4.109009464483231,1.0,-0.006254275949999999,-235399.84541818872,-0.22589332752580685,1.0016771138292804,0.041283232660751526
05-01-2026,06.05,1637,6138.75,0.0,0.0,0.0,0.0,0.0,,,0.0,-3.7193686714285716,-0.006254275949999999,,,,,,0.03401348876660547,4.235518169007731,0.539792907782207,4.109009464483231,1.0,-0.006254275949999999,-235687.70824109364,-0.22616956513684455,1.0016771138292804,0.041283232660751526
05-01-2026,06.05,1638,6142.5,0.0,0.0,0.0,0.0,0.0,,,0.0,-3.7193686714285716,-0.006254275949999999,,,,,,0.03401348876660547,4.235518169007731,0.539792907782207,4.109009464483231,1.0,-0.006254275949999999,-235975.74696550964,-0.22644597154568916,1.0016771138292804,0.041283232660751526
05-01-2026,06.05,1639,6146.25,0.0,0.0,0.0,0.0,0.0,,,0.0,-3.7193686714285716,-0.006254275949999999,,,,,,0.03401348876660547,4.235518169007731,0.539792907782207,4.109009464483231,1.0,-0.006254275949999999,-236263.96159143676,-0.22672254675234071,1.0016771138292804,0.041283232660751526
05-01-2026,06.05,1640,6150.0,0.0,0.0,0.0,0.0,0.0,,,0.0,-3.7193686714285716,-0.006254275949999999,,,,,,0.03401348876660547,4.235518169007731,0.539792907782207,4.109009464483231,1.0,-0.006254275949999999,-236552.35211887496,-0.2269992907567992,1.0016771138292804,0.041283232660751526
05-01-2026,06.05,1641,6153.75,0.0,0.0,0.0,0.0,0.0,,,0.0,-3.7193686714285716,-0.006254275949999999,,,,,,0.03401348876660547,4.235518169007731,0.539792907782207,4.109009464483231,1.0,-0.006254275949999999,-236840.91854782426,-0.2272762035590646,1.0016771138292804,0.041283232660751526
05-01-2026,06.05,1642,6157.5,0.0,0.0,0.0,0.0,0.0,,,0.0,-3.7193686714285716,-0.006254275949999999,,,,,,0.03401348876660547,4.235518169007731,0.539792907782207,4.109009464483231,1.0,-0.006254275949999999,-237129.66087828466,-0.22755328515913698,1.0016771138292804,0.041283232660751526
05-01-2026,06.05,1643,6161.25,0.0,0.0,0.0,0.0,0.0,,,0.0,-3.7193686714285716,-0.006254275949999999,,,,,,0.03401348876660547,4.235518169007731,0.539792907782207,4.109009464483231,1.0,-0.006254275949999999,-237418.57911025613,-0.22783053555701624,1.0016771138292804,0.041283232660751526
05-01-2026,06.05,1644,6165.0,0.0,0.0,0.0,0.0,0.0,,,0.0,-3.7193686714285716,-0.006254275949999999,,,,,,0.03401348876660547,4.235518169007731,0.539792907782207,4.109009464483231,1.0,-0.006254275949999999,-237707.6732437387,-0.22810795475270243,1.0016771138292804,0.041283232660751526
05-01-2026,06.05,1645,6168.75,0.0,0.0,0.0,0.0,0.0,,,0.0,-3.7193686714285716,-0.006254275949999999,,,,,,0.03401348876660547,4.235518169007731,0.539792907782207,4.109009464483231,1.0,-0.006254275949999999,-237996.9432787324,-0.22838554274619557,1.0016771138292804,0.041283232660751526
05-01-2026,06.05,1646,6172.5,0.0,0.0,0.0,0.0,0.0,,,0.0,-3.7193686714285716,-0.006254275949999999,,,,,,0.03401348876660547,4.235518169007731,0.539792907782207,4.109009464483231,1.0,-0.006254275949999999,-238286.38921523714,-0.22866329953749562,1.0016771138292804,0.041283232660751526
05-01-2026,06.05,1647,6176.25,0.0,0.0,0.0,0.0,0.0,,,0.0,-3.7193686714285716,-0.006254275949999999,,,,,,0.03401348876660547,4.235518169007731,0.539792907782207,4.109009464483231,1.0,-0.006254275949999999,-238576.011053253,-0.2289412251266026,1.0016771138292804,0.041283232660751526
05-01-2026,06.05,1648,6180.0,0.0,0.0,0.0,0.0,0.0,,,0.0,-3.7193686714285716,-0.006254275949999999,,,,,,0.03401348876660547,4.235518169007731,0.539792907782207,4.109009464483231,1.0,-0.006254275949999999,-238865.80879277995,-0.22921931951351648,1.0016771138292804,0.041283232660751526
05-01-2026,06.05,1649,6183.75,0.0,0.0,0.0,0.0,0.0,,,0.0,-3.7193686714285716,-0.006254275949999999,,,,,,0.03401348876660547,4.235518169007731,0.539792907782207,4.109009464483231,1.0,-0.006254275949999999,-239155.782433818,-0.22949758269823733,1.0016771138292804,0.041283232660751526
05-01-2026,06.05,1650,6187.5,0.0,0.0,0.0,0.0,0.0,,,0.0,-3.7193686714285716,-0.006254275949999999,,,,,,0.03401348876660547,4.235518169007731,0.539792907782207,4.109009464483231,1.0,-0.006254275949999999,-239445.93197636714,-0.2297760146807651,1.0016771138292804,0.041283232660751526
05-01-2026,06.05,1651,6191.25,0.0,0.0,0.0,0.0,0.0,,,0.0,-3.7193686714285716,-0.006254275949999999,,,,,,0.03401348876660547,4.235518169007731,0.539792907782207,4.109009464483231,1.0,-0.006254275949999999,-239736.25742042737,-0.2300546154610998,1.0016771138292804,0.041283232660751526
05-01-2026,06.05,1652,6195.0,0.0,0.0,0.0,0.0,0.0,,,0.0,-3.7193686714285716,-0.006254275949999999,,,,,,0.03401348876660547,4.235518169007731,0.539792907782207,4.109009464483231,1.0,-0.006254275949999999,-240026.7587659987,-0.23033338503924142,1.0016771138292804,0.041283232660751526
05-01-2026,06.05,1653,6198.75,0.0,0.0,0.0,0.0,0.0,,,0.0,-3.7193686714285716,-0.006254275949999999,,,,,,0.03401348876660547,4.235518169007731,0.539792907782207,4.109009464483231,1.0,-0.006254275949999999,-240317.43601308114,-0.23061232341518997,1.0016771138292804,0.041283232660751526
05-01-2026,06.05,1654,6202.5,0.0,0.0,0.0,0.0,0.0,,,0.0,-3.7193686714285716,-0.006254275949999999,,,,,,0.03401348876660547,4.235518169007731,0.539792907782207,4.109009464483231,1.0,-0.006254275949999999,-240608.28916167465,-0.23089143058894546,1.0016771138292804,0.041283232660751526
05-01-2026,06.05,1655,6206.25,0.0,0.0,0.0,0.0,0.0,,,0.0,-3.7193686714285716,-0.006254275949999999,,,,,,0.03401348876660547,4.235518169007731,0.539792907782207,4.109009464483231,1.0,-0.006254275949999999,-240899.31821177926,-0.23117070656050787,1.0016771138292804,0.041283232660751526
05-01-2026,06.05,1656,6210.0,0.0,0.0,0.0,0.0,0.0,,,0.0,-3.7193686714285716,-0.006254275949999999,,,,,,0.03401348876660547,4.235518169007731,0.539792907782207,4.109009464483231,1.0,-0.006254275949999999,-241190.52316339494,-0.23145015132987717,1.0016771138292804,0.041283232660751526
05-01-2026,06.05,1657,6213.75,0.0,0.0,0.0,0.0,0.0,,,0.0,-3.7193686714285716,-0.006254275949999999,,,,,,0.03401348876660547,4.235518169007731,0.539792907782207,4.109009464483231,1.0,-0.006254275949999999,-241481.90401652176,-0.23172976489705346,1.0016771138292804,0.041283232660751526
05-01-2026,06.05,1658,6217.5,0.0,0.0,0.0,0.0,0.0,,,0.0,-3.7193686714285716,-0.006254275949999999,,,,,,0.03401348876660547,4.235518169007731,0.539792907782207,4.109009464483231,1.0,-0.006254275949999999,-241773.46077115965,-0.23200954726203665,1.0016771138292804,0.041283232660751526
05-01-2026,06.05,1659,6221.25,0.0,0.0,0.0,0.0,0.0,,,0.0,-3.7193686714285716,-0.006254275949999999,,,,,,0.03401348876660547,4.235518169007731,0.539792907782207,4.109009464483231,1.0,-0.006254275949999999,-242065.19342730864,-0.23228949842482677,1.0016771138292804,0.041283232660751526
05-01-2026,06.05,1660,6225.0,0.0,0.0,0.0,0.0,0.0,,,0.0,-3.7193686714285716,-0.006254275949999999,,,,,,0.03401348876660547,4.235518169007731,0.539792907782207,4.109009464483231,1.0,-0.006254275949999999,-242357.1019849687,-0.2325696183854238,1.0016771138292804,0.041283232660751526
05-01-2026,06.05,1661,6228.75,0.0,0.0,0.0,0.0,0.0,,,0.0,-3.7193686714285716,-0.006254275949999999,,,,,,0.03401348876660547,4.235518169007731,0.539792907782207,4.109009464483231,1.0,-0.006254275949999999,-242649.1864441399,-0.2328499071438278,1.0016771138292804,0.041283232660751526
05-01-2026,06.05,1662,6232.5,0.0,0.0,0.0,0.0,0.0,,,0.0,-3.7193686714285716,-0.006254275949999999,,,,,,0.03401348876660547,4.235518169007731,0.539792907782207,4.109009464483231,1.0,-0.006254275949999999,-242941.44680482213,-0.23313036470003867,1.0016771138292804,0.041283232660751526
05-01-2026,06.05,1663,6236.25,0.0,0.0,0.0,0.0,0.0,,,0.0,-3.7193686714285716,-0.006254275949999999,,,,,,0.03401348876660547,4.235518169007731,0.539792907782207,4.109009464483231,1.0,-0.006254275949999999,-243233.8830670155,-0.23341099105405652,1.0016771138292804,0.041283232660751526
05-01-2026,06.05,1664,6240.0,0.0,0.0,0.0,0.0,0.0,,,0.0,-3.7193686714285716,-0.006254275949999999,,,,,,0.03401348876660547,4.235518169007731,0.539792907782207,4.109009464483231,1.0,-0.006254275949999999,-243526.49523071997,-0.2336917862058813,1.0016771138292804,0.041283232660751526
05-01-2026,06.05,1665,6243.75,0.0,0.0,0.0,0.0,0.0,,,0.0,-3.7193686714285716,-0.006254275949999999,,,,,,0.03401348876660547,4.235518169007731,0.539792907782207,4.109009464483231,1.0,-0.006254275949999999,-243819.28329593551,-0.23397275015551297,1.0016771138292804,0.041283232660751526
05-01-2026,06.05,1666,6247.5,0.0,0.0,0.0,0.0,0.0,,,0.0,-3.7193686714285716,-0.006254275949999999,,,,,,0.03401348876660547,4.235518169007731,0.539792907782207,4.109009464483231,1.0,-0.006254275949999999,-244112.24726266213,-0.23425388290295157,1.0016771138292804,0.041283232660751526
05-01-2026,06.05,1667,6251.25,0.0,0.0,0.0,0.0,0.0,,,0.0,-3.7193686714285716,-0.006254275949999999,,,,,,0.03401348876660547,4.235518169007731,0.539792907782207,4.109009464483231,1.0,-0.006254275949999999,-244405.38713089988,-0.23453518444819713,1.0016771138292804,0.041283232660751526
05-01-2026,06.05,1668,6255.0,0.0,0.0,0.0,0.0,0.0,,,0.0,-3.7193686714285716,-0.006254275949999999,,,,,,0.03401348876660547,4.235518169007731,0.539792907782207,4.109009464483231,1.0,-0.006254275949999999,-244698.7029006487,-0.23481665479124958,1.0016771138292804,0.041283232660751526
05-01-2026,06.05,1669,6258.75,0.0,0.0,0.0,0.0,0.0,,,0.0,-3.7193686714285716,-0.006254275949999999,,,,,,0.03401348876660547,4.235518169007731,0.539792907782207,4.109009464483231,1.0,-0.006254275949999999,-244992.19457190862,-0.235098293932109,1.0016771138292804,0.041283232660751526
05-01-2026,06.05,1670,6262.5,0.0,0.0,0.0,0.0,0.0,,,0.0,-3.7193686714285716,-0.006254275949999999,,,,,,0.03401348876660547,4.235518169007731,0.539792907782207,4.109009464483231,1.0,-0.006254275949999999,-245285.86214467965,-0.23538010187077532,1.0016771138292804,0.041283232660751526
05-01-2026,06.05,1671,6266.25,0.0,0.0,0.0,0.0,0.0,,,0.0,-3.7193686714285716,-0.006254275949999999,,,,,,0.03401348876660547,4.235518169007731,0.539792907782207,4.109009464483231,1.0,-0.006254275949999999,-245579.70561896174,-0.23566207860724855,1.0016771138292804,0.041283232660751526
05-01-2026,06.05,1672,6270.0,0.0,0.0,0.0,0.0,0.0,,,0.0,-3.7193686714285716,-0.006254275949999999,,,,,,0.03401348876660547,4.235518169007731,0.539792907782207,4.109009464483231,1.0,-0.006254275949999999,-245873.72499475497,-0.23594422414152877,1.0016771138292804,0.041283232660751526
05-01-2026,06.05,1673,6273.75,0.0,0.0,0.0,0.0,0.0,,,0.0,-3.7193686714285716,-0.006254275949999999,,,,,,0.03401348876660547,4.235518169007731,0.539792907782207,4.109009464483231,1.0,-0.006254275949999999,-246167.92027205924,-0.23622653847361585,1.0016771138292804,0.041283232660751526
05-01-2026,06.05,1674,6277.5,0.0,0.0,0.0,0.0,0.0,,,0.0,-3.7193686714285716,-0.006254275949999999,,,,,,0.03401348876660547,4.235518169007731,0.539792907782207,4.109009464483231,1.0,-0.006254275949999999,-246462.29145087465,-0.23650902160350992,1.0016771138292804,0.041283232660751526
05-01-2026,06.05,1675,6281.25,0.0,0.0,0.0,0.0,0.0,,,0.0,-3.7193686714285716,-0.006254275949999999,,,,,,0.03401348876660547,4.235518169007731,0.539792907782207,4.109009464483231,1.0,-0.006254275949999999,-246756.83853120112,-0.23679167353121086,1.0016771138292804,0.041283232660751526
05-01-2026,06.05,1676,6285.0,0.0,0.0,0.0,0.0,0.0,,,0.0,-3.7193686714285716,-0.006254275949999999,,,,,,0.03401348876660547,4.235518169007731,0.539792907782207,4.109009464483231,1.0,-0.006254275949999999,-247051.5615130387,-0.23707449425671875,1.0016771138292804,0.041283232660751526
05-01-2026,06.05,1677,6288.75,0.0,0.0,0.0,0.0,0.0,,,0.0,-3.7193686714285716,-0.006254275949999999,,,,,,0.03401348876660547,4.235518169007731,0.539792907782207,4.109009464483231,1.0,-0.006254275949999999,-247346.46039638738,-0.2373574837800336,1.0016771138292804,0.041283232660751526
05-01-2026,06.05,1678,6292.5,0.0,0.0,0.0,0.0,0.0,,,0.0,-3.7193686714285716,-0.006254275949999999,,,,,,0.03401348876660547,4.235518169007731,0.539792907782207,4.109009464483231,1.0,-0.006254275949999999,-247641.53518124713,-0.23764064210115532,1.0016771138292804,0.041283232660751526
05-01-2026,06.05,1679,6296.25,0.0,0.0,0.0,0.0,0.0,,,0.0,-3.7193686714285716,-0.006254275949999999,,,,,,0.03401348876660547,4.235518169007731,0.539792907782207,4.109009464483231,1.0,-0.006254275949999999,-247936.78586761802,-0.23792396922008405,1.0016771138292804,0.041283232660751526
05-01-2026,06.05,1680,6300.0,0.0,0.0,0.0,0.0,0.0,,,0.0,-3.7193686714285716,-0.006254275949999999,,,,,,0.03401348876660547,4.235518169007731,0.539792907782207,4.109009464483231,1.0,-0.006254275949999999,-248232.21245549995,-0.23820746513681962,1.0016771138292804,0.041283232660751526
05-01-2026,06.05,1681,6303.75,0.0,0.0,0.0,0.0,0.0,,,0.0,-3.7193686714285716,-0.006254275949999999,,,,,,0.03401348876660547,4.235518169007731,0.539792907782207,4.109009464483231,1.0,-0.006254275949999999,-248527.814944893,-0.23849112985136217,1.0016771138292804,0.041283232660751526
05-01-2026,06.05,1682,6307.5,0.0,0.0,0.0,0.0,0.0,,,0.0,-3.7193686714285716,-0.006254275949999999,,,,,,0.03401348876660547,4.235518169007731,0.539792907782207,4.109009464483231,1.0,-0.006254275949999999,-248823.59333579714,-0.23877496336371162,1.0016771138292804,0.041283232660751526
05-01-2026,06.05,1683,6311.25,0.0,0.0,0.0,0.0,0.0,,,0.0,-3.7193686714285716,-0.006254275949999999,,,,,,0.03401348876660547,4.235518169007731,0.539792907782207,4.109009464483231,1.0,-0.006254275949999999,-249119.54762821237,-0.239058965673868,1.0016771138292804,0.041283232660751526
05-01-2026,06.05,1684,6315.0,0.0,0.0,0.0,0.0,0.0,,,0.0,-3.7193686714285716,-0.006254275949999999,,,,,,0.03401348876660547,4.235518169007731,0.539792907782207,4.109009464483231,1.0,-0.006254275949999999,-249415.6778221387,-0.23934313678183133,1.0016771138292804,0.041283232660751526
05-01-2026,06.05,1685,6318.75,0.0,0.0,0.0,0.0,0.0,,,0.0,-3.7193686714285716,-0.006254275949999999,,,,,,0.03401348876660547,4.235518169007731,0.539792907782207,4.109009464483231,1.0,-0.006254275949999999,-249711.98391757612,-0.23962747668760156,1.0016771138292804,0.041283232660751526
05-01-2026,06.05,1686,6322.5,0.0,0.0,0.0,0.0,0.0,,,0.0,-3.7193686714285716,-0.006254275949999999,,,,,,0.03401348876660547,4.235518169007731,0.539792907782207,4.109009464483231,1.0,-0.006254275949999999,-250008.46591452466,-0.23991198539117878,1.0016771138292804,0.041283232660751526
05-01-2026,06.05,1687,6326.25,0.0,0.0,0.0,0.0,0.0,,,0.0,-3.7193686714285716,-0.006254275949999999,,,,,,0.03401348876660547,4.235518169007731,0.539792907782207,4.109009464483231,1.0,-0.006254275949999999,-250305.12381298427,-0.24019666289256286,1.0016771138292804,0.041283232660751526
05-01-2026,06.05,1688,6330.0,0.0,0.0,0.0,0.0,0.0,,,0.0,-3.7193686714285716,-0.006254275949999999,,,,,,0.03401348876660547,4.235518169007731,0.539792907782207,4.109009464483231,1.0,-0.006254275949999999,-250601.95761295495,-0.2404815091917539,1.0016771138292804,0.041283232660751526
05-01-2026,06.05,1689,6333.75,0.0,0.0,0.0,0.0,0.0,,,0.0,-3.7193686714285716,-0.006254275949999999,,,,,,0.03401348876660547,4.235518169007731,0.539792907782207,4.109009464483231,1.0,-0.006254275949999999,-250898.96731443674,-0.24076652428875184,1.0016771138292804,0.041283232660751526
05-01-2026,06.05,1690,6337.5,0.0,0.0,0.0,0.0,0.0,,,0.0,-3.7193686714285716,-0.006254275949999999,,,,,,0.03401348876660547,4.235518169007731,0.539792907782207,4.109009464483231,1.0,-0.006254275949999999,-251196.15291742963,-0.24105170818355673,1.0016771138292804,0.041283232660751526
05-01-2026,06.05,1691,6341.25,0.0,0.0,0.0,0.0,0.0,,,0.0,-3.7193686714285716,-0.006254275949999999,,,,,,0.03401348876660547,4.235518169007731,0.539792907782207,4.109009464483231,1.0,-0.006254275949999999,-251493.51442193362,-0.24133706087616855,1.0016771138292804,0.041283232660751526
05-01-2026,06.05,1692,6345.0,0.0,0.0,0.0,0.0,0.0,,,0.0,-3.7193686714285716,-0.006254275949999999,,,,,,0.03401348876660547,4.235518169007731,0.539792907782207,4.109009464483231,1.0,-0.006254275949999999,-251791.05182794872,-0.24162258236658732,1.0016771138292804,0.041283232660751526
05-01-2026,06.05,1693,6348.75,0.0,0.0,0.0,0.0,0.0,,,0.0,-3.7193686714285716,-0.006254275949999999,,,,,,0.03401348876660547,4.235518169007731,0.539792907782207,4.109009464483231,1.0,-0.006254275949999999,-252088.76513547488,-0.24190827265481296,1.0016771138292804,0.041283232660751526
05-01-2026,06.05,1694,6352.5,0.0,0.0,0.0,0.0,0.0,,,0.0,-3.7193686714285716,-0.006254275949999999,,,,,,0.03401348876660547,4.235518169007731,0.539792907782207,4.109009464483231,1.0,-0.006254275949999999,-252386.65434451215,-0.2421941317408456,1.0016771138292804,0.041283232660751526
05-01-2026,06.05,1695,6356.25,0.0,0.0,0.0,0.0,0.0,,,0.0,-3.7193686714285716,-0.006254275949999999,,,,,,0.03401348876660547,4.235518169007731,0.539792907782207,4.109009464483231,1.0,-0.006254275949999999,-252684.7194550605,-0.24248015962468508,1.0016771138292804,0.041283232660751526
05-01-2026,06.05,1696,6360.0,0.0,0.0,0.0,0.0,0.0,,,0.0,-3.7193686714285716,-0.006254275949999999,,,,,,0.03401348876660547,4.235518169007731,0.539792907782207,4.109009464483231,1.0,-0.006254275949999999,-252982.96046711996,-0.24276635630633156,1.0016771138292804,0.041283232660751526
05-01-2026,06.05,1697,6363.75,0.0,0.0,0.0,0.0,0.0,,,0.0,-3.7193686714285716,-0.006254275949999999,,,,,,0.03401348876660547,4.235518169007731,0.539792907782207,4.109009464483231,1.0,-0.006254275949999999,-253281.3773806905,-0.24305272178578494,1.0016771138292804,0.041283232660751526
05-01-2026,06.05,1698,6367.5,0.0,0.0,0.0,0.0,0.0,,,0.0,-3.7193686714285716,-0.006254275949999999,,,,,,0.03401348876660547,4.235518169007731,0.539792907782207,4.109009464483231,1.0,-0.006254275949999999,-253579.97019577216,-0.24333925606304527,1.0016771138292804,0.041283232660751526
05-01-2026,06.05,1699,6371.25,0.0,0.0,0.0,0.0,0.0,,,0.0,-3.7193686714285716,-0.006254275949999999,,,,,,0.03401348876660547,4.235518169007731,0.539792907782207,4.109009464483231,1.0,-0.006254275949999999,-253878.73891236488,-0.24362595913811247,1.0016771138292804,0.041283232660751526
05-01-2026,06.05,1700,6375.0,0.0,0.0,0.0,0.0,0.0,,,0.0,-3.7193686714285716,-0.006254275949999999,,,,,,0.03401348876660547,4.235518169007731,0.539792907782207,4.109009464483231,1.0,-0.006254275949999999,-254177.6835304687,-0.24391283101098665,1.0016771138292804,0.041283232660751526
05-01-2026,06.05,1701,6378.75,0.0,0.0,0.0,0.0,0.0,,,0.0,-3.7193686714285716,-0.006254275949999999,,,,,,0.03401348876660547,4.235518169007731,0.539792907782207,4.109009464483231,1.0,-0.006254275949999999,-254476.80405008362,-0.24419987168166774,1.0016771138292804,0.041283232660751526
05-01-2026,06.05,1702,6382.5,0.0,0.0,0.0,0.0,0.0,,,0.0,-3.7193686714285716,-0.006254275949999999,,,,,,0.03401348876660547,4.235518169007731,0.539792907782207,4.109009464483231,1.0,-0.006254275949999999,-254776.10047120965,-0.24448708115015577,1.0016771138292804,0.041283232660751526
05-01-2026,06.05,1703,6386.25,0.0,0.0,0.0,0.0,0.0,,,0.0,-3.7193686714285716,-0.006254275949999999,,,,,,0.03401348876660547,4.235518169007731,0.539792907782207,4.109009464483231,1.0,-0.006254275949999999,-255075.57279384675,-0.2447744594164507,1.0016771138292804,0.041283232660751526
05-01-2026,06.05,1704,6390.0,0.0,0.0,0.0,0.0,0.0,,,0.0,-3.7193686714285716,-0.006254275949999999,,,,,,0.03401348876660547,4.235518169007731,0.539792907782207,4.109009464483231,1.0,-0.006254275949999999,-255375.22101799495,-0.2450620064805526,1.0016771138292804,0.041283232660751526
05-01-2026,06.05,1705,6393.75,0.0,0.0,0.0,0.0,0.0,,,0.0,-3.7193686714285716,-0.006254275949999999,,,,,,0.03401348876660547,4.235518169007731,0.539792907782207,4.109009464483231,1.0,-0.006254275949999999,-255675.04514365425,-0.2453497223424614,1.0016771138292804,0.041283232660751526
05-01-2026,06.05,1706,6397.5,0.0,0.0,0.0,0.0,0.0,,,0.0,-3.7193686714285716,-0.006254275949999999,,,,,,0.03401348876660547,4.235518169007731,0.539792907782207,4.109009464483231,1.0,-0.006254275949999999,-255975.04517082465,-0.24563760700217716,1.0016771138292804,0.041283232660751526
05-01-2026,06.05,1707,6401.25,0.0,0.0,0.0,0.0,0.0,,,0.0,-3.7193686714285716,-0.006254275949999999,,,,,,0.03401348876660547,4.235518169007731,0.539792907782207,4.109009464483231,1.0,-0.006254275949999999,-256275.22109950613,-0.24592566045969982,1.0016771138292804,0.041283232660751526
05-01-2026,06.05,1708,6405.0,0.0,0.0,0.0,0.0,0.0,,,0.0,-3.7193686714285716,-0.006254275949999999,,,,,,0.03401348876660547,4.235518169007731,0.539792907782207,4.109009464483231,1.0,-0.006254275949999999,-256575.5729296987,-0.2462138827150294,1.0016771138292804,0.041283232660751526
05-01-2026,06.05,1709,6408.75,0.0,0.0,0.0,0.0,0.0,,,0.0,-3.7193686714285716,-0.006254275949999999,,,,,,0.03401348876660547,4.235518169007731,0.539792907782207,4.109009464483231,1.0,-0.006254275949999999,-256876.10066140236,-0.2465022737681659,1.0016771138292804,0.041283232660751526
05-01-2026,06.05,1710,6412.5,0.0,0.0,0.0,0.0,0.0,,,0.0,-3.7193686714285716,-0.006254275949999999,,,,,,0.03401348876660547,4.235518169007731,0.539792907782207,4.109009464483231,1.0,-0.006254275949999999,-257176.80429461715,-0.24679083361910936,1.0016771138292804,0.041283232660751526
05-01-2026,06.05,1711,6416.25,0.0,0.0,0.0,0.0,0.0,,,0.0,-3.7193686714285716,-0.006254275949999999,,,,,,0.03401348876660547,4.235518169007731,0.539792907782207,4.109009464483231,1.0,-0.006254275949999999,-257477.683829343,-0.24707956226785974,1.0016771138292804,0.041283232660751526
05-01-2026,06.05,1712,6420.0,0.0,0.0,0.0,0.0,0.0,,,0.0,-3.7193686714285716,-0.006254275949999999,,,,,,0.03401348876660547,4.235518169007731,0.539792907782207,4.109009464483231,1.0,-0.006254275949999999,-257778.73926557996,-0.24736845971441707,1.0016771138292804,0.041283232660751526
05-01-2026,06.05,1713,6423.75,0.0,0.0,0.0,0.0,0.0,,,0.0,-3.7193686714285716,-0.006254275949999999,,,,,,0.03401348876660547,4.235518169007731,0.539792907782207,4.109009464483231,1.0,-0.006254275949999999,-258079.970603328,-0.24765752595878127,1.0016771138292804,0.041283232660751526
05-01-2026,06.05,1714,6427.5,0.0,0.0,0.0,0.0,0.0,,,0.0,-3.7193686714285716,-0.006254275949999999,,,,,,0.03401348876660547,4.235518169007731,0.539792907782207,4.109009464483231,1.0,-0.006254275949999999,-258381.37784258716,-0.24794676100095245,1.0016771138292804,0.041283232660751526
05-01-2026,06.05,1715,6431.25,0.0,0.0,0.0,0.0,0.0,,,0.0,-3.7193686714285716,-0.006254275949999999,,,,,,0.03401348876660547,4.235518169007731,0.539792907782207,4.109009464483231,1.0,-0.006254275949999999,-258682.96098335736,-0.2482361648409305,1.0016771138292804,0.041283232660751526
05-01-2026,06.05,1716,6435.0,0.0,0.0,0.0,0.0,0.0,,,0.0,-3.7193686714285716,-0.006254275949999999,,,,,,0.03401348876660547,4.235518169007731,0.539792907782207,4.109009464483231,1.0,-0.006254275949999999,-258984.7200256387,-0.24852573747871554,1.0016771138292804,0.041283232660751526
05-01-2026,06.05,1717,6438.75,0.0,0.0,0.0,0.0,0.0,,,0.0,-3.7193686714285716,-0.006254275949999999,,,,,,0.03401348876660547,4.235518169007731,0.539792907782207,4.109009464483231,1.0,-0.006254275949999999,-259286.65496943114,-0.2488154789143075,1.0016771138292804,0.041283232660751526
05-01-2026,06.05,1718,6442.5,0.0,0.0,0.0,0.0,0.0,,,0.0,-3.7193686714285716,-0.006254275949999999,,,,,,0.03401348876660547,4.235518169007731,0.539792907782207,4.109009464483231,1.0,-0.006254275949999999,-259588.76581473465,-0.24910538914770636,1.0016771138292804,0.041283232660751526
05-01-2026,06.05,1719,6446.25,0.0,0.0,0.0,0.0,0.0,,,0.0,-3.7193686714285716,-0.006254275949999999,,,,,,0.03401348876660547,4.235518169007731,0.539792907782207,4.109009464483231,1.0,-0.006254275949999999,-259891.05256154927,-0.24939546817891217,1.0016771138292804,0.041283232660751526
05-01-2026,06.05,1720,6450.0,0.0,0.0,0.0,0.0,0.0,,,0.0,-3.7193686714285716,-0.006254275949999999,,,,,,0.03401348876660547,4.235518169007731,0.539792907782207,4.109009464483231,1.0,-0.006254275949999999,-260193.51520987495,-0.24968571600792488,1.0016771138292804,0.041283232660751526
05-01-2026,06.05,1721,6453.75,0.0,0.0,0.0,0.0,0.0,,,0.0,-3.7193686714285716,-0.006254275949999999,,,,,,0.03401348876660547,4.235518169007731,0.539792907782207,4.109009464483231,1.0,-0.006254275949999999,-260496.15375971174,-0.24997613263474452,1.0016771138292804,0.041283232660751526
05-01-2026,06.05,1722,6457.5,0.0,0.0,0.0,0.0,0.0,,,0.0,-3.7193686714285716,-0.006254275949999999,,,,,,0.03401348876660547,4.235518169007731,0.539792907782207,4.109009464483231,1.0,-0.006254275949999999,-260798.96821105963,-0.2502667180593711,1.0016771138292804,0.041283232660751526
05-01-2026,06.05,1723,6461.25,0.0,0.0,0.0,0.0,0.0,,,0.0,-3.7193686714285716,-0.006254275949999999,,,,,,0.03401348876660547,4.235518169007731,0.539792907782207,4.109009464483231,1.0,-0.006254275949999999,-261101.95856391863,-0.25055747228180464,1.0016771138292804,0.041283232660751526
05-01-2026,06.05,1724,6465.0,0.0,0.0,0.0,0.0,0.0,,,0.0,-3.7193686714285716,-0.006254275949999999,,,,,,0.03401348876660547,4.235518169007731,0.539792907782207,4.109009464483231,1.0,-0.006254275949999999,-261405.1248182887,-0.25084839530204506,1.0016771138292804,0.041283232660751526
05-01-2026,06.05,1725,6468.75,0.0,0.0,0.0,0.0,0.0,,,0.0,-3.7193686714285716,-0.006254275949999999,,,,,,0.03401348876660547,4.235518169007731,0.539792907782207,4.109009464483231,1.0,-0.006254275949999999,-261708.4669741699,-0.25113948712009243,1.0016771138292804,0.041283232660751526
05-01-2026,06.05,1726,6472.5,0.0,0.0,0.0,0.0,0.0,,,0.0,-3.7193686714285716,-0.006254275949999999,,,,,,0.03401348876660547,4.235518169007731,0.539792907782207,4.109009464483231,1.0,-0.006254275949999999,-262011.98503156213,-0.2514307477359467,1.0016771138292804,0.041283232660751526
05-01-2026,06.05,1727,6476.25,0.0,0.0,0.0,0.0,0.0,,,0.0,-3.7193686714285716,-0.006254275949999999,,,,,,0.03401348876660547,4.235518169007731,0.539792907782207,4.109009464483231,1.0,-0.006254275949999999,-262315.6789904655,-0.25172217714960793,1.0016771138292804,0.041283232660751526
05-01-2026,06.05,1728,6480.0,0.0,0.0,0.0,0.0,0.0,,,0.0,-3.7193686714285716,-0.006254275949999999,,,,,,0.03401348876660547,4.235518169007731,0.539792907782207,4.109009464483231,1.0,-0.006254275949999999,-262619.54885087995,-0.2520137753610761,1.0016771138292804,0.041283232660751526
05-01-2026,06.05,1729,6483.75,0.0,0.0,0.0,0.0,0.0,,,0.0,-3.7193686714285716,-0.006254275949999999,,,,,,0.03401348876660547,4.235518169007731,0.539792907782207,4.109009464483231,1.0,-0.006254275949999999,-262923.5946128055,-0.2523055423703512,1.0016771138292804,0.041283232660751526
05-01-2026,06.05,1730,6487.5,0.0,0.0,0.0,0.0,0.0,,,0.0,-3.7193686714285716,-0.006254275949999999,,,,,,0.03401348876660547,4.235518169007731,0.539792907782207,4.109009464483231,1.0,-0.006254275949999999,-263227.81627624214,-0.2525974781774332,1.0016771138292804,0.041283232660751526
05-01-2026,06.05,1731,6491.25,0.0,0.0,0.0,0.0,0.0,,,0.0,-3.7193686714285716,-0.006254275949999999,,,,,,0.03401348876660547,4.235518169007731,0.539792907782207,4.109009464483231,1.0,-0.006254275949999999,-263532.21384118986,-0.2528895827823221,1.0016771138292804,0.041283232660751526
05-01-2026,06.05,1732,6495.0,0.0,0.0,0.0,0.0,0.0,,,0.0,-3.7193686714285716,-0.006254275949999999,,,,,,0.03401348876660547,4.235518169007731,0.539792907782207,4.109009464483231,1.0,-0.006254275949999999,-263836.7873076487,-0.253181856185018,1.0016771138292804,0.041283232660751526
05-01-2026,06.05,1733,6498.75,0.0,0.0,0.0,0.0,0.0,,,0.0,-3.7193686714285716,-0.006254275949999999,,,,,,0.03401348876660547,4.235518169007731,0.539792907782207,4.109009464483231,1.0,-0.006254275949999999,-264141.5366756186,-0.25347429838552077,1.0016771138292804,0.041283232660751526
05-01-2026,06.05,1734,6502.5,0.0,0.0,0.0,0.0,0.0,,,0.0,-3.7193686714285716,-0.006254275949999999,,,,,,0.03401348876660547,4.235518169007731,0.539792907782207,4.109009464483231,1.0,-0.006254275949999999,-264446.46194509964,-0.2537669093838305,1.0016771138292804,0.041283232660751526
05-01-2026,06.05,1735,6506.25,0.0,0.0,0.0,0.0,0.0,,,0.0,-3.7193686714285716,-0.006254275949999999,,,,,,0.03401348876660547,4.235518169007731,0.539792907782207,4.109009464483231,1.0,-0.006254275949999999,-264751.56311609177,-0.2540596891799472,1.0016771138292804,0.041283232660751526
05-01-2026,06.05,1736,6510.0,0.0,0.0,0.0,0.0,0.0,,,0.0,-3.7193686714285716,-0.006254275949999999,,,,,,0.03401348876660547,4.235518169007731,0.539792907782207,4.109009464483231,1.0,-0.006254275949999999,-265056.84018859494,-0.25435263777387074,1.0016771138292804,0.041283232660751526
05-01-2026,06.05,1737,6513.75,0.0,0.0,0.0,0.0,0.0,,,0.0,-3.7193686714285716,-0.006254275949999999,,,,,,0.03401348876660547,4.235518169007731,0.539792907782207,4.109009464483231,1.0,-0.006254275949999999,-265362.2931626093,-0.2546457551656013,1.0016771138292804,0.041283232660751526
05-01-2026,06.05,1738,6517.5,0.0,0.0,0.0,0.0,0.0,,,0.0,-3.7193686714285716,-0.006254275949999999,,,,,,0.03401348876660547,4.235518169007731,0.539792907782207,4.109009464483231,1.0,-0.006254275949999999,-265667.92203813465,-0.2549390413551387,1.0016771138292804,0.041283232660751526
05-01-2026,06.05,1739,6521.25,0.0,0.0,0.0,0.0,0.0,,,0.0,-3.7193686714285716,-0.006254275949999999,,,,,,0.03401348876660547,4.235518169007731,0.539792907782207,4.109009464483231,1.0,-0.006254275949999999,-265973.72681517113,-0.255232496342483,1.0016771138292804,0.041283232660751526
05-01-2026,06.05,1740,6525.0,0.0,0.0,0.0,0.0,0.0,,,0.0,-3.7193686714285716,-0.006254275949999999,,,,,,0.03401348876660547,4.235518169007731,0.539792907782207,4.109009464483231,1.0,-0.006254275949999999,-266279.7074937187,-0.2555261201276343,1.0016771138292804,0.041283232660751526
05-01-2026,06.05,1741,6528.75,0.0,0.0,0.0,0.0,0.0,,,0.0,-3.7193686714285716,-0.006254275949999999,,,,,,0.03401348876660547,4.235518169007731,0.539792907782207,4.109009464483231,1.0,-0.006254275949999999,-266585.8640737774,-0.25581991271059257,1.0016771138292804,0.041283232660751526
05-01-2026,06.05,1742,6532.5,0.0,0.0,0.0,0.0,0.0,,,0.0,-3.7193686714285716,-0.006254275949999999,,,,,,0.03401348876660547,4.235518169007731,0.539792907782207,4.109009464483231,1.0,-0.006254275949999999,-266892.1965553471,-0.25611387409135766,1.0016771138292804,0.041283232660751526
05-01-2026,06.05,1743,6536.25,0.0,0.0,0.0,0.0,0.0,,,0.0,-3.7193686714285716,-0.006254275949999999,,,,,,0.03401348876660547,4.235518169007731,0.539792907782207,4.109009464483231,1.0,-0.006254275949999999,-267198.704938428,-0.25640800426992977,1.0016771138292804,0.041283232660751526
05-01-2026,06.05,1744,6540.0,0.0,0.0,0.0,0.0,0.0,,,0.0,-3.7193686714285716,-0.006254275949999999,,,,,,0.03401348876660547,4.235518169007731,0.539792907782207,4.109009464483231,1.0,-0.006254275949999999,-267505.38922301994,-0.2567023032463087,1.0016771138292804,0.041283232660751526
05-01-2026,06.05,1745,6543.75,0.0,0.0,0.0,0.0,0.0,,,0.0,-3.7193686714285716,-0.006254275949999999,,,,,,0.03401348876660547,4.235518169007731,0.539792907782207,4.109009464483231,1.0,-0.006254275949999999,-267812.249409123,-0.2569967710204947,1.0016771138292804,0.041283232660751526
05-01-2026,06.05,1746,6547.5,0.0,0.0,0.0,0.0,0.0,,,0.0,-3.7193686714285716,-0.006254275949999999,,,,,,0.03401348876660547,4.235518169007731,0.539792907782207,4.109009464483231,1.0,-0.006254275949999999,-268119.28549673717,-0.2572914075924876,1.0016771138292804,0.041283232660751526
05-01-2026,06.05,1747,6551.25,0.0,0.0,0.0,0.0,0.0,,,0.0,-3.7193686714285716,-0.006254275949999999,,,,,,0.03401348876660547,4.235518169007731,0.539792907782207,4.109009464483231,1.0,-0.006254275949999999,-268426.49748586235,-0.2575862129622873,1.0016771138292804,0.041283232660751526
05-01-2026,06.05,1748,6555.0,0.0,0.0,0.0,0.0,0.0,,,0.0,-3.7193686714285716,-0.006254275949999999,,,,,,0.03401348876660547,4.235518169007731,0.539792907782207,4.109009464483231,1.0,-0.006254275949999999,-268733.8853764987,-0.257881187129894,1.0016771138292804,0.041283232660751526
05-01-2026,06.05,1749,6558.75,0.0,0.0,0.0,0.0,0.0,,,0.0,-3.7193686714285716,-0.006254275949999999,,,,,,0.03401348876660547,4.235518169007731,0.539792907782207,4.109009464483231,1.0,-0.006254275949999999,-269041.4491686461,-0.25817633009530766,1.0016771138292804,0.041283232660751526
05-01-2026,06.05,1750,6562.5,0.0,0.0,0.0,0.0,0.0,,,0.0,-3.7193686714285716,-0.006254275949999999,,,,,,0.03401348876660547,4.235518169007731,0.539792907782207,4.109009464483231,1.0,-0.006254275949999999,-269349.18886230467,-0.2584716418585283,1.0016771138292804,0.041283232660751526
05-01-2026,06.05,1751,6566.25,0.0,0.0,0.0,0.0,0.0,,,0.0,-3.7193686714285716,-0.006254275949999999,,,,,,0.03401348876660547,4.235518169007731,0.539792907782207,4.109009464483231,1.0,-0.006254275949999999,-269657.10445747426,-0.25876712241955574,1.0016771138292804,0.041283232660751526
05-01-2026,06.05,1752,6570.0,0.0,0.0,0.0,0.0,0.0,,,0.0,-3.7193686714285716,-0.006254275949999999,,,,,,0.03401348876660547,4.235518169007731,0.539792907782207,4.109009464483231,1.0,-0.006254275949999999,-269965.19595415494,-0.25906277177839016,1.0016771138292804,0.041283232660751526
05-01-2026,06.05,1753,6573.75,0.0,0.0,0.0,0.0,0.0,,,0.0,-3.7193686714285716,-0.006254275949999999,,,,,,0.03401348876660547,4.235518169007731,0.539792907782207,4.109009464483231,1.0,-0.006254275949999999,-270273.46335234673,-0.2593585899350315,1.0016771138292804,0.041283232660751526
05-01-2026,06.05,1754,6577.5,0.0,0.0,0.0,0.0,0.0,,,0.0,-3.7193686714285716,-0.006254275949999999,,,,,,0.03401348876660547,4.235518169007731,0.539792907782207,4.109009464483231,1.0,-0.006254275949999999,-270581.9066520496,-0.2596545768894798,1.0016771138292804,0.041283232660751526
05-01-2026,06.05,1755,6581.25,0.0,0.0,0.0,0.0,0.0,,,0.0,-3.7193686714285716,-0.006254275949999999,,,,,,0.03401348876660547,4.235518169007731,0.539792907782207,4.109009464483231,1.0,-0.006254275949999999,-270890.5258532636,-0.259950732641735,1.0016771138292804,0.041283232660751526
05-01-2026,06.05,1756,6585.0,0.0,0.0,0.0,0.0,0.0,,,0.0,-3.7193686714285716,-0.006254275949999999,,,,,,0.03401348876660547,4.235518169007731,0.539792907782207,4.109009464483231,1.0,-0.006254275949999999,-271199.3209559887,-0.26024705719179714,1.0016771138292804,0.041283232660751526
05-01-2026,06.05,1757,6588.75,0.0,0.0,0.0,0.0,0.0,,,0.0,-3.7193686714285716,-0.006254275949999999,,,,,,0.03401348876660547,4.235518169007731,0.539792907782207,4.109009464483231,1.0,-0.006254275949999999,-271508.29196022486,-0.2605435505396662,1.0016771138292804,0.041283232660751526
05-01-2026,06.05,1758,6592.5,0.0,0.0,0.0,0.0,0.0,,,0.0,-3.7193686714285716,-0.006254275949999999,,,,,,0.03401348876660547,4.235518169007731,0.539792907782207,4.109009464483231,1.0,-0.006254275949999999,-271817.43886597216,-0.2608402126853422,1.0016771138292804,0.041283232660751526
05-01-2026,06.05,1759,6596.25,0.0,0.0,0.0,0.0,0.0,,,0.0,-3.7193686714285716,-0.006254275949999999,,,,,,0.03401348876660547,4.235518169007731,0.539792907782207,4.109009464483231,1.0,-0.006254275949999999,-272126.7616732305,-0.2611370436288251,1.0016771138292804,0.041283232660751526
05-01-2026,06.05,1760,6600.0,0.0,0.0,0.0,0.0,0.0,,,0.0,-3.7193686714285716,-0.006254275949999999,,,,,,0.03401348876660547,4.235518169007731,0.539792907782207,4.109009464483231,1.0,-0.006254275949999999,-272436.26038199995,-0.26143404337011494,1.0016771138292804,0.041283232660751526
05-01-2026,06.05,1761,6603.75,0.0,0.0,0.0,0.0,0.0,,,0.0,-3.7193686714285716,-0.006254275949999999,,,,,,0.03401348876660547,4.235518169007731,0.539792907782207,4.109009464483231,1.0,-0.006254275949999999,-272745.9349922805,-0.2617312119092117,1.0016771138292804,0.041283232660751526
05-01-2026,06.05,1762,6607.5,0.0,0.0,0.0,0.0,0.0,,,0.0,-3.7193686714285716,-0.006254275949999999,,,,,,0.03401348876660547,4.235518169007731,0.539792907782207,4.109009464483231,1.0,-0.006254275949999999,-273055.78550407215,-0.26202854924611546,1.0016771138292804,0.041283232660751526
05-01-2026,06.05,1763,6611.25,0.0,0.0,0.0,0.0,0.0,,,0.0,-3.7193686714285716,-0.006254275949999999,,,,,,0.03401348876660547,4.235518169007731,0.539792907782207,4.109009464483231,1.0,-0.006254275949999999,-273365.8119173749,-0.2623260553808261,1.0016771138292804,0.041283232660751526
05-01-2026,06.05,1764,6615.0,0.0,0.0,0.0,0.0,0.0,,,0.0,-3.7193686714285716,-0.006254275949999999,,,,,,0.03401348876660547,4.235518169007731,0.539792907782207,4.109009464483231,1.0,-0.006254275949999999,-273676.0142321887,-0.26262373031334363,1.0016771138292804,0.041283232660751526
05-01-2026,06.05,1765,6618.75,0.0,0.0,0.0,0.0,0.0,,,0.0,-3.7193686714285716,-0.006254275949999999,,,,,,0.03401348876660547,4.235518169007731,0.539792907782207,4.109009464483231,1.0,-0.006254275949999999,-273986.39244851365,-0.26292157404366817,1.0016771138292804,0.041283232660751526
05-01-2026,06.05,1766,6622.5,0.0,0.0,0.0,0.0,0.0,,,0.0,-3.7193686714285716,-0.006254275949999999,,,,,,0.03401348876660547,4.235518169007731,0.539792907782207,4.109009464483231,1.0,-0.006254275949999999,-274296.94656634965,-0.26321958657179956,1.0016771138292804,0.041283232660751526
05-01-2026,06.05,1767,6626.25,0.0,0.0,0.0,0.0,0.0,,,0.0,-3.7193686714285716,-0.006254275949999999,,,,,,0.03401348876660547,4.235518169007731,0.539792907782207,4.109009464483231,1.0,-0.006254275949999999,-274607.67658569675,-0.2635177678977379,1.0016771138292804,0.041283232660751526
05-01-2026,06.05,1768,6630.0,0.0,0.0,0.0,0.0,0.0,,,0.0,-3.7193686714285716,-0.006254275949999999,,,,,,0.03401348876660547,4.235518169007731,0.539792907782207,4.109009464483231,1.0,-0.006254275949999999,-274918.58250655496,-0.2638161180214832,1.0016771138292804,0.041283232660751526
05-01-2026,06.05,1769,6633.75,0.0,0.0,0.0,0.0,0.0,,,0.0,-3.7193686714285716,-0.006254275949999999,,,,,,0.03401348876660547,4.235518169007731,0.539792907782207,4.109009464483231,1.0,-0.006254275949999999,-275229.66432892426,-0.2641146369430354,1.0016771138292804,0.041283232660751526
05-01-2026,06.05,1770,6637.5,0.0,0.0,0.0,0.0,0.0,,,0.0,-3.7193686714285716,-0.006254275949999999,,,,,,0.03401348876660547,4.235518169007731,0.539792907782207,4.109009464483231,1.0,-0.006254275949999999,-275540.9220528046,-0.2644133246623945,1.0016771138292804,0.041283232660751526
05-01-2026,06.05,1771,6641.25,0.0,0.0,0.0,0.0,0.0,,,0.0,-3.7193686714285716,-0.006254275949999999,,,,,,0.03401348876660547,4.235518169007731,0.539792907782207,4.109009464483231,1.0,-0.006254275949999999,-275852.3556781961,-0.2647121811795605,1.0016771138292804,0.041283232660751526
05-01-2026,06.05,1772,6645.0,0.0,0.0,0.0,0.0,0.0,,,0.0,-3.7193686714285716,-0.006254275949999999,,,,,,0.03401348876660547,4.235518169007731,0.539792907782207,4.109009464483231,1.0,-0.006254275949999999,-276163.9652050987,-0.2650112064945335,1.0016771138292804,0.041283232660751526
05-01-2026,06.05,1773,6648.75,0.0,0.0,0.0,0.0,0.0,,,0.0,-3.7193686714285716,-0.006254275949999999,,,,,,0.03401348876660547,4.235518169007731,0.539792907782207,4.109009464483231,1.0,-0.006254275949999999,-276475.7506335124,-0.2653104006073135,1.0016771138292804,0.041283232660751526
05-01-2026,06.05,1774,6652.5,0.0,0.0,0.0,0.0,0.0,,,0.0,-3.7193686714285716,-0.006254275949999999,,,,,,0.03401348876660547,4.235518169007731,0.539792907782207,4.109009464483231,1.0,-0.006254275949999999,-276787.71196343715,-0.2656097635179003,1.0016771138292804,0.041283232660751526
05-01-2026,06.05,1775,6656.25,0.0,0.0,0.0,0.0,0.0,,,0.0,-3.7193686714285716,-0.006254275949999999,,,,,,0.03401348876660547,4.235518169007731,0.539792907782207,4.109009464483231,1.0,-0.006254275949999999,-277099.849194873,-0.2659092952262941,1.0016771138292804,0.041283232660751526
05-01-2026,06.05,1776,6660.0,0.0,0.0,0.0,0.0,0.0,,,0.0,-3.7193686714285716,-0.006254275949999999,,,,,,0.03401348876660547,4.235518169007731,0.539792907782207,4.109009464483231,1.0,-0.006254275949999999,-277412.16232781997,-0.2662089957324948,1.0016771138292804,0.041283232660751526
05-01-2026,06.05,1777,6663.75,0.0,0.0,0.0,0.0,0.0,,,0.0,-3.7193686714285716,-0.006254275949999999,,,,,,0.03401348876660547,4.235518169007731,0.539792907782207,4.109009464483231,1.0,-0.006254275949999999,-277724.651362278,-0.26650886503650234,1.0016771138292804,0.041283232660751526
05-01-2026,06.05,1778,6667.5,0.0,0.0,0.0,0.0,0.0,,,0.0,-3.7193686714285716,-0.006254275949999999,,,,,,0.03401348876660547,4.235518169007731,0.539792907782207,4.109009464483231,1.0,-0.006254275949999999,-278037.31629824714,-0.26680890313831696,1.0016771138292804,0.041283232660751526
05-01-2026,06.05,1779,6671.25,0.0,0.0,0.0,0.0,0.0,,,0.0,-3.7193686714285716,-0.006254275949999999,,,,,,0.03401348876660547,4.235518169007731,0.539792907782207,4.109009464483231,1.0,-0.006254275949999999,-278350.15713572735,-0.2671091100379384,1.0016771138292804,0.041283232660751526
05-01-2026,06.05,1780,6675.0,0.0,0.0,0.0,0.0,0.0,,,0.0,-3.7193686714285716,-0.006254275949999999,,,,,,0.03401348876660547,4.235518169007731,0.539792907782207,4.109009464483231,1.0,-0.006254275949999999,-278663.1738747187,-0.2674094857353668,1.0016771138292804,0.041283232660751526
05-01-2026,06.05,1781,6678.75,0.0,0.0,0.0,0.0,0.0,,,0.0,-3.7193686714285716,-0.006254275949999999,,,,,,0.03401348876660547,4.235518169007731,0.539792907782207,4.109009464483231,1.0,-0.006254275949999999,-278976.36651522113,-0.2677100302306022,1.0016771138292804,0.041283232660751526
05-01-2026,06.05,1782,6682.5,0.0,0.0,0.0,0.0,0.0,,,0.0,-3.7193686714285716,-0.006254275949999999,,,,,,0.03401348876660547,4.235518169007731,0.539792907782207,4.109009464483231,1.0,-0.006254275949999999,-279289.73505723465,-0.26801074352364446,1.0016771138292804,0.041283232660751526
05-01-2026,06.05,1783,6686.25,0.0,0.0,0.0,0.0,0.0,,,0.0,-3.7193686714285716,-0.006254275949999999,,,,,,0.03401348876660547,4.235518169007731,0.539792907782207,4.109009464483231,1.0,-0.006254275949999999,-279603.27950075926,-0.2683116256144936,1.0016771138292804,0.041283232660751526
05-01-2026,06.05,1784,6690.0,0.0,0.0,0.0,0.0,0.0,,,0.0,-3.7193686714285716,-0.006254275949999999,,,,,,0.03401348876660547,4.235518169007731,0.539792907782207,4.109009464483231,1.0,-0.006254275949999999,-279916.9998457949,-0.2686126765031497,1.0016771138292804,0.041283232660751526
05-01-2026,06.05,1785,6693.75,0.0,0.0,0.0,0.0,0.0,,,0.0,-3.7193686714285716,-0.006254275949999999,,,,,,0.03401348876660547,4.235518169007731,0.539792907782207,4.109009464483231,1.0,-0.006254275949999999,-280230.89609234175,-0.26891389618961276,1.0016771138292804,0.041283232660751526
05-01-2026,06.05,1786,6697.5,0.0,0.0,0.0,0.0,0.0,,,0.0,-3.7193686714285716,-0.006254275949999999,,,,,,0.03401348876660547,4.235518169007731,0.539792907782207,4.109009464483231,1.0,-0.006254275949999999,-280544.9682403996,-0.2692152846738827,1.0016771138292804,0.041283232660751526
05-01-2026,06.05,1787,6701.25,0.0,0.0,0.0,0.0,0.0,,,0.0,-3.7193686714285716,-0.006254275949999999,,,,,,0.03401348876660547,4.235518169007731,0.539792907782207,4.109009464483231,1.0,-0.006254275949999999,-280859.21628996864,-0.26951684195595965,1.0016771138292804,0.041283232660751526
05-01-2026,06.05,1788,6705.0,0.0,0.0,0.0,0.0,0.0,,,0.0,-3.7193686714285716,-0.006254275949999999,,,,,,0.03401348876660547,4.235518169007731,0.539792907782207,4.109009464483231,1.0,-0.006254275949999999,-281173.6402410487,-0.2698185680358435,1.0016771138292804,0.041283232660751526
05-01-2026,06.05,1789,6708.75,0.0,0.0,0.0,0.0,0.0,,,0.0,-3.7193686714285716,-0.006254275949999999,,,,,,0.03401348876660547,4.235518169007731,0.539792907782207,4.109009464483231,1.0,-0.006254275949999999,-281488.2400936399,-0.27012046291353425,1.0016771138292804,0.041283232660751526
05-01-2026,06.05,1790,6712.5,0.0,0.0,0.0,0.0,0.0,,,0.0,-3.7193686714285716,-0.006254275949999999,,,,,,0.03401348876660547,4.235518169007731,0.539792907782207,4.109009464483231,1.0,-0.006254275949999999,-281803.01584774215,-0.270422526589032,1.0016771138292804,0.041283232660751526
05-01-2026,06.05,1791,6716.25,0.0,0.0,0.0,0.0,0.0,,,0.0,-3.7193686714285716,-0.006254275949999999,,,,,,0.03401348876660547,4.235518169007731,0.539792907782207,4.109009464483231,1.0,-0.006254275949999999,-282117.9675033555,-0.2707247590623366,1.0016771138292804,0.041283232660751526
05-01-2026,06.05,1792,6720.0,0.0,0.0,0.0,0.0,0.0,,,0.0,-3.7193686714285716,-0.006254275949999999,,,,,,0.03401348876660547,4.235518169007731,0.539792907782207,4.109009464483231,1.0,-0.006254275949999999,-282433.09506047994,-0.2710271603334481,1.0016771138292804,0.041283232660751526
05-01-2026,06.05,1793,6723.75,0.0,0.0,0.0,0.0,0.0,,,0.0,-3.7193686714285716,-0.006254275949999999,,,,,,0.03401348876660547,4.235518169007731,0.539792907782207,4.109009464483231,1.0,-0.006254275949999999,-282748.3985191155,-0.27132973040236663,1.0016771138292804,0.041283232660751526
05-01-2026,06.05,1794,6727.5,0.0,0.0,0.0,0.0,0.0,,,0.0,-3.7193686714285716,-0.006254275949999999,,,,,,0.03401348876660547,4.235518169007731,0.539792907782207,4.109009464483231,1.0,-0.006254275949999999,-283063.87787926215,-0.271632469269092,1.0016771138292804,0.041283232660751526
05-01-2026,06.05,1795,6731.25,0.0,0.0,0.0,0.0,0.0,,,0.0,-3.7193686714285716,-0.006254275949999999,,,,,,0.03401348876660547,4.235518169007731,0.539792907782207,4.109009464483231,1.0,-0.006254275949999999,-283379.53314091987,-0.2719353769336243,1.0016771138292804,0.041283232660751526
05-01-2026,06.05,1796,6735.0,0.0,0.0,0.0,0.0,0.0,,,0.0,-3.7193686714285716,-0.006254275949999999,,,,,,0.03401348876660547,4.235518169007731,0.539792907782207,4.109009464483231,1.0,-0.006254275949999999,-283695.3643040887,-0.2722384533959636,1.0016771138292804,0.041283232660751526
05-01-2026,06.05,1797,6738.75,0.0,0.0,0.0,0.0,0.0,,,0.0,-3.7193686714285716,-0.006254275949999999,,,,,,0.03401348876660547,4.235518169007731,0.539792907782207,4.109009464483231,1.0,-0.006254275949999999,-284011.3713687686,-0.2725416986561098,1.0016771138292804,0.041283232660751526
05-01-2026,06.05,1798,6742.5,0.0,0.0,0.0,0.0,0.0,,,0.0,-3.7193686714285716,-0.006254275949999999,,,,,,0.03401348876660547,4.235518169007731,0.539792907782207,4.109009464483231,1.0,-0.006254275949999999,-284327.55433495966,-0.27284511271406287,1.0016771138292804,0.041283232660751526
05-01-2026,06.05,1799,6746.25,0.0,0.0,0.0,0.0,0.0,,,0.0,-3.7193686714285716,-0.006254275949999999,,,,,,0.03401348876660547,4.235518169007731,0.539792907782207,4.109009464483231,1.0,-0.006254275949999999,-284643.91320266173,-0.2731486955698229,1.0016771138292804,0.041283232660751526
05-01-2026,06.05,1800,6750.0,0.0,0.0,0.0,0.0,0.0,,,0.0,-3.7193686714285716,-0.006254275949999999,,,,,,0.03401348876660547,4.235518169007731,0.539792907782207,4.109009464483231,1.0,-0.006254275949999999,-284960.44797187496,-0.2734524472233899,1.0016771138292804,0.041283232660751526
05-01-2026,06.05,1801,6753.75,0.0,0.0,0.0,0.0,0.0,,,0.0,-3.7193686714285716,-0.006254275949999999,,,,,,0.03401348876660547,4.235518169007731,0.539792907782207,4.109009464483231,1.0,-0.006254275949999999,-285277.15864259924,-0.27375636767476375,1.0016771138292804,0.041283232660751526
05-01-2026,06.05,1802,6757.5,0.0,0.0,0.0,0.0,0.0,,,0.0,-3.7193686714285716,-0.006254275949999999,,,,,,0.03401348876660547,4.235518169007731,0.539792907782207,4.109009464483231,1.0,-0.006254275949999999,-285594.0452148346,-0.2740604569239446,1.0016771138292804,0.041283232660751526
05-01-2026,06.05,1803,6761.25,0.0,0.0,0.0,0.0,0.0,,,0.0,-3.7193686714285716,-0.006254275949999999,,,,,,0.03401348876660547,4.235518169007731,0.539792907782207,4.109009464483231,1.0,-0.006254275949999999,-285911.1076885811,-0.27436471497093234,1.0016771138292804,0.041283232660751526
05-01-2026,06.05,1804,6765.0,0.0,0.0,0.0,0.0,0.0,,,0.0,-3.7193686714285716,-0.006254275949999999,,,,,,0.03401348876660547,4.235518169007731,0.539792907782207,4.109009464483231,1.0,-0.006254275949999999,-286228.3460638387,-0.27466914181572705,1.0016771138292804,0.041283232660751526
05-01-2026,06.05,1805,6768.75,0.0,0.0,0.0,0.0,0.0,,,0.0,-3.7193686714285716,-0.006254275949999999,,,,,,0.03401348876660547,4.235518169007731,0.539792907782207,4.109009464483231,1.0,-0.006254275949999999,-286545.7603406074,-0.27497373745832865,1.0016771138292804,0.041283232660751526
05-01-2026,06.05,1806,6772.5,0.0,0.0,0.0,0.0,0.0,,,0.0,-3.7193686714285716,-0.006254275949999999,,,,,,0.03401348876660547,4.235518169007731,0.539792907782207,4.109009464483231,1.0,-0.006254275949999999,-286863.35051888716,-0.2752785018987372,1.0016771138292804,0.041283232660751526
05-01-2026,06.05,1807,6776.25,0.0,0.0,0.0,0.0,0.0,,,0.0,-3.7193686714285716,-0.006254275949999999,,,,,,0.03401348876660547,4.235518169007731,0.539792907782207,4.109009464483231,1.0,-0.006254275949999999,-287181.116598678,-0.27558343513695266,1.0016771138292804,0.041283232660751526
05-01-2026,06.05,1808,6780.0,0.0,0.0,0.0,0.0,0.0,,,0.0,-3.7193686714285716,-0.006254275949999999,,,,,,0.03401348876660547,4.235518169007731,0.539792907782207,4.109009464483231,1.0,-0.006254275949999999,-287499.05857997993,-0.275888537172975,1.0016771138292804,0.041283232660751526
05-01-2026,06.05,1809,6783.75,0.0,0.0,0.0,0.0,0.0,,,0.0,-3.7193686714285716,-0.006254275949999999,,,,,,0.03401348876660547,4.235518169007731,0.539792907782207,4.109009464483231,1.0,-0.006254275949999999,-287817.176462793,-0.2761938080068044,1.0016771138292804,0.041283232660751526
05-01-2026,06.05,1810,6787.5,0.0,0.0,0.0,0.0,0.0,,,0.0,-3.7193686714285716,-0.006254275949999999,,,,,,0.03401348876660547,4.235518169007731,0.539792907782207,4.109009464483231,1.0,-0.006254275949999999,-288135.47024711716,-0.27649924763844064,1.0016771138292804,0.041283232660751526
05-01-2026,06.05,1811,6791.25,0.0,0.0,0.0,0.0,0.0,,,0.0,-3.7193686714285716,-0.006254275949999999,,,,,,0.03401348876660547,4.235518169007731,0.539792907782207,4.109009464483231,1.0,-0.006254275949999999,-288453.93993295234,-0.27680485606788374,1.0016771138292804,0.041283232660751526
05-01-2026,06.05,1812,6795.0,0.0,0.0,0.0,0.0,0.0,,,0.0,-3.7193686714285716,-0.006254275949999999,,,,,,0.03401348876660547,4.235518169007731,0.539792907782207,4.109009464483231,1.0,-0.006254275949999999,-288772.5855202987,-0.27711063329513386,1.0016771138292804,0.041283232660751526
05-01-2026,06.05,1813,6798.75,0.0,0.0,0.0,0.0,0.0,,,0.0,-3.7193686714285716,-0.006254275949999999,,,,,,0.03401348876660547,4.235518169007731,0.539792907782207,4.109009464483231,1.0,-0.006254275949999999,-289091.40700915613,-0.2774165793201909,1.0016771138292804,0.041283232660751526
05-01-2026,06.05,1814,6802.5,0.0,0.0,0.0,0.0,0.0,,,0.0,-3.7193686714285716,-0.006254275949999999,,,,,,0.03401348876660547,4.235518169007731,0.539792907782207,4.109009464483231,1.0,-0.006254275949999999,-289410.4043995246,-0.2777226941430549,1.0016771138292804,0.041283232660751526
05-01-2026,06.05,1815,6806.25,0.0,0.0,0.0,0.0,0.0,,,0.0,-3.7193686714285716,-0.006254275949999999,,,,,,0.03401348876660547,4.235518169007731,0.539792907782207,4.109009464483231,1.0,-0.006254275949999999,-289729.57769140427,-0.2780289777637258,1.0016771138292804,0.041283232660751526
05-01-2026,06.05,1816,6810.0,0.0,0.0,0.0,0.0,0.0,,,0.0,-3.7193686714285716,-0.006254275949999999,,,,,,0.03401348876660547,4.235518169007731,0.539792907782207,4.109009464483231,1.0,-0.006254275949999999,-290048.92688479496,-0.2783354301822036,1.0016771138292804,0.041283232660751526
05-01-2026,06.05,1817,6813.75,0.0,0.0,0.0,0.0,0.0,,,0.0,-3.7193686714285716,-0.006254275949999999,,,,,,0.03401348876660547,4.235518169007731,0.539792907782207,4.109009464483231,1.0,-0.006254275949999999,-290368.45197969675,-0.27864205139848836,1.0016771138292804,0.041283232660751526
05-01-2026,06.05,1818,6817.5,0.0,0.0,0.0,0.0,0.0,,,0.0,-3.7193686714285716,-0.006254275949999999,,,,,,0.03401348876660547,4.235518169007731,0.539792907782207,4.109009464483231,1.0,-0.006254275949999999,-290688.15297610965,-0.27894884141258003,1.0016771138292804,0.041283232660751526
05-01-2026,06.05,1819,6821.25,0.0,0.0,0.0,0.0,0.0,,,0.0,-3.7193686714285716,-0.006254275949999999,,,,,,0.03401348876660547,4.235518169007731,0.539792907782207,4.109009464483231,1.0,-0.006254275949999999,-291008.02987403364,-0.27925580022447866,1.0016771138292804,0.041283232660751526
05-01-2026,06.05,1820,6825.0,0.0,0.0,0.0,0.0,0.0,,,0.0,-3.7193686714285716,-0.006254275949999999,,,,,,0.03401348876660547,4.235518169007731,0.539792907782207,4.109009464483231,1.0,-0.006254275949999999,-291328.0826734687,-0.2795629278341841,1.0016771138292804,0.041283232660751526
05-01-2026,06.05,1821,6828.75,0.0,0.0,0.0,0.0,0.0,,,0.0,-3.7193686714285716,-0.006254275949999999,,,,,,0.03401348876660547,4.235518169007731,0.539792907782207,4.109009464483231,1.0,-0.006254275949999999,-291648.3113744149,-0.2798702242416966,1.0016771138292804,0.041283232660751526
05-01-2026,06.05,1822,6832.5,0.0,0.0,0.0,0.0,0.0,,,0.0,-3.7193686714285716,-0.006254275949999999,,,,,,0.03401348876660547,4.235518169007731,0.539792907782207,4.109009464483231,1.0,-0.006254275949999999,-291968.71597687213,-0.280177689447016,1.0016771138292804,0.041283232660751526
05-01-2026,06.05,1823,6836.25,0.0,0.0,0.0,0.0,0.0,,,0.0,-3.7193686714285716,-0.006254275949999999,,,,,,0.03401348876660547,4.235518169007731,0.539792907782207,4.109009464483231,1.0,-0.006254275949999999,-292289.2964808405,-0.28048532345014227,1.0016771138292804,0.041283232660751526
05-01-2026,06.05,1824,6840.0,0.0,0.0,0.0,0.0,0.0,,,0.0,-3.7193686714285716,-0.006254275949999999,,,,,,0.03401348876660547,4.235518169007731,0.539792907782207,4.109009464483231,1.0,-0.006254275949999999,-292610.0528863199,-0.28079312625107555,1.0016771138292804,0.041283232660751526
05-01-2026,06.05,1825,6843.75,0.0,0.0,0.0,0.0,0.0,,,0.0,-3.7193686714285716,-0.006254275949999999,,,,,,0.03401348876660547,4.235518169007731,0.539792907782207,4.109009464483231,1.0,-0.006254275949999999,-292930.9851933105,-0.2811010978498157,1.0016771138292804,0.041283232660751526
05-01-2026,06.05,1826,6847.5,0.0,0.0,0.0,0.0,0.0,,,0.0,-3.7193686714285716,-0.006254275949999999,,,,,,0.03401348876660547,4.235518169007731,0.539792907782207,4.109009464483231,1.0,-0.006254275949999999,-293252.09340181213,-0.2814092382463628,1.0016771138292804,0.041283232660751526
05-01-2026,06.05,1827,6851.25,0.0,0.0,0.0,0.0,0.0,,,0.0,-3.7193686714285716,-0.006254275949999999,,,,,,0.03401348876660547,4.235518169007731,0.539792907782207,4.109009464483231,1.0,-0.006254275949999999,-293573.3775118249,-0.28171754744071686,1.0016771138292804,0.041283232660751526
05-01-2026,06.05,1828,6855.0,0.0,0.0,0.0,0.0,0.0,,,0.0,-3.7193686714285716,-0.006254275949999999,,,,,,0.03401348876660547,4.235518169007731,0.539792907782207,4.109009464483231,1.0,-0.006254275949999999,-293894.8375233487,-0.2820260254328778,1.0016771138292804,0.041283232660751526
05-01-2026,06.05,1829,6858.75,0.0,0.0,0.0,0.0,0.0,,,0.0,-3.7193686714285716,-0.006254275949999999,,,,,,0.03401348876660547,4.235518169007731,0.539792907782207,4.109009464483231,1.0,-0.006254275949999999,-294216.47343638365,-0.2823346722228457,1.0016771138292804,0.041283232660751526
05-01-2026,06.05,1830,6862.5,0.0,0.0,0.0,0.0,0.0,,,0.0,-3.7193686714285716,-0.006254275949999999,,,,,,0.03401348876660547,4.235518169007731,0.539792907782207,4.109009464483231,1.0,-0.006254275949999999,-294538.28525092965,-0.2826434878106205,1.0016771138292804,0.041283232660751526
05-01-2026,06.05,1831,6866.25,0.0,0.0,0.0,0.0,0.0,,,0.0,-3.7193686714285716,-0.006254275949999999,,,,,,0.03401348876660547,4.235518169007731,0.539792907782207,4.109009464483231,1.0,-0.006254275949999999,-294860.27296698675,-0.28295247219620223,1.0016771138292804,0.041283232660751526
05-01-2026,06.05,1832,6870.0,0.0,0.0,0.0,0.0,0.0,,,0.0,-3.7193686714285716,-0.006254275949999999,,,,,,0.03401348876660547,4.235518169007731,0.539792907782207,4.109009464483231,1.0,-0.006254275949999999,-295182.43658455496,-0.2832616253795909,1.0016771138292804,0.041283232660751526
05-01-2026,06.05,1833,6873.75,0.0,0.0,0.0,0.0,0.0,,,0.0,-3.7193686714285716,-0.006254275949999999,,,,,,0.03401348876660547,4.235518169007731,0.539792907782207,4.109009464483231,1.0,-0.006254275949999999,-295504.77610363427,-0.28357094736078653,1.0016771138292804,0.041283232660751526
05-01-2026,06.05,1834,6877.5,0.0,0.0,0.0,0.0,0.0,,,0.0,-3.7193686714285716,-0.006254275949999999,,,,,,0.03401348876660547,4.235518169007731,0.539792907782207,4.109009464483231,1.0,-0.006254275949999999,-295827.2915242246,-0.28388043813978897,1.0016771138292804,0.041283232660751526
05-01-2026,06.05,1835,6881.25,0.0,0.0,0.0,0.0,0.0,,,0.0,-3.7193686714285716,-0.006254275949999999,,,,,,0.03401348876660547,4.235518169007731,0.539792907782207,4.109009464483231,1.0,-0.006254275949999999,-296149.98284632614,-0.2841900977165985,1.0016771138292804,0.041283232660751526
05-01-2026,06.05,1836,6885.0,0.0,0.0,0.0,0.0,0.0,,,0.0,-3.7193686714285716,-0.006254275949999999,,,,,,0.03401348876660547,4.235518169007731,0.539792907782207,4.109009464483231,1.0,-0.006254275949999999,-296472.8500699387,-0.2844999260912148,1.0016771138292804,0.041283232660751526
05-01-2026,06.05,1837,6888.75,0.0,0.0,0.0,0.0,0.0,,,0.0,-3.7193686714285716,-0.006254275949999999,,,,,,0.03401348876660547,4.235518169007731,0.539792907782207,4.109009464483231,1.0,-0.006254275949999999,-296795.89319506235,-0.28480992326363813,1.0016771138292804,0.041283232660751526
05-01-2026,06.05,1838,6892.5,0.0,0.0,0.0,0.0,0.0,,,0.0,-3.7193686714285716,-0.006254275949999999,,,,,,0.03401348876660547,4.235518169007731,0.539792907782207,4.109009464483231,1.0,-0.006254275949999999,-297119.1122216971,-0.28512008923386833,1.0016771138292804,0.041283232660751526
05-01-2026,06.05,1839,6896.25,0.0,0.0,0.0,0.0,0.0,,,0.0,-3.7193686714285716,-0.006254275949999999,,,,,,0.03401348876660547,4.235518169007731,0.539792907782207,4.109009464483231,1.0,-0.006254275949999999,-297442.507149843,-0.2854304240019055,1.0016771138292804,0.041283232660751526
05-01-2026,06.05,1840,6900.0,0.0,0.0,0.0,0.0,0.0,,,0.0,-3.7193686714285716,-0.006254275949999999,,,,,,0.03401348876660547,4.235518169007731,0.539792907782207,4.109009464483231,1.0,-0.006254275949999999,-297766.07797949994,-0.2857409275677496,1.0016771138292804,0.041283232660751526
05-01-2026,06.05,1841,6903.75,0.0,0.0,0.0,0.0,0.0,,,0.0,-3.7193686714285716,-0.006254275949999999,,,,,,0.03401348876660547,4.235518169007731,0.539792907782207,4.109009464483231,1.0,-0.006254275949999999,-298089.824710668,-0.28605159993140067,1.0016771138292804,0.041283232660751526
05-01-2026,06.05,1842,6907.5,0.0,0.0,0.0,0.0,0.0,,,0.0,-3.7193686714285716,-0.006254275949999999,,,,,,0.03401348876660547,4.235518169007731,0.539792907782207,4.109009464483231,1.0,-0.006254275949999999,-298413.7473433471,-0.2863624410928586,1.0016771138292804,0.041283232660751526
05-01-2026,06.05,1843,6911.25,0.0,0.0,0.0,0.0,0.0,,,0.0,-3.7193686714285716,-0.006254275949999999,,,,,,0.03401348876660547,4.235518169007731,0.539792907782207,4.109009464483231,1.0,-0.006254275949999999,-298737.8458775374,-0.2866734510521235,1.0016771138292804,0.041283232660751526
05-01-2026,06.05,1844,6915.0,0.0,0.0,0.0,0.0,0.0,,,0.0,-3.7193686714285716,-0.006254275949999999,,,,,,0.03401348876660547,4.235518169007731,0.539792907782207,4.109009464483231,1.0,-0.006254275949999999,-299062.1203132387,-0.28698462980919526,1.0016771138292804,0.041283232660751526
05-01-2026,06.05,1845,6918.75,0.0,0.0,0.0,0.0,0.0,,,0.0,-3.7193686714285716,-0.006254275949999999,,,,,,0.03401348876660547,4.235518169007731,0.539792907782207,4.109009464483231,1.0,-0.006254275949999999,-299386.5706504511,-0.287295977364074,1.0016771138292804,0.041283232660751526
05-01-2026,06.05,1846,6922.5,0.0,0.0,0.0,0.0,0.0,,,0.0,-3.7193686714285716,-0.006254275949999999,,,,,,0.03401348876660547,4.235518169007731,0.539792907782207,4.109009464483231,1.0,-0.006254275949999999,-299711.19688917464,-0.28760749371675964,1.0016771138292804,0.041283232660751526
05-01-2026,06.05,1847,6926.25,0.0,0.0,0.0,0.0,0.0,,,0.0,-3.7193686714285716,-0.006254275949999999,,,,,,0.03401348876660547,4.235518169007731,0.539792907782207,4.109009464483231,1.0,-0.006254275949999999,-300035.99902940926,-0.28791917886725227,1.0016771138292804,0.041283232660751526
05-01-2026,06.05,1848,6930.0,0.0,0.0,0.0,0.0,0.0,,,0.0,-3.7193686714285716,-0.006254275949999999,,,,,,0.03401348876660547,4.235518169007731,0.539792907782207,4.109009464483231,1.0,-0.006254275949999999,-300360.9770711549,-0.28823103281555174,1.0016771138292804,0.041283232660751526
05-01-2026,06.05,1849,6933.75,0.0,0.0,0.0,0.0,0.0,,,0.0,-3.7193686714285716,-0.006254275949999999,,,,,,0.03401348876660547,4.235518169007731,0.539792907782207,4.109009464483231,1.0,-0.006254275949999999,-300686.13101441175,-0.2885430555616582,1.0016771138292804,0.041283232660751526
05-01-2026,06.05,1850,6937.5,0.0,0.0,0.0,0.0,0.0,,,0.0,-3.7193686714285716,-0.006254275949999999,,,,,,0.03401348876660547,4.235518169007731,0.539792907782207,4.109009464483231,1.0,-0.006254275949999999,-301011.4608591796,-0.28885524710557153,1.0016771138292804,0.041283232660751526
05-01-2026,06.05,1851,6941.25,0.0,0.0,0.0,0.0,0.0,,,0.0,-3.7193686714285716,-0.006254275949999999,,,,,,0.03401348876660547,4.235518169007731,0.539792907782207,4.109009464483231,1.0,-0.006254275949999999,-301336.96660545864,-0.28916760744729186,1.0016771138292804,0.041283232660751526
05-01-2026,06.05,1852,6945.0,0.0,0.0,0.0,0.0,0.0,,,0.0,-3.7193686714285716,-0.006254275949999999,,,,,,0.03401348876660547,4.235518169007731,0.539792907782207,4.109009464483231,1.0,-0.006254275949999999,-301662.6482532487,-0.2894801365868191,1.0016771138292804,0.041283232660751526
05-01-2026,06.05,1853,6948.75,0.0,0.0,0.0,0.0,0.0,,,0.0,-3.7193686714285716,-0.006254275949999999,,,,,,0.03401348876660547,4.235518169007731,0.539792907782207,4.109009464483231,1.0,-0.006254275949999999,-301988.5058025499,-0.2897928345241533,1.0016771138292804,0.041283232660751526
05-01-2026,06.05,1854,6952.5,0.0,0.0,0.0,0.0,0.0,,,0.0,-3.7193686714285716,-0.006254275949999999,,,,,,0.03401348876660547,4.235518169007731,0.539792907782207,4.109009464483231,1.0,-0.006254275949999999,-302314.53925336216,-0.29010570125929436,1.0016771138292804,0.041283232660751526
05-01-2026,06.05,1855,6956.25,0.0,0.0,0.0,0.0,0.0,,,0.0,-3.7193686714285716,-0.006254275949999999,,,,,,0.03401348876660547,4.235518169007731,0.539792907782207,4.109009464483231,1.0,-0.006254275949999999,-302640.7486056855,-0.29041873679224234,1.0016771138292804,0.041283232660751526
05-01-2026,06.05,1856,6960.0,0.0,0.0,0.0,0.0,0.0,,,0.0,-3.7193686714285716,-0.006254275949999999,,,,,,0.03401348876660547,4.235518169007731,0.539792907782207,4.109009464483231,1.0,-0.006254275949999999,-302967.13385951996,-0.2907319411229973,1.0016771138292804,0.041283232660751526
05-01-2026,06.05,1857,6963.75,0.0,0.0,0.0,0.0,0.0,,,0.0,-3.7193686714285716,-0.006254275949999999,,,,,,0.03401348876660547,4.235518169007731,0.539792907782207,4.109009464483231,1.0,-0.006254275949999999,-303293.6950148655,-0.2910453142515591,1.0016771138292804,0.041283232660751526
05-01-2026,06.05,1858,6967.5,0.0,0.0,0.0,0.0,0.0,,,0.0,-3.7193686714285716,-0.006254275949999999,,,,,,0.03401348876660547,4.235518169007731,0.539792907782207,4.109009464483231,1.0,-0.006254275949999999,-303620.4320717221,-0.2913588561779279,1.0016771138292804,0.041283232660751526
05-01-2026,06.05,1859,6971.25,0.0,0.0,0.0,0.0,0.0,,,0.0,-3.7193686714285716,-0.006254275949999999,,,,,,0.03401348876660547,4.235518169007731,0.539792907782207,4.109009464483231,1.0,-0.006254275949999999,-303947.34503008984,-0.29167256690210364,1.0016771138292804,0.041283232660751526
05-01-2026,06.05,1860,6975.0,0.0,0.0,0.0,0.0,0.0,,,0.0,-3.7193686714285716,-0.006254275949999999,,,,,,0.03401348876660547,4.235518169007731,0.539792907782207,4.109009464483231,1.0,-0.006254275949999999,-304274.43388996867,-0.2919864464240863,1.0016771138292804,0.041283232660751526
05-01-2026,06.05,1861,6978.75,0.0,0.0,0.0,0.0,0.0,,,0.0,-3.7193686714285716,-0.006254275949999999,,,,,,0.03401348876660547,4.235518169007731,0.539792907782207,4.109009464483231,1.0,-0.006254275949999999,-304601.6986513586,-0.29230049474387587,1.0016771138292804,0.041283232660751526
05-01-2026,06.05,1862,6982.5,0.0,0.0,0.0,0.0,0.0,,,0.0,-3.7193686714285716,-0.006254275949999999,,,,,,0.03401348876660547,4.235518169007731,0.539792907782207,4.109009464483231,1.0,-0.006254275949999999,-304929.13931425964,-0.29261471186147237,1.0016771138292804,0.041283232660751526
05-01-2026,06.05,1863,6986.25,0.0,0.0,0.0,0.0,0.0,,,0.0,-3.7193686714285716,-0.006254275949999999,,,,,,0.03401348876660547,4.235518169007731,0.539792907782207,4.109009464483231,1.0,-0.006254275949999999,-305256.7558786718,-0.29292909777687587,1.0016771138292804,0.041283232660751526
05-01-2026,06.05,1864,6990.0,0.0,0.0,0.0,0.0,0.0,,,0.0,-3.7193686714285716,-0.006254275949999999,,,,,,0.03401348876660547,4.235518169007731,0.539792907782207,4.109009464483231,1.0,-0.006254275949999999,-305584.54834459495,-0.2932436524900862,1.0016771138292804,0.041283232660751526
05-01-2026,06.05,1865,6993.75,0.0,0.0,0.0,0.0,0.0,,,0.0,-3.7193686714285716,-0.006254275949999999,,,,,,0.03401348876660547,4.235518169007731,0.539792907782207,4.109009464483231,1.0,-0.006254275949999999,-305912.51671202923,-0.29355837600110346,1.0016771138292804,0.041283232660751526
05-01-2026,06.05,1866,6997.5,0.0,0.0,0.0,0.0,0.0,,,0.0,-3.7193686714285716,-0.006254275949999999,,,,,,0.03401348876660547,4.235518169007731,0.539792907782207,4.109009464483231,1.0,-0.006254275949999999,-306240.6609809746,-0.29387326830992766,1.0016771138292804,0.041283232660751526
05-01-2026,06.05,1867,7001.25,0.0,0.0,0.0,0.0,0.0,,,0.0,-3.7193686714285716,-0.006254275949999999,,,,,,0.03401348876660547,4.235518169007731,0.539792907782207,4.109009464483231,1.0,-0.006254275949999999,-306568.9811514311,-0.2941883294165588,1.0016771138292804,0.041283232660751526
05-01-2026,06.05,1868,7005.0,0.0,0.0,0.0,0.0,0.0,,,0.0,-3.7193686714285716,-0.006254275949999999,,,,,,0.03401348876660547,4.235518169007731,0.539792907782207,4.109009464483231,1.0,-0.006254275949999999,-306897.4772233987,-0.2945035593209969,1.0016771138292804,0.041283232660751526
05-01-2026,06.05,1869,7008.75,0.0,0.0,0.0,0.0,0.0,,,0.0,-3.7193686714285716,-0.006254275949999999,,,,,,0.03401348876660547,4.235518169007731,0.539792907782207,4.109009464483231,1.0,-0.006254275949999999,-307226.1491968774,-0.29481895802324193,1.0016771138292804,0.041283232660751526
05-01-2026,06.05,1870,7012.5,0.0,0.0,0.0,0.0,0.0,,,0.0,-3.7193686714285716,-0.006254275949999999,,,,,,0.03401348876660547,4.235518169007731,0.539792907782207,4.109009464483231,1.0,-0.006254275949999999,-307554.9970718671,-0.29513452552329383,1.0016771138292804,0.041283232660751526
05-01-2026,06.05,1871,7016.25,0.0,0.0,0.0,0.0,0.0,,,0.0,-3.7193686714285716,-0.006254275949999999,,,,,,0.03401348876660547,4.235518169007731,0.539792907782207,4.109009464483231,1.0,-0.006254275949999999,-307884.020848368,-0.2954502618211527,1.0016771138292804,0.041283232660751526
05-01-2026,06.05,1872,7020.0,0.0,0.0,0.0,0.0,0.0,,,0.0,-3.7193686714285716,-0.006254275949999999,,,,,,0.03401348876660547,4.235518169007731,0.539792907782207,4.109009464483231,1.0,-0.006254275949999999,-308213.22052637994,-0.2957661669168185,1.0016771138292804,0.041283232660751526
05-01-2026,06.05,1873,7023.75,0.0,0.0,0.0,0.0,0.0,,,0.0,-3.7193686714285716,-0.006254275949999999,,,,,,0.03401348876660547,4.235518169007731,0.539792907782207,4.109009464483231,1.0,-0.006254275949999999,-308542.596105903,-0.2960822408102912,1.0016771138292804,0.041283232660751526
05-01-2026,06.05,1874,7027.5,0.0,0.0,0.0,0.0,0.0,,,0.0,-3.7193686714285716,-0.006254275949999999,,,,,,0.03401348876660547,4.235518169007731,0.539792907782207,4.109009464483231,1.0,-0.006254275949999999,-308872.1475869371,-0.29639848350157083,1.0016771138292804,0.041283232660751526
05-01-2026,06.05,1875,7031.25,0.0,0.0,0.0,0.0,0.0,,,0.0,-3.7193686714285716,-0.006254275949999999,,,,,,0.03401348876660547,4.235518169007731,0.539792907782207,4.109009464483231,1.0,-0.006254275949999999,-309201.87496948236,-0.2967148949906574,1.0016771138292804,0.041283232660751526
05-01-2026,06.05,1876,7035.0,0.0,0.0,0.0,0.0,0.0,,,0.0,-3.7193686714285716,-0.006254275949999999,,,,,,0.03401348876660547,4.235518169007731,0.539792907782207,4.109009464483231,1.0,-0.006254275949999999,-309531.7782535387,-0.2970314752775509,1.0016771138292804,0.041283232660751526
05-01-2026,06.05,1877,7038.75,0.0,0.0,0.0,0.0,0.0,,,0.0,-3.7193686714285716,-0.006254275949999999,,,,,,0.03401348876660547,4.235518169007731,0.539792907782207,4.109009464483231,1.0,-0.006254275949999999,-309861.8574391061,-0.29734822436225133,1.0016771138292804,0.041283232660751526
05-01-2026,06.05,1878,7042.5,0.0,0.0,0.0,0.0,0.0,,,0.0,-3.7193686714285716,-0.006254275949999999,,,,,,0.03401348876660547,4.235518169007731,0.539792907782207,4.109009464483231,1.0,-0.006254275949999999,-310192.11252618465,-0.2976651422447587,1.0016771138292804,0.041283232660751526
05-01-2026,06.05,1879,7046.25,0.0,0.0,0.0,0.0,0.0,,,0.0,-3.7193686714285716,-0.006254275949999999,,,,,,0.03401348876660547,4.235518169007731,0.539792907782207,4.109009464483231,1.0,-0.006254275949999999,-310522.54351477424,-0.297982228925073,1.0016771138292804,0.041283232660751526
05-01-2026,06.05,1880,7050.0,0.0,0.0,0.0,0.0,0.0,,,0.0,-3.7193686714285716,-0.006254275949999999,,,,,,0.03401348876660547,4.235518169007731,0.539792907782207,4.109009464483231,1.0,-0.006254275949999999,-310853.15040487493,-0.2982994844031942,1.0016771138292804,0.041283232660751526
05-01-2026,06.05,1881,7053.75,0.0,0.0,0.0,0.0,0.0,,,0.0,-3.7193686714285716,-0.006254275949999999,,,,,,0.03401348876660547,4.235518169007731,0.539792907782207,4.109009464483231,1.0,-0.006254275949999999,-311183.93319648673,-0.29861690867912233,1.0016771138292804,0.041283232660751526
05-01-2026,06.05,1882,7057.5,0.0,0.0,0.0,0.0,0.0,,,0.0,-3.7193686714285716,-0.006254275949999999,,,,,,0.03401348876660547,4.235518169007731,0.539792907782207,4.109009464483231,1.0,-0.006254275949999999,-311514.89188960963,-0.2989345017528574,1.0016771138292804,0.041283232660751526
05-01-2026,06.05,1883,7061.25,0.0,0.0,0.0,0.0,0.0,,,0.0,-3.7193686714285716,-0.006254275949999999,,,,,,0.03401348876660547,4.235518169007731,0.539792907782207,4.109009464483231,1.0,-0.006254275949999999,-311846.02648424363,-0.2992522636243994,1.0016771138292804,0.041283232660751526
05-01-2026,06.05,1884,7065.0,0.0,0.0,0.0,0.0,0.0,,,0.0,-3.7193686714285716,-0.006254275949999999,,,,,,0.03401348876660547,4.235518169007731,0.539792907782207,4.109009464483231,1.0,-0.006254275949999999,-312177.3369803887,-0.2995701942937483,1.0016771138292804,0.041283232660751526
05-01-2026,06.05,1885,7068.75,0.0,0.0,0.0,0.0,0.0,,,0.0,-3.7193686714285716,-0.006254275949999999,,,,,,0.03401348876660547,4.235518169007731,0.539792907782207,4.109009464483231,1.0,-0.006254275949999999,-312508.8233780449,-0.2998882937609042,1.0016771138292804,0.041283232660751526
05-01-2026,06.05,1886,7072.5,0.0,0.0,0.0,0.0,0.0,,,0.0,-3.7193686714285716,-0.006254275949999999,,,,,,0.03401348876660547,4.235518169007731,0.539792907782207,4.109009464483231,1.0,-0.006254275949999999,-312840.4856772121,-0.30020656202586693,1.0016771138292804,0.041283232660751526
05-01-2026,06.05,1887,7076.25,0.0,0.0,0.0,0.0,0.0,,,0.0,-3.7193686714285716,-0.006254275949999999,,,,,,0.03401348876660547,4.235518169007731,0.539792907782207,4.109009464483231,1.0,-0.006254275949999999,-313172.3238778905,-0.3005249990886366,1.0016771138292804,0.041283232660751526
05-01-2026,06.05,1888,7080.0,0.0,0.0,0.0,0.0,0.0,,,0.0,-3.7193686714285716,-0.006254275949999999,,,,,,0.03401348876660547,4.235518169007731,0.539792907782207,4.109009464483231,1.0,-0.006254275949999999,-313504.33798007993,-0.30084360494921325,1.0016771138292804,0.041283232660751526
05-01-2026,06.05,1889,7083.75,0.0,0.0,0.0,0.0,0.0,,,0.0,-3.7193686714285716,-0.006254275949999999,,,,,,0.03401348876660547,4.235518169007731,0.539792907782207,4.109009464483231,1.0,-0.006254275949999999,-313836.5279837805,-0.30116237960759684,1.0016771138292804,0.041283232660751526
05-01-2026,06.05,1890,7087.5,0.0,0.0,0.0,0.0,0.0,,,0.0,-3.7193686714285716,-0.006254275949999999,,,,,,0.03401348876660547,4.235518169007731,0.539792907782207,4.109009464483231,1.0,-0.006254275949999999,-314168.89388899214,-0.30148132306378733,1.0016771138292804,0.041283232660751526
05-01-2026,06.05,1891,7091.25,0.0,0.0,0.0,0.0,0.0,,,0.0,-3.7193686714285716,-0.006254275949999999,,,,,,0.03401348876660547,4.235518169007731,0.539792907782207,4.109009464483231,1.0,-0.006254275949999999,-314501.43569571484,-0.3018004353177847,1.0016771138292804,0.041283232660751526
05-01-2026,06.05,1892,7095.0,0.0,0.0,0.0,0.0,0.0,,,0.0,-3.7193686714285716,-0.006254275949999999,,,,,,0.03401348876660547,4.235518169007731,0.539792907782207,4.109009464483231,1.0,-0.006254275949999999,-314834.1534039487,-0.3021197163695891,1.0016771138292804,0.041283232660751526
05-01-2026,06.05,1893,7098.75,0.0,0.0,0.0,0.0,0.0,,,0.0,-3.7193686714285716,-0.006254275949999999,,,,,,0.03401348876660547,4.235518169007731,0.539792907782207,4.109009464483231,1.0,-0.006254275949999999,-315167.0470136936,-0.30243916621920036,1.0016771138292804,0.041283232660751526
05-01-2026,06.05,1894,7102.5,0.0,0.0,0.0,0.0,0.0,,,0.0,-3.7193686714285716,-0.006254275949999999,,,,,,0.03401348876660547,4.235518169007731,0.539792907782207,4.109009464483231,1.0,-0.006254275949999999,-315500.1165249496,-0.30275878486661856,1.0016771138292804,0.041283232660751526
05-01-2026,06.05,1895,7106.25,0.0,0.0,0.0,0.0,0.0,,,0.0,-3.7193686714285716,-0.006254275949999999,,,,,,0.03401348876660547,4.235518169007731,0.539792907782207,4.109009464483231,1.0,-0.006254275949999999,-315833.3619377167,-0.3030785723118437,1.0016771138292804,0.041283232660751526
05-01-2026,06.05,1896,7110.0,0.0,0.0,0.0,0.0,0.0,,,0.0,-3.7193686714285716,-0.006254275949999999,,,,,,0.03401348876660547,4.235518169007731,0.539792907782207,4.109009464483231,1.0,-0.006254275949999999,-316166.78325199493,-0.30339852855487576,1.0016771138292804,0.041283232660751526
05-01-2026,06.05,1897,7113.75,0.0,0.0,0.0,0.0,0.0,,,0.0,-3.7193686714285716,-0.006254275949999999,,,,,,0.03401348876660547,4.235518169007731,0.539792907782207,4.109009464483231,1.0,-0.006254275949999999,-316500.38046778424,-0.30371865359571476,1.0016771138292804,0.041283232660751526
05-01-2026,06.05,1898,7117.5,0.0,0.0,0.0,0.0,0.0,,,0.0,-3.7193686714285716,-0.006254275949999999,,,,,,0.03401348876660547,4.235518169007731,0.539792907782207,4.109009464483231,1.0,-0.006254275949999999,-316834.15358508466,-0.3040389474343607,1.0016771138292804,0.041283232660751526
05-01-2026,06.05,1899,7121.25,0.0,0.0,0.0,0.0,0.0,,,0.0,-3.7193686714285716,-0.006254275949999999,,,,,,0.03401348876660547,4.235518169007731,0.539792907782207,4.109009464483231,1.0,-0.006254275949999999,-317168.1026038961,-0.3043594100708135,1.0016771138292804,0.041283232660751526
05-01-2026,06.05,1900,7125.0,0.0,0.0,0.0,0.0,0.0,,,0.0,-3.7193686714285716,-0.006254275949999999,,,,,,0.03401348876660547,4.235518169007731,0.539792907782207,4.109009464483231,1.0,-0.006254275949999999,-317502.2275242187,-0.3046800415050733,1.0016771138292804,0.041283232660751526
05-01-2026,06.05,1901,7128.75,0.0,0.0,0.0,0.0,0.0,,,0.0,-3.7193686714285716,-0.006254275949999999,,,,,,0.03401348876660547,4.235518169007731,0.539792907782207,4.109009464483231,1.0,-0.006254275949999999,-317836.5283460524,-0.30500084173714004,1.0016771138292804,0.041283232660751526
05-01-2026,06.05,1902,7132.5,0.0,0.0,0.0,0.0,0.0,,,0.0,-3.7193686714285716,-0.006254275949999999,,,,,,0.03401348876660547,4.235518169007731,0.539792907782207,4.109009464483231,1.0,-0.006254275949999999,-318171.00506939716,-0.30532181076701365,1.0016771138292804,0.041283232660751526
05-01-2026,06.05,1903,7136.25,0.0,0.0,0.0,0.0,0.0,,,0.0,-3.7193686714285716,-0.006254275949999999,,,,,,0.03401348876660547,4.235518169007731,0.539792907782207,4.109009464483231,1.0,-0.006254275949999999,-318505.65769425296,-0.30564294859469415,1.0016771138292804,0.041283232660751526
05-01-2026,06.05,1904,7140.0,0.0,0.0,0.0,0.0,0.0,,,0.0,-3.7193686714285716,-0.006254275949999999,,,,,,0.03401348876660547,4.235518169007731,0.539792907782207,4.109009464483231,1.0,-0.006254275949999999,-318840.48622061993,-0.30596425522018167,1.0016771138292804,0.041283232660751526
05-01-2026,06.05,1905,7143.75,0.0,0.0,0.0,0.0,0.0,,,0.0,-3.7193686714285716,-0.006254275949999999,,,,,,0.03401348876660547,4.235518169007731,0.539792907782207,4.109009464483231,1.0,-0.006254275949999999,-319175.490648498,-0.3062857306434761,1.0016771138292804,0.041283232660751526
05-01-2026,06.05,1906,7147.5,0.0,0.0,0.0,0.0,0.0,,,0.0,-3.7193686714285716,-0.006254275949999999,,,,,,0.03401348876660547,4.235518169007731,0.539792907782207,4.109009464483231,1.0,-0.006254275949999999,-319510.6709778871,-0.3066073748645774,1.0016771138292804,0.041283232660751526
05-01-2026,06.05,1907,7151.25,0.0,0.0,0.0,0.0,0.0,,,0.0,-3.7193686714285716,-0.006254275949999999,,,,,,0.03401348876660547,4.235518169007731,0.539792907782207,4.109009464483231,1.0,-0.006254275949999999,-319846.0272087874,-0.3069291878834857,1.0016771138292804,0.041283232660751526
05-01-2026,06.05,1908,7155.0,0.0,0.0,0.0,0.0,0.0,,,0.0,-3.7193686714285716,-0.006254275949999999,,,,,,0.03401348876660547,4.235518169007731,0.539792907782207,4.109009464483231,1.0,-0.006254275949999999,-320181.5593411987,-0.3072511697002009,1.0016771138292804,0.041283232660751526
05-01-2026,06.05,1909,7158.75,0.0,0.0,0.0,0.0,0.0,,,0.0,-3.7193686714285716,-0.006254275949999999,,,,,,0.03401348876660547,4.235518169007731,0.539792907782207,4.109009464483231,1.0,-0.006254275949999999,-320517.2673751211,-0.307573320314723,1.0016771138292804,0.041283232660751526
05-01-2026,06.05,1910,7162.5,0.0,0.0,0.0,0.0,0.0,,,0.0,-3.7193686714285716,-0.006254275949999999,,,,,,0.03401348876660547,4.235518169007731,0.539792907782207,4.109009464483231,1.0,-0.006254275949999999,-320853.15131055465,-0.3078956397270521,1.0016771138292804,0.041283232660751526
05-01-2026,06.05,1911,7166.25,0.0,0.0,0.0,0.0,0.0,,,0.0,-3.7193686714285716,-0.006254275949999999,,,,,,0.03401348876660547,4.235518169007731,0.539792907782207,4.109009464483231,1.0,-0.006254275949999999,-321189.2111474992,-0.308218127937188,1.0016771138292804,0.041283232660751526
05-01-2026,06.05,1912,7170.0,0.0,0.0,0.0,0.0,0.0,,,0.0,-3.7193686714285716,-0.006254275949999999,,,,,,0.03401348876660547,4.235518169007731,0.539792907782207,4.109009464483231,1.0,-0.006254275949999999,-321525.44688595494,-0.30854078494513093,1.0016771138292804,0.041283232660751526
05-01-2026,06.05,1913,7173.75,0.0,0.0,0.0,0.0,0.0,,,0.0,-3.7193686714285716,-0.006254275949999999,,,,,,0.03401348876660547,4.235518169007731,0.539792907782207,4.109009464483231,1.0,-0.006254275949999999,-321861.85852592177,-0.3088636107508808,1.0016771138292804,0.041283232660751526
05-01-2026,06.05,1914,7177.5,0.0,0.0,0.0,0.0,0.0,,,0.0,-3.7193686714285716,-0.006254275949999999,,,,,,0.03401348876660547,4.235518169007731,0.539792907782207,4.109009464483231,1.0,-0.006254275949999999,-322198.44606739964,-0.30918660535443754,1.0016771138292804,0.041283232660751526
05-01-2026,06.05,1915,7181.25,0.0,0.0,0.0,0.0,0.0,,,0.0,-3.7193686714285716,-0.006254275949999999,,,,,,0.03401348876660547,4.235518169007731,0.539792907782207,4.109009464483231,1.0,-0.006254275949999999,-322535.2095103886,-0.3095097687558012,1.0016771138292804,0.041283232660751526
05-01-2026,06.05,1916,7185.0,0.0,0.0,0.0,0.0,0.0,,,0.0,-3.7193686714285716,-0.006254275949999999,,,,,,0.03401348876660547,4.235518169007731,0.539792907782207,4.109009464483231,1.0,-0.006254275949999999,-322872.1488548887,-0.30983310095497185,1.0016771138292804,0.041283232660751526
05-01-2026,06.05,1917,7188.75,0.0,0.0,0.0,0.0,0.0,,,0.0,-3.7193686714285716,-0.006254275949999999,,,,,,0.03401348876660547,4.235518169007731,0.539792907782207,4.109009464483231,1.0,-0.006254275949999999,-323209.26410089986,-0.3101566019519494,1.0016771138292804,0.041283232660751526
05-01-2026,06.05,1918,7192.5,0.0,0.0,0.0,0.0,0.0,,,0.0,-3.7193686714285716,-0.006254275949999999,,,,,,0.03401348876660547,4.235518169007731,0.539792907782207,4.109009464483231,1.0,-0.006254275949999999,-323546.55524842214,-0.31048027174673387,1.0016771138292804,0.041283232660751526
05-01-2026,06.05,1919,7196.25,0.0,0.0,0.0,0.0,0.0,,,0.0,-3.7193686714285716,-0.006254275949999999,,,,,,0.03401348876660547,4.235518169007731,0.539792907782207,4.109009464483231,1.0,-0.006254275949999999,-323884.02229745546,-0.31080411033932526,1.0016771138292804,0.041283232660751526
05-01-2026,06.05,1920,7200.0,0.0,0.0,0.0,0.0,0.0,,,0.0,-3.7193686714285716,-0.006254275949999999,,,,,,0.03401348876660547,4.235518169007731,0.539792907782207,4.109009464483231,1.0,-0.006254275949999999,-324221.66524799995,-0.3111281177297236,1.0016771138292804,0.041283232660751526
05-01-2026,06.05,1921,7203.75,0.0,0.0,0.0,0.0,0.0,,,0.0,-3.7193686714285716,-0.006254275949999999,,,,,,0.03401348876660547,4.235518169007731,0.539792907782207,4.109009464483231,1.0,-0.006254275949999999,-324559.4841000555,-0.31145229391792884,1.0016771138292804,0.041283232660751526
05-01-2026,06.05,1922,7207.5,0.0,0.0,0.0,0.0,0.0,,,0.0,-3.7193686714285716,-0.006254275949999999,,,,,,0.03401348876660547,4.235518169007731,0.539792907782207,4.109009464483231,1.0,-0.006254275949999999,-324897.47885362216,-0.3117766389039411,1.0016771138292804,0.041283232660751526
05-01-2026,06.05,1923,7211.25,0.0,0.0,0.0,0.0,0.0,,,0.0,-3.7193686714285716,-0.006254275949999999,,,,,,0.03401348876660547,4.235518169007731,0.539792907782207,4.109009464483231,1.0,-0.006254275949999999,-325235.6495086999,-0.3121011526877602,1.0016771138292804,0.041283232660751526
05-01-2026,06.05,1924,7215.0,0.0,0.0,0.0,0.0,0.0,,,0.0,-3.7193686714285716,-0.006254275949999999,,,,,,0.03401348876660547,4.235518169007731,0.539792907782207,4.109009464483231,1.0,-0.006254275949999999,-325573.99606528867,-0.31242583526938617,1.0016771138292804,0.041283232660751526
05-01-2026,06.05,1925,7218.75,0.0,0.0,0.0,0.0,0.0,,,0.0,-3.7193686714285716,-0.006254275949999999,,,,,,0.03401348876660547,4.235518169007731,0.539792907782207,4.109009464483231,1.0,-0.006254275949999999,-325912.5185233886,-0.31275068664881917,1.0016771138292804,0.041283232660751526
05-01-2026,06.05,1926,7222.5,0.0,0.0,0.0,0.0,0.0,,,0.0,-3.7193686714285716,-0.006254275949999999,,,,,,0.03401348876660547,4.235518169007731,0.539792907782207,4.109009464483231,1.0,-0.006254275949999999,-326251.21688299964,-0.31307570682605906,1.0016771138292804,0.041283232660751526
05-01-2026,06.05,1927,7226.25,0.0,0.0,0.0,0.0,0.0,,,0.0,-3.7193686714285716,-0.006254275949999999,,,,,,0.03401348876660547,4.235518169007731,0.539792907782207,4.109009464483231,1.0,-0.006254275949999999,-326590.0911441217,-0.31340089580110586,1.0016771138292804,0.041283232660751526
05-01-2026,06.05,1928,7230.0,0.0,0.0,0.0,0.0,0.0,,,0.0,-3.7193686714285716,-0.006254275949999999,,,,,,0.03401348876660547,4.235518169007731,0.539792907782207,4.109009464483231,1.0,-0.006254275949999999,-326929.14130675496,-0.31372625357395967,1.0016771138292804,0.041283232660751526
05-01-2026,06.05,1929,7233.75,0.0,0.0,0.0,0.0,0.0,,,0.0,-3.7193686714285716,-0.006254275949999999,,,,,,0.03401348876660547,4.235518169007731,0.539792907782207,4.109009464483231,1.0,-0.006254275949999999,-327268.36737089924,-0.3140517801446203,1.0016771138292804,0.041283232660751526
05-01-2026,06.05,1930,7237.5,0.0,0.0,0.0,0.0,0.0,,,0.0,-3.7193686714285716,-0.006254275949999999,,,,,,0.03401348876660547,4.235518169007731,0.539792907782207,4.109009464483231,1.0,-0.006254275949999999,-327607.76933655463,-0.3143774755130879,1.0016771138292804,0.041283232660751526
05-01-2026,06.05,1931,7241.25,0.0,0.0,0.0,0.0,0.0,,,0.0,-3.7193686714285716,-0.006254275949999999,,,,,,0.03401348876660547,4.235518169007731,0.539792907782207,4.109009464483231,1.0,-0.006254275949999999,-327947.3472037211,-0.3147033396793625,1.0016771138292804,0.041283232660751526
05-01-2026,06.05,1932,7245.0,0.0,0.0,0.0,0.0,0.0,,,0.0,-3.7193686714285716,-0.006254275949999999,,,,,,0.03401348876660547,4.235518169007731,0.539792907782207,4.109009464483231,1.0,-0.006254275949999999,-328287.1009723987,-0.315029372643444,1.0016771138292804,0.041283232660751526
05-01-2026,06.05,1933,7248.75,0.0,0.0,0.0,0.0,0.0,,,0.0,-3.7193686714285716,-0.006254275949999999,,,,,,0.03401348876660547,4.235518169007731,0.539792907782207,4.109009464483231,1.0,-0.006254275949999999,-328627.03064258734,-0.31535557440533235,1.0016771138292804,0.041283232660751526
05-01-2026,06.05,1934,7252.5,0.0,0.0,0.0,0.0,0.0,,,0.0,-3.7193686714285716,-0.006254275949999999,,,,,,0.03401348876660547,4.235518169007731,0.539792907782207,4.109009464483231,1.0,-0.006254275949999999,-328967.13621428714,-0.31568194496502766,1.0016771138292804,0.041283232660751526
05-01-2026,06.05,1935,7256.25,0.0,0.0,0.0,0.0,0.0,,,0.0,-3.7193686714285716,-0.006254275949999999,,,,,,0.03401348876660547,4.235518169007731,0.539792907782207,4.109009464483231,1.0,-0.006254275949999999,-329307.417687498,-0.3160084843225299,1.0016771138292804,0.041283232660751526
05-01-2026,06.05,1936,7260.0,0.0,0.0,0.0,0.0,0.0,,,0.0,-3.7193686714285716,-0.006254275949999999,,,,,,0.03401348876660547,4.235518169007731,0.539792907782207,4.109009464483231,1.0,-0.006254275949999999,-329647.8750622199,-0.3163351924778391,1.0016771138292804,0.041283232660751526
05-01-2026,06.05,1937,7263.75,0.0,0.0,0.0,0.0,0.0,,,0.0,-3.7193686714285716,-0.006254275949999999,,,,,,0.03401348876660547,4.235518169007731,0.539792907782207,4.109009464483231,1.0,-0.006254275949999999,-329988.508338453,-0.31666206943095526,1.0016771138292804,0.041283232660751526
05-01-2026,06.05,1938,7267.5,0.0,0.0,0.0,0.0,0.0,,,0.0,-3.7193686714285716,-0.006254275949999999,,,,,,0.03401348876660547,4.235518169007731,0.539792907782207,4.109009464483231,1.0,-0.006254275949999999,-330329.31751619716,-0.3169891151818783,1.0016771138292804,0.041283232660751526
05-01-2026,06.05,1939,7271.25,0.0,0.0,0.0,0.0,0.0,,,0.0,-3.7193686714285716,-0.006254275949999999,,,,,,0.03401348876660547,4.235518169007731,0.539792907782207,4.109009464483231,1.0,-0.006254275949999999,-330670.30259545235,-0.3173163297306082,1.0016771138292804,0.041283232660751526
05-01-2026,06.05,1940,7275.0,0.0,0.0,0.0,0.0,0.0,,,0.0,-3.7193686714285716,-0.006254275949999999,,,,,,0.03401348876660547,4.235518169007731,0.539792907782207,4.109009464483231,1.0,-0.006254275949999999,-331011.4635762187,-0.3176437130771451,1.0016771138292804,0.041283232660751526
05-01-2026,06.05,1941,7278.75,0.0,0.0,0.0,0.0,0.0,,,0.0,-3.7193686714285716,-0.006254275949999999,,,,,,0.03401348876660547,4.235518169007731,0.539792907782207,4.109009464483231,1.0,-0.006254275949999999,-331352.8004584961,-0.3179712652214889,1.0016771138292804,0.041283232660751526
05-01-2026,06.05,1942,7282.5,0.0,0.0,0.0,0.0,0.0,,,0.0,-3.7193686714285716,-0.006254275949999999,,,,,,0.03401348876660547,4.235518169007731,0.539792907782207,4.109009464483231,1.0,-0.006254275949999999,-331694.31324228464,-0.31829898616363966,1.0016771138292804,0.041283232660751526
05-01-2026,06.05,1943,7286.25,0.0,0.0,0.0,0.0,0.0,,,0.0,-3.7193686714285716,-0.006254275949999999,,,,,,0.03401348876660547,4.235518169007731,0.539792907782207,4.109009464483231,1.0,-0.006254275949999999,-332036.00192758424,-0.31862687590359734,1.0016771138292804,0.041283232660751526
05-01-2026,06.05,1944,7290.0,0.0,0.0,0.0,0.0,0.0,,,0.0,-3.7193686714285716,-0.006254275949999999,,,,,,0.03401348876660547,4.235518169007731,0.539792907782207,4.109009464483231,1.0,-0.006254275949999999,-332377.86651439493,-0.31895493444136197,1.0016771138292804,0.041283232660751526
05-01-2026,06.05,1945,7293.75,0.0,0.0,0.0,0.0,0.0,,,0.0,-3.7193686714285716,-0.006254275949999999,,,,,,0.03401348876660547,4.235518169007731,0.539792907782207,4.109009464483231,1.0,-0.006254275949999999,-332719.90700271673,-0.3192831617769335,1.0016771138292804,0.041283232660751526
05-01-2026,06.05,1946,7297.5,0.0,0.0,0.0,0.0,0.0,,,0.0,-3.7193686714285716,-0.006254275949999999,,,,,,0.03401348876660547,4.235518169007731,0.539792907782207,4.109009464483231,1.0,-0.006254275949999999,-333062.12339254963,-0.3196115579103119,1.0016771138292804,0.041283232660751526
05-01-2026,06.05,1947,7301.25,0.0,0.0,0.0,0.0,0.0,,,0.0,-3.7193686714285716,-0.006254275949999999,,,,,,0.03401348876660547,4.235518169007731,0.539792907782207,4.109009464483231,1.0,-0.006254275949999999,-333404.51568389364,-0.31994012284149737,1.0016771138292804,0.041283232660751526
05-01-2026,06.05,1948,7305.0,0.0,0.0,0.0,0.0,0.0,,,0.0,-3.7193686714285716,-0.006254275949999999,,,,,,0.03401348876660547,4.235518169007731,0.539792907782207,4.109009464483231,1.0,-0.006254275949999999,-333747.0838767487,-0.32026885657048965,1.0016771138292804,0.041283232660751526
05-01-2026,06.05,1949,7308.75,0.0,0.0,0.0,0.0,0.0,,,0.0,-3.7193686714285716,-0.006254275949999999,,,,,,0.03401348876660547,4.235518169007731,0.539792907782207,4.109009464483231,1.0,-0.006254275949999999,-334089.82797111484,-0.3205977590972889,1.0016771138292804,0.041283232660751526
05-01-2026,06.05,1950,7312.5,0.0,0.0,0.0,0.0,0.0,,,0.0,-3.7193686714285716,-0.006254275949999999,,,,,,0.03401348876660547,4.235518169007731,0.539792907782207,4.109009464483231,1.0,-0.006254275949999999,-334432.74796699214,-0.32092683042189507,1.0016771138292804,0.041283232660751526
05-01-2026,06.05,1951,7316.25,0.0,0.0,0.0,0.0,0.0,,,0.0,-3.7193686714285716,-0.006254275949999999,,,,,,0.03401348876660547,4.235518169007731,0.539792907782207,4.109009464483231,1.0,-0.006254275949999999,-334775.8438643805,-0.32125607054430816,1.0016771138292804,0.041283232660751526
05-01-2026,06.05,1952,7320.0,0.0,0.0,0.0,0.0,0.0,,,0.0,-3.7193686714285716,-0.006254275949999999,,,,,,0.03401348876660547,4.235518169007731,0.539792907782207,4.109009464483231,1.0,-0.006254275949999999,-335119.11566327995,-0.3215854794645282,1.0016771138292804,0.041283232660751526
05-01-2026,06.05,1953,7323.75,0.0,0.0,0.0,0.0,0.0,,,0.0,-3.7193686714285716,-0.006254275949999999,,,,,,0.03401348876660547,4.235518169007731,0.539792907782207,4.109009464483231,1.0,-0.006254275949999999,-335462.5633636905,-0.3219150571825552,1.0016771138292804,0.041283232660751526
05-01-2026,06.05,1954,7327.5,0.0,0.0,0.0,0.0,0.0,,,0.0,-3.7193686714285716,-0.006254275949999999,,,,,,0.03401348876660547,4.235518169007731,0.539792907782207,4.109009464483231,1.0,-0.006254275949999999,-335806.1869656121,-0.32224480369838904,1.0016771138292804,0.041283232660751526
05-01-2026,06.05,1955,7331.25,0.0,0.0,0.0,0.0,0.0,,,0.0,-3.7193686714285716,-0.006254275949999999,,,,,,0.03401348876660547,4.235518169007731,0.539792907782207,4.109009464483231,1.0,-0.006254275949999999,-336149.9864690449,-0.32257471901202983,1.0016771138292804,0.041283232660751526
05-01-2026,06.05,1956,7335.0,0.0,0.0,0.0,0.0,0.0,,,0.0,-3.7193686714285716,-0.006254275949999999,,,,,,0.03401348876660547,4.235518169007731,0.539792907782207,4.109009464483231,1.0,-0.006254275949999999,-336493.9618739887,-0.3229048031234776,1.0016771138292804,0.041283232660751526
05-01-2026,06.05,1957,7338.75,0.0,0.0,0.0,0.0,0.0,,,0.0,-3.7193686714285716,-0.006254275949999999,,,,,,0.03401348876660547,4.235518169007731,0.539792907782207,4.109009464483231,1.0,-0.006254275949999999,-336838.1131804436,-0.3232350560327322,1.0016771138292804,0.041283232660751526
05-01-2026,06.05,1958,7342.5,0.0,0.0,0.0,0.0,0.0,,,0.0,-3.7193686714285716,-0.006254275949999999,,,,,,0.03401348876660547,4.235518169007731,0.539792907782207,4.109009464483231,1.0,-0.006254275949999999,-337182.44038840965,-0.3235654777397939,1.0016771138292804,0.041283232660751526
05-01-2026,06.05,1959,7346.25,0.0,0.0,0.0,0.0,0.0,,,0.0,-3.7193686714285716,-0.006254275949999999,,,,,,0.03401348876660547,4.235518169007731,0.539792907782207,4.109009464483231,1.0,-0.006254275949999999,-337526.94349788676,-0.3238960682446624,1.0016771138292804,0.041283232660751526
05-01-2026,06.05,1960,7350.0,0.0,0.0,0.0,0.0,0.0,,,0.0,-3.7193686714285716,-0.006254275949999999,,,,,,0.03401348876660547,4.235518169007731,0.539792907782207,4.109009464483231,1.0,-0.006254275949999999,-337871.6225088749,-0.3242268275473378,1.0016771138292804,0.041283232660751526
05-01-2026,06.05,1961,7353.75,0.0,0.0,0.0,0.0,0.0,,,0.0,-3.7193686714285716,-0.006254275949999999,,,,,,0.03401348876660547,4.235518169007731,0.539792907782207,4.109009464483231,1.0,-0.006254275949999999,-338216.47742137423,-0.3245577556478202,1.0016771138292804,0.041283232660751526
05-01-2026,06.05,1962,7357.5,0.0,0.0,0.0,0.0,0.0,,,0.0,-3.7193686714285716,-0.006254275949999999,,,,,,0.03401348876660547,4.235518169007731,0.539792907782207,4.109009464483231,1.0,-0.006254275949999999,-338561.50823538465,-0.32488885254610955,1.0016771138292804,0.041283232660751526
05-01-2026,06.05,1963,7361.25,0.0,0.0,0.0,0.0,0.0,,,0.0,-3.7193686714285716,-0.006254275949999999,,,,,,0.03401348876660547,4.235518169007731,0.539792907782207,4.109009464483231,1.0,-0.006254275949999999,-338906.7149509061,-0.32522011824220576,1.0016771138292804,0.041283232660751526
05-01-2026,06.05,1964,7365.0,0.0,0.0,0.0,0.0,0.0,,,0.0,-3.7193686714285716,-0.006254275949999999,,,,,,0.03401348876660547,4.235518169007731,0.539792907782207,4.109009464483231,1.0,-0.006254275949999999,-339252.0975679387,-0.3255515527361089,1.0016771138292804,0.041283232660751526
05-01-2026,06.05,1965,7368.75,0.0,0.0,0.0,0.0,0.0,,,0.0,-3.7193686714285716,-0.006254275949999999,,,,,,0.03401348876660547,4.235518169007731,0.539792907782207,4.109009464483231,1.0,-0.006254275949999999,-339597.65608648234,-0.325883156027819,1.0016771138292804,0.041283232660751526
05-01-2026,06.05,1966,7372.5,0.0,0.0,0.0,0.0,0.0,,,0.0,-3.7193686714285716,-0.006254275949999999,,,,,,0.03401348876660547,4.235518169007731,0.539792907782207,4.109009464483231,1.0,-0.006254275949999999,-339943.3905065371,-0.326214928117336,1.0016771138292804,0.041283232660751526
05-01-2026,06.05,1967,7376.25,0.0,0.0,0.0,0.0,0.0,,,0.0,-3.7193686714285716,-0.006254275949999999,,,,,,0.03401348876660547,4.235518169007731,0.539792907782207,4.109009464483231,1.0,-0.006254275949999999,-340289.300828103,-0.32654686900465996,1.0016771138292804,0.041283232660751526
05-01-2026,06.05,1968,7380.0,0.0,0.0,0.0,0.0,0.0,,,0.0,-3.7193686714285716,-0.006254275949999999,,,,,,0.03401348876660547,4.235518169007731,0.539792907782207,4.109009464483231,1.0,-0.006254275949999999,-340635.38705117995,-0.3268789786897909,1.0016771138292804,0.041283232660751526
05-01-2026,06.05,1969,7383.75,0.0,0.0,0.0,0.0,0.0,,,0.0,-3.7193686714285716,-0.006254275949999999,,,,,,0.03401348876660547,4.235518169007731,0.539792907782207,4.109009464483231,1.0,-0.006254275949999999,-340981.64917576796,-0.32721125717272864,1.0016771138292804,0.041283232660751526
05-01-2026,06.05,1970,7387.5,0.0,0.0,0.0,0.0,0.0,,,0.0,-3.7193686714285716,-0.006254275949999999,,,,,,0.03401348876660547,4.235518169007731,0.539792907782207,4.109009464483231,1.0,-0.006254275949999999,-341328.08720186714,-0.3275437044534734,1.0016771138292804,0.041283232660751526
05-01-2026,06.05,1971,7391.25,0.0,0.0,0.0,0.0,0.0,,,0.0,-3.7193686714285716,-0.006254275949999999,,,,,,0.03401348876660547,4.235518169007731,0.539792907782207,4.109009464483231,1.0,-0.006254275949999999,-341674.70112947735,-0.32787632053202503,1.0016771138292804,0.041283232660751526
05-01-2026,06.05,1972,7395.0,0.0,0.0,0.0,0.0,0.0,,,0.0,-3.7193686714285716,-0.006254275949999999,,,,,,0.03401348876660547,4.235518169007731,0.539792907782207,4.109009464483231,1.0,-0.006254275949999999,-342021.4909585987,-0.3282091054083836,1.0016771138292804,0.041283232660751526
05-01-2026,06.05,1973,7398.75,0.0,0.0,0.0,0.0,0.0,,,0.0,-3.7193686714285716,-0.006254275949999999,,,,,,0.03401348876660547,4.235518169007731,0.539792907782207,4.109009464483231,1.0,-0.006254275949999999,-342368.4566892311,-0.32854205908254913,1.0016771138292804,0.041283232660751526
05-01-2026,06.05,1974,7402.5,0.0,0.0,0.0,0.0,0.0,,,0.0,-3.7193686714285716,-0.006254275949999999,,,,,,0.03401348876660547,4.235518169007731,0.539792907782207,4.109009464483231,1.0,-0.006254275949999999,-342715.5983213746,-0.3288751815545216,1.0016771138292804,0.041283232660751526
05-01-2026,06.05,1975,7406.25,0.0,0.0,0.0,0.0,0.0,,,0.0,-3.7193686714285716,-0.006254275949999999,,,,,,0.03401348876660547,4.235518169007731,0.539792907782207,4.109009464483231,1.0,-0.006254275949999999,-343062.91585502925,-0.329208472824301,1.0016771138292804,0.041283232660751526
05-01-2026,06.05,1976,7410.0,0.0,0.0,0.0,0.0,0.0,,,0.0,-3.7193686714285716,-0.006254275949999999,,,,,,0.03401348876660547,4.235518169007731,0.539792907782207,4.109009464483231,1.0,-0.006254275949999999,-343410.4092901949,-0.32954193289188727,1.0016771138292804,0.041283232660751526
05-01-2026,06.05,1977,7413.75,0.0,0.0,0.0,0.0,0.0,,,0.0,-3.7193686714285716,-0.006254275949999999,,,,,,0.03401348876660547,4.235518169007731,0.539792907782207,4.109009464483231,1.0,-0.006254275949999999,-343758.07862687175,-0.3298755617572805,1.0016771138292804,0.041283232660751526
05-01-2026,06.05,1978,7417.5,0.0,0.0,0.0,0.0,0.0,,,0.0,-3.7193686714285716,-0.006254275949999999,,,,,,0.03401348876660547,4.235518169007731,0.539792907782207,4.109009464483231,1.0,-0.006254275949999999,-344105.9238650596,-0.33020935942048063,1.0016771138292804,0.041283232660751526
05-01-2026,06.05,1979,7421.25,0.0,0.0,0.0,0.0,0.0,,,0.0,-3.7193686714285716,-0.006254275949999999,,,,,,0.03401348876660547,4.235518169007731,0.539792907782207,4.109009464483231,1.0,-0.006254275949999999,-344453.9450047586,-0.3305433258814877,1.0016771138292804,0.041283232660751526
05-01-2026,06.05,1980,7425.0,0.0,0.0,0.0,0.0,0.0,,,0.0,-3.7193686714285716,-0.006254275949999999,,,,,,0.03401348876660547,4.235518169007731,0.539792907782207,4.109009464483231,1.0,-0.006254275949999999,-344802.1420459687,-0.33087746114030175,1.0016771138292804,0.041283232660751526
05-01-2026,06.05,1981,7428.75,0.0,0.0,0.0,0.0,0.0,,,0.0,-3.7193686714285716,-0.006254275949999999,,,,,,0.03401348876660547,4.235518169007731,0.539792907782207,4.109009464483231,1.0,-0.006254275949999999,-345150.51498868986,-0.3312117651969227,1.0016771138292804,0.041283232660751526
05-01-2026,06.05,1982,7432.5,0.0,0.0,0.0,0.0,0.0,,,0.0,-3.7193686714285716,-0.006254275949999999,,,,,,0.03401348876660547,4.235518169007731,0.539792907782207,4.109009464483231,1.0,-0.006254275949999999,-345499.06383292214,-0.3315462380513506,1.0016771138292804,0.041283232660751526
05-01-2026,06.05,1983,7436.25,0.0,0.0,0.0,0.0,0.0,,,0.0,-3.7193686714285716,-0.006254275949999999,,,,,,0.03401348876660547,4.235518169007731,0.539792907782207,4.109009464483231,1.0,-0.006254275949999999,-345847.78857866547,-0.3318808797035853,1.0016771138292804,0.041283232660751526
05-01-2026,06.05,1984,7440.0,0.0,0.0,0.0,0.0,0.0,,,0.0,-3.7193686714285716,-0.006254275949999999,,,,,,0.03401348876660547,4.235518169007731,0.539792907782207,4.109009464483231,1.0,-0.006254275949999999,-346196.68922591995,-0.3322156901536271,1.0016771138292804,0.041283232660751526
05-01-2026,06.05,1985,7443.75,0.0,0.0,0.0,0.0,0.0,,,0.0,-3.7193686714285716,-0.006254275949999999,,,,,,0.03401348876660547,4.235518169007731,0.539792907782207,4.109009464483231,1.0,-0.006254275949999999,-346545.7657746855,-0.3325506694014757,1.0016771138292804,0.041283232660751526
05-01-2026,06.05,1986,7447.5,0.0,0.0,0.0,0.0,0.0,,,0.0,-3.7193686714285716,-0.006254275949999999,,,,,,0.03401348876660547,4.235518169007731,0.539792907782207,4.109009464483231,1.0,-0.006254275949999999,-346895.0182249621,-0.3328858174471313,1.0016771138292804,0.041283232660751526
05-01-2026,06.05,1987,7451.25,0.0,0.0,0.0,0.0,0.0,,,0.0,-3.7193686714285716,-0.006254275949999999,,,,,,0.03401348876660547,4.235518169007731,0.539792907782207,4.109009464483231,1.0,-0.006254275949999999,-347244.44657674985,-0.3332211342905938,1.0016771138292804,0.041283232660751526
05-01-2026,06.05,1988,7455.0,0.0,0.0,0.0,0.0,0.0,,,0.0,-3.7193686714285716,-0.006254275949999999,,,,,,0.03401348876660547,4.235518169007731,0.539792907782207,4.109009464483231,1.0,-0.006254275949999999,-347594.0508300487,-0.33355661993186325,1.0016771138292804,0.041283232660751526
05-01-2026,06.05,1989,7458.75,0.0,0.0,0.0,0.0,0.0,,,0.0,-3.7193686714285716,-0.006254275949999999,,,,,,0.03401348876660547,4.235518169007731,0.539792907782207,4.109009464483231,1.0,-0.006254275949999999,-347943.8309848586,-0.33389227437093966,1.0016771138292804,0.041283232660751526
05-01-2026,06.05,1990,7462.5,0.0,0.0,0.0,0.0,0.0,,,0.0,-3.7193686714285716,-0.006254275949999999,,,,,,0.03401348876660547,4.235518169007731,0.539792907782207,4.109009464483231,1.0,-0.006254275949999999,-348293.7870411796,-0.3342280976078229,1.0016771138292804,0.041283232660751526
05-01-2026,06.05,1991,7466.25,0.0,0.0,0.0,0.0,0.0,,,0.0,-3.7193686714285716,-0.006254275949999999,,,,,,0.03401348876660547,4.235518169007731,0.539792907782207,4.109009464483231,1.0,-0.006254275949999999,-348643.91899901174,-0.33456408964251316,1.0016771138292804,0.041283232660751526
05-01-2026,06.05,1992,7470.0,0.0,0.0,0.0,0.0,0.0,,,0.0,-3.7193686714285716,-0.006254275949999999,,,,,,0.03401348876660547,4.235518169007731,0.539792907782207,4.109009464483231,1.0,-0.006254275949999999,-348994.22685835493,-0.33490025047501026,1.0016771138292804,0.041283232660751526
05-01-2026,06.05,1993,7473.75,0.0,0.0,0.0,0.0,0.0,,,0.0,-3.7193686714285716,-0.006254275949999999,,,,,,0.03401348876660547,4.235518169007731,0.539792907782207,4.109009464483231,1.0,-0.006254275949999999,-349344.7106192092,-0.3352365801053144,1.0016771138292804,0.041283232660751526
05-01-2026,06.05,1994,7477.5,0.0,0.0,0.0,0.0,0.0,,,0.0,-3.7193686714285716,-0.006254275949999999,,,,,,0.03401348876660547,4.235518169007731,0.539792907782207,4.109009464483231,1.0,-0.006254275949999999,-349695.3702815746,-0.33557307853342533,1.0016771138292804,0.041283232660751526
05-01-2026,06.05,1995,7481.25,0.0,0.0,0.0,0.0,0.0,,,0.0,-3.7193686714285716,-0.006254275949999999,,,,,,0.03401348876660547,4.235518169007731,0.539792907782207,4.109009464483231,1.0,-0.006254275949999999,-350046.2058454511,-0.3359097457593433,1.0016771138292804,0.041283232660751526
05-01-2026,06.05,1996,7485.0,0.0,0.0,0.0,0.0,0.0,,,0.0,-3.7193686714285716,-0.006254275949999999,,,,,,0.03401348876660547,4.235518169007731,0.539792907782207,4.109009464483231,1.0,-0.006254275949999999,-350397.2173108387,-0.33624658178306815,1.0016771138292804,0.041283232660751526
05-01-2026,06.05,1997,7488.75,0.0,0.0,0.0,0.0,0.0,,,0.0,-3.7193686714285716,-0.006254275949999999,,,,,,0.03401348876660547,4.235518169007731,0.539792907782207,4.109009464483231,1.0,-0.006254275949999999,-350748.4046777374,-0.33658358660459997,1.0016771138292804,0.041283232660751526
05-01-2026,06.05,1998,7492.5,0.0,0.0,0.0,0.0,0.0,,,0.0,-3.7193686714285716,-0.006254275949999999,,,,,,0.03401348876660547,4.235518169007731,0.539792907782207,4.109009464483231,1.0,-0.006254275949999999,-351099.7679461471,-0.3369207602239387,1.0016771138292804,0.041283232660751526
05-01-2026,06.05,1999,7496.25,0.0,0.0,0.0,0.0,0.0,,,0.0,-3.7193686714285716,-0.006254275949999999,,,,,,0.03401348876660547,4.235518169007731,0.539792907782207,4.109009464483231,1.0,-0.006254275949999999,-351451.30711606797,-0.3372581026410843,1.0016771138292804,0.041283232660751526
