time,range_raw,copol_raw,time,range_raw,crosspol_raw,time,weather_inside_temperature,time,weather_outside_temperature,time,weather_inside_humidity,time,weather_outside_humidity,time,weather_wind_speed,time,weather_wind_direction,time,weather_barometric_pressure,time,weather_dew_point,time,weather_rain_rate,time,elevation_angle,time,azimuth_angle,time,copol_background,time,crosspol_background,time,telescope_temperature,time,detector_temperature,time,laser_temperature,time,date_yyyyMMdd,time,time_hhmmss,time,year,time,month,time,day,time,hour,time,minute,time,second,time,aod_age_secs,time,latitude,time,longitude,time,altitude,time,laser_energy,time,syncpulse,time,range_raw,copol_snr,time,range_raw,crosspol_snr,time,aeronet_aod,time,sda_aod_totals,time,sda_aod_fines,time,sda_aod_coarses,time,sda_ae_totals,time,sda_ae_fines,time,sda_dae_totals,time,sda_dae_fines,time,range_nrb,copol_nrb,time,range_nrb,crosspol_nrb,time,range_radiometer,radiometer_temperature,time,range_radiometer,radiometer_vaporDensity,time,range_radiometer,radiometer_liquid,time,range_radiometer,radiometer_relativeHumidity,time,number_of_clouds,number_of_cloud_outlines,clouds,time,number_of_clouds,pbls,time,range_vbp,extinction_coefficient,time,range_vbp,mass_concentration,time,range_vbp,VBP,time,range_nrb,depolarization_ratio,time,range_nrb,particle_type,time,number_of_particle_type,particle_type_mapping,time,lidar_ratio,time,aod
40.65625,0.029979246,23.191343,40.65625,0.029979246,18.152016,40.65625,29.512346,40.65625,26.969135,40.65625,52.88889,40.65625,68.0,40.65625,0.0,40.65625,193.66667,40.65625,972.33704,40.65625,20.558487,40.65625,0.0,40.65625,0.0,40.65625,0.0,40.65625,0.00069862296,40.65625,0.00064523204,40.65625,26.71778,40.65625,26.571112,40.65625,26.71889,40.65625,20260209,40.65625,154500,40.65625,2026.0,40.65625,2.0,40.65625,9.0,40.65625,15.0,40.65625,45.0,40.65625,0.0,40.65625,-1.0,40.65625,-999.0,40.65625,-999.0,40.65625,-999.0,40.65625,4.3245554,40.65625,2500.0,40.65625,0.029979246,78179.695,40.65625,0.029979246,64748.805,40.65625,,40.65625,,40.65625,,40.65625,,40.65625,,40.65625,,40.65625,,40.65625,,40.65625,0.11991698,0.2341467,40.65625,0.11991698,0.013093889,,,,,,,,,,,,,40.65625,0.0,0.0,1.9186717,40.65625,0.0,2.2184641,40.65625,0.11991698,0.04349638,40.65625,0.11991698,27.691383,40.65625,0.11991698,0.0014498794,40.65625,0.11991698,0.05295262,40.65625,0.11991698,6.0,40.65625,0.0,WaterCloud,40.65625,30.0,40.65625,
40.65625,0.05995849,10.131177,40.65625,0.05995849,1.214666,,,,,,,,,,,,,,,,,,,,,,,,,,,,,,,,,,,,,,,,,,,,,,,,,,,,,,,,,,,,,40.65625,0.05995849,34154.906,40.65625,0.05995849,4333.095,,,,,,,,,,,,,,,,,40.65625,0.14989623,0.23137029,40.65625,0.14989623,0.012646351,,,,,,,,,,,,,40.65625,0.0,1.0,2.2484434,40.65625,1.0,,40.65625,0.14989623,0.04287312,40.65625,0.14989623,27.68864,40.65625,0.14989623,0.0014291039,40.65625,0.14989623,0.051816817,40.65625,0.14989623,6.0,40.65625,1.0,MixedCloud,,,,
40.65625,0.08993774,9.440101,40.65625,0.08993774,0.8422282,,,,,,,,,,,,,,,,,,,,,,,,,,,,,,,,,,,,,,,,,,,,,,,,,,,,,,,,,,,,,40.65625,0.08993774,31819.822,40.65625,0.08993774,3004.8608,,,,,,,,,,,,,,,,,40.65625,0.17987548,0.22865497,40.65625,0.17987548,0.012206496,,,,,,,,,,,,,40.65625,0.0,2.0,2.5182567,40.65625,2.0,,40.65625,0.17987548,0.042236567,40.65625,0.17987548,27.685843,40.65625,0.17987548,0.0014078856,40.65625,0.17987548,0.050678506,40.65625,0.17987548,6.0,40.65625,2.0,Ice/dust/ash,,,,
40.65625,0.11991698,8.9007435,40.65625,0.11991698,0.66738063,,,,,,,,,,,,,,,,,,,,,,,,,,,,,,,,,,,,,,,,,,,,,,,,,,,,,,,,,,,,,40.65625,0.11991698,29993.459,40.65625,0.11991698,2379.7678,,,,,,,,,,,,,,,,,40.65625,0.20985472,0.22600494,40.65625,0.20985472,0.012231182,,,,,,,,,,,,,40.65625,1.0,0.0,3.297717,40.65625,3.0,,40.65625,0.20985472,0.041647945,40.65625,0.20985472,27.68325,40.65625,0.20985472,0.0013882647,40.65625,0.20985472,0.051333267,40.65625,0.20985472,6.0,40.65625,3.0,Rain/Dust,,,,
40.65625,0.14989623,8.428172,40.65625,0.14989623,0.5669939,,,,,,,,,,,,,,,,,,,,,,,,,,,,,,,,,,,,,,,,,,,,,,,,,,,,,,,,,,,,,40.65625,0.14989623,28393.838,40.65625,0.14989623,2021.472,,,,,,,,,,,,,,,,,40.65625,0.23983397,0.22376105,40.65625,0.23983397,0.011964295,,,,,,,,,,,,,40.65625,1.0,1.0,3.7174265,40.65625,4.0,,40.65625,0.23983397,0.041162144,40.65625,0.23983397,27.681114,40.65625,0.23983397,0.0013720716,40.65625,0.23983397,0.05073945,40.65625,0.23983397,6.0,40.65625,4.0,Molecular,,,,
40.65625,0.17987548,7.9785213,40.65625,0.17987548,0.49543354,,,,,,,,,,,,,,,,,,,,,,,,,,,,,,,,,,,,,,,,,,,,,,,,,,,,,,,,,,,,,40.65625,0.17987548,26879.184,40.65625,0.17987548,1764.8081,,,,,,,,,,,,,,,,,40.65625,0.2698132,0.22499911,40.65625,0.2698132,0.012024926,,,,,,,,,,,,,40.65625,1.0,2.0,3.897302,40.65625,5.0,,40.65625,0.2698132,0.04205932,40.65625,0.2698132,27.685062,40.65625,0.2698132,0.0014019775,40.65625,0.2698132,0.05073076,40.65625,0.2698132,6.0,40.65625,5.0,CleanAerosol,,,,
40.65625,0.20985472,7.529867,40.65625,0.20985472,0.45478207,,,,,,,,,,,,,,,,,,,,,,,,,,,,,,,,,,,,,,,,,,,,,,,,,,,,,,,,,,,,,40.65625,0.20985472,25357.9,40.65625,0.20985472,1620.3253,,,,,,,,,,,,,,,,,40.65625,0.29979247,0.22633857,40.65625,0.29979247,0.011922543,,,,,,,,,,,,,40.65625,2.0,0.0,,40.65625,6.0,,40.65625,0.29979247,0.042965304,40.65625,0.29979247,27.689045,40.65625,0.29979247,0.0014321769,40.65625,0.29979247,0.050027143,40.65625,0.29979247,6.0,40.65625,6.0,PollutedAerosol,,,,
40.65625,0.23983397,7.092578,40.65625,0.23983397,0.41200358,,,,,,,,,,,,,,,,,,,,,,,,,,,,,,,,,,,,,,,,,,,,,,,,,,,,,,,,,,,,,40.65625,0.23983397,23892.102,40.65625,0.23983397,1468.6941,,,,,,,,,,,,,,,,,40.65625,0.3297717,0.22967307,40.65625,0.3297717,0.011901982,,,,,,,,,,,,,40.65625,2.0,1.0,,40.65625,7.0,,40.65625,0.3297717,0.044697724,40.65625,0.3297717,27.69667,40.65625,0.3297717,0.001489924,40.65625,0.3297717,0.049264282,40.65625,0.3297717,6.0,40.65625,7.0,Undetected,,,,
40.65625,0.2698132,6.6529827,40.65625,0.2698132,0.37965193,,,,,,,,,,,,,,,,,,,,,,,,,,,,,,,,,,,,,,,,,,,,,,,,,,,,,,,,,,,,,40.65625,0.2698132,22400.688,40.65625,0.2698132,1352.3441,,,,,,,,,,,,,,,,,40.65625,0.35975096,0.2368078,40.65625,0.35975096,0.012342369,,,,,,,,,,,,,40.65625,2.0,2.0,,40.65625,8.0,,40.65625,0.35975096,0.047906656,40.65625,0.35975096,27.71079,40.65625,0.35975096,0.0015968885,40.65625,0.35975096,0.049531493,40.65625,0.35975096,6.0,,,,,,,
40.65625,0.29979247,6.2149487,40.65625,0.29979247,0.34555998,,,,,,,,,,,,,,,,,,,,,,,,,,,,,,,,,,,,,,,,,,,,,,,,,,,,,,,,,,,,,40.65625,0.29979247,20929.812,40.65625,0.29979247,1231.2142,,,,,,,,,,,,,,,,,40.65625,0.3897302,0.24152976,40.65625,0.3897302,0.012432124,,,,,,,,,,,,,40.65625,3.0,0.0,,40.65625,9.0,,40.65625,0.3897302,0.050202765,40.65625,0.3897302,27.72089,40.65625,0.3897302,0.0016734255,40.65625,0.3897302,0.048935488,40.65625,0.3897302,6.0,,,,,,,
40.65625,0.3297717,5.7809463,40.65625,0.3297717,0.31371415,,,,,,,,,,,,,,,,,,,,,,,,,,,,,,,,,,,,,,,,,,,,,,,,,,,,,,,,,,,,,40.65625,0.3297717,19470.17,40.65625,0.3297717,1116.7341,,,,,,,,,,,,,,,,,40.65625,0.41970944,0.24759658,40.65625,0.41970944,0.012607053,,,,,,,,,,,,,40.65625,3.0,1.0,,,,,40.65625,0.41970944,0.05306215,40.65625,0.41970944,27.733473,40.65625,0.41970944,0.0017687383,40.65625,0.41970944,0.04845344,40.65625,0.41970944,6.0,,,,,,,
40.65625,0.35975096,5.375695,40.65625,0.35975096,0.29174477,,,,,,,,,,,,,,,,,,,,,,,,,,,,,,,,,,,,,,,,,,,,,,,,,,,,,,,,,,,,,40.65625,0.35975096,18103.164,40.65625,0.35975096,1038.3557,,,,,,,,,,,,,,,,,40.65625,0.4496887,0.25453192,40.65625,0.4496887,0.012754435,,,,,,,,,,,,,40.65625,3.0,2.0,,,,,40.65625,0.4496887,0.05631043,40.65625,0.4496887,27.747765,40.65625,0.4496887,0.0018770142,40.65625,0.4496887,0.047708284,40.65625,0.4496887,6.0,,,,,,,
40.65625,0.3897302,4.9585156,40.65625,0.3897302,0.264614,,,,,,,,,,,,,,,,,,,,,,,,,,,,,,,,,,,,,,,,,,,,,,,,,,,,,,,,,,,,,40.65625,0.3897302,16701.107,40.65625,0.3897302,942.11676,,,,,,,,,,,,,,,,,40.65625,0.47966793,0.2596969,40.65625,0.47966793,0.012821767,,,,,,,,,,,,,40.65625,4.0,0.0,,,,,40.65625,0.47966793,0.058848303,40.65625,0.47966793,27.758934,40.65625,0.47966793,0.0019616103,40.65625,0.47966793,0.047040883,40.65625,0.47966793,6.0,,,,,,,
40.65625,0.41970944,4.584947,40.65625,0.41970944,0.24103822,,,,,,,,,,,,,,,,,,,,,,,,,,,,,,,,,,,,,,,,,,,,,,,,,,,,,,,,,,,,,40.65625,0.41970944,15445.324,40.65625,0.41970944,857.59296,,,,,,,,,,,,,,,,,40.65625,0.5096472,0.26555008,40.65625,0.5096472,0.013234658,,,,,,,,,,,,,40.65625,4.0,1.0,,,,,40.65625,0.5096472,0.061776068,40.65625,0.5096472,27.771814,40.65625,0.5096472,0.0020592024,40.65625,0.5096472,0.047472317,40.65625,0.5096472,6.0,,,,,,,
40.65625,0.44968867,4.224498,40.65625,0.44968867,0.21881601,,,,,,,,,,,,,,,,,,,,,,,,,,,,,,,,,,,,,,,,,,,,,,,,,,,,,,,,,,,,,40.65625,0.44968867,14225.963,40.65625,0.44968867,778.0348,,,,,,,,,,,,,,,,,40.65625,0.5396264,0.26994678,40.65625,0.5396264,0.013351224,,,,,,,,,,,,,40.65625,4.0,2.0,,,,,40.65625,0.5396264,0.064120315,40.65625,0.5396264,27.782127,40.65625,0.5396264,0.0021373436,40.65625,0.5396264,0.047142215,40.65625,0.5396264,6.0,,,,,,,
40.65625,0.47966793,3.8851705,40.65625,0.47966793,0.19839355,,,,,,,,,,,,,,,,,,,,,,,,,,,,,,,,,,,,,,,,,,,,,,,,,,,,,,,,,,,,,40.65625,0.47966793,13085.096,40.65625,0.47966793,705.6186,,,,,,,,,,,,,,,,,40.65625,0.56960565,0.2745948,40.65625,0.56960565,0.013301042,,,,,,,,,,,,,40.65625,5.0,0.0,,,,,40.65625,0.56960565,0.06657437,40.65625,0.56960565,27.792929,40.65625,0.56960565,0.0022191457,40.65625,0.56960565,0.04619076,40.65625,0.56960565,6.0,,,,,,,
40.65625,0.5096472,3.5611038,40.65625,0.5096472,0.18356389,,,,,,,,,,,,,,,,,,,,,,,,,,,,,,,,,,,,,,,,,,,,,,,,,,,,,,,,,,,,,40.65625,0.5096472,11989.739,40.65625,0.5096472,652.2811,,,,,,,,,,,,,,,,,40.65625,0.59958494,0.27722058,40.65625,0.59958494,0.013387276,,,,,,,,,,,,,40.65625,5.0,1.0,,,,,40.65625,0.59958494,0.068261065,40.65625,0.59958494,27.800352,40.65625,0.59958494,0.0022753691,40.65625,0.59958494,0.046043973,40.65625,0.59958494,6.0,,,,,,,
40.65625,0.5396264,3.260464,40.65625,0.5396264,0.16662204,,,,,,,,,,,,,,,,,,,,,,,,,,,,,,,,,,,,,,,,,,,,,,,,,,,,,,,,,,,,,40.65625,0.5396264,10977.733,40.65625,0.5396264,591.8117,,,,,,,,,,,,,,,,,40.65625,0.62956417,0.2791543,40.65625,0.62956417,0.013439173,,,,,,,,,,,,,40.65625,5.0,2.0,,,,,40.65625,0.62956417,0.069709934,40.65625,0.62956417,27.806725,40.65625,0.62956417,0.002323665,40.65625,0.62956417,0.04593382,40.65625,0.62956417,6.0,,,,,,,
40.65625,0.56960565,3.0109475,40.65625,0.56960565,0.151242,,,,,,,,,,,,,,,,,,,,,,,,,,,,,,,,,,,,,,,,,,,,,,,,,,,,,,,,,,,,,40.65625,0.56960565,10136.604,40.65625,0.56960565,537.29443,,,,,,,,,,,,,,,,,40.65625,0.6595434,0.27818653,40.65625,0.6595434,0.012946341,,,,,,,,,,,,,40.65625,6.0,0.0,,,,,40.65625,0.6595434,0.06996738,40.65625,0.6595434,27.807856,40.65625,0.6595434,0.002332246,40.65625,0.6595434,0.044462677,40.65625,0.6595434,6.0,,,,,,,
40.65625,0.59958494,2.7638109,40.65625,0.59958494,0.13852446,,,,,,,,,,,,,,,,,,,,,,,,,,,,,,,,,,,,,,,,,,,,,,,,,,,,,,,,,,,,,40.65625,0.59958494,9305.379,40.65625,0.59958494,492.42654,,,,,,,,,,,,,,,,,40.65625,0.6895227,0.2774304,40.65625,0.6895227,0.013213085,,,,,,,,,,,,,40.65625,6.0,1.0,,,,,40.65625,0.6895227,0.07034271,40.65625,0.6895227,27.80951,40.65625,0.6895227,0.0023447573,40.65625,0.6895227,0.04543332,40.65625,0.6895227,6.0,,,,,,,
40.65625,0.62956417,2.5383162,40.65625,0.62956417,0.12702662,,,,,,,,,,,,,,,,,,,,,,,,,,,,,,,,,,,,,,,,,,,,,,,,,,,,,,,,,,,,,40.65625,0.62956417,8545.041,40.65625,0.62956417,450.7796,,,,,,,,,,,,,,,,,40.65625,0.7195019,0.27525136,40.65625,0.7195019,0.012919571,,,,,,,,,,,,,40.65625,6.0,2.0,,,,,40.65625,0.7195019,0.07015575,40.65625,0.7195019,27.808685,40.65625,0.7195019,0.002338525,40.65625,0.7195019,0.044811063,40.65625,0.7195019,6.0,,,,,,,
40.65625,0.6595434,2.3289306,40.65625,0.6595434,0.113059655,,,,,,,,,,,,,,,,,,,,,,,,,,,,,,,,,,,,,,,,,,,,,,,,,,,,,,,,,,,,,40.65625,0.6595434,7841.9385,40.65625,0.6595434,400.84253,,,,,,,,,,,,,,,,,40.65625,0.74948114,0.27406442,40.65625,0.74948114,0.012355196,,,,,,,,,,,,,40.65625,7.0,0.0,,,,,40.65625,0.74948114,0.070298955,40.65625,0.74948114,27.809315,40.65625,0.74948114,0.0023432986,40.65625,0.74948114,0.043119982,40.65625,0.74948114,6.0,,,,,,,
40.65625,0.6895226,2.138465,40.65625,0.6895226,0.10642571,,,,,,,,,,,,,,,,,,,,,,,,,,,,,,,,,,,,,,,,,,,,,,,,,,,,,,,,,,,,,40.65625,0.6895226,7196.771,40.65625,0.6895226,377.80386,,,,,,,,,,,,,,,,,40.65625,0.7794604,0.27181113,40.65625,0.7794604,0.012284917,,,,,,,,,,,,,40.65625,7.0,1.0,,,,,40.65625,0.7794604,0.070116505,40.65625,0.7794604,27.80851,40.65625,0.7794604,0.0023372169,40.65625,0.7794604,0.043190375,40.65625,0.7794604,6.0,,,,,,,
40.65625,0.7195019,1.9591105,40.65625,0.7195019,0.096221924,,,,,,,,,,,,,,,,,,,,,,,,,,,,,,,,,,,,,,,,,,,,,,,,,,,,,,,,,,,,,40.65625,0.7195019,6591.1953,40.65625,0.7195019,341.20935,,,,,,,,,,,,,,,,,40.65625,0.80943966,0.268436,40.65625,0.80943966,0.011906316,,,,,,,,,,,,,40.65625,7.0,2.0,,,,,40.65625,0.80943966,0.06939455,40.65625,0.80943966,27.805338,40.65625,0.80943966,0.0023131515,40.65625,0.80943966,0.042437647,40.65625,0.80943966,6.0,,,,,,,
40.65625,0.74948114,1.801324,40.65625,0.74948114,0.08536368,,,,,,,,,,,,,,,,,,,,,,,,,,,,,,,,,,,,,,,,,,,,,,,,,,,,,,,,,,,,,40.65625,0.74948114,6057.7773,40.65625,0.74948114,302.38696,,,,,,,,,,,,,,,,,40.65625,0.8394189,0.26810682,40.65625,0.8394189,0.01217312,,,,,,,,,,,,,40.65625,8.0,0.0,,,,,40.65625,0.8394189,0.06989423,40.65625,0.8394189,27.807535,40.65625,0.8394189,0.002329808,40.65625,0.8394189,0.04341093,40.65625,0.8394189,6.0,,,,,,,
40.65625,0.7794604,1.6686449,40.65625,0.7794604,0.07951807,,,,,,,,,,,,,,,,,,,,,,,,,,,,,,,,,,,,,,,,,,,,,,,,,,,,,,,,,,,,,40.65625,0.7794604,5616.0137,40.65625,0.7794604,281.13425,,,,,,,,,,,,,,,,,40.65625,0.8693981,0.26609772,40.65625,0.8693981,0.01138304,,,,,,,,,,,,,40.65625,8.0,1.0,,,,,40.65625,0.8693981,0.069795296,40.65625,0.8693981,27.807098,40.65625,0.8693981,0.00232651,40.65625,0.8693981,0.041005928,40.65625,0.8693981,6.0,,,,,,,
40.65625,0.80943966,1.5470624,40.65625,0.80943966,0.072794884,,,,,,,,,,,,,,,,,,,,,,,,,,,,,,,,,,,,,,,,,,,,,,,,,,,,,,,,,,,,,40.65625,0.80943966,5205.135,40.65625,0.80943966,257.3215,,,,,,,,,,,,,,,,,40.65625,0.8993774,0.26919642,40.65625,0.8993774,0.011231879,,,,,,,,,,,,,40.65625,8.0,2.0,,,,,40.65625,0.8993774,0.07171809,40.65625,0.8993774,27.81556,40.65625,0.8993774,0.0023906035,40.65625,0.8993774,0.040070686,40.65625,0.8993774,6.0,,,,,,,
40.65625,0.8394189,1.4450691,40.65625,0.8394189,0.06959691,,,,,,,,,,,,,,,,,,,,,,,,,,,,,,,,,,,,,,,,,,,,,,,,,,,,,,,,,,,,,40.65625,0.8394189,4867.6074,40.65625,0.8394189,246.38986,,,,,,,,,,,,,,,,,40.65625,0.92935663,0.2688562,40.65625,0.92935663,0.011834161,,,,,,,,,,,,,40.65625,9.0,0.0,,,,,40.65625,0.92935663,0.072255425,40.65625,0.92935663,27.817923,40.65625,0.92935663,0.0024085143,40.65625,0.92935663,0.042168148,40.65625,0.92935663,6.0,,,,,,,
40.65625,0.8693981,1.3492934,40.65625,0.8693981,0.061430912,,,,,,,,,,,,,,,,,,,,,,,,,,,,,,,,,,,,,,,,,,,,,,,,,,,,,,,,,,,,,40.65625,0.8693981,4544.181,40.65625,0.8693981,216.82994,,,,,,,,,,,,,,,,,40.65625,0.95933586,0.26896966,40.65625,0.95933586,0.0111942785,,,,,,,,,,,,,40.65625,9.0,1.0,,,,,40.65625,0.95933586,0.07300536,40.65625,0.95933586,27.821224,40.65625,0.95933586,0.0024335121,40.65625,0.95933586,0.039961174,40.65625,0.95933586,6.0,,,,,,,
40.65625,0.89937735,1.275502,40.65625,0.89937735,0.056998365,,,,,,,,,,,,,,,,,,,,,,,,,,,,,,,,,,,,,,,,,,,,,,,,,,,,,,,,,,,,,40.65625,0.89937735,4297.9297,40.65625,0.89937735,200.8911,,,,,,,,,,,,,,,,,40.65625,0.98931515,0.2652779,40.65625,0.98931515,0.010993908,,,,,,,,,,,,,40.65625,9.0,2.0,,,,,40.65625,0.98931515,0.072276026,40.65625,0.98931515,27.818014,40.65625,0.98931515,0.0024092009,40.65625,0.98931515,0.03979629,40.65625,0.98931515,6.0,,,,,,,
40.65625,0.92935663,1.1991372,40.65625,0.92935663,0.056418266,,,,,,,,,,,,,,,,,,,,,,,,,,,,,,,,,,,,,,,,,,,,,,,,,,,,,,,,,,,,,40.65625,0.92935663,4039.2795,40.65625,0.92935663,199.11322,,,,,,,,,,,,,,,,,40.65625,1.0192944,0.25541484,40.65625,1.0192944,0.010230523,,,,,,,,,,,,,,,,,,,,40.65625,1.0192944,0.068723984,40.65625,1.0192944,27.802387,40.65625,1.0192944,0.0022907993,40.65625,1.0192944,0.038536035,40.65625,1.0192944,6.0,,,,,,,
40.65625,0.95933586,1.1342555,40.65625,0.95933586,0.050706528,,,,,,,,,,,,,,,,,,,,,,,,,,,,,,,,,,,,,,,,,,,,,,,,,,,,,,,,,,,,,40.65625,0.95933586,3824.8325,40.65625,0.95933586,178.67697,,,,,,,,,,,,,,,,,40.65625,1.0492736,0.24880488,40.65625,1.0492736,0.00969003,,,,,,,,,,,,,,,,,,,,40.65625,1.0492736,0.066424236,40.65625,1.0492736,27.792267,40.65625,1.0492736,0.0022141412,40.65625,1.0492736,0.037487082,40.65625,1.0492736,6.0,,,,,,,
40.65625,0.9893151,1.052774,40.65625,0.9893151,0.046898704,,,,,,,,,,,,,,,,,,,,,,,,,,,,,,,,,,,,,,,,,,,,,,,,,,,,,,,,,,,,,40.65625,0.9893151,3548.5122,40.65625,0.9893151,164.85435,,,,,,,,,,,,,,,,,40.65625,1.0792528,0.24543977,40.65625,1.0792528,0.009119224,,,,,,,,,,,,,,,,,,,,40.65625,1.0792528,0.06554179,40.65625,1.0792528,27.788383,40.65625,1.0792528,0.0021847263,40.65625,1.0792528,0.035830814,40.65625,1.0792528,6.0,,,,,,,
40.65625,1.0192944,0.96669644,40.65625,1.0192944,0.04204968,,,,,,,,,,,,,,,,,,,,,,,,,,,,,,,,,,,,,,,,,,,,,,,,,,,,,,,,,,,,,40.65625,1.0192944,3256.1692,40.65625,1.0192944,147.63103,,,,,,,,,,,,,,,,,40.65625,1.1092321,0.24098618,40.65625,1.1092321,0.008906843,,,,,,,,,,,,,,,,,,,,40.65625,1.1092321,0.06418159,40.65625,1.1092321,27.782398,40.65625,1.1092321,0.0021393863,40.65625,1.1092321,0.035628874,40.65625,1.1092321,6.0,,,,,,,
40.65625,1.0492736,0.89506173,40.65625,1.0492736,0.03822698,,,,,,,,,,,,,,,,,,,,,,,,,,,,,,,,,,,,,,,,,,,,,,,,,,,,,,,,,,,,,40.65625,1.0492736,3013.5127,40.65625,1.0492736,134.0173,,,,,,,,,,,,,,,,,40.65625,1.1392113,0.24329334,40.65625,1.1392113,0.009323749,,,,,,,,,,,,,,,,,,,,40.65625,1.1392113,0.06574558,40.65625,1.1392113,27.789282,40.65625,1.1392113,0.0021915196,40.65625,1.1392113,0.036899406,40.65625,1.1392113,6.0,,,,,,,
40.65625,1.0792528,0.8340771,40.65625,1.0792528,0.03449353,,,,,,,,,,,,,,,,,,,,,,,,,,,,,,,,,,,,,,,,,,,,,,,,,,,,,,,,,,,,,40.65625,1.0792528,2808.0874,40.65625,1.0792528,120.68373,,,,,,,,,,,,,,,,,40.65625,1.1691906,0.24926625,40.65625,1.1691906,0.009462622,,,,,,,,,,,,,,,,,,,,40.65625,1.1691906,0.06889822,40.65625,1.1691906,27.803154,40.65625,1.1691906,0.0022966072,40.65625,1.1691906,0.03650118,40.65625,1.1691906,6.0,,,,,,,
40.65625,1.1092321,0.7808568,40.65625,1.1092321,0.032143388,,,,,,,,,,,,,,,,,,,,,,,,,,,,,,,,,,,,,,,,,,,,,,,,,,,,,,,,,,,,,40.65625,1.1092321,2629.681,40.65625,1.1092321,112.43393,,,,,,,,,,,,,,,,,40.65625,1.1991699,0.25801396,40.65625,1.1991699,0.009626675,,,,,,,,,,,,,,,,,,,,40.65625,1.1991699,0.07373761,40.65625,1.1991699,27.824446,40.65625,1.1991699,0.00245792,40.65625,1.1991699,0.035975695,40.65625,1.1991699,6.0,,,,,,,
40.65625,1.1392113,0.7494273,40.65625,1.1392113,0.03183103,,,,,,,,,,,,,,,,,,,,,,,,,,,,,,,,,,,,,,,,,,,,,,,,,,,,,,,,,,,,,40.65625,1.1392113,2519.1409,40.65625,1.1392113,111.338715,,,,,,,,,,,,,,,,,40.65625,1.2291491,0.26909354,40.65625,1.2291491,0.00955602,,,,,,,,,,,,,,,,,,,,40.65625,1.2291491,0.079677224,40.65625,1.2291491,27.850578,40.65625,1.2291491,0.0026559073,40.65625,1.2291491,0.034301803,40.65625,1.2291491,6.0,,,,,,,
40.65625,1.1691905,0.7300164,40.65625,1.1691905,0.0307452,,,,,,,,,,,,,,,,,,,,,,,,,,,,,,,,,,,,,,,,,,,,,,,,,,,,,,,,,,,,,40.65625,1.1691905,2451.7664,40.65625,1.1691905,107.413246,,,,,,,,,,,,,,,,,40.65625,1.2591283,0.2693846,40.65625,1.2591283,0.010021274,,,,,,,,,,,,,,,,,,,,40.65625,1.2591283,0.08044602,40.65625,1.2591283,27.85396,40.65625,1.2591283,0.0026815338,40.65625,1.2591283,0.03581642,40.65625,1.2591283,6.0,,,,,,,
40.65625,1.1991699,0.72464675,40.65625,1.1991699,0.02997174,,,,,,,,,,,,,,,,,,,,,,,,,,,,,,,,,,,,,,,,,,,,,,,,,,,,,,,,,,,,,40.65625,1.1991699,2428.7124,40.65625,1.1991699,104.81418,,,,,,,,,,,,,,,,,40.65625,1.2891076,0.26697704,40.65625,1.2891076,0.00947374,,,,,,,,,,,,,,,,,,,,40.65625,1.2891076,0.079904675,40.65625,1.2891076,27.85158,40.65625,1.2891076,0.002663489,40.65625,1.2891076,0.034252033,40.65625,1.2891076,6.0,,,,,,,
40.65625,1.2291491,0.715975,40.65625,1.2291491,0.028454559,,,,,,,,,,,,,,,,,,,,,,,,,,,,,,,,,,,,,,,,,,,,,,,,,,,,,,,,,,,,,40.65625,1.2291491,2397.837,40.65625,1.2291491,99.3663,,,,,,,,,,,,,,,,,40.65625,1.3190868,0.26688161,40.65625,1.3190868,0.009632621,,,,,,,,,,,,,,,,,,,,40.65625,1.3190868,0.08056304,40.65625,1.3190868,27.854479,40.65625,1.3190868,0.0026854347,40.65625,1.3190868,0.0347981,40.65625,1.3190868,6.0,,,,,,,
40.65625,1.2591283,0.69034654,40.65625,1.2591283,0.02863305,,,,,,,,,,,,,,,,,,,,,,,,,,,,,,,,,,,,,,,,,,,,,,,,,,,,,,,,,,,,,40.65625,1.2591283,2316.5508,40.65625,1.2591283,100.02154,,,,,,,,,,,,,,,,,40.65625,1.349066,0.26160404,40.65625,1.349066,0.009407931,,,,,,,,,,,,,,,,,,,,40.65625,1.349066,0.0789316,40.65625,1.349066,27.8473,40.65625,1.349066,0.0026310533,40.65625,1.349066,0.034755923,40.65625,1.349066,6.0,,,,,,,
40.65625,1.2891076,0.6546185,40.65625,1.2891076,0.026089543,,,,,,,,,,,,,,,,,,,,,,,,,,,,,,,,,,,,,,,,,,,,,,,,,,,,,,,,,,,,,40.65625,1.2891076,2205.6338,40.65625,1.2891076,90.82574,,,,,,,,,,,,,,,,,40.65625,1.3790454,0.25586277,40.65625,1.3790454,0.00924846,,,,,,,,,,,,,,,,,,,,40.65625,1.3790454,0.07719047,40.65625,1.3790454,27.839638,40.65625,1.3790454,0.0025730154,40.65625,1.3790454,0.034881487,40.65625,1.3790454,6.0,,,,,,,
40.65625,1.3190868,0.6261045,40.65625,1.3190868,0.025405325,,,,,,,,,,,,,,,,,,,,,,,,,,,,,,,,,,,,,,,,,,,,,,,,,,,,,,,,,,,,,40.65625,1.3190868,2115.4365,40.65625,1.3190868,88.10178,,,,,,,,,,,,,,,,,40.65625,1.4090246,0.25182527,40.65625,1.4090246,0.008918985,,,,,,,,,,,,,,,,,,,,40.65625,1.4090246,0.076057725,40.65625,1.4090246,27.834652,40.65625,1.4090246,0.0025352577,40.65625,1.4090246,0.034196112,40.65625,1.4090246,6.0,,,,,,,
40.65625,1.349066,0.5892756,40.65625,1.349066,0.023962518,,,,,,,,,,,,,,,,,,,,,,,,,,,,,,,,,,,,,,,,,,,,,,,,,,,,,,,,,,,,,40.65625,1.349066,1988.8965,40.65625,1.349066,83.139915,,,,,,,,,,,,,,,,,40.65625,1.4390038,0.24915688,40.65625,1.4390038,0.008289633,,,,,,,,,,,,,,,,,,,,40.65625,1.4390038,0.07545325,40.65625,1.4390038,27.831993,40.65625,1.4390038,0.0025151083,40.65625,1.4390038,0.032133415,40.65625,1.4390038,6.0,,,,,,,
40.65625,1.3790452,0.55484164,40.65625,1.3790452,0.022713074,,,,,,,,,,,,,,,,,,,,,,,,,,,,,,,,,,,,,,,,,,,,,,,,,,,,,,,,,,,,,40.65625,1.3790452,1871.1322,40.65625,1.3790452,78.69055,,,,,,,,,,,,,,,,,40.65625,1.468983,0.24951795,40.65625,1.468983,0.008899879,,,,,,,,,,,,,,,,,,,,40.65625,1.468983,0.07633643,40.65625,1.468983,27.83588,40.65625,1.468983,0.0025445474,40.65625,1.468983,0.034434132,40.65625,1.468983,6.0,,,,,,,
40.65625,1.4090246,0.5240518,40.65625,1.4090246,0.02124052,,,,,,,,,,,,,,,,,,,,,,,,,,,,,,,,,,,,,,,,,,,,,,,,,,,,,,,,,,,,,40.65625,1.4090246,1765.1993,40.65625,1.4090246,73.39636,,,,,,,,,,,,,,,,,40.65625,1.4989623,0.24788135,40.65625,1.4989623,0.00831089,,,,,,,,,,,,,,,,,,,,40.65625,1.4989623,0.076351695,40.65625,1.4989623,27.835945,40.65625,1.4989623,0.0025450562,40.65625,1.4989623,0.032471888,40.65625,1.4989623,6.0,,,,,,,
40.65625,1.4390038,0.499643,40.65625,1.4390038,0.019544847,,,,,,,,,,,,,,,,,,,,,,,,,,,,,,,,,,,,,,,,,,,,,,,,,,,,,,,,,,,,,40.65625,1.4390038,1683.0873,40.65625,1.4390038,67.39089,,,,,,,,,,,,,,,,,40.65625,1.5289415,0.24509685,40.65625,1.5289415,0.008713768,,,,,,,,,,,,,,,,,,,,40.65625,1.5289415,0.07562682,40.65625,1.5289415,27.832756,40.65625,1.5289415,0.002520894,40.65625,1.5289415,0.03426049,40.65625,1.5289415,6.0,,,,,,,
40.65625,1.468983,0.475502,40.65625,1.468983,0.019604342,,,,,,,,,,,,,,,,,,,,,,,,,,,,,,,,,,,,,,,,,,,,,,,,,,,,,,,,,,,,,40.65625,1.468983,1599.9155,40.65625,1.468983,67.48111,,,,,,,,,,,,,,,,,40.65625,1.5589207,0.24145354,40.65625,1.5589207,0.0083290115,,,,,,,,,,,,,,,,,,,,40.65625,1.5589207,0.07473982,40.65625,1.5589207,27.828854,40.65625,1.5589207,0.0024913275,40.65625,1.5589207,0.033271488,40.65625,1.5589207,6.0,,,,,,,
40.65625,1.4989623,0.45803955,40.65625,1.4989623,0.018012794,,,,,,,,,,,,,,,,,,,,,,,,,,,,,,,,,,,,,,,,,,,,,,,,,,,,,,,,,,,,,40.65625,1.4989623,1540.6924,40.65625,1.4989623,61.97849,,,,,,,,,,,,,,,,,40.65625,1.5889001,0.240717,40.65625,1.5889001,0.0075652334,,,,,,,,,,,,,,,,,,,,40.65625,1.5889001,0.07518882,40.65625,1.5889001,27.83083,40.65625,1.5889001,0.0025062943,40.65625,1.5889001,0.030459723,40.65625,1.5889001,6.0,,,,,,,
40.65625,1.5289415,0.43645692,40.65625,1.5289415,0.018057413,,,,,,,,,,,,,,,,,,,,,,,,,,,,,,,,,,,,,,,,,,,,,,,,,,,,,,,,,,,,,40.65625,1.5289415,1468.5149,40.65625,1.5289415,62.219822,,,,,,,,,,,,,,,,,40.65625,1.6188793,0.23941353,40.65625,1.6188793,0.0074444115,,,,,,,,,,,,,,,,,,,,40.65625,1.6188793,0.07495628,40.65625,1.6188793,27.829807,40.65625,1.6188793,0.0024985427,40.65625,1.6188793,0.030077782,40.65625,1.6188793,6.0,,,,,,,
40.65625,1.5589207,0.41814664,40.65625,1.5589207,0.017135208,,,,,,,,,,,,,,,,,,,,,,,,,,,,,,,,,,,,,,,,,,,,,,,,,,,,,,,,,,,,,40.65625,1.5589207,1407.2655,40.65625,1.5589207,58.604233,,,,,,,,,,,,,,,,,40.65625,1.6488585,0.24254152,40.65625,1.6488585,0.0077155423,,,,,,,,,,,,,,,,,,,,40.65625,1.6488585,0.07738121,40.65625,1.6488585,27.840477,40.65625,1.6488585,0.0025793733,40.65625,1.6488585,0.03078118,40.65625,1.6488585,6.0,,,,,,,
40.65625,1.5889,0.4023353,40.65625,1.5889,0.015186672,,,,,,,,,,,,,,,,,,,,,,,,,,,,,,,,,,,,,,,,,,,,,,,,,,,,,,,,,,,,,40.65625,1.5889,1352.5094,40.65625,1.5889,51.83163,,,,,,,,,,,,,,,,,40.65625,1.6788378,0.24279793,40.65625,1.6788378,0.007819941,,,,,,,,,,,,,,,,,,,,40.65625,1.6788378,0.07835289,40.65625,1.6788378,27.844753,40.65625,1.6788378,0.0026117628,40.65625,1.6788378,0.031165382,40.65625,1.6788378,6.0,,,,,,,
40.65625,1.6188793,0.38456047,40.65625,1.6188793,0.014621448,,,,,,,,,,,,,,,,,,,,,,,,,,,,,,,,,,,,,,,,,,,,,,,,,,,,,,,,,,,,,40.65625,1.6188793,1292.1948,40.65625,1.6188793,49.908474,,,,,,,,,,,,,,,,,40.65625,1.708817,0.2437045,40.65625,1.708817,0.007695,,,,,,,,,,,,,,,,,,,,40.65625,1.708817,0.079611845,40.65625,1.708817,27.85029,40.65625,1.708817,0.0026537282,40.65625,1.708817,0.030604266,40.65625,1.708817,6.0,,,,,,,
40.65625,1.6488585,0.3750409,40.65625,1.6488585,0.01438346,,,,,,,,,,,,,,,,,,,,,,,,,,,,,,,,,,,,,,,,,,,,,,,,,,,,,,,,,,,,,40.65625,1.6488585,1260.5894,40.65625,1.6488585,48.99285,,,,,,,,,,,,,,,,,40.65625,1.7387962,0.25040442,40.65625,1.7387962,0.007550465,,,,,,,,,,,,,,,,,,,,40.65625,1.7387962,0.083706945,40.65625,1.7387962,27.868309,40.65625,1.7387962,0.0027902317,40.65625,1.7387962,0.029343128,40.65625,1.7387962,5.0,,,,,,,
40.65625,1.6788378,0.36345384,40.65625,1.6788378,0.014145472,,,,,,,,,,,,,,,,,,,,,,,,,,,,,,,,,,,,,,,,,,,,,,,,,,,,,,,,,,,,,40.65625,1.6788378,1221.2574,40.65625,1.6788378,48.096863,,,,,,,,,,,,,,,,,40.65625,1.7687756,0.24988273,40.65625,1.7687756,0.0073028677,,,,,,,,,,,,,,,,,,,,40.65625,1.7687756,0.08454362,40.65625,1.7687756,27.871992,40.65625,1.7687756,0.0028181209,40.65625,1.7687756,0.028535018,40.65625,1.7687756,5.0,,,,,,,
40.65625,1.708817,0.354678,40.65625,1.708817,0.01359512,,,,,,,,,,,,,,,,,,,,,,,,,,,,,,,,,,,,,,,,,,,,,,,,,,,,,,,,,,,,,40.65625,1.708817,1190.9819,40.65625,1.708817,46.1084,,,,,,,,,,,,,,,,,40.65625,1.7987548,0.24459696,40.65625,1.7987548,0.007358846,,,,,,,,,,,,,,,,,,,,40.65625,1.7987548,0.082533404,40.65625,1.7987548,27.863148,40.65625,1.7987548,0.0027511136,40.65625,1.7987548,0.02923569,40.65625,1.7987548,5.0,,,,,,,
40.65625,1.7387962,0.34758294,40.65625,1.7387962,0.012806783,,,,,,,,,,,,,,,,,,,,,,,,,,,,,,,,,,,,,,,,,,,,,,,,,,,,,,,,,,,,,40.65625,1.7387962,1168.3491,40.65625,1.7387962,43.503784,,,,,,,,,,,,,,,,,40.65625,1.828734,0.25991055,40.65625,1.828734,0.007134084,,,,,,,,,,,,,,,,,,,,40.65625,1.828734,0.090960756,40.65625,1.828734,27.900227,40.65625,1.828734,0.0030320252,40.65625,1.828734,0.02668222,40.65625,1.828734,5.0,,,,,,,
40.65625,1.7687755,0.34105313,40.65625,1.7687755,0.012256433,,,,,,,,,,,,,,,,,,,,,,,,,,,,,,,,,,,,,,,,,,,,,,,,,,,,,,,,,,,,,40.65625,1.7687755,1145.4207,40.65625,1.7687755,41.350113,,,,,,,,,,,,,,,,,40.65625,1.8587133,0.25603813,40.65625,1.8587133,0.0067932014,,,,,,,,,,,,,,,,,,,,40.65625,1.8587133,0.09010817,40.65625,1.8587133,27.896477,40.65625,1.8587133,0.0030036056,40.65625,1.8587133,0.025793152,40.65625,1.8587133,5.0,,,,,,,
40.65625,1.7987547,0.32713073,40.65625,1.7987547,0.012256432,,,,,,,,,,,,,,,,,,,,,,,,,,,,,,,,,,,,,,,,,,,,,,,,,,,,,,,,,,,,,40.65625,1.7987547,1101.2378,40.65625,1.7987547,41.27559,,,,,,,,,,,,,,,,,40.65625,1.8886925,0.2594693,40.65625,1.8886925,0.007172644,,,,,,,,,,,,,,,,,,,,40.65625,1.8886925,0.09252691,40.65625,1.8886925,27.907118,40.65625,1.8886925,0.0030842302,40.65625,1.8886925,0.02694986,40.65625,1.8886925,5.0,,,,,,,
40.65625,1.828734,0.32897517,40.65625,1.828734,0.011185482,,,,,,,,,,,,,,,,,,,,,,,,,,,,,,,,,,,,,,,,,,,,,,,,,,,,,,,,,,,,,40.65625,1.828734,1107.3046,40.65625,1.828734,37.55928,,,,,,,,,,,,,,,,,40.65625,1.9186717,0.25807714,40.65625,1.9186717,0.0071508544,,,,,,,,,,,,,,,,,,,,40.65625,1.9186717,0.092821926,40.65625,1.9186717,27.908415,40.65625,1.9186717,0.0030940638,40.65625,1.9186717,0.026940726,40.65625,1.9186717,0.0,,,,,,,
40.65625,1.8587133,0.31914324,40.65625,1.8587133,0.01062026,,,,,,,,,,,,,,,,,,,,,,,,,,,,,,,,,,,,,,,,,,,,,,,,,,,,,,,,,,,,,40.65625,1.8587133,1075.8572,40.65625,1.8587133,35.414078,,,,,,,,,,,,,,,,,40.65625,1.948651,0.26388276,40.65625,1.948651,0.0061330413,,,,,,,,,,,,,,,,,,,,40.65625,1.948651,0.09678393,40.65625,1.948651,27.92585,40.65625,1.948651,0.0032261307,40.65625,1.948651,0.02278117,40.65625,1.948651,0.0,,,,,,,
40.65625,1.8886925,0.3116317,40.65625,1.8886925,0.010947493,,,,,,,,,,,,,,,,,,,,,,,,,,,,,,,,,,,,,,,,,,,,,,,,,,,,,,,,,,,,,40.65625,1.8886925,1049.2515,40.65625,1.8886925,36.70657,,,,,,,,,,,,,,,,,40.65625,1.9786303,0.26563454,40.65625,1.9786303,0.006874183,,,,,,,,,,,,,,,,,,,,40.65625,1.9786303,0.09825364,40.65625,1.9786303,27.932316,40.65625,1.9786303,0.003275121,40.65625,1.9786303,0.025193429,40.65625,1.9786303,0.0,,,,,,,
40.65625,1.9186717,0.2989588,40.65625,1.9186717,0.010471516,,,,,,,,,,,,,,,,,,,,,,,,,,,,,,,,,,,,,,,,,,,,,,,,,,,,,,,,,,,,,40.65625,1.9186717,1006.38336,40.65625,1.9186717,35.048,,,,,,,,,,,,,,,,,40.65625,2.0086095,0.3223212,40.65625,2.0086095,0.0072483877,,,,,,,,,,,,,,,,,,,,40.65625,2.0086095,0.1267646,40.65625,2.0086095,28.057762,40.65625,2.0086095,0.004225487,40.65625,2.0086095,0.023278726,40.65625,2.0086095,0.0,,,,,,,
40.65625,1.948651,0.29754576,40.65625,1.948651,0.009103078,,,,,,,,,,,,,,,,,,,,,,,,,,,,,,,,,,,,,,,,,,,,,,,,,,,,,,,,,,,,,40.65625,1.948651,1001.3919,40.65625,1.948651,30.260986,,,,,,,,,,,,,,,,,40.65625,2.0385888,0.6668059,40.65625,2.0385888,0.014806066,,,,,,,,,,,,,,,,,,,,40.65625,2.0385888,0.30434024,40.65625,2.0385888,28.839094,40.65625,2.0385888,0.010144674,40.65625,2.0385888,0.022787988,40.65625,2.0385888,0.0,,,,,,,
40.65625,1.9786302,0.2916555,40.65625,1.9786302,0.0097278,,,,,,,,,,,,,,,,,,,,,,,,,,,,,,,,,,,,,,,,,,,,,,,,,,,,,,,,,,,,,40.65625,1.9786302,985.21497,40.65625,1.9786302,32.27976,,,,,,,,,,,,,,,,,40.65625,2.068568,0.85342354,40.65625,2.068568,0.019743888,,,,,,,,,,,,,,,,,,,,40.65625,2.068568,0.45243895,40.65625,2.068568,29.49073,40.65625,2.068568,0.015081297,40.65625,2.068568,0.020155093,40.65625,2.068568,0.0,,,,,,,
40.65625,2.0086095,0.3440577,40.65625,2.0086095,0.009846795,,,,,,,,,,,,,,,,,,,,,,,,,,,,,,,,,,,,,,,,,,,,,,,,,,,,,,,,,,,,,40.65625,2.0086095,1187.8438,40.65625,2.0086095,32.64812,,,,,,,,,,,,,,,,,40.65625,2.0985472,1.352734,40.65625,2.0985472,0.04494445,,,,,,,,,,,,,,,,,,,,40.65625,2.0985472,0.9761963,40.65625,2.0985472,31.795265,40.65625,2.0985472,0.032539874,40.65625,2.0985472,0.022169126,40.65625,2.0985472,0.0,,,,,,,
40.65625,2.0385888,0.6887699,40.65625,2.0385888,0.017507065,,,,,,,,,,,,,,,,,,,,,,,,,,,,,,,,,,,,,,,,,,,,,,,,,,,,,,,,,,,,,40.65625,2.0385888,2491.6047,40.65625,2.0385888,57.510574,,,,,,,,,,,,,,,,,40.65625,2.1285264,0.74211067,40.65625,2.1285264,0.019325532,,,,,,,,,,,,,,,,,,,,40.65625,2.1285264,0.606873,40.65625,2.1285264,30.17024,40.65625,2.1285264,0.0202291,40.65625,2.1285264,0.02222999,40.65625,2.1285264,0.0,,,,,,,
40.65625,2.068568,0.84743416,40.65625,2.068568,0.0215975,,,,,,,,,,,,,,,,,,,,,,,,,,,,,,,,,,,,,,,,,,,,,,,,,,,,,,,,,,,,,40.65625,2.068568,3132.0496,40.65625,2.068568,70.3461,,,,,,,,,,,,,,,,,40.65625,2.1585057,1.164805,40.65625,2.1585057,0.023001794,,,,,,,,,,,,,,,,,,,,40.65625,2.1585057,0.6392534,40.65625,2.1585057,30.312717,40.65625,2.1585057,0.021308448,40.65625,2.1585057,0.017505739,40.65625,2.1585057,0.0,,,,,,,
40.65625,2.0985472,1.3103229,40.65625,2.0985472,0.045589767,,,,,,,,,,,,,,,,,,,,,,,,,,,,,,,,,,,,,,,,,,,,,,,,,,,,,,,,,,,,,40.65625,2.0985472,4901.6,40.65625,2.0985472,148.57318,,,,,,,,,,,,,,,,,40.65625,2.188485,3.263135,40.65625,2.188485,0.08523736,,,,,,,,,,,,,,,,,,,,40.65625,2.188485,1.9978036,40.65625,2.188485,36.290337,40.65625,2.188485,0.06659346,40.65625,2.188485,0.02174696,40.65625,2.188485,0.0,,,,,,,
40.65625,2.1285264,0.69656396,40.65625,2.1285264,0.020169567,,,,,,,,,,,,,,,,,,,,,,,,,,,,,,,,,,,,,,,,,,,,,,,,,,,,,,,,,,,,,40.65625,2.1285264,2489.981,40.65625,2.1285264,66.43234,,,,,,,,,,,,,,,,,40.65625,2.2184641,2.698311,40.65625,2.2184641,0.08524701,,,,,,,,,,,,,,,,,,,,40.65625,2.2184641,1.8985146,40.65625,2.2184641,35.853466,40.65625,2.2184641,0.06328382,40.65625,2.2184641,0.02574164,40.65625,2.2184641,0.0,,,,,,,
40.65625,2.1585057,1.0605385,40.65625,2.1585057,0.02296594,,,,,,,,,,,,,,,,,,,,,,,,,,,,,,,,,,,,,,,,,,,,,,,,,,,,,,,,,,,,,40.65625,2.1585057,3400.8186,40.65625,2.1585057,79.62019,,,,,,,,,,,,,,,,,40.65625,2.2484434,3.289037,40.65625,2.2484434,0.090433985,,,,,,,,,,,,,,,,,,,,40.65625,2.2484434,2.8088293,40.65625,2.2484434,39.858845,40.65625,2.2484434,0.09362765,40.65625,2.2484434,0.023112878,40.65625,2.2484434,0.0,,,,,,,
40.65625,2.188485,2.8986316,40.65625,2.188485,0.077539794,,,,,,,,,,,,,,,,,,,,,,,,,,,,,,,,,,,,,,,,,,,,,,,,,,,,,,,,,,,,,40.65625,2.188485,9360.473,40.65625,2.188485,276.8531,,,,,,,,,,,,,,,,,40.65625,2.2784226,3.0194552,40.65625,2.2784226,0.09629902,,,,,,,,,,,,,,,,,,,,40.65625,2.2784226,3.613286,40.65625,2.2784226,43.398457,40.65625,2.2784226,0.12044287,40.65625,2.2784226,0.027594704,40.65625,2.2784226,0.0,,,,,,,
40.65625,2.2184641,2.3217463,40.65625,2.2184641,0.075353265,,,,,,,,,,,,,,,,,,,,,,,,,,,,,,,,,,,,,,,,,,,,,,,,,,,,,,,,,,,,,40.65625,2.2184641,7669.623,40.65625,2.2184641,270.96622,,,,,,,,,,,,,,,,,40.65625,2.308402,2.6688564,40.65625,2.308402,0.12212188,,,,,,,,,,,,,,,,,,,,40.65625,2.308402,4.630654,40.65625,2.308402,47.874878,40.65625,2.308402,0.15435512,40.65625,2.308402,0.033998717,40.65625,2.308402,0.0,,,,,,,
40.65625,2.2484434,2.7798603,40.65625,2.2484434,0.078417376,,,,,,,,,,,,,,,,,,,,,,,,,,,,,,,,,,,,,,,,,,,,,,,,,,,,,,,,,,,,,40.65625,2.2484434,9848.391,40.65625,2.2484434,276.28888,,,,,,,,,,,,,,,,,40.65625,2.3383813,1.6955953,40.65625,2.3383813,0.08236828,,,,,,,,,,,,,,,,,,,,40.65625,2.3383813,2.874799,40.65625,2.3383813,40.149113,40.65625,2.3383813,0.095826626,40.65625,2.3383813,0.041211218,40.65625,2.3383813,0.0,,,,,,,
40.65625,2.2784226,2.5037334,40.65625,2.2784226,0.08179384,,,,,,,,,,,,,,,,,,,,,,,,,,,,,,,,,,,,,,,,,,,,,,,,,,,,,,,,,,,,,40.65625,2.2784226,8857.777,40.65625,2.2784226,281.38394,,,,,,,,,,,,,,,,,40.65625,2.3683605,0.9948876,40.65625,2.3683605,0.03612482,,,,,,,,,,,,,,,,,,,,40.65625,2.3683605,2.2442977,40.65625,2.3683605,37.37491,40.65625,2.3683605,0.074809924,40.65625,2.3683605,0.04531551,40.65625,2.3683605,0.0,,,,,,,
40.65625,2.3084018,2.1655807,40.65625,2.3084018,0.10110069,,,,,,,,,,,,,,,,,,,,,,,,,,,,,,,,,,,,,,,,,,,,,,,,,,,,,,,,,,,,,40.65625,2.3084018,7297.7285,40.65625,2.3084018,361.8073,,,,,,,,,,,,,,,,,40.65625,2.3983397,0.68245655,40.65625,2.3983397,0.04287311,,,,,,,,,,,,,,,,,,,,40.65625,2.3983397,1.7813754,40.65625,2.3983397,35.338055,40.65625,2.3983397,0.05937918,40.65625,2.3983397,0.033060722,40.65625,2.3983397,0.0,,,,,,,
40.65625,2.338381,1.3255094,40.65625,2.338381,0.06617581,,,,,,,,,,,,,,,,,,,,,,,,,,,,,,,,,,,,,,,,,,,,,,,,,,,,,,,,,,,,,40.65625,2.338381,4391.8613,40.65625,2.338381,240.7395,,,,,,,,,,,,,,,,,40.65625,2.428319,0.15405557,40.65625,2.428319,0.00832237,,,,,,,,,,,,,,,,,,,,40.65625,2.428319,0.40572104,40.65625,2.428319,29.28517,40.65625,2.428319,0.013524034,40.65625,2.428319,0.01567825,40.65625,2.428319,0.0,,,,,,,
40.65625,2.3683605,0.7650454,40.65625,2.3683605,0.029614756,,,,,,,,,,,,,,,,,,,,,,,,,,,,,,,,,,,,,,,,,,,,,,,,,,,,,,,,,,,,,40.65625,2.3683605,2730.7527,40.65625,2.3683605,101.17795,,,,,,,,,,,,,,,,,40.65625,2.4582982,0.35388982,40.65625,2.4582982,0.014146639,,,,,,,,,,,,,,,,,,,,40.65625,2.4582982,0.5356061,40.65625,2.4582982,29.856667,40.65625,2.4582982,0.017853536,40.65625,2.4582982,0.01635955,40.65625,2.4582982,0.0,,,,,,,
40.65625,2.3983397,0.5186078,40.65625,2.3983397,0.03435966,,,,,,,,,,,,,,,,,,,,,,,,,,,,,,,,,,,,,,,,,,,,,,,,,,,,,,,,,,,,,40.65625,2.3983397,1956.0944,40.65625,2.3983397,115.58678,,,,,,,,,,,,,,,,,40.65625,2.4882774,0.4135663,40.65625,2.4882774,0.024601249,,,,,,,,,,,,,,,,,,,,40.65625,2.4882774,0.7297478,40.65625,2.4882774,30.71089,40.65625,2.4882774,0.024324924,40.65625,2.4882774,0.017908745,40.65625,2.4882774,0.0,,,,,,,
40.65625,2.428319,0.115885764,40.65625,2.428319,0.008091625,,,,,,,,,,,,,,,,,,,,,,,,,,,,,,,,,,,,,,,,,,,,,,,,,,,,,,,,,,,,,40.65625,2.428319,407.8315,40.65625,2.428319,25.94479,,,,,,,,,,,,,,,,,40.65625,2.5182567,0.072850876,40.65625,2.5182567,0.0033172106,,,,,,,,,,,,,,,,,,,,40.65625,2.5182567,0.09297265,40.65625,2.5182567,27.90908,40.65625,2.5182567,0.0030990886,40.65625,2.5182567,0.013460416,40.65625,2.5182567,0.0,,,,,,,
40.65625,2.4582982,0.24847539,40.65625,2.4582982,0.011706083,,,,,,,,,,,,,,,,,,,,,,,,,,,,,,,,,,,,,,,,,,,,,,,,,,,,,,,,,,,,,40.65625,2.4582982,821.61176,40.65625,2.4582982,42.28335,,,,,,,,,,,,,,,,,40.65625,2.548236,0.45757633,40.65625,2.548236,0.06380567,,,,,,,,,,,,,,,,,,,,40.65625,2.548236,1.3645147,40.65625,2.548236,33.50386,40.65625,2.548236,0.04548382,40.65625,2.548236,0.0178045,40.65625,2.548236,5.0,,,,,,,
40.65625,2.4882774,0.28527445,40.65625,2.4882774,0.018756507,,,,,,,,,,,,,,,,,,,,,,,,,,,,,,,,,,,,,,,,,,,,,,,,,,,,,,,,,,,,,40.65625,2.4882774,936.5597,40.65625,2.4882774,69.907036,,,,,,,,,,,,,,,,,40.65625,2.5782151,0.085047215,40.65625,2.5782151,0.0069194767,,,,,,,,,,,,,,,,,,,,40.65625,2.5782151,0.24628456,40.65625,2.5782151,28.583652,40.65625,2.5782151,0.008209486,40.65625,2.5782151,0.024573341,40.65625,2.5782151,5.0,,,,,,,
40.65625,2.5182567,0.051346127,40.65625,2.5182567,0.0041053095,,,,,,,,,,,,,,,,,,,,,,,,,,,,,,,,,,,,,,,,,,,,,,,,,,,,,,,,,,,,,40.65625,2.5182567,164.01657,40.65625,2.5182567,12.840791,,,,,,,,,,,,,,,,,40.65625,2.6081944,0.045781747,40.65625,2.6081944,0.0007230693,,,,,,,,,,,,,,,,,,,,40.65625,2.6081944,0.042661063,40.65625,2.6081944,27.687708,40.65625,2.6081944,0.0014220355,40.65625,2.6081944,0.005738979,40.65625,2.6081944,4.0,,,,,,,
40.65625,2.548236,0.30858248,40.65625,2.548236,0.044533685,,,,,,,,,,,,,,,,,,,,,,,,,,,,,,,,,,,,,,,,,,,,,,,,,,,,,,,,,,,,,40.65625,2.548236,1011.83777,40.65625,2.548236,170.46677,,,,,,,,,,,,,,,,,40.65625,2.6381736,0.045257274,40.65625,2.6381736,0.0012061344,,,,,,,,,,,,,,,,,,,,40.65625,2.6381736,0.023791825,40.65625,2.6381736,27.604687,40.65625,2.6381736,0.0007930607,40.65625,2.6381736,0.00873706,40.65625,2.6381736,4.0,,,,,,,
40.65625,2.5782151,0.05762308,40.65625,2.5782151,0.006187714,,,,,,,,,,,,,,,,,,,,,,,,,,,,,,,,,,,,,,,,,,,,,,,,,,,,,,,,,,,,,40.65625,2.5782151,184.32037,40.65625,2.5782151,20.997671,,,,,,,,,,,,,,,,,40.65625,2.6681528,0.038890228,40.65625,2.6681528,0.0011430024,,,,,,,,,,,,,,,,,,,,40.65625,2.6681528,0.016119638,40.65625,2.6681528,27.570929,40.65625,2.6681528,0.00053732126,40.65625,2.6681528,0.007906139,40.65625,2.6681528,4.0,,,,,,,
40.65625,2.6081944,0.031117061,40.65625,2.6081944,0.002365016,,,,,,,,,,,,,,,,,,,,,,,,,,,,,,,,,,,,,,,,,,,,,,,,,,,,,,,,,,,,,40.65625,2.6081944,97.43372,40.65625,2.6081944,6.192177,,,,,,,,,,,,,,,,,40.65625,2.698132,0.037941664,40.65625,2.698132,0.00012919471,,,,,,,,,,,,,,,,,,,,40.65625,2.698132,0.0178187,40.65625,2.698132,27.578403,40.65625,2.698132,0.00059395673,40.65625,2.698132,1.0000001e-07,40.65625,2.698132,7.0,,,,,,,
40.65625,2.6381736,0.029614756,40.65625,2.6381736,0.0025583818,,,,,,,,,,,,,,,,,,,,,,,,,,,,,,,,,,,,,,,,,,,,,,,,,,,,,,,,,,,,,40.65625,2.6381736,91.95425,40.65625,2.6381736,6.8570848,,,,,,,,,,,,,,,,,40.65625,2.7281115,0.036844965,40.65625,2.7281115,0.0013672336,,,,,,,,,,,,,,,,,,,,40.65625,2.7281115,0.014994626,40.65625,2.7281115,27.565975,40.65625,2.7281115,0.0004998209,40.65625,2.7281115,0.006074137,40.65625,2.7281115,4.0,,,,,,,
40.65625,2.6681528,0.025673062,40.65625,2.6681528,0.0025583815,,,,,,,,,,,,,,,,,,,,,,,,,,,,,,,,,,,,,,,,,,,,,,,,,,,,,,,,,,,,,40.65625,2.6681528,79.533775,40.65625,2.6681528,6.8392873,,,,,,,,,,,,,,,,,40.65625,2.7580907,0.035108566,40.65625,2.7580907,0.0008568505,,,,,,,,,,,,,,,,,,,,40.65625,2.7580907,0.01446967,40.65625,2.7580907,27.563667,40.65625,2.7580907,0.00048232224,40.65625,2.7580907,0.0036217617,40.65625,2.7580907,4.0,,,,,,,
40.65625,2.698132,0.025033467,40.65625,2.698132,0.0019634094,,,,,,,,,,,,,,,,,,,,,,,,,,,,,,,,,,,,,,,,,,,,,,,,,,,,,,,,,,,,,40.65625,2.698132,77.774155,40.65625,2.698132,4.7234936,,,,,,,,,,,,,,,,,40.65625,2.78807,0.03496814,40.65625,2.78807,0.00074383704,,,,,,,,,,,,,,,,,,,,40.65625,2.78807,0.017010322,40.65625,2.78807,27.574846,40.65625,2.78807,0.00056701066,40.65625,2.78807,0.0023679761,40.65625,2.78807,4.0,,,,,,,
40.65625,2.7281113,0.023501413,40.65625,2.7281113,0.0026773761,,,,,,,,,,,,,,,,,,,,,,,,,,,,,,,,,,,,,,,,,,,,,,,,,,,,,,,,,,,,,40.65625,2.7281113,72.74766,40.65625,2.7281113,7.2726874,,,,,,,,,,,,,,,,,40.65625,2.8180492,0.033514682,40.65625,2.8180492,0.0005656018,,,,,,,,,,,,,,,,,,,,40.65625,2.8180492,0.014644209,40.65625,2.8180492,27.564432,40.65625,2.8180492,0.00048814027,40.65625,2.8180492,1.0000001e-07,40.65625,2.8180492,7.0,,,,,,,
40.65625,2.7580905,0.021686748,40.65625,2.7580905,0.0023055184,,,,,,,,,,,,,,,,,,,,,,,,,,,,,,,,,,,,,,,,,,,,,,,,,,,,,,,,,,,,,40.65625,2.7580905,66.98375,40.65625,2.7580905,5.975746,,,,,,,,,,,,,,,,,40.65625,2.8480284,0.03302592,40.65625,2.8480284,0.0005088183,,,,,,,,,,,,,,,,,,,,40.65625,2.8480284,0.0104648955,40.65625,2.8480284,27.546043,40.65625,2.8480284,0.00034882975,40.65625,2.8480284,1.0000001e-07,40.65625,2.8480284,7.0,,,,,,,
40.65625,2.78807,0.02115127,40.65625,2.78807,0.0021716496,,,,,,,,,,,,,,,,,,,,,,,,,,,,,,,,,,,,,,,,,,,,,,,,,,,,,,,,,,,,,40.65625,2.78807,65.191574,40.65625,2.78807,5.455281,,,,,,,,,,,,,,,,,40.65625,2.8780077,0.031658582,40.65625,2.8780077,0.0011189842,,,,,,,,,,,,,,,,,,,,40.65625,2.8780077,0.013756592,40.65625,2.8780077,27.560528,40.65625,2.8780077,0.00045855308,40.65625,2.8780077,0.0042991885,40.65625,2.8780077,4.0,,,,,,,
40.65625,2.8180492,0.01969359,40.65625,2.8180492,0.0020377808,,,,,,,,,,,,,,,,,,,,,,,,,,,,,,,,,,,,,,,,,,,,,,,,,,,,,,,,,,,,,40.65625,2.8180492,60.674053,40.65625,2.8180492,4.974604,,,,,,,,,,,,,,,,,40.65625,2.9079869,0.0282178,40.65625,2.9079869,0.0012756049,,,,,,,,,,,,,,,,,,,,40.65625,2.9079869,0.006129044,40.65625,2.9079869,27.526968,40.65625,2.9079869,0.00020430142,40.65625,2.9079869,0.008032983,40.65625,2.9079869,4.0,,,,,,,
40.65625,2.8480284,0.019351479,40.65625,2.8480284,0.0018741632,,,,,,,,,,,,,,,,,,,,,,,,,,,,,,,,,,,,,,,,,,,,,,,,,,,,,,,,,,,,,40.65625,2.8480284,59.43716,40.65625,2.8480284,4.4081063,,,,,,,,,,,,,,,,,40.65625,2.937966,0.030535754,40.65625,2.937966,0.00073567283,,,,,,,,,,,,,,,,,,,,40.65625,2.937966,0.009049852,40.65625,2.937966,27.53982,40.65625,2.937966,0.00030166173,40.65625,2.937966,1.0000001e-07,40.65625,2.937966,7.0,,,,,,,
40.65625,2.8780077,0.018637514,40.65625,2.8780077,0.0021567752,,,,,,,,,,,,,,,,,,,,,,,,,,,,,,,,,,,,,,,,,,,,,,,,,,,,,,,,,,,,,40.65625,2.8780077,57.301487,40.65625,2.8780077,5.4262295,,,,,,,,,,,,,,,,,40.65625,2.9679453,0.028590659,40.65625,2.9679453,0.0011041347,,,,,,,,,,,,,,,,,,,,40.65625,2.9679453,0.01272833,40.65625,2.9679453,27.556007,40.65625,2.9679453,0.00042427765,40.65625,2.9679453,0.0049536214,40.65625,2.9679453,4.0,,,,,,,
40.65625,2.9079869,0.016406365,40.65625,2.9079869,0.00237989,,,,,,,,,,,,,,,,,,,,,,,,,,,,,,,,,,,,,,,,,,,,,,,,,,,,,,,,,,,,,40.65625,2.9079869,50.068336,40.65625,2.9079869,6.1979713,,,,,,,,,,,,,,,,,40.65625,2.9979246,0.027127925,40.65625,2.9979246,0.001903673,,,,,,,,,,,,,,,,,,,,40.65625,2.9979246,0.005675599,40.65625,2.9979246,27.524971,40.65625,2.9979246,0.00018918667,40.65625,2.9979246,0.012631725,40.65625,2.9979246,5.0,,,,,,,
40.65625,2.937966,0.016956717,40.65625,2.937966,0.0020675294,,,,,,,,,,,,,,,,,,,,,,,,,,,,,,,,,,,,,,,,,,,,,,,,,,,,,,,,,,,,,40.65625,2.937966,51.76583,40.65625,2.937966,5.04181,,,,,,,,,,,,,,,,,40.65625,3.0279038,0.027666084,40.65625,3.0279038,0.00064091635,,,,,,,,,,,,,,,,,,,,40.65625,3.0279038,0.006618951,40.65625,3.0279038,27.529123,40.65625,3.0279038,0.00022063174,40.65625,3.0279038,1.0000001e-07,40.65625,3.0279038,7.0,,,,,,,
40.65625,2.9679453,0.015707275,40.65625,2.9679453,0.0021865238,,,,,,,,,,,,,,,,,,,,,,,,,,,,,,,,,,,,,,,,,,,,,,,,,,,,,,,,,,,,,40.65625,2.9679453,48.196445,40.65625,2.9679453,5.530783,,,,,,,,,,,,,,,,,40.65625,3.057883,0.027222928,40.65625,3.057883,0.0010061528,,,,,,,,,,,,,,,,,,,,40.65625,3.057883,0.0066850143,40.65625,3.057883,27.529415,40.65625,3.057883,0.00022283377,40.65625,3.057883,0.0052611623,40.65625,3.057883,4.0,,,,,,,
40.65625,2.9979246,0.014710696,40.65625,2.9979246,0.0024840103,,,,,,,,,,,,,,,,,,,,,,,,,,,,,,,,,,,,,,,,,,,,,,,,,,,,,,,,,,,,,40.65625,2.9979246,44.747467,40.65625,2.9979246,6.5717177,,,,,,,,,,,,,,,,,40.65625,3.0878623,0.030417727,40.65625,3.0878623,0.0002660967,,,,,,,,,,,,,,,,,,,,40.65625,3.0878623,0.013303562,40.65625,3.0878623,27.558537,40.65625,3.0878623,0.00044345204,40.65625,3.0878623,1.0000001e-07,40.65625,3.0878623,7.0,,,,,,,
40.65625,3.0279038,0.015008183,40.65625,3.0279038,0.0019634094,,,,,,,,,,,,,,,,,,,,,,,,,,,,,,,,,,,,,,,,,,,,,,,,,,,,,,,,,,,,,40.65625,3.0279038,45.748726,40.65625,3.0279038,4.7385454,,,,,,,,,,,,,,,,,40.65625,3.1178415,0.028935743,40.65625,3.1178415,0.00029025384,,,,,,,,,,,,,,,,,,,,40.65625,3.1178415,0.011374429,40.65625,3.1178415,27.55005,40.65625,3.1178415,0.00037914762,40.65625,3.1178415,1.0000001e-07,40.65625,3.1178415,7.0,,,,,,,
40.65625,3.057883,0.014323963,40.65625,3.057883,0.0021716496,,,,,,,,,,,,,,,,,,,,,,,,,,,,,,,,,,,,,,,,,,,,,,,,,,,,,,,,,,,,,40.65625,3.057883,43.637848,40.65625,3.057883,5.47454,,,,,,,,,,,,,,,,,40.65625,3.147821,0.02787906,40.65625,3.147821,-0.00012511507,,,,,,,,,,,,,,,,,,,,40.65625,3.147821,0.006489775,40.65625,3.147821,27.528553,40.65625,3.147821,0.00021632585,40.65625,3.147821,1.0000001e-07,40.65625,3.147821,7.0,,,,,,,
40.65625,3.0878623,0.015290792,40.65625,3.0878623,0.0017849174,,,,,,,,,,,,,,,,,,,,,,,,,,,,,,,,,,,,,,,,,,,,,,,,,,,,,,,,,,,,,40.65625,3.0878623,46.61887,40.65625,3.0878623,4.128248,,,,,,,,,,,,,,,,,40.65625,3.1778002,0.029851578,40.65625,3.1778002,0.0008312424,,,,,,,,,,,,,,,,,,,,40.65625,3.1778002,0.015401661,40.65625,3.1778002,27.56777,40.65625,3.1778002,0.0005133886,40.65625,3.1778002,1.0000001e-07,40.65625,3.1778002,7.0,,,,,,,
40.65625,3.1178415,0.014606574,40.65625,3.1178415,0.0017402944,,,,,,,,,,,,,,,,,,,,,,,,,,,,,,,,,,,,,,,,,,,,,,,,,,,,,,,,,,,,,40.65625,3.1178415,44.56687,40.65625,3.1178415,3.9602993,,,,,,,,,,,,,,,,,40.65625,3.2077794,0.028968073,40.65625,3.2077794,0.0011809885,,,,,,,,,,,,,,,,,,,,40.65625,3.2077794,0.0066312286,40.65625,3.2077794,27.529179,40.65625,3.2077794,0.00022104097,40.65625,3.2077794,1.0000001e-07,40.65625,3.2077794,7.0,,,,,,,
40.65625,3.1478207,0.013684366,40.65625,3.1478207,0.0015469283,,,,,,,,,,,,,,,,,,,,,,,,,,,,,,,,,,,,,,,,,,,,,,,,,,,,,,,,,,,,,40.65625,3.1478207,41.52573,40.65625,3.1478207,3.1891592,,,,,,,,,,,,,,,,,40.65625,3.2377586,0.027507372,40.65625,3.2377586,0.00040088448,,,,,,,,,,,,,,,,,,,,40.65625,3.2377586,0.006422348,40.65625,3.2377586,27.528255,40.65625,3.2377586,0.00021407829,40.65625,3.2377586,1.0000001e-07,40.65625,3.2377586,7.0,,,,,,,
40.65625,3.1778,0.014532204,40.65625,3.1778,0.0018592891,,,,,,,,,,,,,,,,,,,,,,,,,,,,,,,,,,,,,,,,,,,,,,,,,,,,,,,,,,,,,40.65625,3.1778,44.42042,40.65625,3.1778,4.357203,,,,,,,,,,,,,,,,,40.65625,3.2677379,0.025527168,40.65625,3.2677379,0.0005174446,,,,,,,,,,,,,,,,,,,,40.65625,3.2677379,0.0071128225,40.65625,3.2677379,27.531296,40.65625,3.2677379,0.00023709411,40.65625,3.2677379,1.0000001e-07,40.65625,3.2677379,7.0,,,,,,,
40.65625,3.2077794,0.014204969,40.65625,3.2077794,0.0020229064,,,,,,,,,,,,,,,,,,,,,,,,,,,,,,,,,,,,,,,,,,,,,,,,,,,,,,,,,,,,,40.65625,3.2077794,43.15255,40.65625,3.2077794,4.9339046,,,,,,,,,,,,,,,,,40.65625,3.297717,0.01974493,40.65625,3.297717,0.00043243784,,,,,,,,,,,,,,,,,,,,40.65625,3.297717,-0.0011933851,40.65625,3.297717,27.49475,40.65625,3.297717,-3.977951e-05,40.65625,3.297717,0.006927342,40.65625,3.297717,0.0,,,,,,,
40.65625,3.2377586,0.013044772,40.65625,3.2377586,0.0018444146,,,,,,,,,,,,,,,,,,,,,,,,,,,,,,,,,,,,,,,,,,,,,,,,,,,,,,,,,,,,,40.65625,3.2377586,39.376167,40.65625,3.2377586,4.2942934,,,,,,,,,,,,,,,,,40.65625,3.3276963,0.020106094,40.65625,3.3276963,0.0007578408,,,,,,,,,,,,,,,,,,,,40.65625,3.3276963,0.0058388426,40.65625,3.3276963,27.525688,40.65625,3.3276963,0.00019462807,40.65625,3.3276963,1.0000001e-07,40.65625,3.3276963,7.0,,,,,,,
40.65625,3.2677379,0.011958946,40.65625,3.2677379,0.0018146661,,,,,,,,,,,,,,,,,,,,,,,,,,,,,,,,,,,,,,,,,,,,,,,,,,,,,,,,,,,,,40.65625,3.2677379,36.11113,40.65625,3.2677379,4.1867237,,,,,,,,,,,,,,,,,40.65625,3.3576756,0.020931117,40.65625,3.3576756,0.00037799103,,,,,,,,,,,,,,,,,,,,40.65625,3.3576756,-0.0026543008,40.65625,3.3576756,27.48832,40.65625,3.3576756,-8.8476685e-05,40.65625,3.3576756,1.0000001e-07,40.65625,3.3576756,7.0,,,,,,,
40.65625,3.297717,0.009608806,40.65625,3.297717,0.0017849174,,,,,,,,,,,,,,,,,,,,,,,,,,,,,,,,,,,,,,,,,,,,,,,,,,,,,,,,,,,,,40.65625,3.297717,28.593021,40.65625,3.297717,4.1113367,,,,,,,,,,,,,,,,,40.65625,3.3876548,0.027309561,40.65625,3.3876548,0.00062482065,,,,,,,,,,,,,,,,,,,,40.65625,3.3876548,0.00944394,40.65625,3.3876548,27.541553,40.65625,3.3876548,0.00031479794,40.65625,3.3876548,0.0059358315,40.65625,3.3876548,0.0,,,,,,,
40.65625,3.3276963,0.009712924,40.65625,3.3276963,0.0018741633,,,,,,,,,,,,,,,,,,,,,,,,,,,,,,,,,,,,,,,,,,,,,,,,,,,,,,,,,,,,,40.65625,3.3276963,29.068655,40.65625,3.3276963,4.388695,,,,,,,,,,,,,,,,,40.65625,3.417634,0.032151822,40.65625,3.417634,0.0011635156,,,,,,,,,,,,,,,,,,,,40.65625,3.417634,0.016608426,40.65625,3.417634,27.573078,40.65625,3.417634,0.0005536142,40.65625,3.417634,0.004990585,40.65625,3.417634,0.0,,,,,,,
40.65625,3.3576756,0.009861669,40.65625,3.3576756,0.0016807974,,,,,,,,,,,,,,,,,,,,,,,,,,,,,,,,,,,,,,,,,,,,,,,,,,,,,,,,,,,,,40.65625,3.3576756,29.25785,40.65625,3.3576756,3.6883757,,,,,,,,,,,,,,,,,40.65625,3.4476132,0.028705485,40.65625,3.4476132,0.00093811855,,,,,,,,,,,,,,,,,,,,40.65625,3.4476132,0.014625021,40.65625,3.4476132,27.56435,40.65625,3.4476132,0.00048750069,40.65625,3.4476132,1.0000001e-07,40.65625,3.4476132,7.0,,,,,,,
40.65625,3.3876548,0.011825078,40.65625,3.3876548,0.0017700432,,,,,,,,,,,,,,,,,,,,,,,,,,,,,,,,,,,,,,,,,,,,,,,,,,,,,,,,,,,,,40.65625,3.3876548,35.620426,40.65625,3.3876548,3.9613104,,,,,,,,,,,,,,,,,40.65625,3.4775925,0.03349213,40.65625,3.4775925,0.00051722984,,,,,,,,,,,,,,,,,,,,40.65625,3.4775925,0.019162875,40.65625,3.4775925,27.584316,40.65625,3.4775925,0.0006387625,40.65625,3.4775925,1.0000001e-07,40.65625,3.4775925,7.0,,,,,,,
40.65625,3.417634,0.01352075,40.65625,3.417634,0.001993158,,,,,,,,,,,,,,,,,,,,,,,,,,,,,,,,,,,,,,,,,,,,,,,,,,,,,,,,,,,,,40.65625,3.417634,41.0428,40.65625,3.417634,4.7777357,,,,,,,,,,,,,,,,,40.65625,3.5075717,0.038555402,40.65625,3.5075717,0.0011889624,,,,,,,,,,,,,,,,,,,,40.65625,3.5075717,0.025053328,40.65625,3.5075717,27.610235,40.65625,3.5075717,0.00083511096,40.65625,3.5075717,0.023961637,40.65625,3.5075717,0.0,,,,,,,
40.65625,3.4476132,0.012420052,40.65625,3.4476132,0.0018444146,,,,,,,,,,,,,,,,,,,,,,,,,,,,,,,,,,,,,,,,,,,,,,,,,,,,,,,,,,,,,40.65625,3.4476132,37.504097,40.65625,3.4476132,4.1890187,,,,,,,,,,,,,,,,,40.65625,3.5375512,0.0434065,40.65625,3.5375512,0.00086198986,,,,,,,,,,,,,,,,,,,,40.65625,3.5375512,0.06441854,40.65625,3.5375512,27.78344,40.65625,3.5375512,0.0021472843,40.65625,3.5375512,1.0000001e-07,40.65625,3.5375512,7.0,,,,,,,
40.65625,3.4775925,0.0136546185,40.65625,3.4775925,0.0017997916,,,,,,,,,,,,,,,,,,,,,,,,,,,,,,,,,,,,,,,,,,,,,,,,,,,,,,,,,,,,,40.65625,3.4775925,41.24919,40.65625,3.4775925,4.1054897,,,,,,,,,,,,,,,,,40.65625,3.5675304,0.16473678,40.65625,3.5675304,0.003796619,,,,,,,,,,,,,,,,,,,,40.65625,3.5675304,0.65288997,40.65625,3.5675304,30.372719,40.65625,3.5675304,0.021762995,40.65625,3.5675304,0.0035852194,40.65625,3.5675304,0.0,,,,,,,
40.65625,3.5075717,0.015082551,40.65625,3.5075717,0.0019039118,,,,,,,,,,,,,,,,,,,,,,,,,,,,,,,,,,,,,,,,,,,,,,,,,,,,,,,,,,,,,40.65625,3.5075717,45.42827,40.65625,3.5075717,4.48985,,,,,,,,,,,,,,,,,40.65625,3.5975096,0.31581077,40.65625,3.5975096,0.006847851,,,,,,,,,,,,,,,,,,,,40.65625,3.5975096,1.057988,40.65625,3.5975096,32.155148,40.65625,3.5975096,0.035266276,40.65625,3.5975096,0.005908066,40.65625,3.5975096,0.0,,,,,,,
40.65625,3.537551,0.016778223,40.65625,3.537551,0.0017700432,,,,,,,,,,,,,,,,,,,,,,,,,,,,,,,,,,,,,,,,,,,,,,,,,,,,,,,,,,,,,40.65625,3.537551,51.4173,40.65625,3.537551,3.984672,,,,,,,,,,,,,,,,,40.65625,3.6274889,0.20628087,40.65625,3.6274889,0.0047990135,,,,,,,,,,,,,,,,,,,,40.65625,3.6274889,0.63547194,40.65625,3.6274889,30.296074,40.65625,3.6274889,0.021182397,40.65625,3.6274889,0.008122485,40.65625,3.6274889,0.0,,,,,,,
40.65625,3.5675302,0.058188304,40.65625,3.5675302,0.002721999,,,,,,,,,,,,,,,,,,,,,,,,,,,,,,,,,,,,,,,,,,,,,,,,,,,,,,,,,,,,,40.65625,3.5675302,185.42247,40.65625,3.5675302,7.4327188,,,,,,,,,,,,,,,,,40.65625,3.657468,0.1358276,40.65625,3.657468,0.0026696073,,,,,,,,,,,,,,,,,,,,40.65625,3.657468,0.4290368,40.65625,3.657468,29.38776,40.65625,3.657468,0.014301227,40.65625,3.657468,0.0030681118,40.65625,3.657468,0.0,,,,,,,
40.65625,3.5975094,0.10828499,40.65625,3.5975094,0.0037929495,,,,,,,,,,,,,,,,,,,,,,,,,,,,,,,,,,,,,,,,,,,,,,,,,,,,,,,,,,,,,40.65625,3.5975094,344.70117,40.65625,3.5975094,11.40681,,,,,,,,,,,,,,,,,40.65625,3.6874473,0.44526085,40.65625,3.6874473,0.007913024,,,,,,,,,,,,,,,,,,,,40.65625,3.6874473,0.78745353,40.65625,3.6874473,30.964792,40.65625,3.6874473,0.026248448,40.65625,3.6874473,0.0058641243,40.65625,3.6874473,0.0,,,,,,,
40.65625,3.6274889,0.07051912,40.65625,3.6274889,0.003004611,,,,,,,,,,,,,,,,,,,,,,,,,,,,,,,,,,,,,,,,,,,,,,,,,,,,,,,,,,,,,40.65625,3.6274889,222.69647,40.65625,3.6274889,8.584279,,,,,,,,,,,,,,,,,40.65625,3.7174265,0.47731468,40.65625,3.7174265,0.013570695,,,,,,,,,,,,,,,,,,,,40.65625,3.7174265,1.1833459,40.65625,3.7174265,32.70672,40.65625,3.7174265,0.03944487,40.65625,3.7174265,0.0048134923,40.65625,3.7174265,0.0,,,,,,,
40.65625,3.657468,0.04384947,40.65625,3.657468,0.0023203928,,,,,,,,,,,,,,,,,,,,,,,,,,,,,,,,,,,,,,,,,,,,,,,,,,,,,,,,,,,,,40.65625,3.657468,136.13654,40.65625,3.657468,6.08533,,,,,,,,,,,,,,,,,40.65625,3.7474058,0.08274063,40.65625,3.7474058,0.005047311,,,,,,,,,,,,,,,,,,,,40.65625,3.7474058,0.28134906,40.65625,3.7474058,28.737936,40.65625,3.7474058,0.009378304,40.65625,3.7474058,0.0066532353,40.65625,3.7474058,0.0,,,,,,,
40.65625,3.6874473,0.13972929,40.65625,3.6874473,0.0040160646,,,,,,,,,,,,,,,,,,,,,,,,,,,,,,,,,,,,,,,,,,,,,,,,,,,,,,,,,,,,,40.65625,3.6874473,415.31067,40.65625,3.6874473,12.074272,,,,,,,,,,,,,,,,,40.65625,3.777385,0.012035794,40.65625,3.777385,0.00046476515,,,,,,,,,,,,,,,,,,,,40.65625,3.777385,-0.0014114985,40.65625,3.777385,27.493788,40.65625,3.777385,-4.7049947e-05,40.65625,3.777385,1.0000001e-07,40.65625,3.777385,7.0,,,,,,,
40.65625,3.7174265,0.15524322,40.65625,3.7174265,0.005696861,,,,,,,,,,,,,,,,,,,,,,,,,,,,,,,,,,,,,,,,,,,,,,,,,,,,,,,,,,,,,40.65625,3.7174265,460.15744,40.65625,3.7174265,18.24503,,,,,,,,,,,,,,,,,40.65625,3.8073642,0.010565298,40.65625,3.8073642,-0.000757565,,,,,,,,,,,,,,,,,,,,40.65625,3.8073642,-0.005590317,40.65625,3.8073642,27.475403,40.65625,3.8073642,-0.00018634388,40.65625,3.8073642,1.0000001e-07,40.65625,3.8073642,7.0,,,,,,,
40.65625,3.7474058,0.027413357,40.65625,3.7474058,0.0029302393,,,,,,,,,,,,,,,,,,,,,,,,,,,,,,,,,,,,,,,,,,,,,,,,,,,,,,,,,,,,,40.65625,3.7474058,80.45888,40.65625,3.7474058,8.159312,,,,,,,,,,,,,,,,,40.65625,3.8373435,0.010632613,40.65625,3.8373435,0.0008798521,,,,,,,,,,,,,,,,,,,,40.65625,3.8373435,-0.0067449193,40.65625,3.8373435,27.470322,40.65625,3.8373435,-0.00022483066,40.65625,3.8373435,1.0000001e-07,40.65625,3.8373435,7.0,,,,,,,
40.65625,3.777385,0.005072141,40.65625,3.777385,0.0015171798,,,,,,,,,,,,,,,,,,,,,,,,,,,,,,,,,,,,,,,,,,,,,,,,,,,,,,,,,,,,,40.65625,3.777385,14.353086,40.65625,3.777385,3.146198,,,,,,,,,,,,,,,,,40.65625,3.8673227,0.010602064,40.65625,3.8673227,-1.3288214e-05,,,,,,,,,,,,,,,,,,,,40.65625,3.8673227,-0.004684756,40.65625,3.8673227,27.479387,40.65625,3.8673227,-0.00015615855,40.65625,3.8673227,1.0000001e-07,40.65625,3.8673227,7.0,,,,,,,
40.65625,3.8073642,0.004685408,40.65625,3.8073642,0.0012196936,,,,,,,,,,,,,,,,,,,,,,,,,,,,,,,,,,,,,,,,,,,,,,,,,,,,,,,,,,,,,40.65625,3.8073642,12.987288,40.65625,3.8073642,2.0514472,,,,,,,,,,,,,,,,,40.65625,3.897302,0.010418385,40.65625,3.897302,0.00032569945,,,,,,,,,,,,,,,,,,,,40.65625,3.897302,0.0017835418,40.65625,3.897302,27.507847,40.65625,3.897302,5.9451384e-05,40.65625,3.897302,1.0000001e-07,40.65625,3.897302,7.0,,,,,,,
40.65625,3.8373435,0.0045812884,40.65625,3.8373435,0.0015766772,,,,,,,,,,,,,,,,,,,,,,,,,,,,,,,,,,,,,,,,,,,,,,,,,,,,,,,,,,,,,40.65625,3.8373435,12.582488,40.65625,3.8373435,3.3194823,,,,,,,,,,,,,,,,,40.65625,3.9272811,0.00932743,40.65625,3.9272811,-0.000826848,,,,,,,,,,,,,,,,,,,,40.65625,3.9272811,-0.014593553,40.65625,3.9272811,27.43579,40.65625,3.9272811,-0.00048645173,40.65625,3.9272811,1.0000001e-07,40.65625,3.9272811,7.0,,,,,,,
40.65625,3.8673227,0.0046556597,40.65625,3.8673227,0.0013386881,,,,,,,,,,,,,,,,,,,,,,,,,,,,,,,,,,,,,,,,,,,,,,,,,,,,,,,,,,,,,40.65625,3.8673227,12.942498,40.65625,3.8673227,2.498086,,,,,,,,,,,,,,,,,40.65625,3.9572606,0.009076726,40.65625,3.9572606,-0.00070827,,,,,,,,,,,,,,,,,,,,40.65625,3.9572606,-0.011417854,40.65625,3.9572606,27.44976,40.65625,3.9572606,-0.0003805951,40.65625,3.9572606,1.0000001e-07,40.65625,3.9572606,7.0,,,,,,,
40.65625,3.897302,0.0042540533,40.65625,3.897302,0.001427934,,,,,,,,,,,,,,,,,,,,,,,,,,,,,,,,,,,,,,,,,,,,,,,,,,,,,,,,,,,,,40.65625,3.897302,11.745492,40.65625,3.897302,2.784532,,,,,,,,,,,,,,,,,40.65625,3.9872398,0.008531372,40.65625,3.9872398,0.0009944825,,,,,,,,,,,,,,,,,,,,40.65625,3.9872398,-0.017250162,40.65625,3.9872398,27.424099,40.65625,3.9872398,-0.0005750054,40.65625,3.9872398,1.0000001e-07,40.65625,3.9872398,7.0,,,,,,,
40.65625,3.9272811,0.0040606875,40.65625,3.9272811,0.0011899449,,,,,,,,,,,,,,,,,,,,,,,,,,,,,,,,,,,,,,,,,,,,,,,,,,,,,,,,,,,,,40.65625,3.9272811,11.037725,40.65625,3.9272811,1.9342418,,,,,,,,,,,,,,,,,40.65625,4.017219,0.009493973,40.65625,4.017219,0.0005653961,,,,,,,,,,,,,,,,,,,,40.65625,4.017219,-0.006019741,40.65625,4.017219,27.473515,40.65625,4.017219,-0.00020065802,40.65625,4.017219,1.0000001e-07,40.65625,4.017219,7.0,,,,,,,
40.65625,3.9572604,0.003971441,40.65625,3.9572604,0.001145322,,,,,,,,,,,,,,,,,,,,,,,,,,,,,,,,,,,,,,,,,,,,,,,,,,,,,,,,,,,,,40.65625,3.9572604,10.644572,40.65625,3.9572604,1.7331682,,,,,,,,,,,,,,,,,40.65625,4.0471983,0.00929738,40.65625,4.0471983,0.00059126253,,,,,,,,,,,,,,,,,,,,40.65625,4.0471983,-0.0055254307,40.65625,4.0471983,27.475689,40.65625,4.0471983,-0.00018418103,40.65625,4.0471983,1.0000001e-07,40.65625,4.0471983,7.0,,,,,,,
40.65625,3.9872396,0.0037483263,40.65625,3.9872396,0.0015618027,,,,,,,,,,,,,,,,,,,,,,,,,,,,,,,,,,,,,,,,,,,,,,,,,,,,,,,,,,,,,40.65625,3.9872396,9.85857,40.65625,3.9872396,3.273551,,,,,,,,,,,,,,,,,40.65625,4.0771775,0.010348945,40.65625,4.0771775,0.0001360419,,,,,,,,,,,,,,,,,,,,40.65625,4.0771775,-0.0075972807,40.65625,4.0771775,27.466574,40.65625,4.0771775,-0.0002532427,40.65625,4.0771775,1.0000001e-07,40.65625,4.0771775,7.0,,,,,,,
40.65625,4.017219,0.004090436,40.65625,4.017219,0.0014279339,,,,,,,,,,,,,,,,,,,,,,,,,,,,,,,,,,,,,,,,,,,,,,,,,,,,,,,,,,,,,40.65625,4.017219,11.102944,40.65625,4.017219,2.804381,,,,,,,,,,,,,,,,,40.65625,4.1071568,0.008979542,40.65625,4.1071568,-0.001087435,,,,,,,,,,,,,,,,,,,,40.65625,4.1071568,-0.011184243,40.65625,4.1071568,27.450788,40.65625,4.1071568,-0.0003728081,40.65625,4.1071568,1.0000001e-07,40.65625,4.1071568,7.0,,,,,,,
40.65625,4.0471983,0.0038375726,40.65625,4.0471983,0.0016956716,,,,,,,,,,,,,,,,,,,,,,,,,,,,,,,,,,,,,,,,,,,,,,,,,,,,,,,,,,,,,40.65625,4.0471983,10.275897,40.65625,4.0471983,3.7351787,,,,,,,,,,,,,,,,,40.65625,4.137136,0.010370379,40.65625,4.137136,0.00023577841,,,,,,,,,,,,,,,,,,,,40.65625,4.137136,-0.004468617,40.65625,4.137136,27.48034,40.65625,4.137136,-0.00014895391,40.65625,4.137136,1.0000001e-07,40.65625,4.137136,7.0,,,,,,,
40.65625,4.0771775,0.004194556,40.65625,4.0771775,0.0014428083,,,,,,,,,,,,,,,,,,,,,,,,,,,,,,,,,,,,,,,,,,,,,,,,,,,,,,,,,,,,,40.65625,4.0771775,11.29247,40.65625,4.0771775,2.8648627,,,,,,,,,,,,,,,,,40.65625,4.167115,0.009071363,40.65625,4.167115,0.0003057848,,,,,,,,,,,,,,,,,,,,40.65625,4.167115,-0.014728013,40.65625,4.167115,27.435196,40.65625,4.167115,-0.0004909338,40.65625,4.167115,1.0000001e-07,40.65625,4.167115,7.0,,,,,,,
40.65625,4.1071568,0.003807824,40.65625,4.1071568,0.0010560761,,,,,,,,,,,,,,,,,,,,,,,,,,,,,,,,,,,,,,,,,,,,,,,,,,,,,,,,,,,,,40.65625,4.1071568,10.089687,40.65625,4.1071568,1.4460881,,,,,,,,,,,,,,,,,40.65625,4.1970944,0.010061478,40.65625,4.1970944,0.0012660716,,,,,,,,,,,,,,,,,,,,40.65625,4.1970944,-0.005819412,40.65625,4.1970944,27.474396,40.65625,4.1970944,-0.00019398039,40.65625,4.1970944,1.0000001e-07,40.65625,4.1970944,7.0,,,,,,,
40.65625,4.137136,0.0040458124,40.65625,4.137136,0.0015171798,,,,,,,,,,,,,,,,,,,,,,,,,,,,,,,,,,,,,,,,,,,,,,,,,,,,,,,,,,,,,40.65625,4.137136,10.896894,40.65625,4.137136,3.1276433,,,,,,,,,,,,,,,,,40.65625,4.2270737,0.011095826,40.65625,4.2270737,0.00032524372,,,,,,,,,,,,,,,,,,,,40.65625,4.2270737,-0.0017833031,40.65625,4.2270737,27.492153,40.65625,4.2270737,-5.9443435e-05,40.65625,4.2270737,1.0000001e-07,40.65625,4.2270737,7.0,,,,,,,
40.65625,4.167115,0.0036888293,40.65625,4.167115,0.001383311,,,,,,,,,,,,,,,,,,,,,,,,,,,,,,,,,,,,,,,,,,,,,,,,,,,,,,,,,,,,,40.65625,4.167115,9.59232,40.65625,4.167115,2.629047,,,,,,,,,,,,,,,,,40.65625,4.257053,0.009489283,40.65625,4.257053,-1.6004753e-05,,,,,,,,,,,,,,,,,,,,40.65625,4.257053,-0.0078803925,40.65625,4.257053,27.465326,40.65625,4.257053,-0.0002626797,40.65625,4.257053,1.0000001e-07,40.65625,4.257053,7.0,,,,,,,
40.65625,4.1970944,0.0038524468,40.65625,4.1970944,0.0015618028,,,,,,,,,,,,,,,,,,,,,,,,,,,,,,,,,,,,,,,,,,,,,,,,,,,,,,,,,,,,,40.65625,4.1970944,10.305632,40.65625,4.1970944,3.259982,,,,,,,,,,,,,,,,,40.65625,4.287032,0.011619235,40.65625,4.287032,0.0015840484,,,,,,,,,,,,,,,,,,,,40.65625,4.287032,0.0014717184,40.65625,4.287032,27.506477,40.65625,4.287032,4.9057293e-05,40.65625,4.287032,1.0000001e-07,40.65625,4.287032,7.0,,,,,,,
40.65625,4.2270737,0.0040606875,40.65625,4.2270737,0.0014576827,,,,,,,,,,,,,,,,,,,,,,,,,,,,,,,,,,,,,,,,,,,,,,,,,,,,,,,,,,,,,40.65625,4.2270737,11.063938,40.65625,4.2270737,2.886931,,,,,,,,,,,,,,,,,40.65625,4.3170114,0.008228192,40.65625,4.3170114,0.00086933933,,,,,,,,,,,,,,,,,,,,40.65625,4.3170114,-0.011556161,40.65625,4.3170114,27.449152,40.65625,4.3170114,-0.00038520538,40.65625,4.3170114,1.0000001e-07,40.65625,4.3170114,7.0,,,,,,,
40.65625,4.257053,0.00379295,40.65625,4.257053,0.0013238138,,,,,,,,,,,,,,,,,,,,,,,,,,,,,,,,,,,,,,,,,,,,,,,,,,,,,,,,,,,,,40.65625,4.257053,10.236148,40.65625,4.257053,2.4436555,,,,,,,,,,,,,,,,,40.65625,4.3469906,0.00926276,40.65625,4.3469906,0.00065330806,,,,,,,,,,,,,,,,,,,,40.65625,4.3469906,-0.011356991,40.65625,4.3469906,27.450027,40.65625,4.3469906,-0.00037856633,40.65625,4.3469906,1.0000001e-07,40.65625,4.3469906,7.0,,,,,,,
40.65625,4.287032,0.004045813,40.65625,4.287032,0.0016807972,,,,,,,,,,,,,,,,,,,,,,,,,,,,,,,,,,,,,,,,,,,,,,,,,,,,,,,,,,,,,40.65625,4.287032,10.909216,40.65625,4.287032,3.7408473,,,,,,,,,,,,,,,,,40.65625,4.37697,0.012701703,40.65625,4.37697,0.0004712231,,,,,,,,,,,,,,,,,,,,40.65625,4.37697,0.011615647,40.65625,4.37697,27.55111,40.65625,4.37697,0.00038718822,40.65625,4.37697,1.0000001e-07,40.65625,4.37697,7.0,,,,,,,
40.65625,4.3170114,0.0034954634,40.65625,4.3170114,0.001487431,,,,,,,,,,,,,,,,,,,,,,,,,,,,,,,,,,,,,,,,,,,,,,,,,,,,,,,,,,,,,40.65625,4.3170114,9.084474,40.65625,4.3170114,3.0025823,,,,,,,,,,,,,,,,,40.65625,4.406949,0.007752605,40.65625,4.406949,0.0014983041,,,,,,,,,,,,,,,,,,,,40.65625,4.406949,-0.0145446705,40.65625,4.406949,27.436005,40.65625,4.406949,-0.00048482238,40.65625,4.406949,1.0000001e-07,40.65625,4.406949,7.0,,,,,,,
40.65625,4.3469906,0.0035698349,40.65625,4.3469906,0.0014130595,,,,,,,,,,,,,,,,,,,,,,,,,,,,,,,,,,,,,,,,,,,,,,,,,,,,,,,,,,,,,40.65625,4.3469906,9.343123,40.65625,4.3469906,2.7106807,,,,,,,,,,,,,,,,,40.65625,4.4369283,0.0085386345,40.65625,4.4369283,0.00038083596,,,,,,,,,,,,,,,,,,,,40.65625,4.4369283,-0.014328998,40.65625,4.4369283,27.436953,40.65625,4.4369283,-0.00047763332,40.65625,4.4369283,1.0000001e-07,40.65625,4.4369283,7.0,,,,,,,
40.65625,4.37697,0.004224305,40.65625,4.37697,0.0013089394,,,,,,,,,,,,,,,,,,,,,,,,,,,,,,,,,,,,,,,,,,,,,,,,,,,,,,,,,,,,,40.65625,4.37697,11.51331,40.65625,4.37697,2.3533893,,,,,,,,,,,,,,,,,40.65625,4.4669075,0.0094854655,40.65625,4.4669075,0.00054720475,,,,,,,,,,,,,,,,,,,,40.65625,4.4669075,-8.066118e-05,40.65625,4.4669075,27.499645,40.65625,4.4669075,-2.688704e-06,40.65625,4.4669075,1.0000001e-07,40.65625,4.4669075,7.0,,,,,,,
40.65625,4.406949,0.0032426,40.65625,4.406949,0.0016361742,,,,,,,,,,,,,,,,,,,,,,,,,,,,,,,,,,,,,,,,,,,,,,,,,,,,,,,,,,,,,40.65625,4.406949,8.267989,40.65625,4.406949,3.5023696,,,,,,,,,,,,,,,,,40.65625,4.4968867,0.01196083,40.65625,4.4968867,0.0020860506,,,,,,,,,,,,,,,,,,,,40.65625,4.4968867,0.0014442938,40.65625,4.4968867,27.506355,40.65625,4.4968867,4.8143134e-05,40.65625,4.4968867,1.0000001e-07,40.65625,4.4968867,7.0,,,,,,,
40.65625,4.4369283,0.0033615946,40.65625,4.4369283,0.0014428082,,,,,,,,,,,,,,,,,,,,,,,,,,,,,,,,,,,,,,,,,,,,,,,,,,,,,,,,,,,,,40.65625,4.4369283,8.708426,40.65625,4.4369283,2.795406,,,,,,,,,,,,,,,,,40.65625,4.526866,0.012190115,40.65625,4.526866,-0.0002969482,,,,,,,,,,,,,,,,,,,,40.65625,4.526866,0.0027884666,40.65625,4.526866,27.512268,40.65625,4.526866,9.294887e-05,40.65625,4.526866,1.0000001e-07,40.65625,4.526866,7.0,,,,,,,
40.65625,4.4669075,0.003421092,40.65625,4.4669075,0.001234568,,,,,,,,,,,,,,,,,,,,,,,,,,,,,,,,,,,,,,,,,,,,,,,,,,,,,,,,,,,,,40.65625,4.4669075,8.999613,40.65625,4.4669075,2.058952,,,,,,,,,,,,,,,,,40.65625,4.556845,0.009600777,40.65625,4.556845,0.0005468315,,,,,,,,,,,,,,,,,,,,40.65625,4.556845,-0.0029359309,40.65625,4.556845,27.487082,40.65625,4.556845,-9.7864366e-05,40.65625,4.556845,1.0000001e-07,40.65625,4.556845,7.0,,,,,,,
40.65625,4.4968867,0.003822698,40.65625,4.4968867,0.0016213,,,,,,,,,,,,,,,,,,,,,,,,,,,,,,,,,,,,,,,,,,,,,,,,,,,,,,,,,,,,,40.65625,4.4968867,10.151487,40.65625,4.4968867,3.4584665,,,,,,,,,,,,,,,,,40.65625,4.586825,0.011241566,40.65625,4.586825,0.0003277078,,,,,,,,,,,,,,,,,,,,40.65625,4.586825,0.0014788094,40.65625,4.586825,27.506506,40.65625,4.586825,4.929365e-05,40.65625,4.586825,1.0000001e-07,40.65625,4.586825,7.0,,,,,,,
40.65625,4.526866,0.003911944,40.65625,4.526866,0.0012940653,,,,,,,,,,,,,,,,,,,,,,,,,,,,,,,,,,,,,,,,,,,,,,,,,,,,,,,,,,,,,40.65625,4.526866,10.405099,40.65625,4.526866,2.3543785,,,,,,,,,,,,,,,,,40.65625,4.616804,0.0096756155,40.65625,4.616804,-0.00027302632,,,,,,,,,,,,,,,,,,,,40.65625,4.616804,-0.0033525836,40.65625,4.616804,27.485249,40.65625,4.616804,-0.0001117528,40.65625,4.616804,1.0000001e-07,40.65625,4.616804,7.0,,,,,,,
40.65625,4.556845,0.0033318459,40.65625,4.556845,0.0012643165,,,,,,,,,,,,,,,,,,,,,,,,,,,,,,,,,,,,,,,,,,,,,,,,,,,,,,,,,,,,,40.65625,4.556845,8.698298,40.65625,4.556845,2.214757,,,,,,,,,,,,,,,,,40.65625,4.6467834,0.00972911,40.65625,4.6467834,-6.6470326e-05,,,,,,,,,,,,,,,,,,,,40.65625,4.6467834,-0.005106533,40.65625,4.6467834,27.477531,40.65625,4.6467834,-0.00017021777,40.65625,4.6467834,1.0000001e-07,40.65625,4.6467834,7.0,,,,,,,
40.65625,4.5868244,0.0035400863,40.65625,4.5868244,0.0012791909,,,,,,,,,,,,,,,,,,,,,,,,,,,,,,,,,,,,,,,,,,,,,,,,,,,,,,,,,,,,,40.65625,4.5868244,9.279278,40.65625,4.5868244,2.2684,,,,,,,,,,,,,,,,,40.65625,4.6767626,0.007847094,40.65625,4.6767626,0.0009390934,,,,,,,,,,,,,,,,,,,,40.65625,4.6767626,-0.008365289,40.65625,4.6767626,27.463192,40.65625,4.6767626,-0.00027884296,40.65625,4.6767626,1.0000001e-07,40.65625,4.6767626,7.0,,,,,,,
40.65625,4.6168036,0.0034210917,40.65625,4.6168036,0.0010858247,,,,,,,,,,,,,,,,,,,,,,,,,,,,,,,,,,,,,,,,,,,,,,,,,,,,,,,,,,,,,40.65625,4.6168036,8.9544115,40.65625,4.6168036,1.5772704,,,,,,,,,,,,,,,,,40.65625,4.706742,0.008980524,40.65625,4.706742,-0.00040013844,,,,,,,,,,,,,,,,,,,,40.65625,4.706742,-0.0036608928,40.65625,4.706742,27.483894,40.65625,4.706742,-0.00012202976,40.65625,4.706742,1.0000001e-07,40.65625,4.706742,7.0,,,,,,,
40.65625,4.646783,0.0033318456,40.65625,4.646783,0.0011899449,,,,,,,,,,,,,,,,,,,,,,,,,,,,,,,,,,,,,,,,,,,,,,,,,,,,,,,,,,,,,40.65625,4.646783,8.644954,40.65625,4.646783,1.9348128,,,,,,,,,,,,,,,,,40.65625,4.736721,0.010122884,40.65625,4.736721,-0.00038234887,,,,,,,,,,,,,,,,,,,,40.65625,4.736721,-0.0053983754,40.65625,4.736721,27.476246,40.65625,4.736721,-0.00017994583,40.65625,4.736721,1.0000001e-07,40.65625,4.736721,7.0,,,,,,,
40.65625,4.676762,0.002811245,40.65625,4.676762,0.001427934,,,,,,,,,,,,,,,,,,,,,,,,,,,,,,,,,,,,,,,,,,,,,,,,,,,,,,,,,,,,,40.65625,4.676762,6.984482,40.65625,4.676762,2.8000233,,,,,,,,,,,,,,,,,40.65625,4.7667003,0.007445809,40.65625,4.7667003,0.0014617594,,,,,,,,,,,,,,,,,,,,40.65625,4.7667003,-0.0092016775,40.65625,4.7667003,27.45951,40.65625,4.7667003,-0.0003067226,40.65625,4.7667003,1.0000001e-07,40.65625,4.7667003,7.0,,,,,,,
40.65625,4.706742,0.0030789827,40.65625,4.706742,0.0011899449,,,,,,,,,,,,,,,,,,,,,,,,,,,,,,,,,,,,,,,,,,,,,,,,,,,,,,,,,,,,,40.65625,4.706742,7.7960596,40.65625,4.706742,1.9421414,,,,,,,,,,,,,,,,,40.65625,4.7966795,0.0089281015,40.65625,4.7966795,-4.548512e-05,,,,,,,,,,,,,,,,,,,,40.65625,4.7966795,-0.011720255,40.65625,4.7966795,27.448431,40.65625,4.7966795,-0.00039067515,40.65625,4.7966795,1.0000001e-07,40.65625,4.7966795,7.0,,,,,,,
40.65625,4.736721,0.0031979773,40.65625,4.736721,0.0011453221,,,,,,,,,,,,,,,,,,,,,,,,,,,,,,,,,,,,,,,,,,,,,,,,,,,,,,,,,,,,,40.65625,4.736721,8.192828,40.65625,4.736721,1.82548,,,,,,,,,,,,,,,,,40.65625,4.8266587,0.008602573,40.65625,4.8266587,0.002773932,,,,,,,,,,,,,,,,,,,,40.65625,4.8266587,-0.008525248,40.65625,4.8266587,27.462486,40.65625,4.8266587,-0.0002841749,40.65625,4.8266587,1.0000001e-07,40.65625,4.8266587,7.0,,,,,,,
40.65625,4.7667003,0.002751748,40.65625,4.7667003,0.0014576825,,,,,,,,,,,,,,,,,,,,,,,,,,,,,,,,,,,,,,,,,,,,,,,,,,,,,,,,,,,,,40.65625,4.7667003,6.7032213,40.65625,4.7667003,2.9248438,,,,,,,,,,,,,,,,,40.65625,4.856638,0.008150269,40.65625,4.856638,-0.00035873434,,,,,,,,,,,,,,,,,,,,40.65625,4.856638,-0.012240719,40.65625,4.856638,27.446142,40.65625,4.856638,-0.000408024,40.65625,4.856638,1.0000001e-07,40.65625,4.856638,7.0,,,,,,,
40.65625,4.7966795,0.0030194852,40.65625,4.7966795,0.0012048192,,,,,,,,,,,,,,,,,,,,,,,,,,,,,,,,,,,,,,,,,,,,,,,,,,,,,,,,,,,,,40.65625,4.7966795,7.627493,40.65625,4.7966795,2.0004933,,,,,,,,,,,,,,,,,40.65625,4.886617,0.008797694,40.65625,4.886617,-0.000663851,,,,,,,,,,,,,,,,,,,,40.65625,4.886617,-0.0065008253,40.65625,4.886617,27.471397,40.65625,4.886617,-0.00021669421,40.65625,4.886617,1.0000001e-07,40.65625,4.886617,7.0,,,,,,,
40.65625,4.8266587,0.0029004908,40.65625,4.8266587,0.0017105459,,,,,,,,,,,,,,,,,,,,,,,,,,,,,,,,,,,,,,,,,,,,,,,,,,,,,,,,,,,,,40.65625,4.8266587,7.190337,40.65625,4.8266587,3.8030803,,,,,,,,,,,,,,,,,40.65625,4.9165964,0.01145592,40.65625,4.9165964,0.00080191094,,,,,,,,,,,,,,,,,,,,40.65625,4.9165964,0.006466182,40.65625,4.9165964,27.528452,40.65625,4.9165964,0.0002155394,40.65625,4.9165964,1.0000001e-07,40.65625,4.9165964,7.0,,,,,,,
40.65625,4.856638,0.0029153652,40.65625,4.856638,0.0012048192,,,,,,,,,,,,,,,,,,,,,,,,,,,,,,,,,,,,,,,,,,,,,,,,,,,,,,,,,,,,,40.65625,4.856638,7.2787957,40.65625,4.856638,2.0297668,,,,,,,,,,,,,,,,,40.65625,4.9465756,0.008974407,40.65625,4.9465756,-8.5186715e-05,,,,,,,,,,,,,,,,,,,,40.65625,4.9465756,-0.008014017,40.65625,4.9465756,27.464739,40.65625,4.9465756,-0.00026713387,40.65625,4.9465756,1.0000001e-07,40.65625,4.9465756,7.0,,,,,,,
40.65625,4.886617,0.0029302395,40.65625,4.886617,0.0011750706,,,,,,,,,,,,,,,,,,,,,,,,,,,,,,,,,,,,,,,,,,,,,,,,,,,,,,,,,,,,,40.65625,4.886617,7.269723,40.65625,4.886617,1.86683,,,,,,,,,,,,,,,,,40.65625,4.976555,0.010161871,40.65625,4.976555,0.0017610865,,,,,,,,,,,,,,,,,,,,40.65625,4.976555,-0.0011888924,40.65625,4.976555,27.49477,40.65625,4.976555,-3.9629744e-05,40.65625,4.976555,1.0000001e-07,40.65625,4.976555,7.0,,,,,,,
40.65625,4.9165964,0.0033615946,40.65625,4.9165964,0.0013238138,,,,,,,,,,,,,,,,,,,,,,,,,,,,,,,,,,,,,,,,,,,,,,,,,,,,,,,,,,,,,40.65625,4.9165964,8.685314,40.65625,4.9165964,2.4076612,,,,,,,,,,,,,,,,,40.65625,5.006534,0.009659296,40.65625,5.006534,0.0013417179,,,,,,,,,,,,,,,,,,,,40.65625,5.006534,-0.0051111323,40.65625,5.006534,27.477512,40.65625,5.006534,-0.00017037109,40.65625,5.006534,1.0000001e-07,40.65625,5.006534,7.0,,,,,,,
40.65625,4.9465756,0.0028856164,40.65625,4.9465756,0.0012048192,,,,,,,,,,,,,,,,,,,,,,,,,,,,,,,,,,,,,,,,,,,,,,,,,,,,,,,,,,,,,40.65625,4.9465756,7.094145,40.65625,4.9465756,1.9924376,,,,,,,,,,,,,,,,,40.65625,5.0365133,0.008840986,40.65625,5.0365133,0.00037354577,,,,,,,,,,,,,,,,,,,,40.65625,5.0365133,-0.011443896,40.65625,5.0365133,27.449648,40.65625,5.0365133,-0.00038146327,40.65625,5.0365133,1.0000001e-07,40.65625,5.0365133,7.0,,,,,,,
40.65625,4.976555,0.0030194852,40.65625,4.976555,0.0014874311,,,,,,,,,,,,,,,,,,,,,,,,,,,,,,,,,,,,,,,,,,,,,,,,,,,,,,,,,,,,,40.65625,4.976555,7.679148,40.65625,4.976555,3.0417783,,,,,,,,,,,,,,,,,40.65625,5.0664926,0.0074193636,40.65625,5.0664926,0.00015430416,,,,,,,,,,,,,,,,,,,,40.65625,5.0664926,-0.01353936,40.65625,5.0664926,27.440428,40.65625,5.0664926,-0.00045131205,40.65625,5.0664926,1.0000001e-07,40.65625,5.0664926,7.0,,,,,,,
40.65625,5.006534,0.0029004908,40.65625,5.006534,0.0013684367,,,,,,,,,,,,,,,,,,,,,,,,,,,,,,,,,,,,,,,,,,,,,,,,,,,,,,,,,,,,,40.65625,5.006534,7.1649113,40.65625,5.006534,2.5601099,,,,,,,,,,,,,,,,,40.65625,5.096472,0.010273639,40.65625,5.096472,0.00012346696,,,,,,,,,,,,,,,,,,,,40.65625,5.096472,-0.0029356277,40.65625,5.096472,27.487083,40.65625,5.096472,-9.7854245e-05,40.65625,5.096472,1.0000001e-07,40.65625,5.096472,7.0,,,,,,,
40.65625,5.0365133,0.002721999,40.65625,5.0365133,0.0012196936,,,,,,,,,,,,,,,,,,,,,,,,,,,,,,,,,,,,,,,,,,,,,,,,,,,,,,,,,,,,,40.65625,5.0365133,6.5639873,40.65625,5.0365133,2.0785463,,,,,,,,,,,,,,,,,40.65625,5.126451,0.009253714,40.65625,5.126451,0.0010471442,,,,,,,,,,,,,,,,,,,,40.65625,5.126451,-0.008102817,40.65625,5.126451,27.464348,40.65625,5.126451,-0.0002700939,40.65625,5.126451,1.0000001e-07,40.65625,5.126451,7.0,,,,,,,
40.65625,5.0664926,0.002528633,40.65625,5.0664926,0.0010709505,,,,,,,,,,,,,,,,,,,,,,,,,,,,,,,,,,,,,,,,,,,,,,,,,,,,,,,,,,,,,40.65625,5.0664926,5.983098,40.65625,5.0664926,1.5301553,,,,,,,,,,,,,,,,,40.65625,5.1564302,0.008979271,40.65625,5.1564302,-0.00083215884,,,,,,,,,,,,,,,,,,,,40.65625,5.1564302,-0.0017850985,40.65625,5.1564302,27.492147,40.65625,5.1564302,-5.950328e-05,40.65625,5.1564302,1.0000001e-07,40.65625,5.1564302,7.0,,,,,,,
40.65625,5.096472,0.002959988,40.65625,5.096472,0.0011750706,,,,,,,,,,,,,,,,,,,,,,,,,,,,,,,,,,,,,,,,,,,,,,,,,,,,,,,,,,,,,40.65625,5.096472,7.4812775,40.65625,5.096472,1.8885312,,,,,,,,,,,,,,,,,40.65625,5.1864095,0.012551328,40.65625,5.1864095,-0.0008550177,,,,,,,,,,,,,,,,,,,,40.65625,5.1864095,0.0037804907,40.65625,5.1864095,27.516636,40.65625,5.1864095,0.00012601637,40.65625,5.1864095,1.0000001e-07,40.65625,5.1864095,7.0,,,,,,,
40.65625,5.126451,0.0027517478,40.65625,5.126451,0.0013089395,,,,,,,,,,,,,,,,,,,,,,,,,,,,,,,,,,,,,,,,,,,,,,,,,,,,,,,,,,,,,40.65625,5.126451,6.6943994,40.65625,5.126451,2.3519084,,,,,,,,,,,,,,,,,40.65625,5.2163887,0.009918193,40.65625,5.2163887,-0.0012111977,,,,,,,,,,,,,,,,,,,,40.65625,5.2163887,-0.0043092873,40.65625,5.2163887,27.48104,40.65625,5.2163887,-0.00014364287,40.65625,5.2163887,1.0000001e-07,40.65625,5.2163887,7.0,,,,,,,
40.65625,5.1564302,0.002736873,40.65625,5.1564302,0.0010263275,,,,,,,,,,,,,,,,,,,,,,,,,,,,,,,,,,,,,,,,,,,,,,,,,,,,,,,,,,,,,40.65625,5.1564302,6.6504965,40.65625,5.1564302,1.3364221,,,,,,,,,,,,,,,,,40.65625,5.246368,0.009409836,40.65625,5.246368,-0.0015375228,,,,,,,,,,,,,,,,,,,,40.65625,5.246368,-0.006363133,40.65625,5.246368,27.472002,40.65625,5.246368,-0.00021210444,40.65625,5.246368,1.0000001e-07,40.65625,5.246368,7.0,,,,,,,
40.65625,5.1864095,0.0031979769,40.65625,5.1864095,0.0012196936,,,,,,,,,,,,,,,,,,,,,,,,,,,,,,,,,,,,,,,,,,,,,,,,,,,,,,,,,,,,,40.65625,5.1864095,8.126225,40.65625,5.1864095,2.0412757,,,,,,,,,,,,,,,,,40.65625,5.276347,0.00711417,40.65625,5.276347,0.00011058897,,,,,,,,,,,,,,,,,,,,40.65625,5.276347,-0.012981515,40.65625,5.276347,27.44288,40.65625,5.276347,-0.00043271715,40.65625,5.276347,1.0000001e-07,40.65625,5.276347,7.0,,,,,,,
40.65625,5.2163887,0.0029451137,40.65625,5.2163887,0.0010114531,,,,,,,,,,,,,,,,,,,,,,,,,,,,,,,,,,,,,,,,,,,,,,,,,,,,,,,,,,,,,40.65625,5.2163887,7.39854,40.65625,5.2163887,1.3048679,,,,,,,,,,,,,,,,,40.65625,5.3063264,0.005137561,40.65625,5.3063264,-0.0014784806,,,,,,,,,,,,,,,,,,,,40.65625,5.3063264,-0.02078903,40.65625,5.3063264,27.40853,40.65625,5.3063264,-0.0006929676,40.65625,5.3063264,1.0000001e-07,40.65625,5.3063264,7.0,,,,,,,
40.65625,5.246368,0.0027517476,40.65625,5.246368,0.000951956,,,,,,,,,,,,,,,,,,,,,,,,,,,,,,,,,,,,,,,,,,,,,,,,,,,,,,,,,,,,,40.65625,5.246368,6.696075,40.65625,5.246368,1.103725,,,,,,,,,,,,,,,,,40.65625,5.3363056,0.009381954,40.65625,5.3363056,0.00062213547,,,,,,,,,,,,,,,,,,,,40.65625,5.3363056,-0.007870204,40.65625,5.3363056,27.46537,40.65625,5.3363056,-0.00026234015,40.65625,5.3363056,1.0000001e-07,40.65625,5.3363056,7.0,,,,,,,
40.65625,5.276347,0.0024096384,40.65625,5.276347,0.0011304476,,,,,,,,,,,,,,,,,,,,,,,,,,,,,,,,,,,,,,,,,,,,,,,,,,,,,,,,,,,,,40.65625,5.276347,5.624607,40.65625,5.276347,1.7544091,,,,,,,,,,,,,,,,,40.65625,5.366285,0.010440149,40.65625,5.366285,0.00079322886,,,,,,,,,,,,,,,,,,,,40.65625,5.366285,-0.00063325476,40.65625,5.366285,27.497213,40.65625,5.366285,-2.1108492e-05,40.65625,5.366285,1.0000001e-07,40.65625,5.366285,7.0,,,,,,,
40.65625,5.3063264,0.0020675296,40.65625,5.3063264,0.0010709506,,,,,,,,,,,,,,,,,,,,,,,,,,,,,,,,,,,,,,,,,,,,,,,,,,,,,,,,,,,,,40.65625,5.3063264,4.4610367,40.65625,5.3063264,1.5255983,,,,,,,,,,,,,,,,,40.65625,5.396264,0.0072744745,40.65625,5.396264,-0.0024298579,,,,,,,,,,,,,,,,,,,,40.65625,5.396264,-0.0077778343,40.65625,5.396264,27.465776,40.65625,5.396264,-0.00025926114,40.65625,5.396264,1.0000001e-07,40.65625,5.396264,7.0,,,,,,,
40.65625,5.3363056,0.0026773764,40.65625,5.3363056,0.0012048192,,,,,,,,,,,,,,,,,,,,,,,,,,,,,,,,,,,,,,,,,,,,,,,,,,,,,,,,,,,,,40.65625,5.3363056,6.4312706,40.65625,5.3363056,2.0022104,,,,,,,,,,,,,,,,,40.65625,5.426244,0.008369154,40.65625,5.426244,-2.9829356e-05,,,,,,,,,,,,,,,,,,,,40.65625,5.426244,-0.00024973683,40.65625,5.426244,27.4989,40.65625,5.426244,-8.324559e-06,40.65625,5.426244,1.0000001e-07,40.65625,5.426244,7.0,,,,,,,
40.65625,5.366285,0.0027517474,40.65625,5.366285,0.0011601964,,,,,,,,,,,,,,,,,,,,,,,,,,,,,,,,,,,,,,,,,,,,,,,,,,,,,,,,,,,,,40.65625,5.366285,6.6635423,40.65625,5.366285,1.8445963,,,,,,,,,,,,,,,,,40.65625,5.456223,0.008913596,40.65625,5.456223,-0.00011225918,,,,,,,,,,,,,,,,,,,,40.65625,5.456223,-0.002708025,40.65625,5.456223,27.488083,40.65625,5.456223,-9.0267495e-05,40.65625,5.456223,1.0000001e-07,40.65625,5.456223,7.0,,,,,,,
40.65625,5.396264,0.002335267,40.65625,5.396264,0.0008924587,,,,,,,,,,,,,,,,,,,,,,,,,,,,,,,,,,,,,,,,,,,,,,,,,,,,,,,,,,,,,40.65625,5.396264,5.299776,40.65625,5.396264,0.8900792,,,,,,,,,,,,,,,,,40.65625,5.4862022,0.012050245,40.65625,5.4862022,0.0006593197,,,,,,,,,,,,,,,,,,,,40.65625,5.4862022,0.0037213867,40.65625,5.4862022,27.516375,40.65625,5.4862022,0.00012404624,40.65625,5.4862022,1.0000001e-07,40.65625,5.4862022,7.0,,,,,,,
40.65625,5.4262433,0.00248401,40.65625,5.4262433,0.0011601964,,,,,,,,,,,,,,,,,,,,,,,,,,,,,,,,,,,,,,,,,,,,,,,,,,,,,,,,,,,,,40.65625,5.4262433,5.869461,40.65625,5.4262433,1.8468181,,,,,,,,,,,,,,,,,40.65625,5.5161815,0.0059507815,40.65625,5.5161815,0.0019482896,,,,,,,,,,,,,,,,,,,,40.65625,5.5161815,-0.015968613,40.65625,5.5161815,27.429737,40.65625,5.5161815,-0.00053228706,40.65625,5.5161815,1.0000001e-07,40.65625,5.5161815,7.0,,,,,,,
40.65625,5.4562225,0.0024393874,40.65625,5.4562225,0.0011006991,,,,,,,,,,,,,,,,,,,,,,,,,,,,,,,,,,,,,,,,,,,,,,,,,,,,,,,,,,,,,40.65625,5.4562225,5.674357,40.65625,5.4562225,1.6451278,,,,,,,,,,,,,,,,,40.65625,5.5461607,0.0114472965,40.65625,5.5461607,-3.0473993e-05,,,,,,,,,,,,,,,,,,,,40.65625,5.5461607,0.010449305,40.65625,5.5461607,27.545977,40.65625,5.5461607,0.00034831016,40.65625,5.5461607,1.0000001e-07,40.65625,5.5461607,7.0,,,,,,,
40.65625,5.486202,0.003064108,40.65625,5.486202,0.0012345678,,,,,,,,,,,,,,,,,,,,,,,,,,,,,,,,,,,,,,,,,,,,,,,,,,,,,,,,,,,,,40.65625,5.486202,7.7360654,40.65625,5.486202,2.114762,,,,,,,,,,,,,,,,,40.65625,5.57614,0.0069019645,40.65625,5.57614,0.0012811364,,,,,,,,,,,,,,,,,,,,40.65625,5.57614,-0.017736837,40.65625,5.57614,27.421959,40.65625,5.57614,-0.00059122796,40.65625,5.57614,1.0000001e-07,40.65625,5.57614,7.0,,,,,,,
40.65625,5.516181,0.0021716496,40.65625,5.516181,0.0013684365,,,,,,,,,,,,,,,,,,,,,,,,,,,,,,,,,,,,,,,,,,,,,,,,,,,,,,,,,,,,,40.65625,5.516181,4.827594,40.65625,5.516181,2.532102,,,,,,,,,,,,,,,,,40.65625,5.606119,0.0079010315,40.65625,5.606119,6.664185e-05,,,,,,,,,,,,,,,,,,,,40.65625,5.606119,-0.011298512,40.65625,5.606119,27.450287,40.65625,5.606119,-0.00037661707,40.65625,5.606119,1.0000001e-07,40.65625,5.606119,7.0,,,,,,,
40.65625,5.5461607,0.0027517478,40.65625,5.5461607,0.0011750706,,,,,,,,,,,,,,,,,,,,,,,,,,,,,,,,,,,,,,,,,,,,,,,,,,,,,,,,,,,,,40.65625,5.5461607,6.742337,40.65625,5.5461607,1.9047099,,,,,,,,,,,,,,,,,40.65625,5.6360984,0.009554417,40.65625,5.6360984,-0.00014523536,,,,,,,,,,,,,,,,,,,,40.65625,5.6360984,0.0053612497,40.65625,5.6360984,27.523588,40.65625,5.6360984,0.00017870833,40.65625,5.6360984,1.0000001e-07,40.65625,5.6360984,7.0,,,,,,,
40.65625,5.57614,0.0022162725,40.65625,5.57614,0.0012940652,,,,,,,,,,,,,,,,,,,,,,,,,,,,,,,,,,,,,,,,,,,,,,,,,,,,,,,,,,,,,40.65625,5.57614,4.915663,40.65625,5.57614,2.321158,,,,,,,,,,,,,,,,,40.65625,5.6660776,0.006227391,40.65625,5.6660776,0.0017150764,,,,,,,,,,,,,,,,,,,,40.65625,5.6660776,-0.014958228,40.65625,5.6660776,27.434183,40.65625,5.6660776,-0.0004986075,40.65625,5.6660776,1.0000001e-07,40.65625,5.6660776,7.0,,,,,,,
40.65625,5.606119,0.0023947645,40.65625,5.606119,0.0010858248,,,,,,,,,,,,,,,,,,,,,,,,,,,,,,,,,,,,,,,,,,,,,,,,,,,,,,,,,,,,,40.65625,5.606119,5.58094,40.65625,5.606119,1.5767915,,,,,,,,,,,,,,,,,40.65625,5.696057,0.00732232,40.65625,5.696057,-0.00051397074,,,,,,,,,,,,,,,,,,,,40.65625,5.696057,-0.0062215603,40.65625,5.696057,27.472628,40.65625,5.696057,-0.00020738534,40.65625,5.696057,1.0000001e-07,40.65625,5.696057,7.0,,,,,,,
40.65625,5.6360984,0.0026030047,40.65625,5.6360984,0.0009817046,,,,,,,,,,,,,,,,,,,,,,,,,,,,,,,,,,,,,,,,,,,,,,,,,,,,,,,,,,,,,40.65625,5.6360984,6.276221,40.65625,5.6360984,1.1756253,,,,,,,,,,,,,,,,,40.65625,5.726036,0.010878307,40.65625,5.726036,0.002181911,,,,,,,,,,,,,,,,,,,,40.65625,5.726036,-0.0031079021,40.65625,5.726036,27.486326,40.65625,5.726036,-0.00010359672,40.65625,5.726036,1.0000001e-07,40.65625,5.726036,7.0,,,,,,,
40.65625,5.6660776,0.0020824037,40.65625,5.6660776,0.0012791909,,,,,,,,,,,,,,,,,,,,,,,,,,,,,,,,,,,,,,,,,,,,,,,,,,,,,,,,,,,,,40.65625,5.6660776,4.544214,40.65625,5.6660776,2.2820244,,,,,,,,,,,,,,,,,40.65625,5.7560153,0.004874799,40.65625,5.7560153,0.0015109129,,,,,,,,,,,,,,,,,,,,40.65625,5.7560153,-0.021448322,40.65625,5.7560153,27.405628,40.65625,5.7560153,-0.00071494404,40.65625,5.7560153,1.0000001e-07,40.65625,5.7560153,7.0,,,,,,,
40.65625,5.696057,0.0022311467,40.65625,5.696057,0.0010114532,,,,,,,,,,,,,,,,,,,,,,,,,,,,,,,,,,,,,,,,,,,,,,,,,,,,,,,,,,,,,40.65625,5.696057,4.964304,40.65625,5.696057,1.2850212,,,,,,,,,,,,,,,,,40.65625,5.7859945,0.0110804625,40.65625,5.7859945,0.00058735197,,,,,,,,,,,,,,,,,,,,40.65625,5.7859945,0.0037833143,40.65625,5.7859945,27.516645,40.65625,5.7859945,0.00012611046,40.65625,5.7859945,1.0000001e-07,40.65625,5.7859945,7.0,,,,,,,
40.65625,5.726036,0.0025881305,40.65625,5.726036,0.001383311,,,,,,,,,,,,,,,,,,,,,,,,,,,,,,,,,,,,,,,,,,,,,,,,,,,,,,,,,,,,,40.65625,5.726036,6.118668,40.65625,5.726036,2.6461535,,,,,,,,,,,,,,,,,40.65625,5.8159738,0.008016941,40.65625,5.8159738,0.0016201059,,,,,,,,,,,,,,,,,,,,40.65625,5.8159738,-0.016308643,40.65625,5.8159738,27.428242,40.65625,5.8159738,-0.0005436214,40.65625,5.8159738,1.0000001e-07,40.65625,5.8159738,7.0,,,,,,,
40.65625,5.7560153,0.0017997916,40.65625,5.7560153,0.0013535623,,,,,,,,,,,,,,,,,,,,,,,,,,,,,,,,,,,,,,,,,,,,,,,,,,,,,,,,,,,,,40.65625,5.7560153,3.5869386,40.65625,5.7560153,2.4941602,,,,,,,,,,,,,,,,,40.65625,5.845953,0.0085823275,40.65625,5.845953,0.0015219823,,,,,,,,,,,,,,,,,,,,40.65625,5.845953,-0.00020987277,40.65625,5.845953,27.499077,40.65625,5.845953,-6.995749e-06,40.65625,5.845953,1.0000001e-07,40.65625,5.845953,7.0,,,,,,,
40.65625,5.7859945,0.0026476276,40.65625,5.7859945,0.0010560761,,,,,,,,,,,,,,,,,,,,,,,,,,,,,,,,,,,,,,,,,,,,,,,,,,,,,,,,,,,,,40.65625,5.7859945,6.380417,40.65625,5.7859945,1.4336302,,,,,,,,,,,,,,,,,40.65625,5.875932,0.009754155,40.65625,5.875932,0.00042718262,,,,,,,,,,,,,,,,,,,,40.65625,5.875932,-0.001036851,40.65625,5.875932,27.49544,40.65625,5.875932,-3.4561697e-05,40.65625,5.875932,1.0000001e-07,40.65625,5.875932,7.0,,,,,,,
40.65625,5.8159738,0.0021716496,40.65625,5.8159738,0.0012643165,,,,,,,,,,,,,,,,,,,,,,,,,,,,,,,,,,,,,,,,,,,,,,,,,,,,,,,,,,,,,40.65625,5.8159738,4.8061447,40.65625,5.8159738,2.2339826,,,,,,,,,,,,,,,,,40.65625,5.9059114,0.008233487,40.65625,5.9059114,-0.0012703828,,,,,,,,,,,,,,,,,,,,40.65625,5.9059114,-0.00682938,40.65625,5.9059114,27.46995,40.65625,5.9059114,-0.00022764603,40.65625,5.9059114,1.0000001e-07,40.65625,5.9059114,7.0,,,,,,,
40.65625,5.845953,0.002290644,40.65625,5.845953,0.0011750706,,,,,,,,,,,,,,,,,,,,,,,,,,,,,,,,,,,,,,,,,,,,,,,,,,,,,,,,,,,,,40.65625,5.845953,5.225197,40.65625,5.845953,1.9162246,,,,,,,,,,,,,,,,,40.65625,5.9358907,0.007872104,40.65625,5.9358907,-0.00017659116,,,,,,,,,,,,,,,,,,,,40.65625,5.9358907,-0.005620465,40.65625,5.9358907,27.475271,40.65625,5.9358907,-0.00018734884,40.65625,5.9358907,1.0000001e-07,40.65625,5.9358907,7.0,,,,,,,
40.65625,5.875932,0.0024096386,40.65625,5.875932,0.0011006991,,,,,,,,,,,,,,,,,,,,,,,,,,,,,,,,,,,,,,,,,,,,,,,,,,,,,,,,,,,,,40.65625,5.875932,5.6693687,40.65625,5.875932,1.6372392,,,,,,,,,,,,,,,,,40.65625,5.96587,0.008737913,40.65625,5.96587,-0.00027556968,,,,,,,,,,,,,,,,,,,,40.65625,5.96587,-0.0035567086,40.65625,5.96587,27.484352,40.65625,5.96587,-0.00011855695,40.65625,5.96587,1.0000001e-07,40.65625,5.96587,7.0,,,,,,,
40.65625,5.9059114,0.002201398,40.65625,5.9059114,0.0008478358,,,,,,,,,,,,,,,,,,,,,,,,,,,,,,,,,,,,,,,,,,,,,,,,,,,,,,,,,,,,,40.65625,5.9059114,4.8796406,40.65625,5.9059114,0.67778236,,,,,,,,,,,,,,,,,40.65625,5.995849,0.009401244,40.65625,5.995849,0.001127187,,,,,,,,,,,,,,,,,,,,40.65625,5.995849,0.0,40.65625,5.995849,27.5,40.65625,5.995849,0.0,40.65625,5.995849,1.0000001e-07,40.65625,5.995849,7.0,,,,,,,
40.65625,5.9358907,0.0021716496,40.65625,5.9358907,0.0010412019,,,,,,,,,,,,,,,,,,,,,,,,,,,,,,,,,,,,,,,,,,,,,,,,,,,,,,,,,,,,,40.65625,5.9358907,4.813802,40.65625,5.9358907,1.4107356,,,,,,,,,,,,,,,,,40.65625,6.0258284,0.009427341,40.65625,6.0258284,0.0020589153,,,,,,,,,,,,,,,,,,,,,,,,,,,,,40.65625,6.0258284,1.0000001e-07,40.65625,6.0258284,7.0,,,,,,,
40.65625,5.96587,0.0022311467,40.65625,5.96587,0.001100699,,,,,,,,,,,,,,,,,,,,,,,,,,,,,,,,,,,,,,,,,,,,,,,,,,,,,,,,,,,,,40.65625,5.96587,4.975061,40.65625,5.96587,1.6408156,,,,,,,,,,,,,,,,,40.65625,6.0558076,0.0076503092,40.65625,6.0558076,0.0010796334,,,,,,,,,,,,,,,,,,,,,,,,,,,,,40.65625,6.0558076,1.0000001e-07,40.65625,6.0558076,7.0,,,,,,,
40.65625,5.995849,0.002335267,40.65625,5.995849,0.0011155735,,,,,,,,,,,,,,,,,,,,,,,,,,,,,,,,,,,,,,,,,,,,,,,,,,,,,,,,,,,,,40.65625,5.995849,5.4130955,40.65625,5.995849,1.6217102,,,,,,,,,,,,,,,,,40.65625,6.085787,0.008349669,40.65625,6.085787,0.00015652119,,,,,,,,,,,,,,,,,,,,,,,,,,,,,40.65625,6.085787,1.0000001e-07,40.65625,6.085787,7.0,,,,,,,
40.65625,6.0258284,0.0022757696,40.65625,6.0258284,0.001234568,,,,,,,,,,,,,,,,,,,,,,,,,,,,,,,,,,,,,,,,,,,,,,,,,,,,,,,,,,,,,40.65625,6.0258284,5.1618514,40.65625,6.0258284,2.1093948,,,,,,,,,,,,,,,,,40.65625,6.115766,0.00978112,40.65625,6.115766,-0.0004664048,,,,,,,,,,,,,,,,,,,,,,,,,,,,,40.65625,6.115766,1.0000001e-07,40.65625,6.115766,7.0,,,,,,,
40.65625,6.0558076,0.0020080323,40.65625,6.0558076,0.001145322,,,,,,,,,,,,,,,,,,,,,,,,,,,,,,,,,,,,,,,,,,,,,,,,,,,,,,,,,,,,,40.65625,6.0558076,4.2062936,40.65625,6.0558076,1.7780399,,,,,,,,,,,,,,,,,40.65625,6.1457453,0.0072658136,40.65625,6.1457453,0.002140798,,,,,,,,,,,,,,,,,,,,,,,,,,,,,40.65625,6.1457453,1.0000001e-07,40.65625,6.1457453,7.0,,,,,,,
40.65625,6.085787,0.0021567752,40.65625,6.085787,0.0010560761,,,,,,,,,,,,,,,,,,,,,,,,,,,,,,,,,,,,,,,,,,,,,,,,,,,,,,,,,,,,,40.65625,6.085787,4.757793,40.65625,6.085787,1.4985348,,,,,,,,,,,,,,,,,40.65625,6.1757245,0.0086151045,40.65625,6.1757245,0.001756891,,,,,,,,,,,,,,,,,,,,,,,,,,,,,40.65625,6.1757245,1.0000001e-07,40.65625,6.1757245,7.0,,,,,,,
40.65625,6.115766,0.0022162725,40.65625,6.115766,0.0010560761,,,,,,,,,,,,,,,,,,,,,,,,,,,,,,,,,,,,,,,,,,,,,,,,,,,,,,,,,,,,,40.65625,6.115766,5.0422497,40.65625,6.115766,1.4999018,,,,,,,,,,,,,,,,,40.65625,6.2057037,0.009241679,40.65625,6.2057037,0.0009931911,,,,,,,,,,,,,,,,,,,,,,,,,,,,,40.65625,6.2057037,1.0000001e-07,40.65625,6.2057037,7.0,,,,,,,
40.65625,6.1457453,0.0019634094,40.65625,6.1457453,0.0013089395,,,,,,,,,,,,,,,,,,,,,,,,,,,,,,,,,,,,,,,,,,,,,,,,,,,,,,,,,,,,,40.65625,6.1457453,4.1868863,40.65625,6.1457453,2.3729293,,,,,,,,,,,,,,,,,40.65625,6.235683,0.007922559,40.65625,6.235683,0.0009427306,,,,,,,,,,,,,,,,,,,,,,,,,,,,,40.65625,6.235683,1.0000001e-07,40.65625,6.235683,7.0,,,,,,,
40.65625,6.1757245,0.002097278,40.65625,6.1757245,0.0012643165,,,,,,,,,,,,,,,,,,,,,,,,,,,,,,,,,,,,,,,,,,,,,,,,,,,,,,,,,,,,,40.65625,6.1757245,4.6369543,40.65625,6.1757245,2.2019491,,,,,,,,,,,,,,,,,40.65625,6.2656627,0.008379282,40.65625,6.2656627,-0.00090433034,,,,,,,,,,,,,,,,,,,,,,,,,,,,,40.65625,6.2656627,1.0000001e-07,40.65625,6.2656627,7.0,,,,,,,
40.65625,6.2057037,0.0020824035,40.65625,6.2057037,0.0012196936,,,,,,,,,,,,,,,,,,,,,,,,,,,,,,,,,,,,,,,,,,,,,,,,,,,,,,,,,,,,,40.65625,6.2057037,4.5877924,40.65625,6.2057037,2.1081562,,,,,,,,,,,,,,,,,40.65625,6.295642,0.0077761346,40.65625,6.295642,0.0012455556,,,,,,,,,,,,,,,,,,,,,,,,,,,,,40.65625,6.295642,1.0000001e-07,40.65625,6.295642,7.0,,,,,,,
40.65625,6.235683,0.0019782835,40.65625,6.235683,0.0011155733,,,,,,,,,,,,,,,,,,,,,,,,,,,,,,,,,,,,,,,,,,,,,,,,,,,,,,,,,,,,,40.65625,6.235683,4.2243576,40.65625,6.235683,1.6870594,,,,,,,,,,,,,,,,,40.65625,6.325621,0.0063255634,40.65625,6.325621,0.0008449187,,,,,,,,,,,,,,,,,,,,,,,,,,,,,40.65625,6.325621,1.0000001e-07,40.65625,6.325621,7.0,,,,,,,
40.65625,6.265662,0.002186524,40.65625,6.265662,0.0010412019,,,,,,,,,,,,,,,,,,,,,,,,,,,,,,,,,,,,,,,,,,,,,,,,,,,,,,,,,,,,,40.65625,6.265662,4.9035,40.65625,6.265662,1.4230982,,,,,,,,,,,,,,,,,40.65625,6.3556004,0.007925611,40.65625,6.3556004,0.00032591567,,,,,,,,,,,,,,,,,,,,,,,,,,,,,40.65625,6.3556004,1.0000001e-07,40.65625,6.3556004,7.0,,,,,,,
40.65625,6.2956414,0.0019336608,40.65625,6.2956414,0.0011899449,,,,,,,,,,,,,,,,,,,,,,,,,,,,,,,,,,,,,,,,,,,,,,,,,,,,,,,,,,,,,40.65625,6.2956414,3.9699733,40.65625,6.2956414,1.957004,,,,,,,,,,,,,,,,,40.65625,6.3855796,0.010737905,40.65625,6.3855796,-0.001115601,,,,,,,,,,,,,,,,,,,,,,,,,,,,,40.65625,6.3855796,1.0000001e-07,40.65625,6.3855796,7.0,,,,,,,
40.65625,6.3256207,0.0018741633,40.65625,6.3256207,0.0011304476,,,,,,,,,,,,,,,,,,,,,,,,,,,,,,,,,,,,,,,,,,,,,,,,,,,,,,,,,,,,,40.65625,6.3256207,3.8750486,40.65625,6.3256207,1.6488738,,,,,,,,,,,,,,,,,40.65625,6.415559,0.009999895,40.65625,6.415559,-0.0012416852,,,,,,,,,,,,,,,,,,,,,,,,,,,,,40.65625,6.415559,1.0000001e-07,40.65625,6.415559,7.0,,,,,,,
40.65625,6.3556,0.0019634091,40.65625,6.3556,0.0010412018,,,,,,,,,,,,,,,,,,,,,,,,,,,,,,,,,,,,,,,,,,,,,,,,,,,,,,,,,,,,,40.65625,6.3556,4.221775,40.65625,6.3556,1.4354187,,,,,,,,,,,,,,,,,40.65625,6.445538,0.010079801,40.65625,6.445538,-0.00038809865,,,,,,,,,,,,,,,,,,,,,,,,,,,,,40.65625,6.445538,1.0000001e-07,40.65625,6.445538,7.0,,,,,,,
40.65625,6.385579,0.0022608954,40.65625,6.385579,0.0009817046,,,,,,,,,,,,,,,,,,,,,,,,,,,,,,,,,,,,,,,,,,,,,,,,,,,,,,,,,,,,,40.65625,6.385579,5.1160693,40.65625,6.385579,1.2222401,,,,,,,,,,,,,,,,,40.65625,6.4755173,0.009342314,40.65625,6.4755173,-0.00075401703,,,,,,,,,,,,,,,,,,,,,,,,,,,,,40.65625,6.4755173,1.0000001e-07,40.65625,6.4755173,7.0,,,,,,,
40.65625,6.415559,0.0023501413,40.65625,6.415559,0.0008924587,,,,,,,,,,,,,,,,,,,,,,,,,,,,,,,,,,,,,,,,,,,,,,,,,,,,,,,,,,,,,40.65625,6.415559,5.363251,40.65625,6.415559,0.8540072,,,,,,,,,,,,,,,,,40.65625,6.5054965,0.011240335,40.65625,6.5054965,-0.00042436857,,,,,,,,,,,,,,,,,,,,,,,,,,,,,40.65625,6.5054965,1.0000001e-07,40.65625,6.5054965,7.0,,,,,,,
40.65625,6.445538,0.002097278,40.65625,6.445538,0.00093708164,,,,,,,,,,,,,,,,,,,,,,,,,,,,,,,,,,,,,,,,,,,,,,,,,,,,,,,,,,,,,40.65625,6.445538,4.650865,40.65625,6.445538,1.0352931,,,,,,,,,,,,,,,,,40.65625,6.5354757,0.009214484,40.65625,6.5354757,-0.002093572,,,,,,,,,,,,,,,,,,,,,,,,,,,,,40.65625,6.5354757,1.0000001e-07,40.65625,6.5354757,7.0,,,,,,,
40.65625,6.4755173,0.0019782835,40.65625,6.4755173,0.0008924588,,,,,,,,,,,,,,,,,,,,,,,,,,,,,,,,,,,,,,,,,,,,,,,,,,,,,,,,,,,,,40.65625,6.4755173,4.256687,40.65625,6.4755173,0.8937713,,,,,,,,,,,,,,,,,40.65625,6.565455,0.009174584,40.65625,6.565455,0.00018695976,,,,,,,,,,,,,,,,,,,,,,,,,,,,,40.65625,6.565455,1.0000001e-07,40.65625,6.565455,7.0,,,,,,,
40.65625,6.5054965,0.0020526552,40.65625,6.5054965,0.0010114531,,,,,,,,,,,,,,,,,,,,,,,,,,,,,,,,,,,,,,,,,,,,,,,,,,,,,,,,,,,,,40.65625,6.5054965,4.4870644,40.65625,6.5054965,1.3290018,,,,,,,,,,,,,,,,,40.65625,6.595434,0.0071646506,40.65625,6.595434,0.0017683535,,,,,,,,,,,,,,,,,,,,,,,,,,,,,40.65625,6.595434,1.0000001e-07,40.65625,6.595434,7.0,,,,,,,
40.65625,6.5354757,0.0019336604,40.65625,6.5354757,0.0008478358,,,,,,,,,,,,,,,,,,,,,,,,,,,,,,,,,,,,,,,,,,,,,,,,,,,,,,,,,,,,,40.65625,6.5354757,4.0694423,40.65625,6.5354757,0.7432428,,,,,,,,,,,,,,,,,40.65625,6.6254134,0.0073675048,40.65625,6.6254134,-0.00056865555,,,,,,,,,,,,,,,,,,,,,,,,,,,,,40.65625,6.6254134,1.0000001e-07,40.65625,6.6254134,7.0,,,,,,,
40.65625,6.565455,0.0020229064,40.65625,6.565455,0.0010560761,,,,,,,,,,,,,,,,,,,,,,,,,,,,,,,,,,,,,,,,,,,,,,,,,,,,,,,,,,,,,40.65625,6.565455,4.318957,40.65625,6.565455,1.462657,,,,,,,,,,,,,,,,,40.65625,6.6553926,0.012589475,40.65625,6.6553926,0.0018363243,,,,,,,,,,,,,,,,,,,,,,,,,,,,,40.65625,6.6553926,1.0000001e-07,40.65625,6.6553926,7.0,,,,,,,
40.65625,6.595434,0.0018444149,40.65625,6.595434,0.001145322,,,,,,,,,,,,,,,,,,,,,,,,,,,,,,,,,,,,,,,,,,,,,,,,,,,,,,,,,,,,,40.65625,6.595434,3.7521334,40.65625,6.595434,1.7721939,,,,,,,,,,,,,,,,,40.65625,6.685372,0.008954622,40.65625,6.685372,-0.00066895934,,,,,,,,,,,,,,,,,,,,,,,,,,,,,40.65625,6.685372,1.0000001e-07,40.65625,6.685372,7.0,,,,,,,
40.65625,6.6254134,0.0017849174,40.65625,6.6254134,0.0010858248,,,,,,,,,,,,,,,,,,,,,,,,,,,,,,,,,,,,,,,,,,,,,,,,,,,,,,,,,,,,,40.65625,6.6254134,3.4912734,40.65625,6.6254134,1.5047029,,,,,,,,,,,,,,,,,40.65625,6.715351,0.006911113,40.65625,6.715351,-0.0013371733,,,,,,,,,,,,,,,,,,,,,,,,,,,,,40.65625,6.715351,1.0000001e-07,40.65625,6.715351,7.0,,,,,,,
40.65625,6.6553926,0.0023501413,40.65625,6.6553926,0.0011006991,,,,,,,,,,,,,,,,,,,,,,,,,,,,,,,,,,,,,,,,,,,,,,,,,,,,,,,,,,,,,40.65625,6.6553926,5.4340324,40.65625,6.6553926,1.606333,,,,,,,,,,,,,,,,,40.65625,6.7453303,0.0076240385,40.65625,6.7453303,0.0012670734,,,,,,,,,,,,,,,,,,,,,,,,,,,,,40.65625,6.7453303,1.0000001e-07,40.65625,6.7453303,7.0,,,,,,,
40.65625,6.685372,0.002008032,40.65625,6.685372,0.0008924587,,,,,,,,,,,,,,,,,,,,,,,,,,,,,,,,,,,,,,,,,,,,,,,,,,,,,,,,,,,,,40.65625,6.685372,4.336725,40.65625,6.685372,0.87261355,,,,,,,,,,,,,,,,,40.65625,6.7753096,0.0062558847,40.65625,6.7753096,0.00036243175,,,,,,,,,,,,,,,,,,,,,,,,,,,,,40.65625,6.7753096,1.0000001e-07,40.65625,6.7753096,7.0,,,,,,,
40.65625,6.715351,0.0017402944,40.65625,6.715351,0.00090733304,,,,,,,,,,,,,,,,,,,,,,,,,,,,,,,,,,,,,,,,,,,,,,,,,,,,,,,,,,,,,40.65625,6.715351,3.4048426,40.65625,6.715351,0.9705549,,,,,,,,,,,,,,,,,40.65625,6.805289,0.0035476452,40.65625,6.805289,0.0016147926,,,,,,,,,,,,,,,,,,,,,,,,,,,,,40.65625,6.805289,1.0000001e-07,40.65625,6.805289,7.0,,,,,,,
40.65625,6.7453303,0.0017849174,40.65625,6.7453303,0.001100699,,,,,,,,,,,,,,,,,,,,,,,,,,,,,,,,,,,,,,,,,,,,,,,,,,,,,,,,,,,,,40.65625,6.7453303,3.550342,40.65625,6.7453303,1.5982965,,,,,,,,,,,,,,,,,40.65625,6.835268,0.008081844,40.65625,6.835268,-0.0027482999,,,,,,,,,,,,,,,,,,,,,,,,,,,,,40.65625,6.835268,1.0000001e-07,40.65625,6.835268,7.0,,,,,,,
40.65625,6.7753096,0.0016064257,40.65625,6.7753096,0.0010858248,,,,,,,,,,,,,,,,,,,,,,,,,,,,,,,,,,,,,,,,,,,,,,,,,,,,,,,,,,,,,40.65625,6.7753096,2.9898813,40.65625,6.7753096,1.5767349,,,,,,,,,,,,,,,,,40.65625,6.8652472,0.007325526,40.65625,6.8652472,-0.00034366816,,,,,,,,,,,,,,,,,,,,,,,,,,,,,40.65625,6.8652472,1.0000001e-07,40.65625,6.8652472,7.0,,,,,,,
40.65625,6.805289,0.0014428082,40.65625,6.805289,0.0011601963,,,,,,,,,,,,,,,,,,,,,,,,,,,,,,,,,,,,,,,,,,,,,,,,,,,,,,,,,,,,,40.65625,6.805289,2.4446099,40.65625,6.805289,1.8551672,,,,,,,,,,,,,,,,,40.65625,6.8952265,0.0060537937,40.65625,6.8952265,0.0017771878,,,,,,,,,,,,,,,,,,,,,,,,,,,,,40.65625,6.8952265,1.0000001e-07,40.65625,6.8952265,7.0,,,,,,,
40.65625,6.835268,0.0018146661,40.65625,6.835268,0.0007585899,,,,,,,,,,,,,,,,,,,,,,,,,,,,,,,,,,,,,,,,,,,,,,,,,,,,,,,,,,,,,40.65625,6.835268,3.6374474,40.65625,6.835268,0.40327445,,,,,,,,,,,,,,,,,40.65625,6.9252057,0.008858393,40.65625,6.9252057,0.00018390294,,,,,,,,,,,,,,,,,,,,,,,,,,,,,40.65625,6.9252057,1.0000001e-07,40.65625,6.9252057,7.0,,,,,,,
40.65625,6.8652472,0.0017700432,40.65625,6.8652472,0.0010412019,,,,,,,,,,,,,,,,,,,,,,,,,,,,,,,,,,,,,,,,,,,,,,,,,,,,,,,,,,,,,40.65625,6.8652472,3.525287,40.65625,6.8652472,1.4283328,,,,,,,,,,,,,,,,,40.65625,6.955185,0.0077947825,40.65625,6.955185,0.00078151433,,,,,,,,,,,,,,,,,,,,,,,,,,,,,40.65625,6.955185,1.0000001e-07,40.65625,6.955185,7.0,,,,,,,
40.65625,6.8952265,0.0015618027,40.65625,6.8952265,0.0011304476,,,,,,,,,,,,,,,,,,,,,,,,,,,,,,,,,,,,,,,,,,,,,,,,,,,,,,,,,,,,,40.65625,6.8952265,2.8895695,40.65625,6.8952265,1.7796503,,,,,,,,,,,,,,,,,40.65625,6.985164,0.0072566695,40.65625,6.985164,0.0026138697,,,,,,,,,,,,,,,,,,,,,,,,,,,,,40.65625,6.985164,1.0000001e-07,40.65625,6.985164,7.0,,,,,,,
40.65625,6.9252057,0.0018146661,40.65625,6.9252057,0.000951956,,,,,,,,,,,,,,,,,,,,,,,,,,,,,,,,,,,,,,,,,,,,,,,,,,,,,,,,,,,,,40.65625,6.9252057,3.7351336,40.65625,6.9252057,1.1045914,,,,,,,,,,,,,,,,,40.65625,7.0151434,0.008716383,40.65625,7.0151434,5.621375e-05,,,,,,,,,,,,,,,,,,,,,,,,,,,,,40.65625,7.0151434,1.0000001e-07,40.65625,7.0151434,7.0,,,,,,,
40.65625,6.955185,0.0017849174,40.65625,6.955185,0.0010263275,,,,,,,,,,,,,,,,,,,,,,,,,,,,,,,,,,,,,,,,,,,,,,,,,,,,,,,,,,,,,40.65625,6.955185,3.5517275,40.65625,6.955185,1.3494846,,,,,,,,,,,,,,,,,40.65625,7.0451226,0.009029419,40.65625,7.0451226,-0.0009533538,,,,,,,,,,,,,,,,,,,,,,,,,,,,,40.65625,7.0451226,1.0000001e-07,40.65625,7.0451226,7.0,,,,,,,
40.65625,6.985164,0.0017849174,40.65625,6.985164,0.0011899449,,,,,,,,,,,,,,,,,,,,,,,,,,,,,,,,,,,,,,,,,,,,,,,,,,,,,,,,,,,,,40.65625,6.985164,3.4873152,40.65625,6.985164,1.9247489,,,,,,,,,,,,,,,,,40.65625,7.0751023,0.010642071,40.65625,7.0751023,-0.0012140812,,,,,,,,,,,,,,,,,,,,,,,,,,,,,40.65625,7.0751023,1.0000001e-07,40.65625,7.0751023,7.0,,,,,,,
40.65625,7.0151434,0.0018741633,40.65625,7.0151434,0.0009817047,,,,,,,,,,,,,,,,,,,,,,,,,,,,,,,,,,,,,,,,,,,,,,,,,,,,,,,,,,,,,40.65625,7.0151434,3.8621275,40.65625,7.0151434,1.2085943,,,,,,,,,,,,,,,,,40.65625,7.1050816,0.0077772066,40.65625,7.1050816,0.003736299,,,,,,,,,,,,,,,,,,,,,,,,,,,,,40.65625,7.1050816,1.0000001e-07,40.65625,7.1050816,7.0,,,,,,,
40.65625,7.0451226,0.0018146661,40.65625,7.0451226,0.00087758445,,,,,,,,,,,,,,,,,,,,,,,,,,,,,,,,,,,,,,,,,,,,,,,,,,,,,,,,,,,,,40.65625,7.0451226,3.5855823,40.65625,7.0451226,0.8103346,,,,,,,,,,,,,,,,,40.65625,7.135061,0.010162425,40.65625,7.135061,0.00091457646,,,,,,,,,,,,,,,,,,,,,,,,,,,,,40.65625,7.135061,1.0000001e-07,40.65625,7.135061,7.0,,,,,,,
40.65625,7.075102,0.0019187863,40.65625,7.075102,0.00093708164,,,,,,,,,,,,,,,,,,,,,,,,,,,,,,,,,,,,,,,,,,,,,,,,,,,,,,,,,,,,,40.65625,7.075102,3.9568553,40.65625,7.075102,1.0542142,,,,,,,,,,,,,,,,,40.65625,7.16504,0.010083024,40.65625,7.16504,0.0019098818,,,,,,,,,,,,,,,,,,,,,,,,,,,,,40.65625,7.16504,1.0000001e-07,40.65625,7.16504,7.0,,,,,,,
40.65625,7.105081,0.0017700432,40.65625,7.105081,0.001145322,,,,,,,,,,,,,,,,,,,,,,,,,,,,,,,,,,,,,,,,,,,,,,,,,,,,,,,,,,,,,40.65625,7.105081,3.4627423,40.65625,7.105081,1.7824944,,,,,,,,,,,,,,,,,40.65625,7.1950192,0.008919861,40.65625,7.1950192,-0.0029918482,,,,,,,,,,,,,,,,,,,,,,,,,,,,,40.65625,7.1950192,1.0000001e-07,40.65625,7.1950192,7.0,,,,,,,
40.65625,7.1350603,0.0019634094,40.65625,7.1350603,0.000996579,,,,,,,,,,,,,,,,,,,,,,,,,,,,,,,,,,,,,,,,,,,,,,,,,,,,,,,,,,,,,40.65625,7.1350603,4.159565,40.65625,7.1350603,1.2605807,,,,,,,,,,,,,,,,,40.65625,7.2249985,0.0058476254,40.65625,7.2249985,0.00012197255,,,,,,,,,,,,,,,,,,,,,,,,,,,,,40.65625,7.2249985,1.0000001e-07,40.65625,7.2249985,7.0,,,,,,,
40.65625,7.1650395,0.0018295401,40.65625,7.1650395,0.0010858248,,,,,,,,,,,,,,,,,,,,,,,,,,,,,,,,,,,,,,,,,,,,,,,,,,,,,,,,,,,,,40.65625,7.1650395,3.6506894,40.65625,7.1650395,1.5396906,,,,,,,,,,,,,,,,,40.65625,7.2549777,0.0053347903,40.65625,7.2549777,-0.0013792738,,,,,,,,,,,,,,,,,,,,,,,,,,,,,40.65625,7.2549777,1.0000001e-07,40.65625,7.2549777,7.0,,,,,,,
40.65625,7.195019,0.0017849175,40.65625,7.195019,0.00077346415,,,,,,,,,,,,,,,,,,,,,,,,,,,,,,,,,,,,,,,,,,,,,,,,,,,,,,,,,,,,,40.65625,7.195019,3.613636,40.65625,7.195019,0.44170114,,,,,,,,,,,,,,,,,40.65625,7.284957,0.0050842194,40.65625,7.284957,0.0013378101,,,,,,,,,,,,,,,,,,,,,,,,,,,,,40.65625,7.284957,1.0000001e-07,40.65625,7.284957,7.0,,,,,,,
40.65625,7.224998,0.0015023056,40.65625,7.224998,0.0009668303,,,,,,,,,,,,,,,,,,,,,,,,,,,,,,,,,,,,,,,,,,,,,,,,,,,,,,,,,,,,,40.65625,7.224998,2.6466577,40.65625,7.224998,1.1672654,,,,,,,,,,,,,,,,,40.65625,7.314936,0.008052981,40.65625,7.314936,1.0307956e-05,,,,,,,,,,,,,,,,,,,,,,,,,,,,,40.65625,7.314936,1.0000001e-07,40.65625,7.314936,7.0,,,,,,,
40.65625,7.2549777,0.0016064257,40.65625,7.2549777,0.00083296146,,,,,,,,,,,,,,,,,,,,,,,,,,,,,,,,,,,,,,,,,,,,,,,,,,,,,,,,,,,,,40.65625,7.2549777,2.9601417,40.65625,7.2549777,0.65702695,,,,,,,,,,,,,,,,,40.65625,7.3449154,0.010156721,40.65625,7.3449154,0.0028054938,,,,,,,,,,,,,,,,,,,,,,,,,,,,,40.65625,7.3449154,1.0000001e-07,40.65625,7.3449154,7.0,,,,,,,
40.65625,7.284957,0.001532054,40.65625,7.284957,0.0010114531,,,,,,,,,,,,,,,,,,,,,,,,,,,,,,,,,,,,,,,,,,,,,,,,,,,,,,,,,,,,,40.65625,7.284957,2.7624776,40.65625,7.284957,1.2687609,,,,,,,,,,,,,,,,,40.65625,7.3748946,0.008661014,40.65625,7.3748946,0.0015072775,,,,,,,,,,,,,,,,,,,,,,,,,,,,,40.65625,7.3748946,1.0000001e-07,40.65625,7.3748946,7.0,,,,,,,
40.65625,7.314936,0.0016807972,40.65625,7.314936,0.0008924587,,,,,,,,,,,,,,,,,,,,,,,,,,,,,,,,,,,,,,,,,,,,,,,,,,,,,,,,,,,,,40.65625,7.314936,3.264091,40.65625,7.314936,0.8699621,,,,,,,,,,,,,,,,,40.65625,7.404874,0.010274953,40.65625,7.404874,0.00031051127,,,,,,,,,,,,,,,,,,,,,,,,,,,,,40.65625,7.404874,1.0000001e-07,40.65625,7.404874,7.0,,,,,,,
40.65625,7.3449154,0.0019187863,40.65625,7.3449154,0.0011899449,,,,,,,,,,,,,,,,,,,,,,,,,,,,,,,,,,,,,,,,,,,,,,,,,,,,,,,,,,,,,40.65625,7.3449154,4.087334,40.65625,7.3449154,1.9531419,,,,,,,,,,,,,,,,,40.65625,7.434853,0.0035196047,40.65625,7.434853,-0.002142974,,,,,,,,,,,,,,,,,,,,,,,,,,,,,40.65625,7.434853,1.0000001e-07,40.65625,7.434853,7.0,,,,,,,
40.65625,7.3748946,0.0017254201,40.65625,7.3748946,0.0010412018,,,,,,,,,,,,,,,,,,,,,,,,,,,,,,,,,,,,,,,,,,,,,,,,,,,,,,,,,,,,,40.65625,7.3748946,3.447914,40.65625,7.3748946,1.4012859,,,,,,,,,,,,,,,,,40.65625,7.4648323,0.005525876,40.65625,7.4648323,-0.0012538288,,,,,,,,,,,,,,,,,,,,,,,,,,,,,40.65625,7.4648323,1.0000001e-07,40.65625,7.4648323,7.0,,,,,,,
40.65625,7.404874,0.0018444146,40.65625,7.404874,0.0009668303,,,,,,,,,,,,,,,,,,,,,,,,,,,,,,,,,,,,,,,,,,,,,,,,,,,,,,,,,,,,,40.65625,7.404874,3.670216,40.65625,7.404874,1.1660261,,,,,,,,,,,,,,,,,40.65625,7.4948115,0.0069313785,40.65625,7.4948115,0.0021462338,,,,,,,,,,,,,,,,,,,,,,,,,,,,,40.65625,7.4948115,1.0000001e-07,40.65625,7.4948115,7.0,,,,,,,
40.65625,7.434853,0.001383311,40.65625,7.434853,0.0007585899,,,,,,,,,,,,,,,,,,,,,,,,,,,,,,,,,,,,,,,,,,,,,,,,,,,,,,,,,,,,,40.65625,7.434853,2.2105713,40.65625,7.434853,0.4148545,,,,,,,,,,,,,,,,,40.65625,7.524791,0.009869925,40.65625,7.524791,0.0013259777,,,,,,,,,,,,,,,,,,,,,,,,,,,,,40.65625,7.524791,1.0000001e-07,40.65625,7.524791,7.0,,,,,,,
40.65625,7.4648323,0.0015171799,40.65625,7.4648323,0.00083296146,,,,,,,,,,,,,,,,,,,,,,,,,,,,,,,,,,,,,,,,,,,,,,,,,,,,,,,,,,,,,40.65625,7.4648323,2.6262333,40.65625,7.4648323,0.6434133,,,,,,,,,,,,,,,,,40.65625,7.55477,0.008553569,40.65625,7.55477,0.002122427,,,,,,,,,,,,,,,,,,,,,,,,,,,,,40.65625,7.55477,1.0000001e-07,40.65625,7.55477,7.0,,,,,,,
40.65625,7.4948115,0.001472557,40.65625,7.4948115,0.0010412018,,,,,,,,,,,,,,,,,,,,,,,,,,,,,,,,,,,,,,,,,,,,,,,,,,,,,,,,,,,,,40.65625,7.4948115,2.5538416,40.65625,7.4948115,1.3988471,,,,,,,,,,,,,,,,,40.65625,7.584749,0.012258376,40.65625,7.584749,-0.0008867432,,,,,,,,,,,,,,,,,,,,,,,,,,,,,40.65625,7.584749,1.0000001e-07,40.65625,7.584749,7.0,,,,,,,
40.65625,7.524791,0.0017700432,40.65625,7.524791,0.0010263275,,,,,,,,,,,,,,,,,,,,,,,,,,,,,,,,,,,,,,,,,,,,,,,,,,,,,,,,,,,,,40.65625,7.524791,3.6244702,40.65625,7.524791,1.3294214,,,,,,,,,,,,,,,,,40.65625,7.6147285,0.005298349,40.65625,7.6147285,0.00469765,,,,,,,,,,,,,,,,,,,,,,,,,,,,,40.65625,7.6147285,1.0000001e-07,40.65625,7.6147285,7.0,,,,,,,
40.65625,7.55477,0.0016956716,40.65625,7.55477,0.0010858247,,,,,,,,,,,,,,,,,,,,,,,,,,,,,,,,,,,,,,,,,,,,,,,,,,,,,,,,,,,,,40.65625,7.55477,3.2454884,40.65625,7.55477,1.5640421,,,,,,,,,,,,,,,,,40.65625,7.6447077,0.008110224,40.65625,7.6447077,0.0017611819,,,,,,,,,,,,,,,,,,,,,,,,,,,,,40.65625,7.6447077,1.0000001e-07,40.65625,7.6447077,7.0,,,,,,,
40.65625,7.584749,0.0018741633,40.65625,7.584749,0.00090733304,,,,,,,,,,,,,,,,,,,,,,,,,,,,,,,,,,,,,,,,,,,,,,,,,,,,,,,,,,,,,40.65625,7.584749,3.809027,40.65625,7.584749,0.9477985,,,,,,,,,,,,,,,,,40.65625,7.674687,0.004981137,40.65625,7.674687,0.0047538816,,,,,,,,,,,,,,,,,,,,,,,,,,,,,40.65625,7.674687,1.0000001e-07,40.65625,7.674687,7.0,,,,,,,
40.65625,7.6147285,0.0015469284,40.65625,7.6147285,0.0012196936,,,,,,,,,,,,,,,,,,,,,,,,,,,,,,,,,,,,,,,,,,,,,,,,,,,,,,,,,,,,,40.65625,7.6147285,2.823136,40.65625,7.6147285,2.0308568,,,,,,,,,,,,,,,,,40.65625,7.704666,0.013150177,40.65625,7.704666,0.0015498922,,,,,,,,,,,,,,,,,,,,,,,,,,,,,40.65625,7.704666,1.0000001e-07,40.65625,7.704666,7.0,,,,,,,
40.65625,7.6447077,0.0015766771,40.65625,7.6447077,0.000996579,,,,,,,,,,,,,,,,,,,,,,,,,,,,,,,,,,,,,,,,,,,,,,,,,,,,,,,,,,,,,40.65625,7.6447077,2.8867304,40.65625,7.6447077,1.2696565,,,,,,,,,,,,,,,,,40.65625,7.7346454,0.0077916374,40.65625,7.7346454,0.00071599905,,,,,,,,,,,,,,,,,,,,,,,,,,,,,40.65625,7.7346454,1.0000001e-07,40.65625,7.7346454,7.0,,,,,,,
40.65625,7.674687,0.001383311,40.65625,7.674687,0.0011899448,,,,,,,,,,,,,,,,,,,,,,,,,,,,,,,,,,,,,,,,,,,,,,,,,,,,,,,,,,,,,40.65625,7.674687,2.1876802,40.65625,7.674687,1.9489356,,,,,,,,,,,,,,,,,40.65625,7.7646246,0.0087815495,40.65625,7.7646246,-0.002041542,,,,,,,,,,,,,,,,,,,,,,,,,,,,,40.65625,7.7646246,1.0000001e-07,40.65625,7.7646246,7.0,,,,,,,
40.65625,7.704666,0.001948535,40.65625,7.704666,0.0010858248,,,,,,,,,,,,,,,,,,,,,,,,,,,,,,,,,,,,,,,,,,,,,,,,,,,,,,,,,,,,,40.65625,7.704666,4.1264377,40.65625,7.704666,1.5615718,,,,,,,,,,,,,,,,,40.65625,7.794604,0.009827353,40.65625,7.794604,0.00041135604,,,,,,,,,,,,,,,,,,,,,,,,,,,,,40.65625,7.794604,1.0000001e-07,40.65625,7.794604,7.0,,,,,,,
40.65625,7.7346454,0.0015766771,40.65625,7.7346454,0.0010560763,,,,,,,,,,,,,,,,,,,,,,,,,,,,,,,,,,,,,,,,,,,,,,,,,,,,,,,,,,,,,40.65625,7.7346454,2.8987775,40.65625,7.7346454,1.4872952,,,,,,,,,,,,,,,,,40.65625,7.824583,0.0107587995,40.65625,7.824583,0.00048295822,,,,,,,,,,,,,,,,,,,,,,,,,,,,,40.65625,7.824583,1.0000001e-07,40.65625,7.824583,7.0,,,,,,,
40.65625,7.7646246,0.0016659229,40.65625,7.7646246,0.0007288413,,,,,,,,,,,,,,,,,,,,,,,,,,,,,,,,,,,,,,,,,,,,,,,,,,,,,,,,,,,,,40.65625,7.7646246,3.1447759,40.65625,7.7646246,0.29882878,,,,,,,,,,,,,,,,,40.65625,7.8545623,0.005984995,40.65625,7.8545623,0.0037121768,,,,,,,,,,,,,,,,,,,,,,,,,,,,,40.65625,7.8545623,1.0000001e-07,40.65625,7.8545623,7.0,,,,,,,
40.65625,7.794604,0.0016361744,40.65625,7.794604,0.00086271006,,,,,,,,,,,,,,,,,,,,,,,,,,,,,,,,,,,,,,,,,,,,,,,,,,,,,,,,,,,,,40.65625,7.794604,3.0215425,40.65625,7.794604,0.76452404,,,,,,,,,,,,,,,,,40.65625,7.8845415,0.0078062266,40.65625,7.8845415,0.0030071558,,,,,,,,,,,,,,,,,,,,,,,,,,,,,40.65625,7.8845415,1.0000001e-07,40.65625,7.8845415,7.0,,,,,,,
40.65625,7.824583,0.0017997918,40.65625,7.824583,0.0009817046,,,,,,,,,,,,,,,,,,,,,,,,,,,,,,,,,,,,,,,,,,,,,,,,,,,,,,,,,,,,,40.65625,7.824583,3.6568103,40.65625,7.824583,1.2301381,,,,,,,,,,,,,,,,,40.65625,7.914521,0.01142916,40.65625,7.914521,-0.00014333238,,,,,,,,,,,,,,,,,,,,,,,,,,,,,40.65625,7.914521,1.0000001e-07,40.65625,7.914521,7.0,,,,,,,
40.65625,7.8545623,0.001383311,40.65625,7.8545623,0.0011601964,,,,,,,,,,,,,,,,,,,,,,,,,,,,,,,,,,,,,,,,,,,,,,,,,,,,,,,,,,,,,40.65625,7.8545623,2.3186984,40.65625,7.8545623,1.8480301,,,,,,,,,,,,,,,,,40.65625,7.9445004,0.0092783775,40.65625,7.9445004,0.0004235478,,,,,,,,,,,,,,,,,,,,,,,,,,,,,40.65625,7.9445004,1.0000001e-07,40.65625,7.9445004,7.0,,,,,,,
40.65625,7.8845415,0.0015023055,40.65625,7.8845415,0.0010412019,,,,,,,,,,,,,,,,,,,,,,,,,,,,,,,,,,,,,,,,,,,,,,,,,,,,,,,,,,,,,40.65625,7.8845415,2.7007322,40.65625,7.8845415,1.4185952,,,,,,,,,,,,,,,,,40.65625,7.9744797,0.007530993,40.65625,7.9744797,8.097332e-06,,,,,,,,,,,,,,,,,,,,,,,,,,,,,40.65625,7.9744797,1.0000001e-07,40.65625,7.9744797,7.0,,,,,,,
40.65625,7.9145207,0.0017700432,40.65625,7.9145207,0.0008924587,,,,,,,,,,,,,,,,,,,,,,,,,,,,,,,,,,,,,,,,,,,,,,,,,,,,,,,,,,,,,40.65625,7.9145207,3.4931278,40.65625,7.9145207,0.8851979,,,,,,,,,,,,,,,,,40.65625,8.004458,0.008672145,40.65625,8.004458,0.0014568418,,,,,,,,,,,,,,,,,,,,,,,,,,,,,40.65625,8.004458,1.0000001e-07,40.65625,8.004458,7.0,,,,,,,
40.65625,7.9445,0.0016213,40.65625,7.9445,0.00090733304,,,,,,,,,,,,,,,,,,,,,,,,,,,,,,,,,,,,,,,,,,,,,,,,,,,,,,,,,,,,,40.65625,7.9445,3.0114834,40.65625,7.9445,0.91545177,,,,,,,,,,,,,,,,,40.65625,8.034438,0.010982599,40.65625,8.034438,0.00027067898,,,,,,,,,,,,,,,,,,,,,,,,,,,,,40.65625,8.034438,1.0000001e-07,40.65625,8.034438,7.0,,,,,,,
40.65625,7.974479,0.0015023055,40.65625,7.974479,0.0009222073,,,,,,,,,,,,,,,,,,,,,,,,,,,,,,,,,,,,,,,,,,,,,,,,,,,,,,,,,,,,,40.65625,7.974479,2.6105776,40.65625,7.974479,0.98680186,,,,,,,,,,,,,,,,,40.65625,8.064417,0.008345071,40.65625,8.064417,-0.0007226896,,,,,,,,,,,,,,,,,,,,,,,,,,,,,40.65625,8.064417,1.0000001e-07,40.65625,8.064417,7.0,,,,,,,
40.65625,8.004458,0.0016361743,40.65625,8.004458,0.0009519559,,,,,,,,,,,,,,,,,,,,,,,,,,,,,,,,,,,,,,,,,,,,,,,,,,,,,,,,,,,,,40.65625,8.004458,3.089691,40.65625,8.004458,1.0805116,,,,,,,,,,,,,,,,,40.65625,8.094397,0.010247055,40.65625,8.094397,0.0026400113,,,,,,,,,,,,,,,,,,,,,,,,,,,,,40.65625,8.094397,1.0000001e-07,40.65625,8.094397,7.0,,,,,,,
40.65625,8.034438,0.0017105459,40.65625,8.034438,0.0009668303,,,,,,,,,,,,,,,,,,,,,,,,,,,,,,,,,,,,,,,,,,,,,,,,,,,,,,,,,,,,,40.65625,8.034438,3.317625,40.65625,8.034438,1.151614,,,,,,,,,,,,,,,,,40.65625,8.124375,0.010884304,40.65625,8.124375,0.00026227077,,,,,,,,,,,,,,,,,,,,,,,,,,,,,40.65625,8.124375,1.0000001e-07,40.65625,8.124375,7.0,,,,,,,
40.65625,8.064417,0.0015618027,40.65625,8.064417,0.0007585899,,,,,,,,,,,,,,,,,,,,,,,,,,,,,,,,,,,,,,,,,,,,,,,,,,,,,,,,,,,,,40.65625,8.064417,2.8559766,40.65625,8.064417,0.4009098,,,,,,,,,,,,,,,,,40.65625,8.154355,0.0085587315,40.65625,8.154355,0.0025585033,,,,,,,,,,,,,,,,,,,,,,,,,,,,,40.65625,8.154355,1.0000001e-07,40.65625,8.154355,7.0,,,,,,,
40.65625,8.094397,0.0015766771,40.65625,8.094397,0.0011601963,,,,,,,,,,,,,,,,,,,,,,,,,,,,,,,,,,,,,,,,,,,,,,,,,,,,,,,,,,,,,40.65625,8.094397,2.9392653,40.65625,8.094397,1.8304648,,,,,,,,,,,,,,,,,40.65625,8.184334,0.0032216413,40.65625,8.184334,0.0008658586,,,,,,,,,,,,,,,,,,,,,,,,,,,,,40.65625,8.184334,1.0000001e-07,40.65625,8.184334,7.0,,,,,,,
40.65625,8.124375,0.0015766772,40.65625,8.124375,0.00092220743,,,,,,,,,,,,,,,,,,,,,,,,,,,,,,,,,,,,,,,,,,,,,,,,,,,,,,,,,,,,,40.65625,8.124375,2.9598262,40.65625,8.124375,0.98857373,,,,,,,,,,,,,,,,,40.65625,8.2143135,0.0074704075,40.65625,8.2143135,-0.0007175349,,,,,,,,,,,,,,,,,,,,,,,,,,,,,40.65625,8.2143135,1.0000001e-07,40.65625,8.2143135,7.0,,,,,,,
40.65625,8.154355,0.0015469282,40.65625,8.154355,0.0011155733,,,,,,,,,,,,,,,,,,,,,,,,,,,,,,,,,,,,,,,,,,,,,,,,,,,,,,,,,,,,,40.65625,8.154355,2.8304396,40.65625,8.154355,1.6360373,,,,,,,,,,,,,,,,,40.65625,8.244292,0.004173868,40.65625,8.244292,0.0001382212,,,,,,,,,,,,,,,,,,,,,,,,,,,,,40.65625,8.244292,1.0000001e-07,40.65625,8.244292,7.0,,,,,,,
40.65625,8.184334,0.0012643164,40.65625,8.184334,0.0010114531,,,,,,,,,,,,,,,,,,,,,,,,,,,,,,,,,,,,,,,,,,,,,,,,,,,,,,,,,,,,,40.65625,8.184334,1.8200465,40.65625,8.184334,1.3227587,,,,,,,,,,,,,,,,,40.65625,8.274272,0.0036387544,40.65625,8.274272,-0.003021585,,,,,,,,,,,,,,,,,,,,,,,,,,,,,40.65625,8.274272,1.0000001e-07,40.65625,8.274272,7.0,,,,,,,
40.65625,8.2143135,0.0014725568,40.65625,8.2143135,0.0007883385,,,,,,,,,,,,,,,,,,,,,,,,,,,,,,,,,,,,,,,,,,,,,,,,,,,,,,,,,,,,,40.65625,8.2143135,2.5562346,40.65625,8.2143135,0.5366339,,,,,,,,,,,,,,,,,40.65625,8.304251,0.0039277775,40.65625,8.304251,0.001027388,,,,,,,,,,,,,,,,,,,,,,,,,,,,,40.65625,8.304251,1.0000001e-07,40.65625,8.304251,7.0,,,,,,,
40.65625,8.244292,0.001294065,40.65625,8.244292,0.00092220743,,,,,,,,,,,,,,,,,,,,,,,,,,,,,,,,,,,,,,,,,,,,,,,,,,,,,,,,,,,,,40.65625,8.244292,1.8876826,40.65625,8.244292,0.9966049,,,,,,,,,,,,,,,,,40.65625,8.33423,0.0059123454,40.65625,8.33423,-0.002331752,,,,,,,,,,,,,,,,,,,,,,,,,,,,,40.65625,8.33423,1.0000001e-07,40.65625,8.33423,7.0,,,,,,,
40.65625,8.274272,0.0012494421,40.65625,8.274272,0.00072884123,,,,,,,,,,,,,,,,,,,,,,,,,,,,,,,,,,,,,,,,,,,,,,,,,,,,,,,,,,,,,40.65625,8.274272,1.8342596,40.65625,8.274272,0.323112,,,,,,,,,,,,,,,,,40.65625,8.36421,0.0074972115,40.65625,8.36421,-0.0019172957,,,,,,,,,,,,,,,,,,,,,,,,,,,,,40.65625,8.36421,1.0000001e-07,40.65625,8.36421,7.0,,,,,,,
40.65625,8.304251,0.0012494422,40.65625,8.304251,0.0009519559,,,,,,,,,,,,,,,,,,,,,,,,,,,,,,,,,,,,,,,,,,,,,,,,,,,,,,,,,,,,,40.65625,8.304251,1.9000789,40.65625,8.304251,1.1059593,,,,,,,,,,,,,,,,,40.65625,8.394189,0.0046372055,40.65625,8.394189,0.00044099416,,,,,,,,,,,,,,,,,,,,,,,,,,,,,40.65625,8.394189,1.0000001e-07,40.65625,8.394189,7.0,,,,,,,
40.65625,8.33423,0.0014576826,40.65625,8.33423,0.0006990926,,,,,,,,,,,,,,,,,,,,,,,,,,,,,,,,,,,,,,,,,,,,,,,,,,,,,,,,,,,,,40.65625,8.33423,2.489574,40.65625,8.33423,0.22424868,,,,,,,,,,,,,,,,,40.65625,8.424169,0.011174528,40.65625,8.424169,0.0015682275,,,,,,,,,,,,,,,,,,,,,,,,,,,,,40.65625,8.424169,1.0000001e-07,40.65625,8.424169,7.0,,,,,,,
40.65625,8.364209,0.0014576827,40.65625,8.364209,0.0007883386,,,,,,,,,,,,,,,,,,,,,,,,,,,,,,,,,,,,,,,,,,,,,,,,,,,,,,,,,,,,,40.65625,8.364209,2.5468419,40.65625,8.364209,0.49387395,,,,,,,,,,,,,,,,,40.65625,8.454147,0.012822763,40.65625,8.454147,-0.002806533,,,,,,,,,,,,,,,,,,,,,,,,,,,,,40.65625,8.454147,1.0000001e-07,40.65625,8.454147,7.0,,,,,,,
40.65625,8.394189,0.0012048192,40.65625,8.394189,0.00087758445,,,,,,,,,,,,,,,,,,,,,,,,,,,,,,,,,,,,,,,,,,,,,,,,,,,,,,,,,,,,,40.65625,8.394189,1.7089442,40.65625,8.394189,0.8501636,,,,,,,,,,,,,,,,,40.65625,8.484127,0.008321491,40.65625,8.484127,0.0032727178,,,,,,,,,,,,,,,,,,,,,,,,,,,,,40.65625,8.484127,1.0000001e-07,40.65625,8.484127,7.0,,,,,,,
40.65625,8.424168,0.0016361743,40.65625,8.424168,0.00090733304,,,,,,,,,,,,,,,,,,,,,,,,,,,,,,,,,,,,,,,,,,,,,,,,,,,,,,,,,,,,,40.65625,8.424168,3.1268957,40.65625,8.424168,0.97243935,,,,,,,,,,,,,,,,,40.65625,8.514106,0.009017058,40.65625,8.514106,0.0013464559,,,,,,,,,,,,,,,,,,,,,,,,,,,,,40.65625,8.514106,1.0000001e-07,40.65625,8.514106,7.0,,,,,,,
40.65625,8.454147,0.0016510485,40.65625,8.454147,0.0007883385,,,,,,,,,,,,,,,,,,,,,,,,,,,,,,,,,,,,,,,,,,,,,,,,,,,,,,,,,,,,,40.65625,8.454147,3.1365068,40.65625,8.454147,0.5203822,,,,,,,,,,,,,,,,,40.65625,8.5440855,0.0064181807,40.65625,8.5440855,-0.0019136758,,,,,,,,,,,,,,,,,,,,,,,,,,,,,40.65625,8.5440855,1.0000001e-07,40.65625,8.5440855,7.0,,,,,,,
40.65625,8.484126,0.0014428082,40.65625,8.484126,0.0011453219,,,,,,,,,,,,,,,,,,,,,,,,,,,,,,,,,,,,,,,,,,,,,,,,,,,,,,,,,,,,,40.65625,8.484126,2.4835687,40.65625,8.484126,1.7824724,,,,,,,,,,,,,,,,,40.65625,8.574064,0.010538921,40.65625,8.574064,-0.00196021,,,,,,,,,,,,,,,,,,,,,,,,,,,,,40.65625,8.574064,1.0000001e-07,40.65625,8.574064,7.0,,,,,,,
40.65625,8.514106,0.0015766771,40.65625,8.514106,0.0010263275,,,,,,,,,,,,,,,,,,,,,,,,,,,,,,,,,,,,,,,,,,,,,,,,,,,,,,,,,,,,,40.65625,8.514106,3.0140376,40.65625,8.514106,1.3896003,,,,,,,,,,,,,,,,,40.65625,8.604044,0.009143209,40.65625,8.604044,0.00032202376,,,,,,,,,,,,,,,,,,,,,,,,,,,,,40.65625,8.604044,1.0000001e-07,40.65625,8.604044,7.0,,,,,,,
40.65625,8.5440855,0.0012643165,40.65625,8.5440855,0.0008329614,,,,,,,,,,,,,,,,,,,,,,,,,,,,,,,,,,,,,,,,,,,,,,,,,,,,,,,,,,,,,40.65625,8.5440855,1.8001573,40.65625,8.5440855,0.6517756,,,,,,,,,,,,,,,,,40.65625,8.634023,0.006353324,40.65625,8.634023,0.0062744203,,,,,,,,,,,,,,,,,,,,,,,,,,,,,40.65625,8.634023,1.0000001e-07,40.65625,8.634023,7.0,,,,,,,
40.65625,8.574064,0.0015618028,40.65625,8.574064,0.00072884123,,,,,,,,,,,,,,,,,,,,,,,,,,,,,,,,,,,,,,,,,,,,,,,,,,,,,,,,,,,,,40.65625,8.574064,2.8892145,40.65625,8.574064,0.3160438,,,,,,,,,,,,,,,,,40.65625,8.664002,0.010488402,40.65625,8.664002,0.0017654473,,,,,,,,,,,,,,,,,,,,,,,,,,,,,40.65625,8.664002,1.0000001e-07,40.65625,8.664002,7.0,,,,,,,
40.65625,8.604044,0.001472557,40.65625,8.604044,0.0009073329,,,,,,,,,,,,,,,,,,,,,,,,,,,,,,,,,,,,,,,,,,,,,,,,,,,,,,,,,,,,,40.65625,8.604044,2.5235841,40.65625,8.604044,0.9461524,,,,,,,,,,,,,,,,,40.65625,8.693981,0.007297934,40.65625,8.693981,0.0011009527,,,,,,,,,,,,,,,,,,,,,,,,,,,,,40.65625,8.693981,1.0000001e-07,40.65625,8.693981,7.0,,,,,,,
40.65625,8.634023,0.0013535623,40.65625,8.634023,0.0012494421,,,,,,,,,,,,,,,,,,,,,,,,,,,,,,,,,,,,,,,,,,,,,,,,,,,,,,,,,,,,,40.65625,8.634023,2.2407117,40.65625,8.634023,2.1436753,,,,,,,,,,,,,,,,,40.65625,8.723961,0.008080567,40.65625,8.723961,-0.00035174697,,,,,,,,,,,,,,,,,,,,,,,,,,,,,40.65625,8.723961,1.0000001e-07,40.65625,8.723961,7.0,,,,,,,
40.65625,8.664002,0.0015023055,40.65625,8.664002,0.0010263276,,,,,,,,,,,,,,,,,,,,,,,,,,,,,,,,,,,,,,,,,,,,,,,,,,,,,,,,,,,,,40.65625,8.664002,2.7015307,40.65625,8.664002,1.3668646,,,,,,,,,,,,,,,,,40.65625,8.75394,0.005099901,40.65625,8.75394,-0.0021098747,,,,,,,,,,,,,,,,,,,,,,,,,,,,,40.65625,8.75394,1.0000001e-07,40.65625,8.75394,7.0,,,,,,,
40.65625,8.693981,0.0013089394,40.65625,8.693981,0.00093708164,,,,,,,,,,,,,,,,,,,,,,,,,,,,,,,,,,,,,,,,,,,,,,,,,,,,,,,,,,,,,40.65625,8.693981,1.9881687,40.65625,8.693981,1.0442289,,,,,,,,,,,,,,,,,40.65625,8.783919,0.008400701,40.65625,8.783919,-0.00064288464,,,,,,,,,,,,,,,,,,,,,,,,,,,,,40.65625,8.783919,1.0000001e-07,40.65625,8.783919,7.0,,,,,,,
40.65625,8.723961,0.0014428082,40.65625,8.723961,0.00081808714,,,,,,,,,,,,,,,,,,,,,,,,,,,,,,,,,,,,,,,,,,,,,,,,,,,,,,,,,,,,,40.65625,8.723961,2.427406,40.65625,8.723961,0.5909854,,,,,,,,,,,,,,,,,40.65625,8.813898,0.006526259,40.65625,8.813898,-0.004914641,,,,,,,,,,,,,,,,,,,,,,,,,,,,,40.65625,8.813898,1.0000001e-07,40.65625,8.813898,7.0,,,,,,,
40.65625,8.75394,0.001234568,40.65625,8.75394,0.0008180871,,,,,,,,,,,,,,,,,,,,,,,,,,,,,,,,,,,,,,,,,,,,,,,,,,,,,,,,,,,,,40.65625,8.75394,1.7263799,40.65625,8.75394,0.6292375,,,,,,,,,,,,,,,,,40.65625,8.843878,0.0064130775,40.65625,8.843878,0.0019969577,,,,,,,,,,,,,,,,,,,,,,,,,,,,,40.65625,8.843878,1.0000001e-07,40.65625,8.843878,7.0,,,,,,,
40.65625,8.783919,0.0014576827,40.65625,8.783919,0.00086271006,,,,,,,,,,,,,,,,,,,,,,,,,,,,,,,,,,,,,,,,,,,,,,,,,,,,,,,,,,,,,40.65625,8.783919,2.4801579,40.65625,8.783919,0.770982,,,,,,,,,,,,,,,,,40.65625,8.873857,0.006480897,40.65625,8.873857,-0.0010380578,,,,,,,,,,,,,,,,,,,,,,,,,,,,,40.65625,8.873857,1.0000001e-07,40.65625,8.873857,7.0,,,,,,,
40.65625,8.813898,0.0014130595,40.65625,8.813898,0.00069909263,,,,,,,,,,,,,,,,,,,,,,,,,,,,,,,,,,,,,,,,,,,,,,,,,,,,,,,,,,,,,40.65625,8.813898,2.393861,40.65625,8.813898,0.19122076,,,,,,,,,,,,,,,,,40.65625,8.903836,0.009597902,40.65625,8.903836,-0.001448131,,,,,,,,,,,,,,,,,,,,,,,,,,,,,40.65625,8.903836,1.0000001e-07,40.65625,8.903836,7.0,,,,,,,
40.65625,8.843878,0.0012643165,40.65625,8.843878,0.0009668303,,,,,,,,,,,,,,,,,,,,,,,,,,,,,,,,,,,,,,,,,,,,,,,,,,,,,,,,,,,,,40.65625,8.843878,1.8683733,40.65625,8.843878,1.1670711,,,,,,,,,,,,,,,,,40.65625,8.933815,0.001696577,40.65625,8.933815,0.00498599,,,,,,,,,,,,,,,,,,,,,,,,,,,,,40.65625,8.933815,1.0000001e-07,40.65625,8.933815,7.0,,,,,,,
40.65625,8.873857,0.0012791908,40.65625,8.873857,0.0007734641,,,,,,,,,,,,,,,,,,,,,,,,,,,,,,,,,,,,,,,,,,,,,,,,,,,,,,,,,,,,,40.65625,8.873857,1.9414449,40.65625,8.873857,0.4465217,,,,,,,,,,,,,,,,,40.65625,8.963795,0.008747026,40.65625,8.963795,-0.0012338905,,,,,,,,,,,,,,,,,,,,,,,,,,,,,40.65625,8.963795,1.0000001e-07,40.65625,8.963795,7.0,,,,,,,
40.65625,8.903836,0.001427934,40.65625,8.903836,0.00080321287,,,,,,,,,,,,,,,,,,,,,,,,,,,,,,,,,,,,,,,,,,,,,,,,,,,,,,,,,,,,,40.65625,8.903836,2.3823643,40.65625,8.903836,0.57550573,,,,,,,,,,,,,,,,,40.65625,8.993773,0.0034232668,40.65625,8.993773,-0.0018300861,,,,,,,,,,,,,,,,,,,,,,,,,,,,,40.65625,8.993773,1.0000001e-07,40.65625,8.993773,7.0,,,,,,,
40.65625,8.933815,0.0011750706,40.65625,8.933815,0.0011155735,,,,,,,,,,,,,,,,,,,,,,,,,,,,,,,,,,,,,,,,,,,,,,,,,,,,,,,,,,,,,40.65625,8.933815,1.6946799,40.65625,8.933815,1.6909436,,,,,,,,,,,,,,,,,40.65625,9.023753,0.00791965,40.65625,9.023753,-0.0010012484,,,,,,,,,,,,,,,,,,,,,,,,,,,,,40.65625,9.023753,1.0000001e-07,40.65625,9.023753,7.0,,,,,,,
40.65625,8.963795,0.0013684368,40.65625,8.963795,0.0007883385,,,,,,,,,,,,,,,,,,,,,,,,,,,,,,,,,,,,,,,,,,,,,,,,,,,,,,,,,,,,,40.65625,8.963795,2.2042797,40.65625,8.963795,0.49993598,,,,,,,,,,,,,,,,,40.65625,9.053732,0.0064022746,40.65625,9.053732,0.0014527733,,,,,,,,,,,,,,,,,,,,,,,,,,,,,40.65625,9.053732,1.0000001e-07,40.65625,9.053732,7.0,,,,,,,
40.65625,8.993773,0.0011750706,40.65625,8.993773,0.00072884123,,,,,,,,,,,,,,,,,,,,,,,,,,,,,,,,,,,,,,,,,,,,,,,,,,,,,,,,,,,,,40.65625,8.993773,1.5796927,40.65625,8.993773,0.31766534,,,,,,,,,,,,,,,,,40.65625,9.083712,0.004037272,40.65625,9.083712,-0.0030433205,,,,,,,,,,,,,,,,,,,,,,,,,,,,,40.65625,9.083712,1.0000001e-07,40.65625,9.083712,7.0,,,,,,,
40.65625,9.023753,0.0013089394,40.65625,9.023753,0.0008180871,,,,,,,,,,,,,,,,,,,,,,,,,,,,,,,,,,,,,,,,,,,,,,,,,,,,,,,,,,,,,40.65625,9.023753,1.9856052,40.65625,9.023753,0.61146426,,,,,,,,,,,,,,,,,40.65625,9.11369,0.0061156284,40.65625,9.11369,0.00085284817,,,,,,,,,,,,,,,,,,,,,,,,,,,,,40.65625,9.11369,1.0000001e-07,40.65625,9.11369,7.0,,,,,,,
40.65625,9.053732,0.0013089394,40.65625,9.053732,0.0009668303,,,,,,,,,,,,,,,,,,,,,,,,,,,,,,,,,,,,,,,,,,,,,,,,,,,,,,,,,,,,,40.65625,9.053732,1.9955529,40.65625,9.053732,1.1415634,,,,,,,,,,,,,,,,,40.65625,9.14367,0.0045552296,40.65625,9.14367,-0.004466338,,,,,,,,,,,,,,,,,,,,,,,,,,,,,40.65625,9.14367,1.0000001e-07,40.65625,9.14367,7.0,,,,,,,
40.65625,9.083712,0.001145322,40.65625,9.083712,0.0006990926,,,,,,,,,,,,,,,,,,,,,,,,,,,,,,,,,,,,,,,,,,,,,,,,,,,,,,,,,,,,,40.65625,9.083712,1.4688646,40.65625,9.083712,0.18823645,,,,,,,,,,,,,,,,,40.65625,9.17365,0.009898391,40.65625,9.17365,0.0025380156,,,,,,,,,,,,,,,,,,,,,,,,,,,,,40.65625,9.17365,1.0000001e-07,40.65625,9.17365,7.0,,,,,,,
40.65625,9.11369,0.0012345678,40.65625,9.11369,0.0009668303,,,,,,,,,,,,,,,,,,,,,,,,,,,,,,,,,,,,,,,,,,,,,,,,,,,,,,,,,,,,,40.65625,9.11369,1.7333663,40.65625,9.11369,1.1367091,,,,,,,,,,,,,,,,,40.65625,9.203629,0.013622155,40.65625,9.203629,0.0036332037,,,,,,,,,,,,,,,,,,,,,,,,,,,,,40.65625,9.203629,1.0000001e-07,40.65625,9.203629,7.0,,,,,,,
40.65625,9.14367,0.001189945,40.65625,9.14367,0.0007139669,,,,,,,,,,,,,,,,,,,,,,,,,,,,,,,,,,,,,,,,,,,,,,,,,,,,,,,,,,,,,40.65625,9.14367,1.6310536,40.65625,9.14367,0.24917428,,,,,,,,,,,,,,,,,40.65625,9.233608,0.0022366093,40.65625,9.233608,0.0022376962,,,,,,,,,,,,,,,,,,,,,,,,,,,,,40.65625,9.233608,1.0000001e-07,40.65625,9.233608,7.0,,,,,,,
40.65625,9.173649,0.0014130597,40.65625,9.173649,0.0009519559,,,,,,,,,,,,,,,,,,,,,,,,,,,,,,,,,,,,,,,,,,,,,,,,,,,,,,,,,,,,,40.65625,9.173649,2.3384674,40.65625,9.173649,1.089025,,,,,,,,,,,,,,,,,40.65625,9.263587,0.0027175094,40.65625,9.263587,-0.0010108197,,,,,,,,,,,,,,,,,,,,,,,,,,,,,40.65625,9.263587,1.0000001e-07,40.65625,9.263587,7.0,,,,,,,
40.65625,9.203629,0.0016510487,40.65625,9.203629,0.0011304477,,,,,,,,,,,,,,,,,,,,,,,,,,,,,,,,,,,,,,,,,,,,,,,,,,,,,,,,,,,,,40.65625,9.203629,3.2591739,40.65625,9.203629,1.7302049,,,,,,,,,,,,,,,,,40.65625,9.293567,0.01039662,40.65625,9.293567,0.0021548523,,,,,,,,,,,,,,,,,,,,,,,,,,,,,40.65625,9.293567,1.0000001e-07,40.65625,9.293567,7.0,,,,,,,
40.65625,9.233607,0.0010560761,40.65625,9.233607,0.0009668303,,,,,,,,,,,,,,,,,,,,,,,,,,,,,,,,,,,,,,,,,,,,,,,,,,,,,,,,,,,,,40.65625,9.233607,1.2558968,40.65625,9.233607,1.1102606,,,,,,,,,,,,,,,,,40.65625,9.323545,0.0025493498,40.65625,9.323545,-0.00024538048,,,,,,,,,,,,,,,,,,,,,,,,,,,,,40.65625,9.323545,1.0000001e-07,40.65625,9.323545,7.0,,,,,,,
40.65625,9.263587,0.0011155732,40.65625,9.263587,0.0008924587,,,,,,,,,,,,,,,,,,,,,,,,,,,,,,,,,,,,,,,,,,,,,,,,,,,,,,,,,,,,,40.65625,9.263587,1.3542514,40.65625,9.263587,0.85782355,,,,,,,,,,,,,,,,,40.65625,9.353525,0.011904804,40.65625,9.353525,-0.00017961027,,,,,,,,,,,,,,,,,,,,,,,,,,,,,40.65625,9.353525,1.0000001e-07,40.65625,9.353525,7.0,,,,,,,
40.65625,9.293566,0.0013981853,40.65625,9.293566,0.00093708164,,,,,,,,,,,,,,,,,,,,,,,,,,,,,,,,,,,,,,,,,,,,,,,,,,,,,,,,,,,,,40.65625,9.293566,2.325046,40.65625,9.293566,1.0227532,,,,,,,,,,,,,,,,,40.65625,9.383504,0.008353986,40.65625,9.383504,-0.0023208042,,,,,,,,,,,,,,,,,,,,,,,,,,,,,40.65625,9.383504,1.0000001e-07,40.65625,9.383504,7.0,,,,,,,
40.65625,9.323545,0.0010412018,40.65625,9.323545,0.0008180871,,,,,,,,,,,,,,,,,,,,,,,,,,,,,,,,,,,,,,,,,,,,,,,,,,,,,,,,,,,,,40.65625,9.323545,1.1515377,40.65625,9.323545,0.63674897,,,,,,,,,,,,,,,,,40.65625,9.413484,0.0038756686,40.65625,9.413484,0.0034433594,,,,,,,,,,,,,,,,,,,,,,,,,,,,,40.65625,9.413484,1.0000001e-07,40.65625,9.413484,7.0,,,,,,,
40.65625,9.353524,0.0015171798,40.65625,9.353524,0.0008180872,,,,,,,,,,,,,,,,,,,,,,,,,,,,,,,,,,,,,,,,,,,,,,,,,,,,,,,,,,,,,40.65625,9.353524,2.704096,40.65625,9.353524,0.5979883,,,,,,,,,,,,,,,,,40.65625,9.443462,0.011993084,40.65625,9.443462,-0.0014527092,,,,,,,,,,,,,,,,,,,,,,,,,,,,,40.65625,9.443462,1.0000001e-07,40.65625,9.443462,7.0,,,,,,,
40.65625,9.383504,0.0013981853,40.65625,9.383504,0.00069909263,,,,,,,,,,,,,,,,,,,,,,,,,,,,,,,,,,,,,,,,,,,,,,,,,,,,,,,,,,,,,40.65625,9.383504,2.3279328,40.65625,9.383504,0.20714825,,,,,,,,,,,,,,,,,40.65625,9.473442,0.008815551,40.65625,9.473442,-0.00072056026,,,,,,,,,,,,,,,,,,,,,,,,,,,,,40.65625,9.473442,1.0000001e-07,40.65625,9.473442,7.0,,,,,,,
40.65625,9.413484,0.0010858248,40.65625,9.413484,0.000996579,,,,,,,,,,,,,,,,,,,,,,,,,,,,,,,,,,,,,,,,,,,,,,,,,,,,,,,,,,,,,40.65625,9.413484,1.294385,40.65625,9.413484,1.2325374,,,,,,,,,,,,,,,,,40.65625,9.503421,0.0067574736,40.65625,9.503421,0.0028727998,,,,,,,,,,,,,,,,,,,,,,,,,,,,,40.65625,9.503421,1.0000001e-07,40.65625,9.503421,7.0,,,,,,,
40.65625,9.443462,0.001427934,40.65625,9.443462,0.0008180871,,,,,,,,,,,,,,,,,,,,,,,,,,,,,,,,,,,,,,,,,,,,,,,,,,,,,,,,,,,,,40.65625,9.443462,2.4579828,40.65625,9.443462,0.5987458,,,,,,,,,,,,,,,,,40.65625,9.533401,0.003097272,40.65625,9.533401,-0.002219735,,,,,,,,,,,,,,,,,,,,,,,,,,,,,40.65625,9.533401,1.0000001e-07,40.65625,9.533401,7.0,,,,,,,
40.65625,9.473442,0.0012791909,40.65625,9.473442,0.0007883384,,,,,,,,,,,,,,,,,,,,,,,,,,,,,,,,,,,,,,,,,,,,,,,,,,,,,,,,,,,,,40.65625,9.473442,1.9418147,40.65625,9.473442,0.51196283,,,,,,,,,,,,,,,,,40.65625,9.563379,0.0039339983,40.65625,9.563379,-0.00066713337,,,,,,,,,,,,,,,,,,,,,,,,,,,,,40.65625,9.563379,1.0000001e-07,40.65625,9.563379,7.0,,,,,,,
40.65625,9.503421,0.0012048193,40.65625,9.503421,0.0010560761,,,,,,,,,,,,,,,,,,,,,,,,,,,,,,,,,,,,,,,,,,,,,,,,,,,,,,,,,,,,,40.65625,9.503421,1.6041098,40.65625,9.503421,1.4581814,,,,,,,,,,,,,,,,,40.65625,9.593359,0.0048248437,40.65625,9.593359,0.00012931919,,,,,,,,,,,,,,,,,,,,,,,,,,,,,40.65625,9.593359,1.0000001e-07,40.65625,9.593359,7.0,,,,,,,
40.65625,9.533401,0.0011601963,40.65625,9.533401,0.00072884123,,,,,,,,,,,,,,,,,,,,,,,,,,,,,,,,,,,,,,,,,,,,,,,,,,,,,,,,,,,,,40.65625,9.533401,1.5226153,40.65625,9.533401,0.28632104,,,,,,,,,,,,,,,,,40.65625,9.623338,0.013189906,40.65625,9.623338,-0.0015031575,,,,,,,,,,,,,,,,,,,,,,,,,,,,,40.65625,9.623338,1.0000001e-07,40.65625,9.623338,7.0,,,,,,,
40.65625,9.563379,0.0011304477,40.65625,9.563379,0.00087758445,,,,,,,,,,,,,,,,,,,,,,,,,,,,,,,,,,,,,,,,,,,,,,,,,,,,,,,,,,,,,40.65625,9.563379,1.4403257,40.65625,9.563379,0.79242206,,,,,,,,,,,,,,,,,40.65625,9.653317,0.0074707996,40.65625,9.653317,0.0019284249,,,,,,,,,,,,,,,,,,,,,,,,,,,,,40.65625,9.653317,1.0000001e-07,40.65625,9.653317,7.0,,,,,,,
40.65625,9.593359,0.0011750706,40.65625,9.593359,0.00087758445,,,,,,,,,,,,,,,,,,,,,,,,,,,,,,,,,,,,,,,,,,,,,,,,,,,,,,,,,,,,,40.65625,9.593359,1.5785248,40.65625,9.593359,0.778858,,,,,,,,,,,,,,,,,40.65625,9.683296,0.011557128,40.65625,9.683296,-0.003602619,,,,,,,,,,,,,,,,,,,,,,,,,,,,,40.65625,9.683296,1.0000001e-07,40.65625,9.683296,7.0,,,,,,,
40.65625,9.623338,0.0015171799,40.65625,9.623338,0.00069909263,,,,,,,,,,,,,,,,,,,,,,,,,,,,,,,,,,,,,,,,,,,,,,,,,,,,,,,,,,,,,40.65625,9.623338,2.7647185,40.65625,9.623338,0.18686527,,,,,,,,,,,,,,,,,40.65625,9.713276,0.004009242,40.65625,9.713276,-0.0029516118,,,,,,,,,,,,,,,,,,,,,,,,,,,,,40.65625,9.713276,1.0000001e-07,40.65625,9.713276,7.0,,,,,,,
40.65625,9.653317,0.0012791908,40.65625,9.653317,0.0009668303,,,,,,,,,,,,,,,,,,,,,,,,,,,,,,,,,,,,,,,,,,,,,,,,,,,,,,,,,,,,,40.65625,9.653317,1.8843865,40.65625,9.653317,1.1116217,,,,,,,,,,,,,,,,,40.65625,9.743255,0.00707085,40.65625,9.743255,-0.004187728,,,,,,,,,,,,,,,,,,,,,,,,,,,,,40.65625,9.743255,1.0000001e-07,40.65625,9.743255,7.0,,,,,,,
40.65625,9.683296,0.001472557,40.65625,9.683296,0.0007883385,,,,,,,,,,,,,,,,,,,,,,,,,,,,,,,,,,,,,,,,,,,,,,,,,,,,,,,,,,,,,40.65625,9.683296,2.6045563,40.65625,9.683296,0.49339664,,,,,,,,,,,,,,,,,40.65625,9.773234,0.003246122,40.65625,9.773234,0.0031148437,,,,,,,,,,,,,,,,,,,,,,,,,,,,,40.65625,9.773234,1.0000001e-07,40.65625,9.773234,7.0,,,,,,,
40.65625,9.713276,0.001234568,40.65625,9.713276,0.0007734642,,,,,,,,,,,,,,,,,,,,,,,,,,,,,,,,,,,,,,,,,,,,,,,,,,,,,,,,,,,,,40.65625,9.713276,1.8159003,40.65625,9.713276,0.4760331,,,,,,,,,,,,,,,,,40.65625,9.803213,0.007304958,40.65625,9.803213,-0.002617199,,,,,,,,,,,,,,,,,,,,,,,,,,,,,40.65625,9.803213,1.0000001e-07,40.65625,9.803213,7.0,,,,,,,
40.65625,9.743255,0.0012494423,40.65625,9.743255,0.00065446965,,,,,,,,,,,,,,,,,,,,,,,,,,,,,,,,,,,,,,,,,,,,,,,,,,,,,,,,,,,,,40.65625,9.743255,1.8973691,40.65625,9.743255,0.05084298,,,,,,,,,,,,,,,,,40.65625,9.833193,0.0054181307,40.65625,9.833193,0.005117231,,,,,,,,,,,,,,,,,,,,,,,,,,,,,40.65625,9.833193,1.0000001e-07,40.65625,9.833193,7.0,,,,,,,
40.65625,9.773234,0.0010412018,40.65625,9.773234,0.0009222073,,,,,,,,,,,,,,,,,,,,,,,,,,,,,,,,,,,,,,,,,,,,,,,,,,,,,,,,,,,,,40.65625,9.773234,1.17746,40.65625,9.773234,1.0057245,,,,,,,,,,,,,,,,,40.65625,9.863172,0.0032838816,40.65625,9.863172,-0.0032866423,,,,,,,,,,,,,,,,,,,,,,,,,,,,,40.65625,9.863172,1.0000001e-07,40.65625,9.863172,7.0,,,,,,,
40.65625,9.803213,0.0012791908,40.65625,9.803213,0.0006990926,,,,,,,,,,,,,,,,,,,,,,,,,,,,,,,,,,,,,,,,,,,,,,,,,,,,,,,,,,,,,40.65625,9.803213,1.9370226,40.65625,9.803213,0.2118741,,,,,,,,,,,,,,,,,40.65625,9.893151,0.012112743,40.65625,9.893151,0.005332172,,,,,,,,,,,,,,,,,,,,,,,,,,,,,40.65625,9.893151,1.0000001e-07,40.65625,9.893151,7.0,,,,,,,
40.65625,9.833193,0.0011899449,40.65625,9.833193,0.0009817047,,,,,,,,,,,,,,,,,,,,,,,,,,,,,,,,,,,,,,,,,,,,,,,,,,,,,,,,,,,,,40.65625,9.833193,1.6508454,40.65625,9.833193,1.178127,,,,,,,,,,,,,,,,,40.65625,9.92313,0.000943388,40.65625,9.92313,0.0053380267,,,,,,,,,,,,,,,,,,,,,,,,,,,,,40.65625,9.92313,1.0000001e-07,40.65625,9.92313,7.0,,,,,,,
40.65625,9.863172,0.0011155733,40.65625,9.863172,0.00072884123,,,,,,,,,,,,,,,,,,,,,,,,,,,,,,,,,,,,,,,,,,,,,,,,,,,,,,,,,,,,,40.65625,9.863172,1.4320467,40.65625,9.863172,0.32440075,,,,,,,,,,,,,,,,,40.65625,9.95311,0.006045925,40.65625,9.95311,-0.001160509,,,,,,,,,,,,,,,,,,,,,,,,,,,,,40.65625,9.95311,1.0000001e-07,40.65625,9.95311,7.0,,,,,,,
40.65625,9.893151,0.0014874311,40.65625,9.893151,0.0010412019,,,,,,,,,,,,,,,,,,,,,,,,,,,,,,,,,,,,,,,,,,,,,,,,,,,,,,,,,,,,,40.65625,9.893151,2.6082702,40.65625,9.893151,1.4025326,,,,,,,,,,,,,,,,,40.65625,9.9830885,0.0075354446,40.65625,9.9830885,-8.090606e-05,,,,,,,,,,,,,,,,,,,,,,,,,,,,,40.65625,9.9830885,1.0000001e-07,40.65625,9.9830885,7.0,,,,,,,
40.65625,9.92313,0.0010114532,40.65625,9.92313,0.001100699,,,,,,,,,,,,,,,,,,,,,,,,,,,,,,,,,,,,,,,,,,,,,,,,,,,,,,,,,,,,,40.65625,9.92313,1.0707171,40.65625,9.92313,1.6350812,,,,,,,,,,,,,,,,,40.65625,10.013068,0.0024619324,40.65625,10.013068,0.005404989,,,,,,,,,,,,,,,,,,,,,,,,,,,,,40.65625,10.013068,1.0000001e-07,40.65625,10.013068,7.0,,,,,,,
40.65625,9.95311,0.0012048193,40.65625,9.95311,0.0007734642,,,,,,,,,,,,,,,,,,,,,,,,,,,,,,,,,,,,,,,,,,,,,,,,,,,,,,,,,,,,,40.65625,9.95311,1.6903867,40.65625,9.95311,0.43251273,,,,,,,,,,,,,,,,,40.65625,10.043048,0.004185768,40.65625,10.043048,0.0009240446,,,,,,,,,,,,,,,,,,,,,,,,,,,,,40.65625,10.043048,1.0000001e-07,40.65625,10.043048,7.0,,,,,,,
40.65625,9.9830885,0.0013089393,40.65625,9.9830885,0.0007883386,,,,,,,,,,,,,,,,,,,,,,,,,,,,,,,,,,,,,,,,,,,,,,,,,,,,,,,,,,,,,40.65625,9.9830885,2.1115487,40.65625,9.9830885,0.54616904,,,,,,,,,,,,,,,,,40.65625,10.073027,0.008115695,40.65625,10.073027,-0.0011536843,,,,,,,,,,,,,,,,,,,,,,,,,,,,,40.65625,10.073027,1.0000001e-07,40.65625,10.073027,7.0,,,,,,,
40.65625,10.013068,0.0009965788,40.65625,10.013068,0.0010858248,,,,,,,,,,,,,,,,,,,,,,,,,,,,,,,,,,,,,,,,,,,,,,,,,,,,,,,,,,,,,40.65625,10.013068,0.96593887,40.65625,10.013068,1.6102916,,,,,,,,,,,,,,,,,40.65625,10.103006,0.009139597,40.65625,10.103006,0.00072765804,,,,,,,,,,,,,,,,,,,,,,,,,,,,,40.65625,10.103006,1.0000001e-07,40.65625,10.103006,7.0,,,,,,,
40.65625,10.043047,0.0011750706,40.65625,10.043047,0.00086271006,,,,,,,,,,,,,,,,,,,,,,,,,,,,,,,,,,,,,,,,,,,,,,,,,,,,,,,,,,,,,40.65625,10.043047,1.5872617,40.65625,10.043047,0.7612495,,,,,,,,,,,,,,,,,40.65625,10.132985,0.00351056,40.65625,10.132985,0.0009285399,,,,,,,,,,,,,,,,,,,,,,,,,,,,,40.65625,10.132985,1.0000001e-07,40.65625,10.132985,7.0,,,,,,,
40.65625,10.073027,0.0011899449,40.65625,10.073027,0.0007734641,,,,,,,,,,,,,,,,,,,,,,,,,,,,,,,,,,,,,,,,,,,,,,,,,,,,,,,,,,,,,40.65625,10.073027,1.587854,40.65625,10.073027,0.46156392,,,,,,,,,,,,,,,,,40.65625,10.162965,0.005672256,40.65625,10.162965,0.0011800138,,,,,,,,,,,,,,,,,,,,,,,,,,,,,40.65625,10.162965,1.0000001e-07,40.65625,10.162965,7.0,,,,,,,
40.65625,10.103005,0.0013089394,40.65625,10.103005,0.00086271,,,,,,,,,,,,,,,,,,,,,,,,,,,,,,,,,,,,,,,,,,,,,,,,,,,,,,,,,,,,,40.65625,10.103005,1.93076,40.65625,10.103005,0.78397393,,,,,,,,,,,,,,,,,40.65625,10.192944,0.0072037405,40.65625,10.192944,-0.0027481862,,,,,,,,,,,,,,,,,,,,,,,,,,,,,40.65625,10.192944,1.0000001e-07,40.65625,10.192944,7.0,,,,,,,
40.65625,10.132985,0.0010858248,40.65625,10.132985,0.00084783573,,,,,,,,,,,,,,,,,,,,,,,,,,,,,,,,,,,,,,,,,,,,,,,,,,,,,,,,,,,,,40.65625,10.132985,1.2883135,40.65625,10.132985,0.74416405,,,,,,,,,,,,,,,,,40.65625,10.222923,-0.0011599524,40.65625,10.222923,-0.00046391724,,,,,,,,,,,,,,,,,,,,,,,,,,,,,40.65625,10.222923,1.0000001e-07,40.65625,10.222923,7.0,,,,,,,
40.65625,10.162964,0.0011750706,40.65625,10.162964,0.0008627101,,,,,,,,,,,,,,,,,,,,,,,,,,,,,,,,,,,,,,,,,,,,,,,,,,,,,,,,,,,,,40.65625,10.162964,1.610262,40.65625,10.162964,0.75248706,,,,,,,,,,,,,,,,,40.65625,10.252902,0.008305918,40.65625,10.252902,-0.0012368552,,,,,,,,,,,,,,,,,,,,,,,,,,,,,40.65625,10.252902,1.0000001e-07,40.65625,10.252902,7.0,,,,,,,
40.65625,10.192944,0.0011750706,40.65625,10.192944,0.0007883385,,,,,,,,,,,,,,,,,,,,,,,,,,,,,,,,,,,,,,,,,,,,,,,,,,,,,,,,,,,,,40.65625,10.192944,1.5617003,40.65625,10.192944,0.5147834,,,,,,,,,,,,,,,,,40.65625,10.282882,0.004976593,40.65625,10.282882,0.006797159,,,,,,,,,,,,,,,,,,,,,,,,,,,,,40.65625,10.282882,1.0000001e-07,40.65625,10.282882,7.0,,,,,,,
40.65625,10.222922,0.0008478358,40.65625,10.222922,0.0007734642,,,,,,,,,,,,,,,,,,,,,,,,,,,,,,,,,,,,,,,,,,,,,,,,,,,,,,,,,,,,,40.65625,10.222922,0.49656662,40.65625,10.222922,0.44304565,,,,,,,,,,,,,,,,,40.65625,10.3128605,0.005008468,40.65625,10.3128605,-0.0013088768,,,,,,,,,,,,,,,,,,,,,,,,,,,,,40.65625,10.3128605,1.0000001e-07,40.65625,10.3128605,7.0,,,,,,,
40.65625,10.252902,0.0012643165,40.65625,10.252902,0.000713967,,,,,,,,,,,,,,,,,,,,,,,,,,,,,,,,,,,,,,,,,,,,,,,,,,,,,,,,,,,,,40.65625,10.252902,1.8599794,40.65625,10.252902,0.2511834,,,,,,,,,,,,,,,,,40.65625,10.34284,0.003195361,40.65625,10.34284,0.001954722,,,,,,,,,,,,,,,,,,,,,,,,,,,,,40.65625,10.34284,1.0000001e-07,40.65625,10.34284,7.0,,,,,,,
40.65625,10.282882,0.0011304476,40.65625,10.282882,0.0010412019,,,,,,,,,,,,,,,,,,,,,,,,,,,,,,,,,,,,,,,,,,,,,,,,,,,,,,,,,,,,,40.65625,10.282882,1.3505327,40.65625,10.282882,1.416054,,,,,,,,,,,,,,,,,40.65625,10.372819,0.0051586353,40.65625,10.372819,-0.00046474734,,,,,,,,,,,,,,,,,,,,,,,,,,,,,40.65625,10.372819,1.0000001e-07,40.65625,10.372819,7.0,,,,,,,
40.65625,10.3128605,0.001100699,40.65625,10.3128605,0.0007883385,,,,,,,,,,,,,,,,,,,,,,,,,,,,,,,,,,,,,,,,,,,,,,,,,,,,,,,,,,,,,40.65625,10.3128605,1.3380618,40.65625,10.3128605,0.48006487,,,,,,,,,,,,,,,,,40.65625,10.402799,0.0067360196,40.65625,10.402799,-0.002688753,,,,,,,,,,,,,,,,,,,,,,,,,,,,,40.65625,10.402799,1.0000001e-07,40.65625,10.402799,7.0,,,,,,,
40.65625,10.34284,0.0010560761,40.65625,10.34284,0.00083296146,,,,,,,,,,,,,,,,,,,,,,,,,,,,,,,,,,,,,,,,,,,,,,,,,,,,,,,,,,,,,40.65625,10.34284,1.1384248,40.65625,10.34284,0.66653776,,,,,,,,,,,,,,,,,40.65625,10.432777,0.008505735,40.65625,10.432777,0.0014659078,,,,,,,,,,,,,,,,,,,,,,,,,,,,,40.65625,10.432777,1.0000001e-07,40.65625,10.432777,7.0,,,,,,,
40.65625,10.372819,0.0011006991,40.65625,10.372819,0.0008180871,,,,,,,,,,,,,,,,,,,,,,,,,,,,,,,,,,,,,,,,,,,,,,,,,,,,,,,,,,,,,40.65625,10.372819,1.3131025,40.65625,10.372819,0.63331646,,,,,,,,,,,,,,,,,40.65625,10.462757,0.0026877886,40.65625,10.462757,-0.0018305539,,,,,,,,,,,,,,,,,,,,,,,,,,,,,40.65625,10.462757,1.0000001e-07,40.65625,10.462757,7.0,,,,,,,
40.65625,10.402799,0.0011750706,40.65625,10.402799,0.0007437156,,,,,,,,,,,,,,,,,,,,,,,,,,,,,,,,,,,,,,,,,,,,,,,,,,,,,,,,,,,,,40.65625,10.402799,1.5579503,40.65625,10.402799,0.35091674,,,,,,,,,,,,,,,,,40.65625,10.492736,0.001461211,40.65625,10.492736,0.00070060074,,,,,,,,,,,,,,,,,,,,,,,,,,,,,40.65625,10.492736,1.0000001e-07,40.65625,10.492736,7.0,,,,,,,
40.65625,10.432777,0.0012643165,40.65625,10.432777,0.00087758445,,,,,,,,,,,,,,,,,,,,,,,,,,,,,,,,,,,,,,,,,,,,,,,,,,,,,,,,,,,,,40.65625,10.432777,1.8667399,40.65625,10.432777,0.8057668,,,,,,,,,,,,,,,,,40.65625,10.522716,0.010254633,40.65625,10.522716,0.0047253543,,,,,,,,,,,,,,,,,,,,,,,,,,,,,40.65625,10.522716,1.0000001e-07,40.65625,10.522716,7.0,,,,,,,
40.65625,10.462757,0.0010412019,40.65625,10.462757,0.00083296146,,,,,,,,,,,,,,,,,,,,,,,,,,,,,,,,,,,,,,,,,,,,,,,,,,,,,,,,,,,,,40.65625,10.462757,1.1523154,40.65625,10.462757,0.6713267,,,,,,,,,,,,,,,,,40.65625,10.552694,0.010537028,40.65625,10.552694,0.001047464,,,,,,,,,,,,,,,,,,,,,,,,,,,,,40.65625,10.552694,1.0000001e-07,40.65625,10.552694,7.0,,,,,,,
40.65625,10.492736,0.000996579,40.65625,10.492736,0.00087758445,,,,,,,,,,,,,,,,,,,,,,,,,,,,,,,,,,,,,,,,,,,,,,,,,,,,,,,,,,,,,40.65625,10.492736,1.0176535,40.65625,10.492736,0.8580456,,,,,,,,,,,,,,,,,40.65625,10.582674,0.0037308547,40.65625,10.582674,-0.0006993963,,,,,,,,,,,,,,,,,,,,,,,,,,,,,40.65625,10.582674,1.0000001e-07,40.65625,10.582674,7.0,,,,,,,
40.65625,10.522716,0.001234568,40.65625,10.522716,0.000951956,,,,,,,,,,,,,,,,,,,,,,,,,,,,,,,,,,,,,,,,,,,,,,,,,,,,,,,,,,,,,40.65625,10.522716,1.7960205,40.65625,10.522716,1.0747883,,,,,,,,,,,,,,,,,40.65625,10.612653,0.0055454965,40.65625,10.612653,-0.0011222617,,,,,,,,,,,,,,,,,,,,,,,,,,,,,40.65625,10.612653,1.0000001e-07,40.65625,10.612653,7.0,,,,,,,
40.65625,10.552694,0.0013386882,40.65625,10.552694,0.00087758445,,,,,,,,,,,,,,,,,,,,,,,,,,,,,,,,,,,,,,,,,,,,,,,,,,,,,,,,,,,,,40.65625,10.552694,2.1216671,40.65625,10.552694,0.81903565,,,,,,,,,,,,,,,,,40.65625,10.6426325,0.011452878,40.65625,10.6426325,-0.0021877023,,,,,,,,,,,,,,,,,,,,,,,,,,,,,40.65625,10.6426325,1.0000001e-07,40.65625,10.6426325,7.0,,,,,,,
40.65625,10.582674,0.0010709504,40.65625,10.582674,0.0007288412,,,,,,,,,,,,,,,,,,,,,,,,,,,,,,,,,,,,,,,,,,,,,,,,,,,,,,,,,,,,,40.65625,10.582674,1.2227197,40.65625,10.582674,0.29370663,,,,,,,,,,,,,,,,,40.65625,10.672611,0.005846195,40.65625,10.672611,-0.0008169877,,,,,,,,,,,,,,,,,,,,,,,,,,,,,40.65625,10.672611,1.0000001e-07,40.65625,10.672611,7.0,,,,,,,
40.65625,10.612653,0.0011155733,40.65625,10.612653,0.0007734642,,,,,,,,,,,,,,,,,,,,,,,,,,,,,,,,,,,,,,,,,,,,,,,,,,,,,,,,,,,,,40.65625,10.612653,1.3661909,40.65625,10.612653,0.4555047,,,,,,,,,,,,,,,,,40.65625,10.702591,0.001546868,40.65625,10.702591,0.0021748422,,,,,,,,,,,,,,,,,,,,,,,,,,,,,40.65625,10.702591,1.0000001e-07,40.65625,10.702591,7.0,,,,,,,
40.65625,10.6426325,0.0012643165,40.65625,10.6426325,0.00074371556,,,,,,,,,,,,,,,,,,,,,,,,,,,,,,,,,,,,,,,,,,,,,,,,,,,,,,,,,,,,,40.65625,10.6426325,1.9113383,40.65625,10.6426325,0.3732212,,,,,,,,,,,,,,,,,40.65625,10.73257,0.011791711,40.65625,10.73257,0.004583059,,,,,,,,,,,,,,,,,,,,,,,,,,,,,40.65625,10.73257,1.0000001e-07,40.65625,10.73257,7.0,,,,,,,
40.65625,10.672611,0.0011601964,40.65625,10.672611,0.00083296146,,,,,,,,,,,,,,,,,,,,,,,,,,,,,,,,,,,,,,,,,,,,,,,,,,,,,,,,,,,,,40.65625,10.672611,1.5613848,40.65625,10.672611,0.6979483,,,,,,,,,,,,,,,,,40.65625,10.762549,0.009314475,40.65625,10.762549,-0.0012471181,,,,,,,,,,,,,,,,,,,,,,,,,,,,,40.65625,10.762549,1.0000001e-07,40.65625,10.762549,7.0,,,,,,,
40.65625,10.702591,0.0009668303,40.65625,10.702591,0.00090733304,,,,,,,,,,,,,,,,,,,,,,,,,,,,,,,,,,,,,,,,,,,,,,,,,,,,,,,,,,,,,40.65625,10.702591,0.8883521,40.65625,10.702591,0.9356661,,,,,,,,,,,,,,,,,40.65625,10.792528,0.0068165744,40.65625,10.792528,0.0045820056,,,,,,,,,,,,,,,,,,,,,,,,,,,,,40.65625,10.792528,1.0000001e-07,40.65625,10.792528,7.0,,,,,,,
40.65625,10.73257,0.0012791909,40.65625,10.73257,0.0009668302,,,,,,,,,,,,,,,,,,,,,,,,,,,,,,,,,,,,,,,,,,,,,,,,,,,,,,,,,,,,,40.65625,10.73257,1.8963228,40.65625,10.73257,1.1330903,,,,,,,,,,,,,,,,,40.65625,10.822508,0.0039985054,40.65625,10.822508,0.0046266597,,,,,,,,,,,,,,,,,,,,,,,,,,,,,40.65625,10.822508,1.0000001e-07,40.65625,10.822508,7.0,,,,,,,
40.65625,10.762549,0.001100699,40.65625,10.762549,0.0007734642,,,,,,,,,,,,,,,,,,,,,,,,,,,,,,,,,,,,,,,,,,,,,,,,,,,,,,,,,,,,,40.65625,10.762549,1.3984568,40.65625,10.762549,0.4389819,,,,,,,,,,,,,,,,,40.65625,10.852488,0.0069920644,40.65625,10.852488,0.002130651,,,,,,,,,,,,,,,,,,,,,,,,,,,,,40.65625,10.852488,1.0000001e-07,40.65625,10.852488,7.0,,,,,,,
40.65625,10.792528,0.0010412016,40.65625,10.792528,0.000951956,,,,,,,,,,,,,,,,,,,,,,,,,,,,,,,,,,,,,,,,,,,,,,,,,,,,,,,,,,,,,40.65625,10.792528,1.1807255,40.65625,10.792528,1.1000508,,,,,,,,,,,,,,,,,40.65625,10.882466,0.0078715775,40.65625,10.882466,-0.0025621639,,,,,,,,,,,,,,,,,,,,,,,,,,,,,40.65625,10.882466,1.0000001e-07,40.65625,10.882466,7.0,,,,,,,
40.65625,10.822508,0.001041202,40.65625,10.822508,0.0009073329,,,,,,,,,,,,,,,,,,,,,,,,,,,,,,,,,,,,,,,,,,,,,,,,,,,,,,,,,,,,,40.65625,10.822508,1.12699,40.65625,10.822508,0.93415546,,,,,,,,,,,,,,,,,40.65625,10.912446,0.007273131,40.65625,10.912446,-0.005052848,,,,,,,,,,,,,,,,,,,,,,,,,,,,,40.65625,10.912446,1.0000001e-07,40.65625,10.912446,7.0,,,,,,,
40.65625,10.852487,0.0011155733,40.65625,10.852487,0.00083296146,,,,,,,,,,,,,,,,,,,,,,,,,,,,,,,,,,,,,,,,,,,,,,,,,,,,,,,,,,,,,40.65625,10.852487,1.4007524,40.65625,10.852487,0.6834329,,,,,,,,,,,,,,,,,40.65625,10.942425,0.003896474,40.65625,10.942425,-0.0012413119,,,,,,,,,,,,,,,,,,,,,,,,,,,,,40.65625,10.942425,1.0000001e-07,40.65625,10.942425,7.0,,,,,,,
40.65625,10.882466,0.0011601964,40.65625,10.882466,0.0006990927,,,,,,,,,,,,,,,,,,,,,,,,,,,,,,,,,,,,,,,,,,,,,,,,,,,,,,,,,,,,,40.65625,10.882466,1.5561118,40.65625,10.882466,0.23377228,,,,,,,,,,,,,,,,,40.65625,10.9724045,0.0037047868,40.65625,10.9724045,0.00018988064,,,,,,,,,,,,,,,,,,,,,,,,,,,,,40.65625,10.9724045,1.0000001e-07,40.65625,10.9724045,7.0,,,,,,,
40.65625,10.912445,0.0012048193,40.65625,10.912445,0.0006247212,,,,,,,,,,,,,,,,,,,,,,,,,,,,,,,,,,,,,,,,,,,,,,,,,,,,,,,,,,,,,40.65625,10.912445,1.6554675,40.65625,10.912445,-0.08069689,,,,,,,,,,,,,,,,,40.65625,11.002383,0.0051486003,40.65625,11.002383,0.0075137,,,,,,,,,,,,,,,,,,,,,,,,,,,,,40.65625,11.002383,1.0000001e-07,40.65625,11.002383,7.0,,,,,,,
40.65625,10.942425,0.0010560761,40.65625,10.942425,0.0007585899,,,,,,,,,,,,,,,,,,,,,,,,,,,,,,,,,,,,,,,,,,,,,,,,,,,,,,,,,,,,,40.65625,10.942425,1.2484927,40.65625,10.942425,0.42106068,,,,,,,,,,,,,,,,,40.65625,11.032363,0.0018614411,40.65625,11.032363,0.0060644667,,,,,,,,,,,,,,,,,,,,,,,,,,,,,40.65625,11.032363,1.0000001e-07,40.65625,11.032363,7.0,,,,,,,
40.65625,10.972404,0.0009519559,40.65625,10.972404,0.00087758445,,,,,,,,,,,,,,,,,,,,,,,,,,,,,,,,,,,,,,,,,,,,,,,,,,,,,,,,,,,,,40.65625,10.972404,0.86942875,40.65625,10.972404,0.8432089,,,,,,,,,,,,,,,,,40.65625,11.062342,0.0038660867,40.65625,11.062342,-0.008623149,,,,,,,,,,,,,,,,,,,,,,,,,,,,,40.65625,11.062342,1.0000001e-07,40.65625,11.062342,7.0,,,,,,,
40.65625,11.002383,0.0010560763,40.65625,11.002383,0.0010560763,,,,,,,,,,,,,,,,,,,,,,,,,,,,,,,,,,,,,,,,,,,,,,,,,,,,,,,,,,,,,40.65625,11.002383,1.1332749,40.65625,11.002383,1.4768893,,,,,,,,,,,,,,,,,40.65625,11.092321,0.0024233689,40.65625,11.092321,0.0025618991,,,,,,,,,,,,,,,,,,,,,,,,,,,,,40.65625,11.092321,1.0000001e-07,40.65625,11.092321,7.0,,,,,,,
40.65625,11.032362,0.000996579,40.65625,11.032362,0.0009519559,,,,,,,,,,,,,,,,,,,,,,,,,,,,,,,,,,,,,,,,,,,,,,,,,,,,,,,,,,,,,40.65625,11.032362,0.93607944,40.65625,11.032362,1.0718629,,,,,,,,,,,,,,,,,40.65625,11.1223,0.00207042,40.65625,11.1223,0.004934236,,,,,,,,,,,,,,,,,,,,,,,,,,,,,40.65625,11.1223,1.0000001e-07,40.65625,11.1223,7.0,,,,,,,
40.65625,11.062342,0.0010709504,40.65625,11.062342,0.0005503495,,,,,,,,,,,,,,,,,,,,,,,,,,,,,,,,,,,,,,,,,,,,,,,,,,,,,,,,,,,,,40.65625,11.062342,1.1917126,40.65625,11.062342,-0.31863418,,,,,,,,,,,,,,,,,40.65625,11.15228,0.0019907234,40.65625,11.15228,-0.00032296465,,,,,,,,,,,,,,,,,,,,,,,,,,,,,40.65625,11.15228,1.0000001e-07,40.65625,11.15228,7.0,,,,,,,
40.65625,11.092321,0.0010709505,40.65625,11.092321,0.00093708164,,,,,,,,,,,,,,,,,,,,,,,,,,,,,,,,,,,,,,,,,,,,,,,,,,,,,,,,,,,,,40.65625,11.092321,1.2063444,40.65625,11.092321,1.0493287,,,,,,,,,,,,,,,,,40.65625,11.182259,0.001343488,40.65625,11.182259,0.0062195533,,,,,,,,,,,,,,,,,,,,,,,,,,,,,40.65625,11.182259,1.0000001e-07,40.65625,11.182259,7.0,,,,,,,
40.65625,11.1223,0.0010412018,40.65625,11.1223,0.0008924587,,,,,,,,,,,,,,,,,,,,,,,,,,,,,,,,,,,,,,,,,,,,,,,,,,,,,,,,,,,,,40.65625,11.1223,1.1503093,40.65625,11.1223,0.88051105,,,,,,,,,,,,,,,,,40.65625,11.212238,0.004667105,40.65625,11.212238,0.0043964926,,,,,,,,,,,,,,,,,,,,,,,,,,,,,40.65625,11.212238,1.0000001e-07,40.65625,11.212238,7.0,,,,,,,
40.65625,11.15228,0.0009668302,40.65625,11.15228,0.00083296146,,,,,,,,,,,,,,,,,,,,,,,,,,,,,,,,,,,,,,,,,,,,,,,,,,,,,,,,,,,,,40.65625,11.15228,0.9007882,40.65625,11.15228,0.64912724,,,,,,,,,,,,,,,,,40.65625,11.242217,0.010389551,40.65625,11.242217,-0.0032780278,,,,,,,,,,,,,,,,,,,,,,,,,,,,,40.65625,11.242217,1.0000001e-07,40.65625,11.242217,7.0,,,,,,,
40.65625,11.182259,0.0009817047,40.65625,11.182259,0.00093708164,,,,,,,,,,,,,,,,,,,,,,,,,,,,,,,,,,,,,,,,,,,,,,,,,,,,,,,,,,,,,40.65625,11.182259,0.95176613,40.65625,11.182259,1.0577837,,,,,,,,,,,,,,,,,40.65625,11.272197,0.009150092,40.65625,11.272197,-0.0019197454,,,,,,,,,,,,,,,,,,,,,,,,,,,,,40.65625,11.272197,1.0000001e-07,40.65625,11.272197,7.0,,,,,,,
40.65625,11.212238,0.0010263275,40.65625,11.212238,0.0009668303,,,,,,,,,,,,,,,,,,,,,,,,,,,,,,,,,,,,,,,,,,,,,,,,,,,,,,,,,,,,,40.65625,11.212238,1.0618129,40.65625,11.212238,1.1350642,,,,,,,,,,,,,,,,,40.65625,11.3021755,0.002336822,40.65625,11.3021755,-0.0048508965,,,,,,,,,,,,,,,,,,,,,,,,,,,,,40.65625,11.3021755,1.0000001e-07,40.65625,11.3021755,7.0,,,,,,,
40.65625,11.242217,0.0011899449,40.65625,11.242217,0.0007734641,,,,,,,,,,,,,,,,,,,,,,,,,,,,,,,,,,,,,,,,,,,,,,,,,,,,,,,,,,,,,40.65625,11.242217,1.6652637,40.65625,11.242217,0.46344364,,,,,,,,,,,,,,,,,40.65625,11.332155,0.008074292,40.65625,11.332155,0.009574621,,,,,,,,,,,,,,,,,,,,,,,,,,,,,40.65625,11.332155,1.0000001e-07,40.65625,11.332155,7.0,,,,,,,
40.65625,11.272197,0.0011601963,40.65625,11.272197,0.00080321287,,,,,,,,,,,,,,,,,,,,,,,,,,,,,,,,,,,,,,,,,,,,,,,,,,,,,,,,,,,,,40.65625,11.272197,1.5700114,40.65625,11.272197,0.5869758,,,,,,,,,,,,,,,,,40.65625,11.362134,0.00095154624,40.65625,11.362134,0.0010043163,,,,,,,,,,,,,,,,,,,,,,,,,,,,,40.65625,11.362134,1.0000001e-07,40.65625,11.362134,7.0,,,,,,,
40.65625,11.3021755,0.0009668303,40.65625,11.3021755,0.0006395954,,,,,,,,,,,,,,,,,,,,,,,,,,,,,,,,,,,,,,,,,,,,,,,,,,,,,,,,,,,,,40.65625,11.3021755,0.8781787,40.65625,11.3021755,0.0075605046,,,,,,,,,,,,,,,,,40.65625,11.392114,0.0135247,40.65625,11.392114,-0.00018244253,,,,,,,,,,,,,,,,,,,,,,,,,,,,,40.65625,11.392114,1.0000001e-07,40.65625,11.392114,7.0,,,,,,,
40.65625,11.332155,0.0010858248,40.65625,11.332155,0.0010858248,,,,,,,,,,,,,,,,,,,,,,,,,,,,,,,,,,,,,,,,,,,,,,,,,,,,,,,,,,,,,40.65625,11.332155,1.2596177,40.65625,11.332155,1.6134579,,,,,,,,,,,,,,,,,40.65625,11.422092,0.015221788,40.65625,11.422092,-0.0013854747,,,,,,,,,,,,,,,,,,,,,,,,,,,,,40.65625,11.422092,1.0000001e-07,40.65625,11.422092,7.0,,,,,,,
40.65625,11.362134,0.0009668302,40.65625,11.362134,0.0008329615,,,,,,,,,,,,,,,,,,,,,,,,,,,,,,,,,,,,,,,,,,,,,,,,,,,,,,,,,,,,,40.65625,11.362134,0.87896705,40.65625,11.362134,0.6653607,,,,,,,,,,,,,,,,,40.65625,11.452072,0.0025867715,40.65625,11.452072,0.00025459877,,,,,,,,,,,,,,,,,,,,,,,,,,,,,40.65625,11.452072,1.0000001e-07,40.65625,11.452072,7.0,,,,,,,
40.65625,11.392114,0.0013386882,40.65625,11.392114,0.0008032128,,,,,,,,,,,,,,,,,,,,,,,,,,,,,,,,,,,,,,,,,,,,,,,,,,,,,,,,,,,,,40.65625,11.392114,2.136236,40.65625,11.392114,0.5588318,,,,,,,,,,,,,,,,,40.65625,11.482051,0.003315562,40.65625,11.482051,-0.0026447913,,,,,,,,,,,,,,,,,,,,,,,,,,,,,40.65625,11.482051,1.0000001e-07,40.65625,11.482051,7.0,,,,,,,
40.65625,11.422092,0.001234568,40.65625,11.422092,0.0007883384,,,,,,,,,,,,,,,,,,,,,,,,,,,,,,,,,,,,,,,,,,,,,,,,,,,,,,,,,,,,,40.65625,11.422092,1.7665753,40.65625,11.422092,0.50796497,,,,,,,,,,,,,,,,,40.65625,11.512031,-0.0024421725,40.65625,11.512031,0.0022769342,,,,,,,,,,,,,,,,,,,,,,,,,,,,,40.65625,11.512031,1.0000001e-07,40.65625,11.512031,7.0,,,,,,,
40.65625,11.452072,0.000996579,40.65625,11.452072,0.0008180871,,,,,,,,,,,,,,,,,,,,,,,,,,,,,,,,,,,,,,,,,,,,,,,,,,,,,,,,,,,,,40.65625,11.452072,0.9945948,40.65625,11.452072,0.6071967,,,,,,,,,,,,,,,,,40.65625,11.542009,0.011240816,40.65625,11.542009,0.00010679724,,,,,,,,,,,,,,,,,,,,,,,,,,,,,40.65625,11.542009,1.0000001e-07,40.65625,11.542009,7.0,,,,,,,
40.65625,11.482051,0.0010263275,40.65625,11.482051,0.000713967,,,,,,,,,,,,,,,,,,,,,,,,,,,,,,,,,,,,,,,,,,,,,,,,,,,,,,,,,,,,,40.65625,11.482051,1.1002839,40.65625,11.482051,0.23722704,,,,,,,,,,,,,,,,,40.65625,11.571989,0.008755595,40.65625,11.571989,0.00667814,,,,,,,,,,,,,,,,,,,,,,,,,,,,,40.65625,11.571989,1.0000001e-07,40.65625,11.571989,7.0,,,,,,,
40.65625,11.512031,0.00090733304,40.65625,11.512031,0.00086271006,,,,,,,,,,,,,,,,,,,,,,,,,,,,,,,,,,,,,,,,,,,,,,,,,,,,,,,,,,,,,40.65625,11.512031,0.66257834,40.65625,11.512031,0.82759815,,,,,,,,,,,,,,,,,40.65625,11.601968,0.008093766,40.65625,11.601968,-0.000100882724,,,,,,,,,,,,,,,,,,,,,,,,,,,,,40.65625,11.601968,1.0000001e-07,40.65625,11.601968,7.0,,,,,,,
40.65625,11.542009,0.0011304478,40.65625,11.542009,0.0009073329,,,,,,,,,,,,,,,,,,,,,,,,,,,,,,,,,,,,,,,,,,,,,,,,,,,,,,,,,,,,,40.65625,11.542009,1.4341102,40.65625,11.542009,0.945332,,,,,,,,,,,,,,,,,40.65625,11.6319475,0.0055698156,40.65625,11.6319475,-0.0004529041,,,,,,,,,,,,,,,,,,,,,,,,,,,,,40.65625,11.6319475,1.0000001e-07,40.65625,11.6319475,7.0,,,,,,,
40.65625,11.571989,0.0011750706,40.65625,11.571989,0.0009519559,,,,,,,,,,,,,,,,,,,,,,,,,,,,,,,,,,,,,,,,,,,,,,,,,,,,,,,,,,,,,40.65625,11.571989,1.581165,40.65625,11.571989,1.1121613,,,,,,,,,,,,,,,,,40.65625,11.661927,0.0028241153,40.65625,11.661927,0.0041928957,,,,,,,,,,,,,,,,,,,,,,,,,,,,,40.65625,11.661927,1.0000001e-07,40.65625,11.661927,7.0,,,,,,,
40.65625,11.601968,0.0011899449,40.65625,11.601968,0.0008329614,,,,,,,,,,,,,,,,,,,,,,,,,,,,,,,,,,,,,,,,,,,,,,,,,,,,,,,,,,,,,40.65625,11.601968,1.6072396,40.65625,11.601968,0.7205689,,,,,,,,,,,,,,,,,40.65625,11.691906,0.006014281,40.65625,11.691906,-2.4081777e-05,,,,,,,,,,,,,,,,,,,,,,,,,,,,,40.65625,11.691906,1.0000001e-07,40.65625,11.691906,7.0,,,,,,,
40.65625,11.6319475,0.0011155735,40.65625,11.6319475,0.0008329614,,,,,,,,,,,,,,,,,,,,,,,,,,,,,,,,,,,,,,,,,,,,,,,,,,,,,,,,,,,,,40.65625,11.6319475,1.3900867,40.65625,11.6319475,0.6549046,,,,,,,,,,,,,,,,,40.65625,11.721886,0.006143748,40.65625,11.721886,-0.00467692,,,,,,,,,,,,,,,,,,,,,,,,,,,,,40.65625,11.721886,1.0000001e-07,40.65625,11.721886,7.0,,,,,,,
40.65625,11.661926,0.0009668303,40.65625,11.661926,0.00090733304,,,,,,,,,,,,,,,,,,,,,,,,,,,,,,,,,,,,,,,,,,,,,,,,,,,,,,,,,,,,,40.65625,11.661926,0.8864963,40.65625,11.661926,0.9327386,,,,,,,,,,,,,,,,,40.65625,11.751864,0.00469709,40.65625,11.751864,0.000404467,,,,,,,,,,,,,,,,,,,,,,,,,,,,,40.65625,11.751864,1.0000001e-07,40.65625,11.751864,7.0,,,,,,,
40.65625,11.691906,0.0010263275,40.65625,11.691906,0.0007883384,,,,,,,,,,,,,,,,,,,,,,,,,,,,,,,,,,,,,,,,,,,,,,,,,,,,,,,,,,,,,40.65625,11.691906,1.1642579,40.65625,11.691906,0.50572824,,,,,,,,,,,,,,,,,40.65625,11.781844,0.00953092,40.65625,11.781844,-0.002566064,,,,,,,,,,,,,,,,,,,,,,,,,,,,,40.65625,11.781844,1.0000001e-07,40.65625,11.781844,7.0,,,,,,,
40.65625,11.721885,0.0010560761,40.65625,11.721885,0.0005206009,,,,,,,,,,,,,,,,,,,,,,,,,,,,,,,,,,,,,,,,,,,,,,,,,,,,,,,,,,,,,40.65625,11.721885,1.1925222,40.65625,11.721885,-0.45033544,,,,,,,,,,,,,,,,,40.65625,11.811823,0.0132343015,40.65625,11.811823,0.004367235,,,,,,,,,,,,,,,,,,,,,,,,,,,,,40.65625,11.811823,1.0000001e-07,40.65625,11.811823,7.0,,,,,,,
40.65625,11.751864,0.0009965788,40.65625,11.751864,0.00083296146,,,,,,,,,,,,,,,,,,,,,,,,,,,,,,,,,,,,,,,,,,,,,,,,,,,,,,,,,,,,,40.65625,11.751864,1.0088407,40.65625,11.751864,0.6212829,,,,,,,,,,,,,,,,,40.65625,11.841803,0.01198584,40.65625,11.841803,-0.004200933,,,,,,,,,,,,,,,,,,,,,,,,,,,,,40.65625,11.841803,1.0000001e-07,40.65625,11.841803,7.0,,,,,,,
40.65625,11.781843,0.0011006991,40.65625,11.781843,0.0006990927,,,,,,,,,,,,,,,,,,,,,,,,,,,,,,,,,,,,,,,,,,,,,,,,,,,,,,,,,,,,,40.65625,11.781843,1.3591228,40.65625,11.781843,0.17609261,,,,,,,,,,,,,,,,,40.65625,11.871781,-0.0027553088,40.65625,11.871781,-0.0029329488,,,,,,,,,,,,,,,,,,,,,,,,,,,,,40.65625,11.871781,1.0000001e-07,40.65625,11.871781,7.0,,,,,,,
40.65625,11.811823,0.0012643165,40.65625,11.811823,0.00086271006,,,,,,,,,,,,,,,,,,,,,,,,,,,,,,,,,,,,,,,,,,,,,,,,,,,,,,,,,,,,,40.65625,11.811823,1.8513366,40.65625,11.811823,0.7710311,,,,,,,,,,,,,,,,,40.65625,11.901761,0.0059745703,40.65625,11.901761,-0.0016404585,,,,,,,,,,,,,,,,,,,,,,,,,,,,,40.65625,11.901761,1.0000001e-07,40.65625,11.901761,7.0,,,,,,,
40.65625,11.841802,0.0011601964,40.65625,11.841802,0.00072884123,,,,,,,,,,,,,,,,,,,,,,,,,,,,,,,,,,,,,,,,,,,,,,,,,,,,,,,,,,,,,40.65625,11.841802,1.5747215,40.65625,11.841802,0.32928875,,,,,,,,,,,,,,,,,40.65625,11.93174,-0.0018469741,40.65625,11.93174,-0.004409724,,,,,,,,,,,,,,,,,,,,,,,,,,,,,40.65625,11.93174,1.0000001e-07,40.65625,11.93174,7.0,,,,,,,
40.65625,11.871781,0.00084783573,40.65625,11.871781,0.00066934404,,,,,,,,,,,,,,,,,,,,,,,,,,,,,,,,,,,,,,,,,,,,,,,,,,,,,,,,,,,,,40.65625,11.871781,0.4696592,40.65625,11.871781,0.08116138,,,,,,,,,,,,,,,,,40.65625,11.9617195,0.014177727,40.65625,11.9617195,-0.0019512218,,,,,,,,,,,,,,,,,,,,,,,,,,,,,40.65625,11.9617195,1.0000001e-07,40.65625,11.9617195,7.0,,,,,,,
40.65625,11.90176,0.000996579,40.65625,11.90176,0.00069909275,,,,,,,,,,,,,,,,,,,,,,,,,,,,,,,,,,,,,,,,,,,,,,,,,,,,,,,,,,,,,40.65625,11.90176,0.9810116,40.65625,11.90176,0.16870815,,,,,,,,,,,,,,,,,40.65625,11.991698,0.00839733,40.65625,11.991698,0.0022262854,,,,,,,,,,,,,,,,,,,,,,,,,,,,,40.65625,11.991698,1.0000001e-07,40.65625,11.991698,7.0,,,,,,,
40.65625,11.93174,0.00081808714,40.65625,11.93174,0.00071396696,,,,,,,,,,,,,,,,,,,,,,,,,,,,,,,,,,,,,,,,,,,,,,,,,,,,,,,,,,,,,40.65625,11.93174,0.36366886,40.65625,11.93174,0.25407818,,,,,,,,,,,,,,,,,40.65625,12.021678,0.0055588335,40.65625,12.021678,-0.00030934357,,,,,,,,,,,,,,,,,,,,,,,,,,,,,40.65625,12.021678,1.0000001e-07,40.65625,12.021678,7.0,,,,,,,
40.65625,11.9617195,0.0012345678,40.65625,11.9617195,0.0007883384,,,,,,,,,,,,,,,,,,,,,,,,,,,,,,,,,,,,,,,,,,,,,,,,,,,,,,,,,,,,,40.65625,11.9617195,1.7535247,40.65625,11.9617195,0.53176355,,,,,,,,,,,,,,,,,40.65625,12.051657,0.004892755,40.65625,12.051657,0.010700873,,,,,,,,,,,,,,,,,,,,,,,,,,,,,40.65625,12.051657,1.0000001e-07,40.65625,12.051657,7.0,,,,,,,
40.65625,11.991698,0.0011453221,40.65625,11.991698,0.0009370816,,,,,,,,,,,,,,,,,,,,,,,,,,,,,,,,,,,,,,,,,,,,,,,,,,,,,,,,,,,,,40.65625,11.991698,1.4448714,40.65625,11.991698,1.0580359,,,,,,,,,,,,,,,,,40.65625,12.081636,0.004522514,40.65625,12.081636,0.0041435794,,,,,,,,,,,,,,,,,,,,,,,,,,,,,40.65625,12.081636,1.0000001e-07,40.65625,12.081636,7.0,,,,,,,
40.65625,12.021678,0.0010560763,40.65625,12.021678,0.00072884123,,,,,,,,,,,,,,,,,,,,,,,,,,,,,,,,,,,,,,,,,,,,,,,,,,,,,,,,,,,,,40.65625,12.021678,1.2060895,40.65625,12.021678,0.29303372,,,,,,,,,,,,,,,,,40.65625,12.111615,0.011139843,40.65625,12.111615,0.002370839,,,,,,,,,,,,,,,,,,,,,,,,,,,,,40.65625,12.111615,1.0000001e-07,40.65625,12.111615,7.0,,,,,,,
40.65625,12.051657,0.0010263275,40.65625,12.051657,0.0011155735,,,,,,,,,,,,,,,,,,,,,,,,,,,,,,,,,,,,,,,,,,,,,,,,,,,,,,,,,,,,,40.65625,12.051657,1.1151025,40.65625,12.051657,1.6532074,,,,,,,,,,,,,,,,,40.65625,12.141595,0.006504189,40.65625,12.141595,0.0007221028,,,,,,,,,,,,,,,,,,,,,,,,,,,,,40.65625,12.141595,1.0000001e-07,40.65625,12.141595,7.0,,,,,,,
40.65625,12.081636,0.0010412018,40.65625,12.081636,0.0008180871,,,,,,,,,,,,,,,,,,,,,,,,,,,,,,,,,,,,,,,,,,,,,,,,,,,,,,,,,,,,,40.65625,12.081636,1.1259887,40.65625,12.081636,0.6243518,,,,,,,,,,,,,,,,,40.65625,12.171574,0.0073323133,40.65625,12.171574,0.005235745,,,,,,,,,,,,,,,,,,,,,,,,,,,,,40.65625,12.171574,1.0000001e-07,40.65625,12.171574,7.0,,,,,,,
40.65625,12.111615,0.0011155733,40.65625,12.111615,0.0008180871,,,,,,,,,,,,,,,,,,,,,,,,,,,,,,,,,,,,,,,,,,,,,,,,,,,,,,,,,,,,,40.65625,12.111615,1.4124962,40.65625,12.111615,0.61896884,,,,,,,,,,,,,,,,,40.65625,12.201553,-0.0037404734,40.65625,12.201553,-0.002054753,,,,,,,,,,,,,,,,,,,,,,,,,,,,,40.65625,12.201553,1.0000001e-07,40.65625,12.201553,7.0,,,,,,,
40.65625,12.141595,0.0009370816,40.65625,12.141595,0.00080321287,,,,,,,,,,,,,,,,,,,,,,,,,,,,,,,,,,,,,,,,,,,,,,,,,,,,,,,,,,,,,40.65625,12.141595,0.7714763,40.65625,12.141595,0.57718587,,,,,,,,,,,,,,,,,40.65625,12.231532,0.010479722,40.65625,12.231532,-0.00052328035,,,,,,,,,,,,,,,,,,,,,,,,,,,,,40.65625,12.231532,1.0000001e-07,40.65625,12.231532,7.0,,,,,,,
40.65625,12.171574,0.001056076,40.65625,12.171574,0.00093708164,,,,,,,,,,,,,,,,,,,,,,,,,,,,,,,,,,,,,,,,,,,,,,,,,,,,,,,,,,,,,40.65625,12.171574,1.2132038,40.65625,12.171574,1.0347527,,,,,,,,,,,,,,,,,40.65625,12.261512,0.0058629983,40.65625,12.261512,-0.0004673313,,,,,,,,,,,,,,,,,,,,,,,,,,,,,40.65625,12.261512,1.0000001e-07,40.65625,12.261512,7.0,,,,,,,
40.65625,12.201553,0.0008032128,40.65625,12.201553,0.0007437156,,,,,,,,,,,,,,,,,,,,,,,,,,,,,,,,,,,,,,,,,,,,,,,,,,,,,,,,,,,,,40.65625,12.201553,0.27623284,40.65625,12.201553,0.37706977,,,,,,,,,,,,,,,,,40.65625,12.291491,0.0022203708,40.65625,12.291491,0.0033437414,,,,,,,,,,,,,,,,,,,,,,,,,,,,,40.65625,12.291491,1.0000001e-07,40.65625,12.291491,7.0,,,,,,,
40.65625,12.231532,0.0011750706,40.65625,12.231532,0.0007883385,,,,,,,,,,,,,,,,,,,,,,,,,,,,,,,,,,,,,,,,,,,,,,,,,,,,,,,,,,,,,40.65625,12.231532,1.5478163,40.65625,12.231532,0.49426794,,,,,,,,,,,,,,,,,40.65625,12.32147,0.00823697,40.65625,12.32147,-0.00557001,,,,,,,,,,,,,,,,,,,,,,,,,,,,,40.65625,12.32147,1.0000001e-07,40.65625,12.32147,7.0,,,,,,,
40.65625,12.261512,0.0010560761,40.65625,12.261512,0.0007585899,,,,,,,,,,,,,,,,,,,,,,,,,,,,,,,,,,,,,,,,,,,,,,,,,,,,,,,,,,,,,40.65625,12.261512,1.2344813,40.65625,12.261512,0.40683734,,,,,,,,,,,,,,,,,40.65625,12.351449,0.0089225955,40.65625,12.351449,0.008820075,,,,,,,,,,,,,,,,,,,,,,,,,,,,,40.65625,12.351449,1.0000001e-07,40.65625,12.351449,7.0,,,,,,,
40.65625,12.291491,0.0009817046,40.65625,12.291491,0.00083296146,,,,,,,,,,,,,,,,,,,,,,,,,,,,,,,,,,,,,,,,,,,,,,,,,,,,,,,,,,,,,40.65625,12.291491,0.9146663,40.65625,12.291491,0.65726167,,,,,,,,,,,,,,,,,40.65625,12.381429,0.009934378,40.65625,12.381429,-0.003826477,,,,,,,,,,,,,,,,,,,,,,,,,,,,,40.65625,12.381429,1.0000001e-07,40.65625,12.381429,7.0,,,,,,,
40.65625,12.32147,0.001145322,40.65625,12.32147,0.00062472105,,,,,,,,,,,,,,,,,,,,,,,,,,,,,,,,,,,,,,,,,,,,,,,,,,,,,,,,,,,,,40.65625,12.32147,1.5092595,40.65625,12.32147,-0.083483234,,,,,,,,,,,,,,,,,40.65625,12.411407,0.009361876,40.65625,12.411407,0.0041458686,,,,,,,,,,,,,,,,,,,,,,,,,,,,,40.65625,12.411407,1.0000001e-07,40.65625,12.411407,7.0,,,,,,,
40.65625,12.351449,0.0011155735,40.65625,12.351449,0.0009519559,,,,,,,,,,,,,,,,,,,,,,,,,,,,,,,,,,,,,,,,,,,,,,,,,,,,,,,,,,,,,40.65625,12.351449,1.4181489,40.65625,12.351449,1.0821198,,,,,,,,,,,,,,,,,40.65625,12.441387,0.0021720252,40.65625,12.441387,-0.0028197158,,,,,,,,,,,,,,,,,,,,,,,,,,,,,40.65625,12.441387,1.0000001e-07,40.65625,12.441387,7.0,,,,,,,
40.65625,12.381429,0.0010560763,40.65625,12.381429,0.00069909263,,,,,,,,,,,,,,,,,,,,,,,,,,,,,,,,,,,,,,,,,,,,,,,,,,,,,,,,,,,,,40.65625,12.381429,1.1416434,40.65625,12.381429,0.21909694,,,,,,,,,,,,,,,,,40.65625,12.471366,0.008779164,40.65625,12.471366,-0.0023922408,,,,,,,,,,,,,,,,,,,,,,,,,,,,,40.65625,12.471366,1.0000001e-07,40.65625,12.471366,7.0,,,,,,,
40.65625,12.411407,0.0010709504,40.65625,12.411407,0.0009222073,,,,,,,,,,,,,,,,,,,,,,,,,,,,,,,,,,,,,,,,,,,,,,,,,,,,,,,,,,,,,40.65625,12.411407,1.2665448,40.65625,12.411407,0.97965026,,,,,,,,,,,,,,,,,40.65625,12.501346,0.0062304777,40.65625,12.501346,-0.004002752,,,,,,,,,,,,,,,,,,,,,,,,,,,,,40.65625,12.501346,1.0000001e-07,40.65625,12.501346,7.0,,,,,,,
40.65625,12.441387,0.00090733304,40.65625,12.441387,0.00071396696,,,,,,,,,,,,,,,,,,,,,,,,,,,,,,,,,,,,,,,,,,,,,,,,,,,,,,,,,,,,,40.65625,12.441387,0.6806257,40.65625,12.441387,0.23031801,,,,,,,,,,,,,,,,,40.65625,12.531325,0.005162435,40.65625,12.531325,0.00016791986,,,,,,,,,,,,,,,,,,,,,,,,,,,,,40.65625,12.531325,1.0000001e-07,40.65625,12.531325,7.0,,,,,,,
40.65625,12.471366,0.0012048192,40.65625,12.471366,0.00069909263,,,,,,,,,,,,,,,,,,,,,,,,,,,,,,,,,,,,,,,,,,,,,,,,,,,,,,,,,,,,,40.65625,12.471366,1.638228,40.65625,12.471366,0.1913149,,,,,,,,,,,,,,,,,40.65625,12.561304,0.0056725056,40.65625,12.561304,0.010834498,,,,,,,,,,,,,,,,,,,,,,,,,,,,,40.65625,12.561304,1.0000001e-07,40.65625,12.561304,7.0,,,,,,,
40.65625,12.501346,0.0010114532,40.65625,12.501346,0.0005800981,,,,,,,,,,,,,,,,,,,,,,,,,,,,,,,,,,,,,,,,,,,,,,,,,,,,,,,,,,,,,40.65625,12.501346,1.0300592,40.65625,12.501346,-0.23593013,,,,,,,,,,,,,,,,,40.65625,12.591284,0.0032344577,40.65625,12.591284,0.007661942,,,,,,,,,,,,,,,,,,,,,,,,,,,,,40.65625,12.591284,1.0000001e-07,40.65625,12.591284,7.0,,,,,,,
40.65625,12.531324,0.0009817046,40.65625,12.531324,0.0007734642,,,,,,,,,,,,,,,,,,,,,,,,,,,,,,,,,,,,,,,,,,,,,,,,,,,,,,,,,,,,,40.65625,12.531324,0.95008916,40.65625,12.531324,0.44373065,,,,,,,,,,,,,,,,,40.65625,12.621263,0.0068644946,40.65625,12.621263,0.0025811694,,,,,,,,,,,,,,,,,,,,,,,,,,,,,40.65625,12.621263,1.0000001e-07,40.65625,12.621263,7.0,,,,,,,
40.65625,12.561304,0.0010114531,40.65625,12.561304,0.0009817046,,,,,,,,,,,,,,,,,,,,,,,,,,,,,,,,,,,,,,,,,,,,,,,,,,,,,,,,,,,,,40.65625,12.561304,1.0664353,40.65625,12.561304,1.1896333,,,,,,,,,,,,,,,,,40.65625,12.651242,0.0061071594,40.65625,12.651242,1.8451155e-05,,,,,,,,,,,,,,,,,,,,,,,,,,,,,40.65625,12.651242,1.0000001e-07,40.65625,12.651242,7.0,,,,,,,
40.65625,12.591283,0.00093708164,40.65625,12.591283,0.0009519559,,,,,,,,,,,,,,,,,,,,,,,,,,,,,,,,,,,,,,,,,,,,,,,,,,,,,,,,,,,,,40.65625,12.591283,0.7176039,40.65625,12.591283,1.1087918,,,,,,,,,,,,,,,,,40.65625,12.681221,-0.0015263701,40.65625,12.681221,-0.0037027544,,,,,,,,,,,,,,,,,,,,,,,,,,,,,40.65625,12.681221,1.0000001e-07,40.65625,12.681221,7.0,,,,,,,
40.65625,12.621263,0.00093708164,40.65625,12.621263,0.0008924588,,,,,,,,,,,,,,,,,,,,,,,,,,,,,,,,,,,,,,,,,,,,,,,,,,,,,,,,,,,,,40.65625,12.621263,0.8142789,40.65625,12.621263,0.90707314,,,,,,,,,,,,,,,,,40.65625,12.711201,-0.0019164984,40.65625,12.711201,-0.0039232527,,,,,,,,,,,,,,,,,,,,,,,,,,,,,40.65625,12.711201,1.0000001e-07,40.65625,12.711201,7.0,,,,,,,
40.65625,12.651241,0.0009668303,40.65625,12.651241,0.0007734642,,,,,,,,,,,,,,,,,,,,,,,,,,,,,,,,,,,,,,,,,,,,,,,,,,,,,,,,,,,,,40.65625,12.651241,0.89751446,40.65625,12.651241,0.43707964,,,,,,,,,,,,,,,,,40.65625,12.741179,0.003184053,40.65625,12.741179,-0.0022973714,,,,,,,,,,,,,,,,,,,,,,,,,,,,,40.65625,12.741179,1.0000001e-07,40.65625,12.741179,7.0,,,,,,,
40.65625,12.681221,0.00075858994,40.65625,12.681221,0.0006395953,,,,,,,,,,,,,,,,,,,,,,,,,,,,,,,,,,,,,,,,,,,,,,,,,,,,,,,,,,,,,40.65625,12.681221,0.18771566,40.65625,12.681221,-0.037662644,,,,,,,,,,,,,,,,,40.65625,12.771159,0.0014267416,40.65625,12.771159,0.0059705577,,,,,,,,,,,,,,,,,,,,,,,,,,,,,40.65625,12.771159,1.0000001e-07,40.65625,12.771159,7.0,,,,,,,
40.65625,12.7112,0.00087758433,40.65625,12.7112,0.0006544697,,,,,,,,,,,,,,,,,,,,,,,,,,,,,,,,,,,,,,,,,,,,,,,,,,,,,,,,,,,,,40.65625,12.7112,0.5861673,40.65625,12.7112,0.02439522,,,,,,,,,,,,,,,,,40.65625,12.801138,0.0060967514,40.65625,12.801138,0.0031796538,,,,,,,,,,,,,,,,,,,,,,,,,,,,,40.65625,12.801138,1.0000001e-07,40.65625,12.801138,7.0,,,,,,,
40.65625,12.741179,0.00093708164,40.65625,12.741179,0.0007288413,,,,,,,,,,,,,,,,,,,,,,,,,,,,,,,,,,,,,,,,,,,,,,,,,,,,,,,,,,,,,40.65625,12.741179,0.73248076,40.65625,12.741179,0.23062822,,,,,,,,,,,,,,,,,40.65625,12.831118,0.003842323,40.65625,12.831118,-0.0015542194,,,,,,,,,,,,,,,,,,,,,,,,,,,,,40.65625,12.831118,1.0000001e-07,40.65625,12.831118,7.0,,,,,,,
40.65625,12.771158,0.00087758433,40.65625,12.771158,0.00087758433,,,,,,,,,,,,,,,,,,,,,,,,,,,,,,,,,,,,,,,,,,,,,,,,,,,,,,,,,,,,,40.65625,12.771158,0.61449444,40.65625,12.771158,0.85560423,,,,,,,,,,,,,,,,,40.65625,12.861096,0.0053300303,40.65625,12.861096,-0.0049267565,,,,,,,,,,,,,,,,,,,,,,,,,,,,,40.65625,12.861096,1.0000001e-07,40.65625,12.861096,7.0,,,,,,,
40.65625,12.801138,0.0009965788,40.65625,12.801138,0.00081808714,,,,,,,,,,,,,,,,,,,,,,,,,,,,,,,,,,,,,,,,,,,,,,,,,,,,,,,,,,,,,40.65625,12.801138,1.0123328,40.65625,12.801138,0.60639185,,,,,,,,,,,,,,,,,40.65625,12.891076,0.011269078,40.65625,12.891076,-0.00021962289,,,,,,,,,,,,,,,,,,,,,,,,,,,,,40.65625,12.891076,1.0000001e-07,40.65625,12.891076,7.0,,,,,,,
40.65625,12.831118,0.00093708164,40.65625,12.831118,0.0007585899,,,,,,,,,,,,,,,,,,,,,,,,,,,,,,,,,,,,,,,,,,,,,,,,,,,,,,,,,,,,,40.65625,12.831118,0.80205303,40.65625,12.831118,0.39978898,,,,,,,,,,,,,,,,,40.65625,12.921055,0.0056107393,40.65625,12.921055,-0.0033258265,,,,,,,,,,,,,,,,,,,,,,,,,,,,,40.65625,12.921055,1.0000001e-07,40.65625,12.921055,7.0,,,,,,,
40.65625,12.861096,0.0009817046,40.65625,12.861096,0.00065446965,,,,,,,,,,,,,,,,,,,,,,,,,,,,,,,,,,,,,,,,,,,,,,,,,,,,,,,,,,,,,40.65625,12.861096,0.914775,40.65625,12.861096,0.02942339,,,,,,,,,,,,,,,,,40.65625,12.951035,-0.003974635,40.65625,12.951035,-0.004374918,,,,,,,,,,,,,,,,,,,,,,,,,,,,,40.65625,12.951035,1.0000001e-07,40.65625,12.951035,7.0,,,,,,,
40.65625,12.891076,0.0010263275,40.65625,12.891076,0.00080321287,,,,,,,,,,,,,,,,,,,,,,,,,,,,,,,,,,,,,,,,,,,,,,,,,,,,,,,,,,,,,40.65625,12.891076,1.1591763,40.65625,12.891076,0.5374219,,,,,,,,,,,,,,,,,40.65625,12.981013,0.0034995128,40.65625,12.981013,0.009431753,,,,,,,,,,,,,,,,,,,,,,,,,,,,,40.65625,12.981013,1.0000001e-07,40.65625,12.981013,7.0,,,,,,,
40.65625,12.921055,0.0009668303,40.65625,12.921055,0.0006693439,,,,,,,,,,,,,,,,,,,,,,,,,,,,,,,,,,,,,,,,,,,,,,,,,,,,,,,,,,,,,40.65625,12.921055,0.8607775,40.65625,12.921055,0.09812712,,,,,,,,,,,,,,,,,40.65625,13.010993,0.008156814,40.65625,13.010993,0.00059230125,,,,,,,,,,,,,,,,,,,,,,,,,,,,,40.65625,13.010993,1.0000001e-07,40.65625,13.010993,7.0,,,,,,,
40.65625,12.951035,0.00080321287,40.65625,12.951035,0.0005949724,,,,,,,,,,,,,,,,,,,,,,,,,,,,,,,,,,,,,,,,,,,,,,,,,,,,,,,,,,,,,40.65625,12.951035,0.3351024,40.65625,12.951035,-0.19815326,,,,,,,,,,,,,,,,,40.65625,13.040972,0.01790745,40.65625,13.040972,-0.004046287,,,,,,,,,,,,,,,,,,,,,,,,,,,,,40.65625,13.040972,1.0000001e-07,40.65625,13.040972,7.0,,,,,,,
40.65625,12.981013,0.0008924587,40.65625,12.981013,0.0009073329,,,,,,,,,,,,,,,,,,,,,,,,,,,,,,,,,,,,,,,,,,,,,,,,,,,,,,,,,,,,,40.65625,12.981013,0.6575248,40.65625,12.981013,0.94115424,,,,,,,,,,,,,,,,,40.65625,13.070951,-0.0015928246,40.65625,13.070951,-0.0011774867,,,,,,,,,,,,,,,,,,,,,,,,,,,,,40.65625,13.070951,1.0000001e-07,40.65625,13.070951,7.0,,,,,,,
40.65625,13.010993,0.0010263274,40.65625,13.010993,0.00072884123,,,,,,,,,,,,,,,,,,,,,,,,,,,,,,,,,,,,,,,,,,,,,,,,,,,,,,,,,,,,,40.65625,13.010993,1.1075788,40.65625,13.010993,0.32157105,,,,,,,,,,,,,,,,,40.65625,13.10093,0.0064569563,40.65625,13.10093,0.0003920216,,,,,,,,,,,,,,,,,,,,,,,,,,,,,40.65625,13.10093,1.0000001e-07,40.65625,13.10093,7.0,,,,,,,
40.65625,13.040972,0.0012643165,40.65625,13.040972,0.00062472105,,,,,,,,,,,,,,,,,,,,,,,,,,,,,,,,,,,,,,,,,,,,,,,,,,,,,,,,,,,,,40.65625,13.040972,1.8571627,40.65625,13.040972,-0.08279034,,,,,,,,,,,,,,,,,40.65625,13.13091,0.010021019,40.65625,13.13091,0.0005158202,,,,,,,,,,,,,,,,,,,,,,,,,,,,,40.65625,13.13091,1.0000001e-07,40.65625,13.13091,7.0,,,,,,,
40.65625,13.070951,0.0008924587,40.65625,13.070951,0.0007734642,,,,,,,,,,,,,,,,,,,,,,,,,,,,,,,,,,,,,,,,,,,,,,,,,,,,,,,,,,,,,40.65625,13.070951,0.643358,40.65625,13.070951,0.42729688,,,,,,,,,,,,,,,,,40.65625,13.160889,0.00036446264,40.65625,13.160889,-0.0022375684,,,,,,,,,,,,,,,,,,,,,,,,,,,,,40.65625,13.160889,1.0000001e-07,40.65625,13.160889,7.0,,,,,,,
40.65625,13.10093,0.0010263274,40.65625,13.10093,0.0008329614,,,,,,,,,,,,,,,,,,,,,,,,,,,,,,,,,,,,,,,,,,,,,,,,,,,,,,,,,,,,,40.65625,13.10093,1.1645598,40.65625,13.10093,0.64202034,,,,,,,,,,,,,,,,,40.65625,13.190868,-0.00041613667,40.65625,13.190868,-0.0039036174,,,,,,,,,,,,,,,,,,,,,,,,,,,,,40.65625,13.190868,1.0000001e-07,40.65625,13.190868,7.0,,,,,,,
40.65625,13.13091,0.0009668304,40.65625,13.13091,0.00074371556,,,,,,,,,,,,,,,,,,,,,,,,,,,,,,,,,,,,,,,,,,,,,,,,,,,,,,,,,,,,,40.65625,13.13091,0.85841227,40.65625,13.13091,0.349887,,,,,,,,,,,,,,,,,40.65625,13.220847,-0.0038568734,40.65625,13.220847,-0.00572683,,,,,,,,,,,,,,,,,,,,,,,,,,,,,40.65625,13.220847,1.0000001e-07,40.65625,13.220847,7.0,,,,,,,
40.65625,13.160889,0.0008329616,40.65625,13.160889,0.0006247212,,,,,,,,,,,,,,,,,,,,,,,,,,,,,,,,,,,,,,,,,,,,,,,,,,,,,,,,,,,,,40.65625,13.160889,0.47840276,40.65625,13.160889,-0.05603036,,,,,,,,,,,,,,,,,40.65625,13.250827,0.009456368,40.65625,13.250827,-0.004750332,,,,,,,,,,,,,,,,,,,,,,,,,,,,,40.65625,13.250827,1.0000001e-07,40.65625,13.250827,7.0,,,,,,,
40.65625,13.190868,0.00087758433,40.65625,13.190868,0.00065446965,,,,,,,,,,,,,,,,,,,,,,,,,,,,,,,,,,,,,,,,,,,,,,,,,,,,,,,,,,,,,40.65625,13.190868,0.57302666,40.65625,13.190868,0.024593532,,,,,,,,,,,,,,,,,40.65625,13.280806,0.013607436,40.65625,13.280806,-0.009581654,,,,,,,,,,,,,,,,,,,,,,,,,,,,,40.65625,13.280806,1.0000001e-07,40.65625,13.280806,7.0,,,,,,,
40.65625,13.220847,0.00072884123,40.65625,13.220847,0.000669344,,,,,,,,,,,,,,,,,,,,,,,,,,,,,,,,,,,,,,,,,,,,,,,,,,,,,,,,,,,,,40.65625,13.220847,0.13493171,40.65625,13.220847,0.060531504,,,,,,,,,,,,,,,,,40.65625,13.310785,0.009762567,40.65625,13.310785,0.00877795,,,,,,,,,,,,,,,,,,,,,,,,,,,,,40.65625,13.310785,1.0000001e-07,40.65625,13.310785,7.0,,,,,,,
40.65625,13.250827,0.0010709505,40.65625,13.250827,0.0007585899,,,,,,,,,,,,,,,,,,,,,,,,,,,,,,,,,,,,,,,,,,,,,,,,,,,,,,,,,,,,,40.65625,13.250827,1.2394527,40.65625,13.250827,0.39315674,,,,,,,,,,,,,,,,,40.65625,13.340765,0.007625117,40.65625,13.340765,0.0031375806,,,,,,,,,,,,,,,,,,,,,,,,,,,,,40.65625,13.340765,1.0000001e-07,40.65625,13.340765,7.0,,,,,,,
40.65625,13.280806,0.0011304476,40.65625,13.280806,0.0005354752,,,,,,,,,,,,,,,,,,,,,,,,,,,,,,,,,,,,,,,,,,,,,,,,,,,,,,,,,,,,,40.65625,13.280806,1.4730511,40.65625,13.280806,-0.38893068,,,,,,,,,,,,,,,,,40.65625,13.370744,0.013433518,40.65625,13.370744,0.0059517045,,,,,,,,,,,,,,,,,,,,,,,,,,,,,40.65625,13.370744,1.0000001e-07,40.65625,13.370744,7.0,,,,,,,
40.65625,13.310785,0.0011006991,40.65625,13.310785,0.00093708164,,,,,,,,,,,,,,,,,,,,,,,,,,,,,,,,,,,,,,,,,,,,,,,,,,,,,,,,,,,,,40.65625,13.310785,1.377597,40.65625,13.310785,1.0455221,,,,,,,,,,,,,,,,,40.65625,13.400723,0.0023452183,40.65625,13.400723,-0.0018914007,,,,,,,,,,,,,,,,,,,,,,,,,,,,,40.65625,13.400723,1.0000001e-07,40.65625,13.400723,7.0,,,,,,,
40.65625,13.340764,0.000996579,40.65625,13.340764,0.00084783573,,,,,,,,,,,,,,,,,,,,,,,,,,,,,,,,,,,,,,,,,,,,,,,,,,,,,,,,,,,,,40.65625,13.340764,0.9816367,40.65625,13.340764,0.7190058,,,,,,,,,,,,,,,,,40.65625,13.430702,0.0028876585,40.65625,13.430702,0.0008128633,,,,,,,,,,,,,,,,,,,,,,,,,,,,,40.65625,13.430702,1.0000001e-07,40.65625,13.430702,7.0,,,,,,,
40.65625,13.370744,0.001145322,40.65625,13.370744,0.00083296146,,,,,,,,,,,,,,,,,,,,,,,,,,,,,,,,,,,,,,,,,,,,,,,,,,,,,,,,,,,,,40.65625,13.370744,1.4570717,40.65625,13.370744,0.6252467,,,,,,,,,,,,,,,,,40.65625,13.460682,0.009198551,40.65625,13.460682,0.0055962508,,,,,,,,,,,,,,,,,,,,,,,,,,,,,40.65625,13.460682,1.0000001e-07,40.65625,13.460682,7.0,,,,,,,
40.65625,13.4007225,0.0008924587,40.65625,13.4007225,0.00069909263,,,,,,,,,,,,,,,,,,,,,,,,,,,,,,,,,,,,,,,,,,,,,,,,,,,,,,,,,,,,,40.65625,13.4007225,0.647034,40.65625,13.4007225,0.22145595,,,,,,,,,,,,,,,,,40.65625,13.490661,0.008569618,40.65625,13.490661,-0.003941953,,,,,,,,,,,,,,,,,,,,,,,,,,,,,40.65625,13.490661,1.0000001e-07,40.65625,13.490661,7.0,,,,,,,
40.65625,13.430702,0.0009668304,40.65625,13.430702,0.00077346415,,,,,,,,,,,,,,,,,,,,,,,,,,,,,,,,,,,,,,,,,,,,,,,,,,,,,,,,,,,,,40.65625,13.430702,0.87825084,40.65625,13.430702,0.503361,,,,,,,,,,,,,,,,,40.65625,13.52064,0.0049179113,40.65625,13.52064,0.0027373312,,,,,,,,,,,,,,,,,,,,,,,,,,,,,40.65625,13.52064,1.0000001e-07,40.65625,13.52064,7.0,,,,,,,
40.65625,13.460681,0.0010560761,40.65625,13.460681,0.00087758445,,,,,,,,,,,,,,,,,,,,,,,,,,,,,,,,,,,,,,,,,,,,,,,,,,,,,,,,,,,,,40.65625,13.460681,1.3189235,40.65625,13.460681,0.8110824,,,,,,,,,,,,,,,,,40.65625,13.550619,0.00660348,40.65625,13.550619,0.003058299,,,,,,,,,,,,,,,,,,,,,,,,,,,,,40.65625,13.550619,1.0000001e-07,40.65625,13.550619,7.0,,,,,,,
40.65625,13.490661,0.0010114531,40.65625,13.490661,0.000669344,,,,,,,,,,,,,,,,,,,,,,,,,,,,,,,,,,,,,,,,,,,,,,,,,,,,,,,,,,,,,40.65625,13.490661,1.0489199,40.65625,13.490661,0.08641303,,,,,,,,,,,,,,,,,40.65625,13.580599,0.0054006297,40.65625,13.580599,0.007039537,,,,,,,,,,,,,,,,,,,,,,,,,,,,,40.65625,13.580599,1.0000001e-07,40.65625,13.580599,7.0,,,,,,,
40.65625,13.520639,0.0009519559,40.65625,13.520639,0.0007883385,,,,,,,,,,,,,,,,,,,,,,,,,,,,,,,,,,,,,,,,,,,,,,,,,,,,,,,,,,,,,40.65625,13.520639,0.84079117,40.65625,13.520639,0.5232475,,,,,,,,,,,,,,,,,40.65625,13.610578,0.0015979678,40.65625,13.610578,-0.005494989,,,,,,,,,,,,,,,,,,,,,,,,,,,,,40.65625,13.610578,1.0000001e-07,40.65625,13.610578,7.0,,,,,,,
40.65625,13.550619,0.0008924588,40.65625,13.550619,0.00083296135,,,,,,,,,,,,,,,,,,,,,,,,,,,,,,,,,,,,,,,,,,,,,,,,,,,,,,,,,,,,,40.65625,13.550619,0.6760034,40.65625,13.550619,0.68513227,,,,,,,,,,,,,,,,,40.65625,13.640557,0.0060130707,40.65625,13.640557,-0.0020998286,,,,,,,,,,,,,,,,,,,,,,,,,,,,,40.65625,13.640557,1.0000001e-07,40.65625,13.640557,7.0,,,,,,,
40.65625,13.580598,0.0009519559,40.65625,13.580598,0.00087758433,,,,,,,,,,,,,,,,,,,,,,,,,,,,,,,,,,,,,,,,,,,,,,,,,,,,,,,,,,,,,40.65625,13.580598,0.8230644,40.65625,13.580598,0.8275207,,,,,,,,,,,,,,,,,40.65625,13.670536,-0.010836572,40.65625,13.670536,-0.008536576,,,,,,,,,,,,,,,,,,,,,,,,,,,,,40.65625,13.670536,1.0000001e-07,40.65625,13.670536,7.0,,,,,,,
40.65625,13.610578,0.00087758445,40.65625,13.610578,0.0006098468,,,,,,,,,,,,,,,,,,,,,,,,,,,,,,,,,,,,,,,,,,,,,,,,,,,,,,,,,,,,,40.65625,13.610578,0.618709,40.65625,13.610578,-0.118995324,,,,,,,,,,,,,,,,,40.65625,13.700516,0.0047360454,40.65625,13.700516,-4.0250623e-05,,,,,,,,,,,,,,,,,,,,,,,,,,,,,40.65625,13.700516,1.0000001e-07,40.65625,13.700516,7.0,,,,,,,
40.65625,13.640556,0.0009817046,40.65625,13.640556,0.00071396696,,,,,,,,,,,,,,,,,,,,,,,,,,,,,,,,,,,,,,,,,,,,,,,,,,,,,,,,,,,,,40.65625,13.640556,0.8921762,40.65625,13.640556,0.2512474,,,,,,,,,,,,,,,,,40.65625,13.7304945,0.0030312098,40.65625,13.7304945,0.002473164,,,,,,,,,,,,,,,,,,,,,,,,,,,,,40.65625,13.7304945,1.0000001e-07,40.65625,13.7304945,7.0,,,,,,,
40.65625,13.670536,0.0006247211,40.65625,13.670536,0.0006098468,,,,,,,,,,,,,,,,,,,,,,,,,,,,,,,,,,,,,,,,,,,,,,,,,,,,,,,,,,,,,40.65625,13.670536,-0.30212158,40.65625,13.670536,-0.13865058,,,,,,,,,,,,,,,,,40.65625,13.760474,-0.00037849756,40.65625,13.760474,0.0038242596,,,,,,,,,,,,,,,,,,,,,,,,,,,,,40.65625,13.760474,1.0000001e-07,40.65625,13.760474,7.0,,,,,,,
40.65625,13.700516,0.0009073329,40.65625,13.700516,0.0007437156,,,,,,,,,,,,,,,,,,,,,,,,,,,,,,,,,,,,,,,,,,,,,,,,,,,,,,,,,,,,,40.65625,13.700516,0.686583,40.65625,13.700516,0.38480842,,,,,,,,,,,,,,,,,40.65625,13.790453,0.009206069,40.65625,13.790453,0.0016880984,,,,,,,,,,,,,,,,,,,,,,,,,,,,,40.65625,13.790453,1.0000001e-07,40.65625,13.790453,7.0,,,,,,,
40.65625,13.7304945,0.0009668303,40.65625,13.7304945,0.0007734642,,,,,,,,,,,,,,,,,,,,,,,,,,,,,,,,,,,,,,,,,,,,,,,,,,,,,,,,,,,,,40.65625,13.7304945,0.8776004,40.65625,13.7304945,0.47743437,,,,,,,,,,,,,,,,,40.65625,13.820433,-0.005760496,40.65625,13.820433,-0.0039269896,,,,,,,,,,,,,,,,,,,,,,,,,,,,,40.65625,13.820433,1.0000001e-07,40.65625,13.820433,7.0,,,,,,,
40.65625,13.760474,0.0007734642,40.65625,13.760474,0.00072884123,,,,,,,,,,,,,,,,,,,,,,,,,,,,,,,,,,,,,,,,,,,,,,,,,,,,,,,,,,,,,40.65625,13.760474,0.26778018,40.65625,13.760474,0.28008878,,,,,,,,,,,,,,,,,40.65625,13.850411,0.0020029414,40.65625,13.850411,0.00087380473,,,,,,,,,,,,,,,,,,,,,,,,,,,,,40.65625,13.850411,1.0000001e-07,40.65625,13.850411,7.0,,,,,,,
40.65625,13.790453,0.0009668303,40.65625,13.790453,0.00080321287,,,,,,,,,,,,,,,,,,,,,,,,,,,,,,,,,,,,,,,,,,,,,,,,,,,,,,,,,,,,,40.65625,13.790453,0.9642747,40.65625,13.790453,0.55254066,,,,,,,,,,,,,,,,,40.65625,13.880391,0.011840664,40.65625,13.880391,0.0036623834,,,,,,,,,,,,,,,,,,,,,,,,,,,,,40.65625,13.880391,1.0000001e-07,40.65625,13.880391,7.0,,,,,,,
40.65625,13.820433,0.00074371556,40.65625,13.820433,0.000669344,,,,,,,,,,,,,,,,,,,,,,,,,,,,,,,,,,,,,,,,,,,,,,,,,,,,,,,,,,,,,40.65625,13.820433,0.07685758,40.65625,13.820433,0.09506297,,,,,,,,,,,,,,,,,40.65625,13.91037,0.006459658,40.65625,13.91037,0.00075522135,,,,,,,,,,,,,,,,,,,,,,,,,,,,,40.65625,13.91037,1.0000001e-07,40.65625,13.91037,7.0,,,,,,,
40.65625,13.850411,0.00083296135,40.65625,13.850411,0.00078833854,,,,,,,,,,,,,,,,,,,,,,,,,,,,,,,,,,,,,,,,,,,,,,,,,,,,,,,,,,,,,40.65625,13.850411,0.38810325,40.65625,13.850411,0.47613662,,,,,,,,,,,,,,,,,40.65625,13.94035,0.0024475062,40.65625,13.94035,0.00022189609,,,,,,,,,,,,,,,,,,,,,,,,,,,,,40.65625,13.94035,1.0000001e-07,40.65625,13.94035,7.0,,,,,,,
40.65625,13.880391,0.0010709504,40.65625,13.880391,0.00083296146,,,,,,,,,,,,,,,,,,,,,,,,,,,,,,,,,,,,,,,,,,,,,,,,,,,,,,,,,,,,,40.65625,13.880391,1.3063142,40.65625,13.880391,0.6843602,,,,,,,,,,,,,,,,,40.65625,13.970328,0.0045643914,40.65625,13.970328,-0.0022826158,,,,,,,,,,,,,,,,,,,,,,,,,,,,,40.65625,13.970328,1.0000001e-07,40.65625,13.970328,7.0,,,,,,,
40.65625,13.91037,0.000996579,40.65625,13.91037,0.0007883384,,,,,,,,,,,,,,,,,,,,,,,,,,,,,,,,,,,,,,,,,,,,,,,,,,,,,,,,,,,,,40.65625,13.91037,0.8907283,40.65625,13.91037,0.5067543,,,,,,,,,,,,,,,,,40.65625,14.000308,0.0013628341,40.65625,14.000308,0.0036829328,,,,,,,,,,,,,,,,,,,,,,,,,,,,,40.65625,14.000308,1.0000001e-07,40.65625,14.000308,7.0,,,,,,,
40.65625,13.94035,0.00087758433,40.65625,13.94035,0.0008478358,,,,,,,,,,,,,,,,,,,,,,,,,,,,,,,,,,,,,,,,,,,,,,,,,,,,,,,,,,,,,40.65625,13.94035,0.65387183,40.65625,13.94035,0.74684346,,,,,,,,,,,,,,,,,40.65625,14.030287,0.0038229243,40.65625,14.030287,-0.0008874075,,,,,,,,,,,,,,,,,,,,,,,,,,,,,40.65625,14.030287,1.0000001e-07,40.65625,14.030287,7.0,,,,,,,
40.65625,13.970328,0.0008180872,40.65625,13.970328,0.0007734642,,,,,,,,,,,,,,,,,,,,,,,,,,,,,,,,,,,,,,,,,,,,,,,,,,,,,,,,,,,,,40.65625,13.970328,0.43876818,40.65625,13.970328,0.43709835,,,,,,,,,,,,,,,,,40.65625,14.0602665,0.0037948845,40.65625,14.0602665,0.0032375425,,,,,,,,,,,,,,,,,,,,,,,,,,,,,40.65625,14.0602665,1.0000001e-07,40.65625,14.0602665,7.0,,,,,,,
40.65625,14.000308,0.00086270995,40.65625,14.000308,0.00083296146,,,,,,,,,,,,,,,,,,,,,,,,,,,,,,,,,,,,,,,,,,,,,,,,,,,,,,,,,,,,,40.65625,14.000308,0.5355587,40.65625,14.000308,0.6745133,,,,,,,,,,,,,,,,,40.65625,14.090245,0.005462163,40.65625,14.090245,0.0005994383,,,,,,,,,,,,,,,,,,,,,,,,,,,,,40.65625,14.090245,1.0000001e-07,40.65625,14.090245,7.0,,,,,,,
40.65625,14.030287,0.00093708164,40.65625,14.030287,0.00072884123,,,,,,,,,,,,,,,,,,,,,,,,,,,,,,,,,,,,,,,,,,,,,,,,,,,,,,,,,,,,,40.65625,14.030287,0.77093947,40.65625,14.030287,0.2941477,,,,,,,,,,,,,,,,,40.65625,14.120225,0.01828564,40.65625,14.120225,-0.0043023373,,,,,,,,,,,,,,,,,,,,,,,,,,,,,40.65625,14.120225,1.0000001e-07,40.65625,14.120225,7.0,,,,,,,
40.65625,14.0602665,0.0009222073,40.65625,14.0602665,0.00086271,,,,,,,,,,,,,,,,,,,,,,,,,,,,,,,,,,,,,,,,,,,,,,,,,,,,,,,,,,,,,40.65625,14.0602665,0.73033607,40.65625,14.0602665,0.761461,,,,,,,,,,,,,,,,,40.65625,14.150205,0.00047466357,40.65625,14.150205,-0.002799865,,,,,,,,,,,,,,,,,,,,,,,,,,,,,40.65625,14.150205,1.0000001e-07,40.65625,14.150205,7.0,,,,,,,
40.65625,14.090245,0.0008924587,40.65625,14.090245,0.0008180871,,,,,,,,,,,,,,,,,,,,,,,,,,,,,,,,,,,,,,,,,,,,,,,,,,,,,,,,,,,,,40.65625,14.090245,0.6025288,40.65625,14.090245,0.6263995,,,,,,,,,,,,,,,,,40.65625,14.180183,0.00829947,40.65625,14.180183,-0.0001456813,,,,,,,,,,,,,,,,,,,,,,,,,,,,,40.65625,14.180183,1.0000001e-07,40.65625,14.180183,7.0,,,,,,,
40.65625,14.120225,0.001145322,40.65625,14.120225,0.00062472105,,,,,,,,,,,,,,,,,,,,,,,,,,,,,,,,,,,,,,,,,,,,,,,,,,,,,,,,,,,,,40.65625,14.120225,1.5380647,40.65625,14.120225,-0.052923203,,,,,,,,,,,,,,,,,40.65625,14.210163,0.009360219,40.65625,14.210163,-0.0009962978,,,,,,,,,,,,,,,,,,,,,,,,,,,,,40.65625,14.210163,1.0000001e-07,40.65625,14.210163,7.0,,,,,,,
40.65625,14.150204,0.00087758433,40.65625,14.150204,0.00072884123,,,,,,,,,,,,,,,,,,,,,,,,,,,,,,,,,,,,,,,,,,,,,,,,,,,,,,,,,,,,,40.65625,14.150204,0.60899067,40.65625,14.150204,0.320712,,,,,,,,,,,,,,,,,40.65625,14.240142,-0.005721564,40.65625,14.240142,-0.0047416114,,,,,,,,,,,,,,,,,,,,,,,,,,,,,40.65625,14.240142,1.0000001e-07,40.65625,14.240142,7.0,,,,,,,
40.65625,14.180183,0.00087758445,40.65625,14.180183,0.00072884123,,,,,,,,,,,,,,,,,,,,,,,,,,,,,,,,,,,,,,,,,,,,,,,,,,,,,,,,,,,,,40.65625,14.180183,0.6216591,40.65625,14.180183,0.28699693,,,,,,,,,,,,,,,,,40.65625,14.270122,0.0102336,40.65625,14.270122,0.0010091228,,,,,,,,,,,,,,,,,,,,,,,,,,,,,40.65625,14.270122,1.0000001e-07,40.65625,14.270122,7.0,,,,,,,
40.65625,14.210162,0.00093708164,40.65625,14.210162,0.0007585899,,,,,,,,,,,,,,,,,,,,,,,,,,,,,,,,,,,,,,,,,,,,,,,,,,,,,,,,,,,,,40.65625,14.210162,0.7925373,40.65625,14.210162,0.42238477,,,,,,,,,,,,,,,,,40.65625,14.3001,0.0026446579,40.65625,14.3001,-0.0006627391,,,,,,,,,,,,,,,,,,,,,,,,,,,,,40.65625,14.3001,1.0000001e-07,40.65625,14.3001,7.0,,,,,,,
40.65625,14.240142,0.0007288413,40.65625,14.240142,0.0006098468,,,,,,,,,,,,,,,,,,,,,,,,,,,,,,,,,,,,,,,,,,,,,,,,,,,,,,,,,,,,,40.65625,14.240142,0.087752394,40.65625,14.240142,-0.11786362,,,,,,,,,,,,,,,,,40.65625,14.33008,-0.002532685,40.65625,14.33008,-0.0028383895,,,,,,,,,,,,,,,,,,,,,,,,,,,,,40.65625,14.33008,1.0000001e-07,40.65625,14.33008,7.0,,,,,,,
40.65625,14.270121,0.0009668303,40.65625,14.270121,0.00072884123,,,,,,,,,,,,,,,,,,,,,,,,,,,,,,,,,,,,,,,,,,,,,,,,,,,,,,,,,,,,,40.65625,14.270121,0.89226246,40.65625,14.270121,0.29026967,,,,,,,,,,,,,,,,,40.65625,14.360059,0.0034181892,40.65625,14.360059,0.0014685419,,,,,,,,,,,,,,,,,,,,,,,,,,,,,40.65625,14.360059,1.0000001e-07,40.65625,14.360059,7.0,,,,,,,
40.65625,14.3001,0.00080321287,40.65625,14.3001,0.0007585899,,,,,,,,,,,,,,,,,,,,,,,,,,,,,,,,,,,,,,,,,,,,,,,,,,,,,,,,,,,,,40.65625,14.3001,0.3753883,40.65625,14.3001,0.36667782,,,,,,,,,,,,,,,,,40.65625,14.3900385,-0.0031250794,40.65625,14.3900385,0.0030513892,,,,,,,,,,,,,,,,,,,,,,,,,,,,,40.65625,14.3900385,1.0000001e-07,40.65625,14.3900385,7.0,,,,,,,
40.65625,14.330079,0.0008180871,40.65625,14.330079,0.0006098468,,,,,,,,,,,,,,,,,,,,,,,,,,,,,,,,,,,,,,,,,,,,,,,,,,,,,,,,,,,,,40.65625,14.330079,0.38365772,40.65625,14.330079,-0.10909406,,,,,,,,,,,,,,,,,40.65625,14.420017,0.00594719,40.65625,14.420017,-0.0012348829,,,,,,,,,,,,,,,,,,,,,,,,,,,,,40.65625,14.420017,1.0000001e-07,40.65625,14.420017,7.0,,,,,,,
40.65625,14.360059,0.0009073329,40.65625,14.360059,0.00083296146,,,,,,,,,,,,,,,,,,,,,,,,,,,,,,,,,,,,,,,,,,,,,,,,,,,,,,,,,,,,,40.65625,14.360059,0.69338036,40.65625,14.360059,0.67193574,,,,,,,,,,,,,,,,,40.65625,14.449997,-0.002648571,40.65625,14.449997,6.638343e-05,,,,,,,,,,,,,,,,,,,,,,,,,,,,,40.65625,14.449997,1.0000001e-07,40.65625,14.449997,7.0,,,,,,,
40.65625,14.390038,0.00080321287,40.65625,14.390038,0.00081808714,,,,,,,,,,,,,,,,,,,,,,,,,,,,,,,,,,,,,,,,,,,,,,,,,,,,,,,,,,,,,40.65625,14.390038,0.37108386,40.65625,14.390038,0.6064354,,,,,,,,,,,,,,,,,40.65625,14.479976,0.02292303,40.65625,14.479976,-0.0006437289,,,,,,,,,,,,,,,,,,,,,,,,,,,,,40.65625,14.479976,1.0000001e-07,40.65625,14.479976,7.0,,,,,,,
40.65625,14.420017,0.00090733304,40.65625,14.420017,0.0007734642,,,,,,,,,,,,,,,,,,,,,,,,,,,,,,,,,,,,,,,,,,,,,,,,,,,,,,,,,,,,,40.65625,14.420017,0.6504924,40.65625,14.420017,0.4567815,,,,,,,,,,,,,,,,,40.65625,14.509955,-0.00522529,40.65625,14.509955,0.008849474,,,,,,,,,,,,,,,,,,,,,,,,,,,,,40.65625,14.509955,1.0000001e-07,40.65625,14.509955,7.0,,,,,,,
40.65625,14.449996,0.0007139669,40.65625,14.449996,0.0007734641,,,,,,,,,,,,,,,,,,,,,,,,,,,,,,,,,,,,,,,,,,,,,,,,,,,,,,,,,,,,,40.65625,14.449996,0.04961052,40.65625,14.449996,0.44891527,,,,,,,,,,,,,,,,,40.65625,14.539934,0.012714233,40.65625,14.539934,0.006939323,,,,,,,,,,,,,,,,,,,,,,,,,,,,,40.65625,14.539934,1.0000001e-07,40.65625,14.539934,7.0,,,,,,,
40.65625,14.479976,0.0012345678,40.65625,14.479976,0.0006395953,,,,,,,,,,,,,,,,,,,,,,,,,,,,,,,,,,,,,,,,,,,,,,,,,,,,,,,,,,,,,40.65625,14.479976,1.7848818,40.65625,14.479976,-0.023106465,,,,,,,,,,,,,,,,,40.65625,14.569914,0.0071387645,40.65625,14.569914,-0.0068939873,,,,,,,,,,,,,,,,,,,,,,,,,,,,,40.65625,14.569914,1.0000001e-07,40.65625,14.569914,7.0,,,,,,,
40.65625,14.509955,0.00081808714,40.65625,14.509955,0.0009222073,,,,,,,,,,,,,,,,,,,,,,,,,,,,,,,,,,,,,,,,,,,,,,,,,,,,,,,,,,,,,40.65625,14.509955,0.37906185,40.65625,14.509955,0.96973205,,,,,,,,,,,,,,,,,40.65625,14.599893,0.008630653,40.65625,14.599893,0.00065769337,,,,,,,,,,,,,,,,,,,,,,,,,,,,,40.65625,14.599893,1.0000001e-07,40.65625,14.599893,7.0,,,,,,,
40.65625,14.539934,0.000951956,40.65625,14.539934,0.00080321275,,,,,,,,,,,,,,,,,,,,,,,,,,,,,,,,,,,,,,,,,,,,,,,,,,,,,,,,,,,,,40.65625,14.539934,0.9198689,40.65625,14.539934,0.55630594,,,,,,,,,,,,,,,,,40.65625,14.629872,0.011703827,40.65625,14.629872,-0.005001219,,,,,,,,,,,,,,,,,,,,,,,,,,,,,40.65625,14.629872,1.0000001e-07,40.65625,14.629872,7.0,,,,,,,
40.65625,14.569914,0.0009817046,40.65625,14.569914,0.00068421825,,,,,,,,,,,,,,,,,,,,,,,,,,,,,,,,,,,,,,,,,,,,,,,,,,,,,,,,,,,,,40.65625,14.569914,0.9797189,40.65625,14.569914,0.15035576,,,,,,,,,,,,,,,,,40.65625,14.659851,-0.0040215882,40.65625,14.659851,-0.00449186,,,,,,,,,,,,,,,,,,,,,,,,,,,,,40.65625,14.659851,1.0000001e-07,40.65625,14.659851,7.0,,,,,,,
40.65625,14.599893,0.0009519559,40.65625,14.599893,0.00066934404,,,,,,,,,,,,,,,,,,,,,,,,,,,,,,,,,,,,,,,,,,,,,,,,,,,,,,,,,,,,,40.65625,14.599893,0.82742625,40.65625,14.599893,0.09050443,,,,,,,,,,,,,,,,,40.65625,14.689831,0.001745795,40.65625,14.689831,-0.00068239373,,,,,,,,,,,,,,,,,,,,,,,,,,,,,40.65625,14.689831,1.0000001e-07,40.65625,14.689831,7.0,,,,,,,
40.65625,14.629872,0.0009519559,40.65625,14.629872,0.00065446965,,,,,,,,,,,,,,,,,,,,,,,,,,,,,,,,,,,,,,,,,,,,,,,,,,,,,,,,,,,,,40.65625,14.629872,0.8569088,40.65625,14.629872,0.028739087,,,,,,,,,,,,,,,,,40.65625,14.71981,0.0016197735,40.65625,14.71981,-0.011671739,,,,,,,,,,,,,,,,,,,,,,,,,,,,,40.65625,14.71981,1.0000001e-07,40.65625,14.71981,7.0,,,,,,,
40.65625,14.659851,0.00077346415,40.65625,14.659851,0.00069909263,,,,,,,,,,,,,,,,,,,,,,,,,,,,,,,,,,,,,,,,,,,,,,,,,,,,,,,,,,,,,40.65625,14.659851,0.23951419,40.65625,14.659851,0.20852345,,,,,,,,,,,,,,,,,40.65625,14.749789,0.007140183,40.65625,14.749789,-0.0023017775,,,,,,,,,,,,,,,,,,,,,,,,,,,,,40.65625,14.749789,1.0000001e-07,40.65625,14.749789,7.0,,,,,,,
40.65625,14.689831,0.00080321287,40.65625,14.689831,0.0007585898,,,,,,,,,,,,,,,,,,,,,,,,,,,,,,,,,,,,,,,,,,,,,,,,,,,,,,,,,,,,,40.65625,14.689831,0.3248664,40.65625,14.689831,0.40100393,,,,,,,,,,,,,,,,,40.65625,14.779768,-0.0003011828,40.65625,14.779768,0.00973499,,,,,,,,,,,,,,,,,,,,,,,,,,,,,40.65625,14.779768,1.0000001e-07,40.65625,14.779768,7.0,,,,,,,
40.65625,14.71981,0.00090733304,40.65625,14.71981,0.0005503495,,,,,,,,,,,,,,,,,,,,,,,,,,,,,,,,,,,,,,,,,,,,,,,,,,,,,,,,,,,,,40.65625,14.71981,0.772339,40.65625,14.71981,-0.3164799,,,,,,,,,,,,,,,,,40.65625,14.809748,0.0014259056,40.65625,14.809748,-0.0011146489,,,,,,,,,,,,,,,,,,,,,,,,,,,,,40.65625,14.809748,1.0000001e-07,40.65625,14.809748,7.0,,,,,,,
40.65625,14.749789,0.0009370816,40.65625,14.749789,0.0007883384,,,,,,,,,,,,,,,,,,,,,,,,,,,,,,,,,,,,,,,,,,,,,,,,,,,,,,,,,,,,,40.65625,14.749789,0.8451409,40.65625,14.749789,0.5106559,,,,,,,,,,,,,,,,,40.65625,14.839726,0.0050428407,40.65625,14.839726,-0.0006603214,,,,,,,,,,,,,,,,,,,,,,,,,,,,,40.65625,14.839726,1.0000001e-07,40.65625,14.839726,7.0,,,,,,,
40.65625,14.779768,0.0008478358,40.65625,14.779768,0.00087758433,,,,,,,,,,,,,,,,,,,,,,,,,,,,,,,,,,,,,,,,,,,,,,,,,,,,,,,,,,,,,40.65625,14.779768,0.5488259,40.65625,14.779768,0.85806465,,,,,,,,,,,,,,,,,40.65625,14.869706,0.0052252403,40.65625,14.869706,-0.0055498686,,,,,,,,,,,,,,,,,,,,,,,,,,,,,40.65625,14.869706,1.0000001e-07,40.65625,14.869706,7.0,,,,,,,
40.65625,14.809748,0.0008924587,40.65625,14.809748,0.00069909263,,,,,,,,,,,,,,,,,,,,,,,,,,,,,,,,,,,,,,,,,,,,,,,,,,,,,,,,,,,,,40.65625,14.809748,0.7147846,40.65625,14.809748,0.18229267,,,,,,,,,,,,,,,,,40.65625,14.899685,0.016307708,40.65625,14.899685,0.00096575794,,,,,,,,,,,,,,,,,,,,,,,,,,,,,40.65625,14.899685,1.0000001e-07,40.65625,14.899685,7.0,,,,,,,
40.65625,14.839726,0.00090733304,40.65625,14.839726,0.0007288412,,,,,,,,,,,,,,,,,,,,,,,,,,,,,,,,,,,,,,,,,,,,,,,,,,,,,,,,,,,,,40.65625,14.839726,0.7101085,40.65625,14.839726,0.27344623,,,,,,,,,,,,,,,,,40.65625,14.929665,0.00883392,40.65625,14.929665,-0.0042917617,,,,,,,,,,,,,,,,,,,,,,,,,,,,,40.65625,14.929665,1.0000001e-07,40.65625,14.929665,7.0,,,,,,,
40.65625,14.869706,0.0009073329,40.65625,14.869706,0.0006098468,,,,,,,,,,,,,,,,,,,,,,,,,,,,,,,,,,,,,,,,,,,,,,,,,,,,,,,,,,,,,40.65625,14.869706,0.68437546,40.65625,14.869706,-0.124412335,,,,,,,,,,,,,,,,,40.65625,14.959643,0.0030933716,40.65625,14.959643,-0.0057720933,,,,,,,,,,,,,,,,,,,,,,,,,,,,,40.65625,14.959643,1.0000001e-07,40.65625,14.959643,7.0,,,,,,,
40.65625,14.899685,0.001100699,40.65625,14.899685,0.0007437155,,,,,,,,,,,,,,,,,,,,,,,,,,,,,,,,,,,,,,,,,,,,,,,,,,,,,,,,,,,,,40.65625,14.899685,1.3453848,40.65625,14.899685,0.34127825,,,,,,,,,,,,,,,,,40.65625,14.989623,-0.004421256,40.65625,14.989623,0.00085569517,,,,,,,,,,,,,,,,,,,,,,,,,,,,,40.65625,14.989623,1.0000001e-07,40.65625,14.989623,7.0,,,,,,,
40.65625,14.929665,0.0009519559,40.65625,14.929665,0.00062472105,,,,,,,,,,,,,,,,,,,,,,,,,,,,,,,,,,,,,,,,,,,,,,,,,,,,,,,,,,,,,40.65625,14.929665,0.8560079,40.65625,14.929665,-0.07489058,,,,,,,,,,,,,,,,,40.65625,15.019603,-0.004342264,40.65625,15.019603,0.0041510556,,,,,,,,,,,,,,,,,,,,,,,,,,,,,40.65625,15.019603,1.0000001e-07,40.65625,15.019603,7.0,,,,,,,
40.65625,14.959643,0.0008924587,40.65625,14.959643,0.0006990927,,,,,,,,,,,,,,,,,,,,,,,,,,,,,,,,,,,,,,,,,,,,,,,,,,,,,,,,,,,,,40.65625,14.959643,0.65564334,40.65625,14.959643,0.12595053,,,,,,,,,,,,,,,,,40.65625,15.049582,0.006037853,40.65625,15.049582,0.0027395436,,,,,,,,,,,,,,,,,,,,,,,,,,,,,40.65625,15.049582,1.0000001e-07,40.65625,15.049582,7.0,,,,,,,
40.65625,14.989623,0.0007585898,40.65625,14.989623,0.00074371556,,,,,,,,,,,,,,,,,,,,,,,,,,,,,,,,,,,,,,,,,,,,,,,,,,,,,,,,,,,,,40.65625,14.989623,0.1943875,40.65625,14.989623,0.32892403,,,,,,,,,,,,,,,,,40.65625,15.079561,-0.00581357,40.65625,15.079561,0.0005976381,,,,,,,,,,,,,,,,,,,,,,,,,,,,,40.65625,15.079561,1.0000001e-07,40.65625,15.079561,7.0,,,,,,,
40.65625,15.019602,0.00083296146,40.65625,15.019602,0.0007734642,,,,,,,,,,,,,,,,,,,,,,,,,,,,,,,,,,,,,,,,,,,,,,,,,,,,,,,,,,,,,40.65625,15.019602,0.45854166,40.65625,15.019602,0.45620653,,,,,,,,,,,,,,,,,40.65625,15.10954,0.009545736,40.65625,15.10954,0.0015232692,,,,,,,,,,,,,,,,,,,,,,,,,,,,,40.65625,15.10954,1.0000001e-07,40.65625,15.10954,7.0,,,,,,,
40.65625,15.049582,0.0010263275,40.65625,15.049582,0.00068421825,,,,,,,,,,,,,,,,,,,,,,,,,,,,,,,,,,,,,,,,,,,,,,,,,,,,,,,,,,,,,40.65625,15.049582,1.0881362,40.65625,15.049582,0.14514379,,,,,,,,,,,,,,,,,40.65625,15.13952,0.015856301,40.65625,15.13952,0.00023277244,,,,,,,,,,,,,,,,,,,,,,,,,,,,,40.65625,15.13952,1.0000001e-07,40.65625,15.13952,7.0,,,,,,,
40.65625,15.07956,0.00066934404,40.65625,15.07956,0.00072884123,,,,,,,,,,,,,,,,,,,,,,,,,,,,,,,,,,,,,,,,,,,,,,,,,,,,,,,,,,,,,40.65625,15.07956,-0.07429352,40.65625,15.07956,0.3429774,,,,,,,,,,,,,,,,,40.65625,15.169498,0.004805959,40.65625,15.169498,0.003419411,,,,,,,,,,,,,,,,,,,,,,,,,,,,,40.65625,15.169498,1.0000001e-07,40.65625,15.169498,7.0,,,,,,,
40.65625,15.10954,0.00090733304,40.65625,15.10954,0.0007734641,,,,,,,,,,,,,,,,,,,,,,,,,,,,,,,,,,,,,,,,,,,,,,,,,,,,,,,,,,,,,40.65625,15.10954,0.70646685,40.65625,15.10954,0.47742122,,,,,,,,,,,,,,,,,40.65625,15.199478,0.007224117,40.65625,15.199478,0.0037969043,,,,,,,,,,,,,,,,,,,,,,,,,,,,,40.65625,15.199478,1.0000001e-07,40.65625,15.199478,7.0,,,,,,,
40.65625,15.139519,0.0010412018,40.65625,15.139519,0.00068421825,,,,,,,,,,,,,,,,,,,,,,,,,,,,,,,,,,,,,,,,,,,,,,,,,,,,,,,,,,,,,40.65625,15.139519,1.1431893,40.65625,15.139519,0.16696995,,,,,,,,,,,,,,,,,40.65625,15.229457,7.877364e-05,40.65625,15.229457,-0.00891109,,,,,,,,,,,,,,,,,,,,,,,,,,,,,40.65625,15.229457,1.0000001e-07,40.65625,15.229457,7.0,,,,,,,
40.65625,15.169498,0.0009222073,40.65625,15.169498,0.0007883385,,,,,,,,,,,,,,,,,,,,,,,,,,,,,,,,,,,,,,,,,,,,,,,,,,,,,,,,,,,,,40.65625,15.169498,0.6907742,40.65625,15.169498,0.44818783,,,,,,,,,,,,,,,,,40.65625,15.259437,0.010648335,40.65625,15.259437,-0.0006352782,,,,,,,,,,,,,,,,,,,,,,,,,,,,,40.65625,15.259437,1.0000001e-07,40.65625,15.259437,7.0,,,,,,,
40.65625,15.199477,0.0008924587,40.65625,15.199477,0.0009519559,,,,,,,,,,,,,,,,,,,,,,,,,,,,,,,,,,,,,,,,,,,,,,,,,,,,,,,,,,,,,40.65625,15.199477,0.66340774,40.65625,15.199477,1.0575589,,,,,,,,,,,,,,,,,40.65625,15.289415,0.013897266,40.65625,15.289415,-0.008698187,,,,,,,,,,,,,,,,,,,,,,,,,,,,,40.65625,15.289415,1.0000001e-07,40.65625,15.289415,7.0,,,,,,,
40.65625,15.229457,0.0008924588,40.65625,15.229457,0.0005354752,,,,,,,,,,,,,,,,,,,,,,,,,,,,,,,,,,,,,,,,,,,,,,,,,,,,,,,,,,,,,40.65625,15.229457,0.64421964,40.65625,15.229457,-0.37109682,,,,,,,,,,,,,,,,,40.65625,15.319395,-0.002411157,40.65625,15.319395,-0.0057999543,,,,,,,,,,,,,,,,,,,,,,,,,,,,,40.65625,15.319395,1.0000001e-07,40.65625,15.319395,7.0,,,,,,,
40.65625,15.259436,0.0009370816,40.65625,15.259436,0.00065446965,,,,,,,,,,,,,,,,,,,,,,,,,,,,,,,,,,,,,,,,,,,,,,,,,,,,,,,,,,,,,40.65625,15.259436,0.7455659,40.65625,15.259436,0.047133572,,,,,,,,,,,,,,,,,40.65625,15.349374,-0.0033699393,40.65625,15.349374,-0.0049158805,,,,,,,,,,,,,,,,,,,,,,,,,,,,,40.65625,15.349374,1.0000001e-07,40.65625,15.349374,7.0,,,,,,,
40.65625,15.289415,0.0010412018,40.65625,15.289415,0.0005503495,,,,,,,,,,,,,,,,,,,,,,,,,,,,,,,,,,,,,,,,,,,,,,,,,,,,,,,,,,,,,40.65625,15.289415,1.207416,40.65625,15.289415,-0.29386738,,,,,,,,,,,,,,,,,40.65625,15.379354,-0.0047512148,40.65625,15.379354,0.0042813197,,,,,,,,,,,,,,,,,,,,,,,,,,,,,40.65625,15.379354,1.0000001e-07,40.65625,15.379354,7.0,,,,,,,
40.65625,15.319394,0.000713967,40.65625,15.319394,0.00058009813,,,,,,,,,,,,,,,,,,,,,,,,,,,,,,,,,,,,,,,,,,,,,,,,,,,,,,,,,,,,,40.65625,15.319394,0.035519533,40.65625,15.319394,-0.23544529,,,,,,,,,,,,,,,,,40.65625,15.409332,-0.0005268641,40.65625,15.409332,-0.0015183227,,,,,,,,,,,,,,,,,,,,,,,,,,,,,40.65625,15.409332,1.0000001e-07,40.65625,15.409332,7.0,,,,,,,
40.65625,15.349374,0.0007585899,40.65625,15.349374,0.00062472105,,,,,,,,,,,,,,,,,,,,,,,,,,,,,,,,,,,,,,,,,,,,,,,,,,,,,,,,,,,,,40.65625,15.349374,0.22048484,40.65625,15.349374,-0.079462446,,,,,,,,,,,,,,,,,40.65625,15.439312,0.005847436,40.65625,15.439312,0.0115237655,,,,,,,,,,,,,,,,,,,,,,,,,,,,,40.65625,15.439312,1.0000001e-07,40.65625,15.439312,7.0,,,,,,,
40.65625,15.379354,0.0006990926,40.65625,15.379354,0.00083296135,,,,,,,,,,,,,,,,,,,,,,,,,,,,,,,,,,,,,,,,,,,,,,,,,,,,,,,,,,,,,40.65625,15.379354,-0.011301796,40.65625,15.379354,0.65704966,,,,,,,,,,,,,,,,,40.65625,15.469291,0.00698567,40.65625,15.469291,0.006145673,,,,,,,,,,,,,,,,,,,,,,,,,,,,,40.65625,15.469291,1.0000001e-07,40.65625,15.469291,7.0,,,,,,,
40.65625,15.409332,0.00084783573,40.65625,15.409332,0.0006247211,,,,,,,,,,,,,,,,,,,,,,,,,,,,,,,,,,,,,,,,,,,,,,,,,,,,,,,,,,,,,40.65625,15.409332,0.52427685,40.65625,15.409332,-0.044660874,,,,,,,,,,,,,,,,,40.65625,15.49927,0.008356865,40.65625,15.49927,0.0060286317,,,,,,,,,,,,,,,,,,,,,,,,,,,,,40.65625,15.49927,1.0000001e-07,40.65625,15.49927,7.0,,,,,,,
40.65625,15.439312,0.00087758433,40.65625,15.439312,0.00090733304,,,,,,,,,,,,,,,,,,,,,,,,,,,,,,,,,,,,,,,,,,,,,,,,,,,,,,,,,,,,,40.65625,15.439312,0.62304443,40.65625,15.439312,0.9551916,,,,,,,,,,,,,,,,,40.65625,15.529249,0.01456574,40.65625,15.529249,0.010167805,,,,,,,,,,,,,,,,,,,,,,,,,,,,,40.65625,15.529249,1.0000001e-07,40.65625,15.529249,7.0,,,,,,,
40.65625,15.469291,0.00090733304,40.65625,15.469291,0.0008032128,,,,,,,,,,,,,,,,,,,,,,,,,,,,,,,,,,,,,,,,,,,,,,,,,,,,,,,,,,,,,40.65625,15.469291,0.7220547,40.65625,15.469291,0.5682313,,,,,,,,,,,,,,,,,40.65625,15.559229,-0.0003259182,40.65625,15.559229,-0.0046529123,,,,,,,,,,,,,,,,,,,,,,,,,,,,,40.65625,15.559229,1.0000001e-07,40.65625,15.559229,7.0,,,,,,,
40.65625,15.49927,0.0009519559,40.65625,15.49927,0.0008180871,,,,,,,,,,,,,,,,,,,,,,,,,,,,,,,,,,,,,,,,,,,,,,,,,,,,,,,,,,,,,40.65625,15.49927,0.81686616,40.65625,15.49927,0.6203883,,,,,,,,,,,,,,,,,40.65625,15.589208,-0.0010638644,40.65625,15.589208,-0.0044299085,,,,,,,,,,,,,,,,,,,,,,,,,,,,,40.65625,15.589208,1.0000001e-07,40.65625,15.589208,7.0,,,,,,,
40.65625,15.529249,0.0010412019,40.65625,15.529249,0.0008329615,,,,,,,,,,,,,,,,,,,,,,,,,,,,,,,,,,,,,,,,,,,,,,,,,,,,,,,,,,,,,40.65625,15.529249,1.1454506,40.65625,15.529249,0.6588495,,,,,,,,,,,,,,,,,40.65625,15.619187,-0.0014291995,40.65625,15.619187,-0.0044688266,,,,,,,,,,,,,,,,,,,,,,,,,,,,,40.65625,15.619187,1.0000001e-07,40.65625,15.619187,7.0,,,,,,,
40.65625,15.559229,0.0008924587,40.65625,15.559229,0.00062472105,,,,,,,,,,,,,,,,,,,,,,,,,,,,,,,,,,,,,,,,,,,,,,,,,,,,,,,,,,,,,40.65625,15.559229,0.6609769,40.65625,15.559229,-0.056948695,,,,,,,,,,,,,,,,,40.65625,15.649166,0.0008020981,40.65625,15.649166,-0.011621207,,,,,,,,,,,,,,,,,,,,,,,,,,,,,40.65625,15.649166,1.0000001e-07,40.65625,15.649166,7.0,,,,,,,
40.65625,15.589208,0.0007288412,40.65625,15.589208,0.000669344,,,,,,,,,,,,,,,,,,,,,,,,,,,,,,,,,,,,,,,,,,,,,,,,,,,,,,,,,,,,,40.65625,15.589208,0.07201876,40.65625,15.589208,0.10542715,,,,,,,,,,,,,,,,,40.65625,15.679146,0.0033693968,40.65625,15.679146,-0.00043079443,,,,,,,,,,,,,,,,,,,,,,,,,,,,,40.65625,15.679146,1.0000001e-07,40.65625,15.679146,7.0,,,,,,,
40.65625,15.619187,0.00069909263,40.65625,15.619187,0.000669344,,,,,,,,,,,,,,,,,,,,,,,,,,,,,,,,,,,,,,,,,,,,,,,,,,,,,,,,,,,,,40.65625,15.619187,-0.011813607,40.65625,15.619187,0.08893359,,,,,,,,,,,,,,,,,40.65625,15.709125,-0.0044469205,40.65625,15.709125,0.0008023142,,,,,,,,,,,,,,,,,,,,,,,,,,,,,40.65625,15.709125,1.0000001e-07,40.65625,15.709125,7.0,,,,,,,
40.65625,15.649166,0.00087758433,40.65625,15.649166,0.00052060094,,,,,,,,,,,,,,,,,,,,,,,,,,,,,,,,,,,,,,,,,,,,,,,,,,,,,,,,,,,,,40.65625,15.649166,0.5637734,40.65625,15.649166,-0.44277698,,,,,,,,,,,,,,,,,40.65625,15.739104,0.009704856,40.65625,15.739104,-0.005198547,,,,,,,,,,,,,,,,,,,,,,,,,,,,,40.65625,15.739104,1.0000001e-07,40.65625,15.739104,7.0,,,,,,,
40.65625,15.679146,0.0009370816,40.65625,15.679146,0.00074371556,,,,,,,,,,,,,,,,,,,,,,,,,,,,,,,,,,,,,,,,,,,,,,,,,,,,,,,,,,,,,40.65625,15.679146,0.81015056,40.65625,15.679146,0.38707903,,,,,,,,,,,,,,,,,40.65625,15.769083,0.008113485,40.65625,15.769083,0.0051656086,,,,,,,,,,,,,,,,,,,,,,,,,,,,,40.65625,15.769083,1.0000001e-07,40.65625,15.769083,7.0,,,,,,,
40.65625,15.709125,0.0006395953,40.65625,15.709125,0.00071396696,,,,,,,,,,,,,,,,,,,,,,,,,,,,,,,,,,,,,,,,,,,,,,,,,,,,,,,,,,,,,40.65625,15.709125,-0.20885901,40.65625,15.709125,0.27675855,,,,,,,,,,,,,,,,,40.65625,15.799063,0.0027530454,40.65625,15.799063,-0.0053701755,,,,,,,,,,,,,,,,,,,,,,,,,,,,,40.65625,15.799063,1.0000001e-07,40.65625,15.799063,7.0,,,,,,,
40.65625,15.739104,0.0008924587,40.65625,15.739104,0.00069909263,,,,,,,,,,,,,,,,,,,,,,,,,,,,,,,,,,,,,,,,,,,,,,,,,,,,,,,,,,,,,40.65625,15.739104,0.6529556,40.65625,15.739104,0.2134203,,,,,,,,,,,,,,,,,40.65625,15.829042,0.014204916,40.65625,15.829042,-0.0035814978,,,,,,,,,,,,,,,,,,,,,,,,,,,,,40.65625,15.829042,1.0000001e-07,40.65625,15.829042,7.0,,,,,,,
40.65625,15.769083,0.0009222073,40.65625,15.769083,0.0007585899,,,,,,,,,,,,,,,,,,,,,,,,,,,,,,,,,,,,,,,,,,,,,,,,,,,,,,,,,,,,,40.65625,15.769083,0.77421737,40.65625,15.769083,0.42197883,,,,,,,,,,,,,,,,,40.65625,15.859021,0.013924769,40.65625,15.859021,0.0025939522,,,,,,,,,,,,,,,,,,,,,,,,,,,,,40.65625,15.859021,1.0000001e-07,40.65625,15.859021,7.0,,,,,,,
40.65625,15.799063,0.0007883386,40.65625,15.799063,0.00066934404,,,,,,,,,,,,,,,,,,,,,,,,,,,,,,,,,,,,,,,,,,,,,,,,,,,,,,,,,,,,,40.65625,15.799063,0.27382627,40.65625,15.799063,0.10031647,,,,,,,,,,,,,,,,,40.65625,15.889001,0.0062810765,40.65625,15.889001,0.0005687429,,,,,,,,,,,,,,,,,,,,,,,,,,,,,40.65625,15.889001,1.0000001e-07,40.65625,15.889001,7.0,,,,,,,
40.65625,15.8290415,0.0010114531,40.65625,15.8290415,0.00066934404,,,,,,,,,,,,,,,,,,,,,,,,,,,,,,,,,,,,,,,,,,,,,,,,,,,,,,,,,,,,,40.65625,15.8290415,1.0003337,40.65625,15.8290415,0.031711332,,,,,,,,,,,,,,,,,40.65625,15.91898,0.008956533,40.65625,15.91898,0.007559212,,,,,,,,,,,,,,,,,,,,,,,,,,,,,40.65625,15.91898,1.0000001e-07,40.65625,15.91898,7.0,,,,,,,
40.65625,15.859021,0.00093708164,40.65625,15.859021,0.0008032128,,,,,,,,,,,,,,,,,,,,,,,,,,,,,,,,,,,,,,,,,,,,,,,,,,,,,,,,,,,,,40.65625,15.859021,0.7261328,40.65625,15.859021,0.5642397,,,,,,,,,,,,,,,,,40.65625,15.948959,0.004786448,40.65625,15.948959,0.0015170459,,,,,,,,,,,,,,,,,,,,,,,,,,,,,40.65625,15.948959,1.0000001e-07,40.65625,15.948959,7.0,,,,,,,
40.65625,15.889,0.0008478358,40.65625,15.889,0.00066934404,,,,,,,,,,,,,,,,,,,,,,,,,,,,,,,,,,,,,,,,,,,,,,,,,,,,,,,,,,,,,40.65625,15.889,0.4995383,40.65625,15.889,0.0861261,,,,,,,,,,,,,,,,,40.65625,15.978938,0.0027180724,40.65625,15.978938,-0.003311007,,,,,,,,,,,,,,,,,,,,,,,,,,,,,40.65625,15.978938,1.0000001e-07,40.65625,15.978938,7.0,,,,,,,
40.65625,15.91898,0.0009817047,40.65625,15.91898,0.00086271006,,,,,,,,,,,,,,,,,,,,,,,,,,,,,,,,,,,,,,,,,,,,,,,,,,,,,,,,,,,,,40.65625,15.91898,0.9441045,40.65625,15.91898,0.7609996,,,,,,,,,,,,,,,,,40.65625,16.008917,0.0033151854,40.65625,16.008917,-0.010079388,,,,,,,,,,,,,,,,,,,,,,,,,,,,,40.65625,16.008917,1.0000001e-07,40.65625,16.008917,7.0,,,,,,,
40.65625,15.948958,0.0009073329,40.65625,15.948958,0.0007288412,,,,,,,,,,,,,,,,,,,,,,,,,,,,,,,,,,,,,,,,,,,,,,,,,,,,,,,,,,,,,40.65625,15.948958,0.7109855,40.65625,15.948958,0.30068013,,,,,,,,,,,,,,,,,40.65625,16.038897,0.0060485583,40.65625,16.038897,0.012221396,,,,,,,,,,,,,,,,,,,,,,,,,,,,,40.65625,16.038897,1.0000001e-07,40.65625,16.038897,7.0,,,,,,,
40.65625,15.978938,0.0008180871,40.65625,15.978938,0.00069909263,,,,,,,,,,,,,,,,,,,,,,,,,,,,,,,,,,,,,,,,,,,,,,,,,,,,,,,,,,,,,40.65625,15.978938,0.47061676,40.65625,15.978938,0.16562408,,,,,,,,,,,,,,,,,40.65625,16.068876,0.0019324513,40.65625,16.068876,0.0028756906,,,,,,,,,,,,,,,,,,,,,,,,,,,,,40.65625,16.068876,1.0000001e-07,40.65625,16.068876,7.0,,,,,,,
40.65625,16.008917,0.0008478358,40.65625,16.008917,0.00065446965,,,,,,,,,,,,,,,,,,,,,,,,,,,,,,,,,,,,,,,,,,,,,,,,,,,,,,,,,,,,,40.65625,16.008917,0.48183864,40.65625,16.008917,0.044308014,,,,,,,,,,,,,,,,,40.65625,16.098856,0.009409439,40.65625,16.098856,-0.00071701634,,,,,,,,,,,,,,,,,,,,,,,,,,,,,40.65625,16.098856,1.0000001e-07,40.65625,16.098856,7.0,,,,,,,
40.65625,16.038897,0.0008924588,40.65625,16.038897,0.0009222073,,,,,,,,,,,,,,,,,,,,,,,,,,,,,,,,,,,,,,,,,,,,,,,,,,,,,,,,,,,,,40.65625,16.038897,0.5879576,40.65625,16.038897,0.9784997,,,,,,,,,,,,,,,,,40.65625,16.128834,0.0032835186,40.65625,16.128834,-0.0036605266,,,,,,,,,,,,,,,,,,,,,,,,,,,,,40.65625,16.128834,1.0000001e-07,40.65625,16.128834,7.0,,,,,,,
40.65625,16.068876,0.00081808714,40.65625,16.068876,0.00075858994,,,,,,,,,,,,,,,,,,,,,,,,,,,,,,,,,,,,,,,,,,,,,,,,,,,,,,,,,,,,,40.65625,16.068876,0.42364675,40.65625,16.068876,0.36496353,,,,,,,,,,,,,,,,,40.65625,16.158813,0.015583411,40.65625,16.158813,0.0035783616,,,,,,,,,,,,,,,,,,,,,,,,,,,,,40.65625,16.158813,1.0000001e-07,40.65625,16.158813,7.0,,,,,,,
40.65625,16.098854,0.0009519559,40.65625,16.098854,0.00072884123,,,,,,,,,,,,,,,,,,,,,,,,,,,,,,,,,,,,,,,,,,,,,,,,,,,,,,,,,,,,,40.65625,16.098854,0.8540408,40.65625,16.098854,0.28670934,,,,,,,,,,,,,,,,,40.65625,16.188793,0.025114954,40.65625,16.188793,-0.0038763625,,,,,,,,,,,,,,,,,,,,,,,,,,,,,40.65625,16.188793,1.0000001e-07,40.65625,16.188793,7.0,,,,,,,
40.65625,16.128834,0.00078833854,40.65625,16.128834,0.0006544697,,,,,,,,,,,,,,,,,,,,,,,,,,,,,,,,,,,,,,,,,,,,,,,,,,,,,,,,,,,,,40.65625,16.128834,0.29847327,40.65625,16.128834,0.031220278,,,,,,,,,,,,,,,,,40.65625,16.218773,-0.010224396,40.65625,16.218773,-0.016724361,,,,,,,,,,,,,,,,,,,,,,,,,,,,,40.65625,16.218773,1.0000001e-07,40.65625,16.218773,7.0,,,,,,,
40.65625,16.158813,0.0009668302,40.65625,16.158813,0.00068421825,,,,,,,,,,,,,,,,,,,,,,,,,,,,,,,,,,,,,,,,,,,,,,,,,,,,,,,,,,,,,40.65625,16.158813,0.9320294,40.65625,16.158813,0.13118742,,,,,,,,,,,,,,,,,40.65625,16.24875,0.0044015124,40.65625,16.24875,0.0016545154,,,,,,,,,,,,,,,,,,,,,,,,,,,,,40.65625,16.24875,1.0000001e-07,40.65625,16.24875,7.0,,,,,,,
40.65625,16.188793,0.0010709504,40.65625,16.188793,0.0006544697,,,,,,,,,,,,,,,,,,,,,,,,,,,,,,,,,,,,,,,,,,,,,,,,,,,,,,,,,,,,,40.65625,16.188793,1.2814622,40.65625,16.188793,0.0442909,,,,,,,,,,,,,,,,,40.65625,16.27873,0.010425527,40.65625,16.27873,0.0038018296,,,,,,,,,,,,,,,,,,,,,,,,,,,,,40.65625,16.27873,1.0000001e-07,40.65625,16.27873,7.0,,,,,,,
40.65625,16.218773,0.00059497246,40.65625,16.218773,0.0005503495,,,,,,,,,,,,,,,,,,,,,,,,,,,,,,,,,,,,,,,,,,,,,,,,,,,,,,,,,,,,,40.65625,16.218773,-0.34368005,40.65625,16.218773,-0.34161082,,,,,,,,,,,,,,,,,40.65625,16.30871,-0.0061592245,40.65625,16.30871,-0.008253674,,,,,,,,,,,,,,,,,,,,,,,,,,,,,40.65625,16.30871,1.0000001e-07,40.65625,16.30871,7.0,,,,,,,
40.65625,16.24875,0.00092220743,40.65625,16.24875,0.00071396696,,,,,,,,,,,,,,,,,,,,,,,,,,,,,,,,,,,,,,,,,,,,,,,,,,,,,,,,,,,,,40.65625,16.24875,0.75099206,40.65625,16.24875,0.23116906,,,,,,,,,,,,,,,,,40.65625,16.33869,0.014829893,40.65625,16.33869,-0.0026749345,,,,,,,,,,,,,,,,,,,,,,,,,,,,,40.65625,16.33869,1.0000001e-07,40.65625,16.33869,7.0,,,,,,,
40.65625,16.27873,0.0009073329,40.65625,16.27873,0.000713967,,,,,,,,,,,,,,,,,,,,,,,,,,,,,,,,,,,,,,,,,,,,,,,,,,,,,,,,,,,,,40.65625,16.27873,0.769507,40.65625,16.27873,0.23499815,,,,,,,,,,,,,,,,,40.65625,16.368668,0.003024201,40.65625,16.368668,0.0035704141,,,,,,,,,,,,,,,,,,,,,,,,,,,,,40.65625,16.368668,1.0000001e-07,40.65625,16.368668,7.0,,,,,,,
40.65625,16.30871,0.00071396696,40.65625,16.30871,0.00062472105,,,,,,,,,,,,,,,,,,,,,,,,,,,,,,,,,,,,,,,,,,,,,,,,,,,,,,,,,,,,,40.65625,16.30871,0.08429987,40.65625,16.30871,-0.0735256,,,,,,,,,,,,,,,,,40.65625,16.398647,0.01671524,40.65625,16.398647,0.019486586,,,,,,,,,,,,,,,,,,,,,,,,,,,,,40.65625,16.398647,1.0000001e-07,40.65625,16.398647,7.0,,,,,,,
40.65625,16.33869,0.000996579,40.65625,16.33869,0.00069909263,,,,,,,,,,,,,,,,,,,,,,,,,,,,,,,,,,,,,,,,,,,,,,,,,,,,,,,,,,,,,40.65625,16.33869,1.0089478,40.65625,16.33869,0.18561727,,,,,,,,,,,,,,,,,40.65625,16.428627,0.0010678382,40.65625,16.428627,-0.006415631,,,,,,,,,,,,,,,,,,,,,,,,,,,,,40.65625,16.428627,1.0000001e-07,40.65625,16.428627,7.0,,,,,,,
40.65625,16.368668,0.00081808714,40.65625,16.368668,0.00074371556,,,,,,,,,,,,,,,,,,,,,,,,,,,,,,,,,,,,,,,,,,,,,,,,,,,,,,,,,,,,,40.65625,16.368668,0.4580314,40.65625,16.368668,0.3826027,,,,,,,,,,,,,,,,,40.65625,16.458607,0.009216824,40.65625,16.458607,0.0005797462,,,,,,,,,,,,,,,,,,,,,,,,,,,,,40.65625,16.458607,1.0000001e-07,40.65625,16.458607,7.0,,,,,,,
40.65625,16.398647,0.0010114531,40.65625,16.398647,0.0009668303,,,,,,,,,,,,,,,,,,,,,,,,,,,,,,,,,,,,,,,,,,,,,,,,,,,,,,,,,,,,,40.65625,16.398647,1.0844188,40.65625,16.398647,1.1498924,,,,,,,,,,,,,,,,,40.65625,16.488585,0.0110162785,40.65625,16.488585,-0.0029531582,,,,,,,,,,,,,,,,,,,,,,,,,,,,,40.65625,16.488585,1.0000001e-07,40.65625,16.488585,7.0,,,,,,,
40.65625,16.428627,0.000713967,40.65625,16.428627,0.000669344,,,,,,,,,,,,,,,,,,,,,,,,,,,,,,,,,,,,,,,,,,,,,,,,,,,,,,,,,,,,,40.65625,16.428627,0.085901484,40.65625,16.428627,0.10885252,,,,,,,,,,,,,,,,,40.65625,16.518564,0.00384212,40.65625,16.518564,0.008711294,,,,,,,,,,,,,,,,,,,,,,,,,,,,,40.65625,16.518564,1.0000001e-07,40.65625,16.518564,7.0,,,,,,,
40.65625,16.458607,0.000996579,40.65625,16.458607,0.00069909263,,,,,,,,,,,,,,,,,,,,,,,,,,,,,,,,,,,,,,,,,,,,,,,,,,,,,,,,,,,,,40.65625,16.458607,0.98949695,40.65625,16.458607,0.1736704,,,,,,,,,,,,,,,,,40.65625,16.548544,-0.00075558654,40.65625,16.548544,0.014158012,,,,,,,,,,,,,,,,,,,,,,,,,,,,,40.65625,16.548544,1.0000001e-07,40.65625,16.548544,7.0,,,,,,,
40.65625,16.488585,0.0009073329,40.65625,16.488585,0.00072884123,,,,,,,,,,,,,,,,,,,,,,,,,,,,,,,,,,,,,,,,,,,,,,,,,,,,,,,,,,,,,40.65625,16.488585,0.645268,40.65625,16.488585,0.27775547,,,,,,,,,,,,,,,,,40.65625,16.578524,0.0012794615,40.65625,16.578524,0.006372409,,,,,,,,,,,,,,,,,,,,,,,,,,,,,40.65625,16.578524,1.0000001e-07,40.65625,16.578524,7.0,,,,,,,
40.65625,16.518564,0.00078833854,40.65625,16.518564,0.00080321287,,,,,,,,,,,,,,,,,,,,,,,,,,,,,,,,,,,,,,,,,,,,,,,,,,,,,,,,,,,,,40.65625,16.518564,0.3407471,40.65625,16.518564,0.5725013,,,,,,,,,,,,,,,,,40.65625,16.608501,0.011877785,40.65625,16.608501,0.0084136985,,,,,,,,,,,,,,,,,,,,,,,,,,,,,40.65625,16.608501,1.0000001e-07,40.65625,16.608501,7.0,,,,,,,
40.65625,16.548544,0.0007734641,40.65625,16.548544,0.0008924587,,,,,,,,,,,,,,,,,,,,,,,,,,,,,,,,,,,,,,,,,,,,,,,,,,,,,,,,,,,,,40.65625,16.548544,0.24519825,40.65625,16.548544,0.8704218,,,,,,,,,,,,,,,,,40.65625,16.638481,0.011518641,40.65625,16.638481,-0.0019987884,,,,,,,,,,,,,,,,,,,,,,,,,,,,,40.65625,16.638481,1.0000001e-07,40.65625,16.638481,7.0,,,,,,,
40.65625,16.578524,0.00083296146,40.65625,16.578524,0.0009222073,,,,,,,,,,,,,,,,,,,,,,,,,,,,,,,,,,,,,,,,,,,,,,,,,,,,,,,,,,,,,40.65625,16.578524,0.44911692,40.65625,16.578524,1.0173284,,,,,,,,,,,,,,,,,40.65625,16.66846,0.0053884704,40.65625,16.66846,-0.0052455035,,,,,,,,,,,,,,,,,,,,,,,,,,,,,40.65625,16.66846,1.0000001e-07,40.65625,16.66846,7.0,,,,,,,
40.65625,16.608501,0.0009668304,40.65625,16.608501,0.00077346415,,,,,,,,,,,,,,,,,,,,,,,,,,,,,,,,,,,,,,,,,,,,,,,,,,,,,,,,,,,,,40.65625,16.608501,0.9053507,40.65625,16.608501,0.43265215,,,,,,,,,,,,,,,,,40.65625,16.69844,0.0002712539,40.65625,16.69844,-0.00044296228,,,,,,,,,,,,,,,,,,,,,,,,,,,,,40.65625,16.69844,1.0000001e-07,40.65625,16.69844,7.0,,,,,,,
40.65625,16.638481,0.00093708164,40.65625,16.638481,0.0007585899,,,,,,,,,,,,,,,,,,,,,,,,,,,,,,,,,,,,,,,,,,,,,,,,,,,,,,,,,,,,,40.65625,16.638481,0.82306886,40.65625,16.638481,0.40987432,,,,,,,,,,,,,,,,,40.65625,16.72842,0.009816052,40.65625,16.72842,0.016223984,,,,,,,,,,,,,,,,,,,,,,,,,,,,,40.65625,16.72842,1.0000001e-07,40.65625,16.72842,7.0,,,,,,,
40.65625,16.66846,0.00093708164,40.65625,16.66846,0.0005503495,,,,,,,,,,,,,,,,,,,,,,,,,,,,,,,,,,,,,,,,,,,,,,,,,,,,,,,,,,,,,40.65625,16.66846,0.74714106,40.65625,16.66846,-0.3179583,,,,,,,,,,,,,,,,,40.65625,16.758398,0.0033050787,40.65625,16.758398,-0.0029696284,,,,,,,,,,,,,,,,,,,,,,,,,,,,,40.65625,16.758398,1.0000001e-07,40.65625,16.758398,7.0,,,,,,,
40.65625,16.69844,0.0007585899,40.65625,16.69844,0.0006395954,,,,,,,,,,,,,,,,,,,,,,,,,,,,,,,,,,,,,,,,,,,,,,,,,,,,,,,,,,,,,40.65625,16.69844,0.18511176,40.65625,16.69844,-0.03381173,,,,,,,,,,,,,,,,,40.65625,16.788378,-0.008507313,40.65625,16.788378,0.0064033237,,,,,,,,,,,,,,,,,,,,,,,,,,,,,40.65625,16.788378,1.0000001e-07,40.65625,16.788378,7.0,,,,,,,
40.65625,16.728418,0.00092220743,40.65625,16.728418,0.0009222073,,,,,,,,,,,,,,,,,,,,,,,,,,,,,,,,,,,,,,,,,,,,,,,,,,,,,,,,,,,,,40.65625,16.728418,0.75019807,40.65625,16.728418,0.9906489,,,,,,,,,,,,,,,,,40.65625,16.818357,0.014138686,40.65625,16.818357,0.008798361,,,,,,,,,,,,,,,,,,,,,,,,,,,,,40.65625,16.818357,1.0000001e-07,40.65625,16.818357,7.0,,,,,,,
40.65625,16.758398,0.0007883385,40.65625,16.758398,0.0006544697,,,,,,,,,,,,,,,,,,,,,,,,,,,,,,,,,,,,,,,,,,,,,,,,,,,,,,,,,,,,,40.65625,16.758398,0.30681837,40.65625,16.758398,0.026889171,,,,,,,,,,,,,,,,,40.65625,16.848337,0.009268969,40.65625,16.848337,0.0095460145,,,,,,,,,,,,,,,,,,,,,,,,,,,,,40.65625,16.848337,1.0000001e-07,40.65625,16.848337,7.0,,,,,,,
40.65625,16.788378,0.000713967,40.65625,16.788378,0.0007883386,,,,,,,,,,,,,,,,,,,,,,,,,,,,,,,,,,,,,,,,,,,,,,,,,,,,,,,,,,,,,40.65625,16.788378,0.05220739,40.65625,16.788378,0.50453645,,,,,,,,,,,,,,,,,40.65625,16.878315,0.008809395,40.65625,16.878315,0.0042987773,,,,,,,,,,,,,,,,,,,,,,,,,,,,,40.65625,16.878315,1.0000001e-07,40.65625,16.878315,7.0,,,,,,,
40.65625,16.818357,0.0009222073,40.65625,16.818357,0.00080321287,,,,,,,,,,,,,,,,,,,,,,,,,,,,,,,,,,,,,,,,,,,,,,,,,,,,,,,,,,,,,40.65625,16.818357,0.80136937,40.65625,16.818357,0.55573833,,,,,,,,,,,,,,,,,40.65625,16.908295,0.00022557937,40.65625,16.908295,0.005123705,,,,,,,,,,,,,,,,,,,,,,,,,,,,,40.65625,16.908295,1.0000001e-07,40.65625,16.908295,7.0,,,,,,,
40.65625,16.848335,0.0009222073,40.65625,16.848335,0.0008180872,,,,,,,,,,,,,,,,,,,,,,,,,,,,,,,,,,,,,,,,,,,,,,,,,,,,,,,,,,,,,40.65625,16.848335,0.7621038,40.65625,16.848335,0.6007806,,,,,,,,,,,,,,,,,40.65625,16.938274,-0.0068526184,40.65625,16.938274,0.008782587,,,,,,,,,,,,,,,,,,,,,,,,,,,,,40.65625,16.938274,1.0000001e-07,40.65625,16.938274,7.0,,,,,,,
40.65625,16.878315,0.00087758445,40.65625,16.878315,0.000713967,,,,,,,,,,,,,,,,,,,,,,,,,,,,,,,,,,,,,,,,,,,,,,,,,,,,,,,,,,,,,40.65625,16.878315,0.64729893,40.65625,16.878315,0.21540672,,,,,,,,,,,,,,,,,40.65625,16.968254,0.011989008,40.65625,16.968254,0.0046925726,,,,,,,,,,,,,,,,,,,,,,,,,,,,,40.65625,16.968254,1.0000001e-07,40.65625,16.968254,7.0,,,,,,,
40.65625,16.908295,0.00087758445,40.65625,16.908295,0.0007734642,,,,,,,,,,,,,,,,,,,,,,,,,,,,,,,,,,,,,,,,,,,,,,,,,,,,,,,,,,,,,40.65625,16.908295,0.6053698,40.65625,16.908295,0.46750224,,,,,,,,,,,,,,,,,40.65625,16.998232,-9.513214e-05,40.65625,16.998232,2.8871e-07,,,,,,,,,,,,,,,,,,,,,,,,,,,,,40.65625,16.998232,1.0000001e-07,40.65625,16.998232,7.0,,,,,,,
40.65625,16.938274,0.00066934404,40.65625,16.938274,0.00086271006,,,,,,,,,,,,,,,,,,,,,,,,,,,,,,,,,,,,,,,,,,,,,,,,,,,,,,,,,,,,,40.65625,16.938274,-0.110509396,40.65625,16.938274,0.784362,,,,,,,,,,,,,,,,,40.65625,17.028212,0.010011006,40.65625,17.028212,-0.004177522,,,,,,,,,,,,,,,,,,,,,,,,,,,,,40.65625,17.028212,1.0000001e-07,40.65625,17.028212,7.0,,,,,,,
40.65625,16.968252,0.0010263275,40.65625,16.968252,0.00077346415,,,,,,,,,,,,,,,,,,,,,,,,,,,,,,,,,,,,,,,,,,,,,,,,,,,,,,,,,,,,,40.65625,16.968252,1.1736789,40.65625,16.968252,0.46924746,,,,,,,,,,,,,,,,,40.65625,17.058191,-0.0021568341,40.65625,17.058191,-0.0033803126,,,,,,,,,,,,,,,,,,,,,,,,,,,,,40.65625,17.058191,1.0000001e-07,40.65625,17.058191,7.0,,,,,,,
40.65625,16.998232,0.00086271006,40.65625,16.998232,0.0007585899,,,,,,,,,,,,,,,,,,,,,,,,,,,,,,,,,,,,,,,,,,,,,,,,,,,,,,,,,,,,,40.65625,16.998232,0.56323844,40.65625,16.998232,0.35647035,,,,,,,,,,,,,,,,,40.65625,17.088171,0.002054579,40.65625,17.088171,0.0073329797,,,,,,,,,,,,,,,,,,,,,,,,,,,,,40.65625,17.088171,1.0000001e-07,40.65625,17.088171,7.0,,,,,,,
40.65625,17.028212,0.0008924587,40.65625,17.028212,0.00071396696,,,,,,,,,,,,,,,,,,,,,,,,,,,,,,,,,,,,,,,,,,,,,,,,,,,,,,,,,,,,,40.65625,17.028212,0.646412,40.65625,17.028212,0.25243193,,,,,,,,,,,,,,,,,40.65625,17.118149,0.001526725,40.65625,17.118149,0.0059041604,,,,,,,,,,,,,,,,,,,,,,,,,,,,,40.65625,17.118149,1.0000001e-07,40.65625,17.118149,7.0,,,,,,,
40.65625,17.058191,0.0007437155,40.65625,17.058191,0.0006395954,,,,,,,,,,,,,,,,,,,,,,,,,,,,,,,,,,,,,,,,,,,,,,,,,,,,,,,,,,,,,40.65625,17.058191,0.16623253,40.65625,17.058191,-0.035050705,,,,,,,,,,,,,,,,,40.65625,17.148129,0.009793615,40.65625,17.148129,0.0043430105,,,,,,,,,,,,,,,,,,,,,,,,,,,,,40.65625,17.148129,1.0000001e-07,40.65625,17.148129,7.0,,,,,,,
40.65625,17.088171,0.0007883385,40.65625,17.088171,0.00086271006,,,,,,,,,,,,,,,,,,,,,,,,,,,,,,,,,,,,,,,,,,,,,,,,,,,,,,,,,,,,,40.65625,17.088171,0.2819947,40.65625,17.088171,0.7565184,,,,,,,,,,,,,,,,,40.65625,17.178108,-0.0013372704,40.65625,17.178108,-0.0047644163,,,,,,,,,,,,,,,,,,,,,,,,,,,,,40.65625,17.178108,1.0000001e-07,40.65625,17.178108,7.0,,,,,,,
40.65625,17.118149,0.0008180871,40.65625,17.118149,0.0007734642,,,,,,,,,,,,,,,,,,,,,,,,,,,,,,,,,,,,,,,,,,,,,,,,,,,,,,,,,,,,,40.65625,17.118149,0.3805052,40.65625,17.118149,0.44689023,,,,,,,,,,,,,,,,,40.65625,17.208088,0.013167414,40.65625,17.208088,-0.002569673,,,,,,,,,,,,,,,,,,,,,,,,,,,,,40.65625,17.208088,1.0000001e-07,40.65625,17.208088,7.0,,,,,,,
40.65625,17.148129,0.00086271006,40.65625,17.148129,0.0006990927,,,,,,,,,,,,,,,,,,,,,,,,,,,,,,,,,,,,,,,,,,,,,,,,,,,,,,,,,,,,,40.65625,17.148129,0.52044547,40.65625,17.148129,0.16976179,,,,,,,,,,,,,,,,,40.65625,17.238066,-0.0076930844,40.65625,17.238066,0.015569819,,,,,,,,,,,,,,,,,,,,,,,,,,,,,40.65625,17.238066,1.0000001e-07,40.65625,17.238066,7.0,,,,,,,
40.65625,17.178108,0.00084783573,40.65625,17.178108,0.00065446977,,,,,,,,,,,,,,,,,,,,,,,,,,,,,,,,,,,,,,,,,,,,,,,,,,,,,,,,,,,,,40.65625,17.178108,0.4923225,40.65625,17.178108,0.035279162,,,,,,,,,,,,,,,,,40.65625,17.268045,-0.008813095,40.65625,17.268045,-0.0031796475,,,,,,,,,,,,,,,,,,,,,,,,,,,,,40.65625,17.268045,1.0000001e-07,40.65625,17.268045,7.0,,,,,,,
40.65625,17.208088,0.0009668303,40.65625,17.208088,0.0007585899,,,,,,,,,,,,,,,,,,,,,,,,,,,,,,,,,,,,,,,,,,,,,,,,,,,,,,,,,,,,,40.65625,17.208088,0.92906475,40.65625,17.208088,0.37419328,,,,,,,,,,,,,,,,,40.65625,17.298025,-0.004723523,40.65625,17.298025,-0.0024565202,,,,,,,,,,,,,,,,,,,,,,,,,,,,,40.65625,17.298025,1.0000001e-07,40.65625,17.298025,7.0,,,,,,,
40.65625,17.238066,0.0007288412,40.65625,17.238066,0.00087758445,,,,,,,,,,,,,,,,,,,,,,,,,,,,,,,,,,,,,,,,,,,,,,,,,,,,,,,,,,,,,40.65625,17.238066,0.09034007,40.65625,17.238066,0.8455123,,,,,,,,,,,,,,,,,40.65625,17.328005,0.004076954,40.65625,17.328005,-0.004681143,,,,,,,,,,,,,,,,,,,,,,,,,,,,,40.65625,17.328005,1.0000001e-07,40.65625,17.328005,7.0,,,,,,,
40.65625,17.268045,0.0007437156,40.65625,17.268045,0.0007437156,,,,,,,,,,,,,,,,,,,,,,,,,,,,,,,,,,,,,,,,,,,,,,,,,,,,,,,,,,,,,40.65625,17.268045,0.16472271,40.65625,17.268045,0.3196534,,,,,,,,,,,,,,,,,40.65625,17.357983,0.0073219645,40.65625,17.357983,-0.008448181,,,,,,,,,,,,,,,,,,,,,,,,,,,,,40.65625,17.357983,1.0000001e-07,40.65625,17.357983,7.0,,,,,,,
40.65625,17.298025,0.0007585899,40.65625,17.298025,0.00069909263,,,,,,,,,,,,,,,,,,,,,,,,,,,,,,,,,,,,,,,,,,,,,,,,,,,,,,,,,,,,,40.65625,17.298025,0.20555052,40.65625,17.298025,0.16114841,,,,,,,,,,,,,,,,,40.65625,17.387962,-0.004381201,40.65625,17.387962,0.0029066023,,,,,,,,,,,,,,,,,,,,,,,,,,,,,40.65625,17.387962,1.0000001e-07,40.65625,17.387962,7.0,,,,,,,
40.65625,17.328005,0.00080321287,40.65625,17.328005,0.00059497246,,,,,,,,,,,,,,,,,,,,,,,,,,,,,,,,,,,,,,,,,,,,,,,,,,,,,,,,,,,,,40.65625,17.328005,0.3749645,40.65625,17.328005,-0.14558059,,,,,,,,,,,,,,,,,40.65625,17.417942,-0.008421539,40.65625,17.417942,-0.0146921165,,,,,,,,,,,,,,,,,,,,,,,,,,,,,40.65625,17.417942,1.0000001e-07,40.65625,17.417942,7.0,,,,,,,
40.65625,17.357983,0.00081808714,40.65625,17.357983,0.00058009813,,,,,,,,,,,,,,,,,,,,,,,,,,,,,,,,,,,,,,,,,,,,,,,,,,,,,,,,,,,,,40.65625,17.357983,0.39101008,40.65625,17.357983,-0.21448678,,,,,,,,,,,,,,,,,40.65625,17.447922,-0.002593915,40.65625,17.447922,-0.009068169,,,,,,,,,,,,,,,,,,,,,,,,,,,,,40.65625,17.447922,1.0000001e-07,40.65625,17.447922,7.0,,,,,,,
40.65625,17.387962,0.00074371556,40.65625,17.387962,0.0006842183,,,,,,,,,,,,,,,,,,,,,,,,,,,,,,,,,,,,,,,,,,,,,,,,,,,,,,,,,,,,,40.65625,17.387962,0.15705869,40.65625,17.387962,0.15292671,,,,,,,,,,,,,,,,,40.65625,17.477901,0.014670291,40.65625,17.477901,-0.0056598247,,,,,,,,,,,,,,,,,,,,,,,,,,,,,40.65625,17.477901,1.0000001e-07,40.65625,17.477901,7.0,,,,,,,
40.65625,17.417942,0.0007585898,40.65625,17.417942,0.00059497246,,,,,,,,,,,,,,,,,,,,,,,,,,,,,,,,,,,,,,,,,,,,,,,,,,,,,,,,,,,,,40.65625,17.417942,0.20905936,40.65625,17.417942,-0.20707628,,,,,,,,,,,,,,,,,40.65625,17.50788,-0.0100916475,40.65625,17.50788,0.007300011,,,,,,,,,,,,,,,,,,,,,,,,,,,,,40.65625,17.50788,1.0000001e-07,40.65625,17.50788,7.0,,,,,,,
40.65625,17.447922,0.00072884123,40.65625,17.447922,0.00066934404,,,,,,,,,,,,,,,,,,,,,,,,,,,,,,,,,,,,,,,,,,,,,,,,,,,,,,,,,,,,,40.65625,17.447922,0.14140153,40.65625,17.447922,0.03497955,,,,,,,,,,,,,,,,,40.65625,17.537859,0.029101424,40.65625,17.537859,-0.0050206613,,,,,,,,,,,,,,,,,,,,,,,,,,,,,40.65625,17.537859,1.0000001e-07,40.65625,17.537859,7.0,,,,,,,
40.65625,17.4779,0.0010114533,40.65625,17.4779,0.0006544697,,,,,,,,,,,,,,,,,,,,,,,,,,,,,,,,,,,,,,,,,,,,,,,,,,,,,,,,,,,,,40.65625,17.4779,0.9789006,40.65625,17.4779,0.07935347,,,,,,,,,,,,,,,,,40.65625,17.567839,0.0041045416,40.65625,17.567839,0.004711023,,,,,,,,,,,,,,,,,,,,,,,,,,,,,40.65625,17.567839,1.0000001e-07,40.65625,17.567839,7.0,,,,,,,
40.65625,17.50788,0.00069909263,40.65625,17.50788,0.00083296135,,,,,,,,,,,,,,,,,,,,,,,,,,,,,,,,,,,,,,,,,,,,,,,,,,,,,,,,,,,,,40.65625,17.50788,0.0112223625,40.65625,17.50788,0.65073216,,,,,,,,,,,,,,,,,40.65625,17.597818,0.010163745,40.65625,17.597818,0.01103716,,,,,,,,,,,,,,,,,,,,,,,,,,,,,40.65625,17.597818,1.0000001e-07,40.65625,17.597818,7.0,,,,,,,
40.65625,17.537859,0.0011304476,40.65625,17.537859,0.00060984667,,,,,,,,,,,,,,,,,,,,,,,,,,,,,,,,,,,,,,,,,,,,,,,,,,,,,,,,,,,,,40.65625,17.537859,1.4766817,40.65625,17.537859,-0.13013214,,,,,,,,,,,,,,,,,40.65625,17.627796,0.018226707,40.65625,17.627796,0.0071858093,,,,,,,,,,,,,,,,,,,,,,,,,,,,,40.65625,17.627796,1.0000001e-07,40.65625,17.627796,7.0,,,,,,,
40.65625,17.567839,0.0009519559,40.65625,17.567839,0.0008180871,,,,,,,,,,,,,,,,,,,,,,,,,,,,,,,,,,,,,,,,,,,,,,,,,,,,,,,,,,,,,40.65625,17.567839,0.8893727,40.65625,17.567839,0.5758116,,,,,,,,,,,,,,,,,40.65625,17.657776,-0.0122187855,40.65625,17.657776,0.0016290336,,,,,,,,,,,,,,,,,,,,,,,,,,,,,40.65625,17.657776,1.0000001e-07,40.65625,17.657776,7.0,,,,,,,
40.65625,17.597816,0.0008924588,40.65625,17.597816,0.0008627101,,,,,,,,,,,,,,,,,,,,,,,,,,,,,,,,,,,,,,,,,,,,,,,,,,,,,,,,,,,,,40.65625,17.597816,0.66653126,40.65625,17.597816,0.79322857,,,,,,,,,,,,,,,,,40.65625,17.687756,-0.0060177073,40.65625,17.687756,0.0035033242,,,,,,,,,,,,,,,,,,,,,,,,,,,,,40.65625,17.687756,1.0000001e-07,40.65625,17.687756,7.0,,,,,,,
40.65625,17.627796,0.0009817046,40.65625,17.627796,0.00072884135,,,,,,,,,,,,,,,,,,,,,,,,,,,,,,,,,,,,,,,,,,,,,,,,,,,,,,,,,,,,,40.65625,17.627796,0.91115355,40.65625,17.627796,0.27410516,,,,,,,,,,,,,,,,,40.65625,17.717735,-0.0019427966,40.65625,17.717735,-0.01420281,,,,,,,,,,,,,,,,,,,,,,,,,,,,,40.65625,17.717735,1.0000001e-07,40.65625,17.717735,7.0,,,,,,,
40.65625,17.657776,0.00069909263,40.65625,17.657776,0.0006990927,,,,,,,,,,,,,,,,,,,,,,,,,,,,,,,,,,,,,,,,,,,,,,,,,,,,,,,,,,,,,40.65625,17.657776,-0.003458361,40.65625,17.657776,0.17707753,,,,,,,,,,,,,,,,,40.65625,17.747713,0.010867917,40.65625,17.747713,-0.005658636,,,,,,,,,,,,,,,,,,,,,,,,,,,,,40.65625,17.747713,1.0000001e-07,40.65625,17.747713,7.0,,,,,,,
40.65625,17.687756,0.00069909263,40.65625,17.687756,0.0006395953,,,,,,,,,,,,,,,,,,,,,,,,,,,,,,,,,,,,,,,,,,,,,,,,,,,,,,,,,,,,,40.65625,17.687756,-0.0070174136,40.65625,17.687756,-0.04852861,,,,,,,,,,,,,,,,,40.65625,17.777693,0.0004220669,40.65625,17.777693,-0.0021965695,,,,,,,,,,,,,,,,,,,,,,,,,,,,,40.65625,17.777693,1.0000001e-07,40.65625,17.777693,7.0,,,,,,,
40.65625,17.717733,0.000669344,40.65625,17.717733,0.00047597795,,,,,,,,,,,,,,,,,,,,,,,,,,,,,,,,,,,,,,,,,,,,,,,,,,,,,,,,,,,,,40.65625,17.717733,-0.13974333,40.65625,17.717733,-0.59539014,,,,,,,,,,,,,,,,,40.65625,17.807673,0.00380206,40.65625,17.807673,-0.0025975578,,,,,,,,,,,,,,,,,,,,,,,,,,,,,40.65625,17.807673,1.0000001e-07,40.65625,17.807673,7.0,,,,,,,
40.65625,17.747713,0.0008924587,40.65625,17.747713,0.00065446965,,,,,,,,,,,,,,,,,,,,,,,,,,,,,,,,,,,,,,,,,,,,,,,,,,,,,,,,,,,,,40.65625,17.747713,0.62349486,40.65625,17.747713,0.03195291,,,,,,,,,,,,,,,,,40.65625,17.837652,0.008376964,40.65625,17.837652,0.0020920353,,,,,,,,,,,,,,,,,,,,,,,,,,,,,40.65625,17.837652,1.0000001e-07,40.65625,17.837652,7.0,,,,,,,
40.65625,17.777693,0.00069909263,40.65625,17.777693,0.0006395954,,,,,,,,,,,,,,,,,,,,,,,,,,,,,,,,,,,,,,,,,,,,,,,,,,,,,,,,,,,,,40.65625,17.777693,-0.012833344,40.65625,17.777693,-0.030509677,,,,,,,,,,,,,,,,,40.65625,17.86763,-9.733128e-05,40.65625,17.86763,-0.0055443626,,,,,,,,,,,,,,,,,,,,,,,,,,,,,40.65625,17.86763,1.0000001e-07,40.65625,17.86763,7.0,,,,,,,
40.65625,17.807673,0.00080321275,40.65625,17.807673,0.000713967,,,,,,,,,,,,,,,,,,,,,,,,,,,,,,,,,,,,,,,,,,,,,,,,,,,,,,,,,,,,,40.65625,17.807673,0.3736542,40.65625,17.807673,0.21822485,,,,,,,,,,,,,,,,,40.65625,17.89761,0.00013362963,40.65625,17.89761,-0.0016127876,,,,,,,,,,,,,,,,,,,,,,,,,,,,,40.65625,17.89761,1.0000001e-07,40.65625,17.89761,7.0,,,,,,,
40.65625,17.83765,0.00087758433,40.65625,17.83765,0.0006395953,,,,,,,,,,,,,,,,,,,,,,,,,,,,,,,,,,,,,,,,,,,,,,,,,,,,,,,,,,,,,40.65625,17.83765,0.5689036,40.65625,17.83765,-0.00835871,,,,,,,,,,,,,,,,,40.65625,17.92759,0.0044010645,40.65625,17.92759,-0.0021166252,,,,,,,,,,,,,,,,,,,,,,,,,,,,,40.65625,17.92759,1.0000001e-07,40.65625,17.92759,7.0,,,,,,,
40.65625,17.86763,0.00086271006,40.65625,17.86763,0.0005949724,,,,,,,,,,,,,,,,,,,,,,,,,,,,,,,,,,,,,,,,,,,,,,,,,,,,,,,,,,,,,40.65625,17.86763,0.5444157,40.65625,17.86763,-0.1488666,,,,,,,,,,,,,,,,,40.65625,17.95757,0.0030500873,40.65625,17.95757,0.0011268645,,,,,,,,,,,,,,,,,,,,,,,,,,,,,40.65625,17.95757,1.0000001e-07,40.65625,17.95757,7.0,,,,,,,
40.65625,17.89761,0.00086271006,40.65625,17.89761,0.00065446965,,,,,,,,,,,,,,,,,,,,,,,,,,,,,,,,,,,,,,,,,,,,,,,,,,,,,,,,,,,,,40.65625,17.89761,0.5677673,40.65625,17.89761,0.04841315,,,,,,,,,,,,,,,,,40.65625,17.987547,-0.0022679982,40.65625,17.987547,-0.014751186,,,,,,,,,,,,,,,,,,,,,,,,,,,,,40.65625,17.987547,1.0000001e-07,40.65625,17.987547,7.0,,,,,,,
40.65625,17.92759,0.00080321287,40.65625,17.92759,0.00066934404,,,,,,,,,,,,,,,,,,,,,,,,,,,,,,,,,,,,,,,,,,,,,,,,,,,,,,,,,,,,,40.65625,17.92759,0.34744868,40.65625,17.92759,0.06571182,,,,,,,,,,,,,,,,,40.65625,18.017527,0.023143435,40.65625,18.017527,-0.0066837613,,,,,,,,,,,,,,,,,,,,,,,,,,,,,40.65625,18.017527,1.0000001e-07,40.65625,18.017527,7.0,,,,,,,
40.65625,17.95757,0.00074371556,40.65625,17.95757,0.0007288412,,,,,,,,,,,,,,,,,,,,,,,,,,,,,,,,,,,,,,,,,,,,,,,,,,,,,,,,,,,,,40.65625,17.95757,0.113397785,40.65625,17.95757,0.28850016,,,,,,,,,,,,,,,,,40.65625,18.047506,0.007960578,40.65625,18.047506,-0.00033797484,,,,,,,,,,,,,,,,,,,,,,,,,,,,,40.65625,18.047506,1.0000001e-07,40.65625,18.047506,7.0,,,,,,,
40.65625,17.987547,0.0007585899,40.65625,17.987547,0.0005354752,,,,,,,,,,,,,,,,,,,,,,,,,,,,,,,,,,,,,,,,,,,,,,,,,,,,,,,,,,,,,40.65625,17.987547,0.20635457,40.65625,17.987547,-0.42725953,,,,,,,,,,,,,,,,,40.65625,18.077486,0.0007593338,40.65625,18.077486,-0.004516486,,,,,,,,,,,,,,,,,,,,,,,,,,,,,40.65625,18.077486,1.0000001e-07,40.65625,18.077486,7.0,,,,,,,
40.65625,18.017527,0.0010412019,40.65625,18.017527,0.0006395953,,,,,,,,,,,,,,,,,,,,,,,,,,,,,,,,,,,,,,,,,,,,,,,,,,,,,,,,,,,,,40.65625,18.017527,1.2303694,40.65625,18.017527,-0.03331546,,,,,,,,,,,,,,,,,40.65625,18.107464,-0.0003121045,40.65625,18.107464,-0.0014591954,,,,,,,,,,,,,,,,,,,,,,,,,,,,,40.65625,18.107464,1.0000001e-07,40.65625,18.107464,7.0,,,,,,,
40.65625,18.047506,0.00086270995,40.65625,18.047506,0.0007437156,,,,,,,,,,,,,,,,,,,,,,,,,,,,,,,,,,,,,,,,,,,,,,,,,,,,,,,,,,,,,40.65625,18.047506,0.5301537,40.65625,18.047506,0.35678867,,,,,,,,,,,,,,,,,40.65625,18.137444,0.0045645293,40.65625,18.137444,0.009062448,,,,,,,,,,,,,,,,,,,,,,,,,,,,,40.65625,18.137444,1.0000001e-07,40.65625,18.137444,7.0,,,,,,,
40.65625,18.077486,0.0007883384,40.65625,18.077486,0.0006990927,,,,,,,,,,,,,,,,,,,,,,,,,,,,,,,,,,,,,,,,,,,,,,,,,,,,,,,,,,,,,40.65625,18.077486,0.30788392,40.65625,18.077486,0.22320601,,,,,,,,,,,,,,,,,40.65625,18.167423,-0.017707305,40.65625,18.167423,-0.0016382177,,,,,,,,,,,,,,,,,,,,,,,,,,,,,40.65625,18.167423,1.0000001e-07,40.65625,18.167423,7.0,,,,,,,
40.65625,18.107464,0.00086271,40.65625,18.107464,0.00072884123,,,,,,,,,,,,,,,,,,,,,,,,,,,,,,,,,,,,,,,,,,,,,,,,,,,,,,,,,,,,,40.65625,18.107464,0.50601286,40.65625,18.107464,0.28747195,,,,,,,,,,,,,,,,,40.65625,18.197403,0.0049850736,40.65625,18.197403,-0.00082947686,,,,,,,,,,,,,,,,,,,,,,,,,,,,,40.65625,18.197403,1.0000001e-07,40.65625,18.197403,7.0,,,,,,,
40.65625,18.137444,0.00080321287,40.65625,18.137444,0.00083296146,,,,,,,,,,,,,,,,,,,,,,,,,,,,,,,,,,,,,,,,,,,,,,,,,,,,,,,,,,,,,40.65625,18.137444,0.28519002,40.65625,18.137444,0.65855336,,,,,,,,,,,,,,,,,40.65625,18.22738,0.0036482066,40.65625,18.22738,0.011062489,,,,,,,,,,,,,,,,,,,,,,,,,,,,,40.65625,18.22738,1.0000001e-07,40.65625,18.22738,7.0,,,,,,,
40.65625,18.167423,0.0006098468,40.65625,18.167423,0.00066934404,,,,,,,,,,,,,,,,,,,,,,,,,,,,,,,,,,,,,,,,,,,,,,,,,,,,,,,,,,,,,40.65625,18.167423,-0.2780237,40.65625,18.167423,0.08553403,,,,,,,,,,,,,,,,,40.65625,18.25736,0.009212643,40.65625,18.25736,0.023372626,,,,,,,,,,,,,,,,,,,,,,,,,,,,,40.65625,18.25736,1.0000001e-07,40.65625,18.25736,7.0,,,,,,,
40.65625,18.197403,0.00086271,40.65625,18.197403,0.0006990926,,,,,,,,,,,,,,,,,,,,,,,,,,,,,,,,,,,,,,,,,,,,,,,,,,,,,,,,,,,,,40.65625,18.197403,0.48936,40.65625,18.197403,0.20858547,,,,,,,,,,,,,,,,,40.65625,18.28734,-0.0079987,40.65625,18.28734,0.012328083,,,,,,,,,,,,,,,,,,,,,,,,,,,,,40.65625,18.28734,1.0000001e-07,40.65625,18.28734,7.0,,,,,,,
40.65625,18.22738,0.0007883385,40.65625,18.22738,0.0007437155,,,,,,,,,,,,,,,,,,,,,,,,,,,,,,,,,,,,,,,,,,,,,,,,,,,,,,,,,,,,,40.65625,18.22738,0.28791603,40.65625,18.22738,0.35643777,,,,,,,,,,,,,,,,,40.65625,18.31732,0.0031710728,40.65625,18.31732,-0.00284171,,,,,,,,,,,,,,,,,,,,,,,,,,,,,40.65625,18.31732,1.0000001e-07,40.65625,18.31732,7.0,,,,,,,
40.65625,18.25736,0.0008180871,40.65625,18.25736,0.0009817046,,,,,,,,,,,,,,,,,,,,,,,,,,,,,,,,,,,,,,,,,,,,,,,,,,,,,,,,,,,,,40.65625,18.25736,0.37210837,40.65625,18.25736,1.1717756,,,,,,,,,,,,,,,,,40.65625,18.3473,-0.0030061118,40.65625,18.3473,-0.007843215,,,,,,,,,,,,,,,,,,,,,,,,,,,,,40.65625,18.3473,1.0000001e-07,40.65625,18.3473,7.0,,,,,,,
40.65625,18.28734,0.00069909263,40.65625,18.28734,0.00086271006,,,,,,,,,,,,,,,,,,,,,,,,,,,,,,,,,,,,,,,,,,,,,,,,,,,,,,,,,,,,,40.65625,18.28734,-0.04748473,40.65625,18.28734,0.76036954,,,,,,,,,,,,,,,,,40.65625,18.377277,0.012084719,40.65625,18.377277,0.0038078753,,,,,,,,,,,,,,,,,,,,,,,,,,,,,40.65625,18.377277,1.0000001e-07,40.65625,18.377277,7.0,,,,,,,
40.65625,18.31732,0.00087758445,40.65625,18.31732,0.0006395953,,,,,,,,,,,,,,,,,,,,,,,,,,,,,,,,,,,,,,,,,,,,,,,,,,,,,,,,,,,,,40.65625,18.31732,0.59292305,40.65625,18.31732,-0.031359997,,,,,,,,,,,,,,,,,40.65625,18.407257,0.0036927904,40.65625,18.407257,0.006474476,,,,,,,,,,,,,,,,,,,,,,,,,,,,,40.65625,18.407257,1.0000001e-07,40.65625,18.407257,7.0,,,,,,,
40.65625,18.347298,0.0006842183,40.65625,18.347298,0.00062472105,,,,,,,,,,,,,,,,,,,,,,,,,,,,,,,,,,,,,,,,,,,,,,,,,,,,,,,,,,,,,40.65625,18.347298,-0.13847202,40.65625,18.347298,-0.07066603,,,,,,,,,,,,,,,,,40.65625,18.437237,-0.011701001,40.65625,18.437237,0.008820672,,,,,,,,,,,,,,,,,,,,,,,,,,,,,40.65625,18.437237,1.0000001e-07,40.65625,18.437237,7.0,,,,,,,
40.65625,18.377277,0.00087758433,40.65625,18.377277,0.00072884123,,,,,,,,,,,,,,,,,,,,,,,,,,,,,,,,,,,,,,,,,,,,,,,,,,,,,,,,,,,,,40.65625,18.377277,0.6106117,40.65625,18.377277,0.28498957,,,,,,,,,,,,,,,,,40.65625,18.467216,0.021552192,40.65625,18.467216,0.021351468,,,,,,,,,,,,,,,,,,,,,,,,,,,,,40.65625,18.467216,1.0000001e-07,40.65625,18.467216,7.0,,,,,,,
40.65625,18.407257,0.0008180871,40.65625,18.407257,0.00066934404,,,,,,,,,,,,,,,,,,,,,,,,,,,,,,,,,,,,,,,,,,,,,,,,,,,,,,,,,,,,,40.65625,18.407257,0.37253934,40.65625,18.407257,0.096183404,,,,,,,,,,,,,,,,,40.65625,18.497194,0.012111851,40.65625,18.497194,0.009919457,,,,,,,,,,,,,,,,,,,,,,,,,,,,,40.65625,18.497194,1.0000001e-07,40.65625,18.497194,7.0,,,,,,,
40.65625,18.437237,0.00065446965,40.65625,18.437237,0.0007883385,,,,,,,,,,,,,,,,,,,,,,,,,,,,,,,,,,,,,,,,,,,,,,,,,,,,,,,,,,,,,40.65625,18.437237,-0.15361926,40.65625,18.437237,0.5235183,,,,,,,,,,,,,,,,,40.65625,18.527174,0.007937891,40.65625,18.527174,0.00027349958,,,,,,,,,,,,,,,,,,,,,,,,,,,,,40.65625,18.527174,1.0000001e-07,40.65625,18.527174,7.0,,,,,,,
40.65625,18.467215,0.0009817046,40.65625,18.467215,0.0009519559,,,,,,,,,,,,,,,,,,,,,,,,,,,,,,,,,,,,,,,,,,,,,,,,,,,,,,,,,,,,,40.65625,18.467215,0.9148393,40.65625,18.467215,1.0670271,,,,,,,,,,,,,,,,,40.65625,18.557154,0.007885948,40.65625,18.557154,0.004103913,,,,,,,,,,,,,,,,,,,,,,,,,,,,,40.65625,18.557154,1.0000001e-07,40.65625,18.557154,7.0,,,,,,,
40.65625,18.497194,0.0008924587,40.65625,18.497194,0.00086271,,,,,,,,,,,,,,,,,,,,,,,,,,,,,,,,,,,,,,,,,,,,,,,,,,,,,,,,,,,,,40.65625,18.497194,0.5818624,40.65625,18.497194,0.7790758,,,,,,,,,,,,,,,,,40.65625,18.587133,0.00558399,40.65625,18.587133,-0.007222846,,,,,,,,,,,,,,,,,,,,,,,,,,,,,40.65625,18.587133,1.0000001e-07,40.65625,18.587133,7.0,,,,,,,
40.65625,18.527174,0.0009668303,40.65625,18.527174,0.00075858994,,,,,,,,,,,,,,,,,,,,,,,,,,,,,,,,,,,,,,,,,,,,,,,,,,,,,,,,,,,,,40.65625,18.527174,0.8988586,40.65625,18.527174,0.38434252,,,,,,,,,,,,,,,,,40.65625,18.617111,0.024193276,40.65625,18.617111,0.02028223,,,,,,,,,,,,,,,,,,,,,,,,,,,,,40.65625,18.617111,1.0000001e-07,40.65625,18.617111,7.0,,,,,,,
40.65625,18.557154,0.00086270995,40.65625,18.557154,0.00066934404,,,,,,,,,,,,,,,,,,,,,,,,,,,,,,,,,,,,,,,,,,,,,,,,,,,,,,,,,,,,,40.65625,18.557154,0.5285561,40.65625,18.557154,0.09709552,,,,,,,,,,,,,,,,,40.65625,18.64709,-0.013937267,40.65625,18.64709,-0.004268743,,,,,,,,,,,,,,,,,,,,,,,,,,,,,40.65625,18.64709,1.0000001e-07,40.65625,18.64709,7.0,,,,,,,
40.65625,18.587132,0.0007734642,40.65625,18.587132,0.0006098468,,,,,,,,,,,,,,,,,,,,,,,,,,,,,,,,,,,,,,,,,,,,,,,,,,,,,,,,,,,,,40.65625,18.587132,0.28769955,40.65625,18.587132,-0.10458073,,,,,,,,,,,,,,,,,40.65625,18.67707,-0.008294012,40.65625,18.67707,0.0012138002,,,,,,,,,,,,,,,,,,,,,,,,,,,,,40.65625,18.67707,1.0000001e-07,40.65625,18.67707,7.0,,,,,,,
40.65625,18.617111,0.0010412019,40.65625,18.617111,0.00090733304,,,,,,,,,,,,,,,,,,,,,,,,,,,,,,,,,,,,,,,,,,,,,,,,,,,,,,,,,,,,,40.65625,18.617111,1.1724185,40.65625,18.617111,0.9364942,,,,,,,,,,,,,,,,,40.65625,18.70705,0.016768042,40.65625,18.70705,0.002541894,,,,,,,,,,,,,,,,,,,,,,,,,,,,,40.65625,18.70705,1.0000001e-07,40.65625,18.70705,7.0,,,,,,,
40.65625,18.64709,0.0006098468,40.65625,18.64709,0.0006098467,,,,,,,,,,,,,,,,,,,,,,,,,,,,,,,,,,,,,,,,,,,,,,,,,,,,,,,,,,,,,40.65625,18.64709,-0.2831143,40.65625,18.64709,-0.15307859,,,,,,,,,,,,,,,,,40.65625,18.737028,0.0031333985,40.65625,18.737028,0.009663424,,,,,,,,,,,,,,,,,,,,,,,,,,,,,40.65625,18.737028,1.0000001e-07,40.65625,18.737028,7.0,,,,,,,
40.65625,18.67707,0.00071396696,40.65625,18.67707,0.0007288413,,,,,,,,,,,,,,,,,,,,,,,,,,,,,,,,,,,,,,,,,,,,,,,,,,,,,,,,,,,,,40.65625,18.67707,0.06364654,40.65625,18.67707,0.3074683,,,,,,,,,,,,,,,,,40.65625,18.767008,-0.005952872,40.65625,18.767008,0.006922914,,,,,,,,,,,,,,,,,,,,,,,,,,,,,40.65625,18.767008,1.0000001e-07,40.65625,18.767008,7.0,,,,,,,
40.65625,18.707048,0.0009222073,40.65625,18.707048,0.0007585899,,,,,,,,,,,,,,,,,,,,,,,,,,,,,,,,,,,,,,,,,,,,,,,,,,,,,,,,,,,,,40.65625,18.707048,0.7095601,40.65625,18.707048,0.4066055,,,,,,,,,,,,,,,,,40.65625,18.796988,0.007574236,40.65625,18.796988,0.008753545,,,,,,,,,,,,,,,,,,,,,,,,,,,,,40.65625,18.796988,1.0000001e-07,40.65625,18.796988,7.0,,,,,,,
40.65625,18.737028,0.0008032128,40.65625,18.737028,0.00086270995,,,,,,,,,,,,,,,,,,,,,,,,,,,,,,,,,,,,,,,,,,,,,,,,,,,,,,,,,,,,,40.65625,18.737028,0.3522902,40.65625,18.737028,0.80184585,,,,,,,,,,,,,,,,,40.65625,18.826967,0.030156694,40.65625,18.826967,-0.00977223,,,,,,,,,,,,,,,,,,,,,,,,,,,,,40.65625,18.826967,1.0000001e-07,40.65625,18.826967,7.0,,,,,,,
40.65625,18.767008,0.00074371556,40.65625,18.767008,0.00074371556,,,,,,,,,,,,,,,,,,,,,,,,,,,,,,,,,,,,,,,,,,,,,,,,,,,,,,,,,,,,,40.65625,18.767008,0.15232338,40.65625,18.767008,0.35564587,,,,,,,,,,,,,,,,,40.65625,18.856945,0.00014740415,40.65625,18.856945,-0.007524815,,,,,,,,,,,,,,,,,,,,,,,,,,,,,40.65625,18.856945,1.0000001e-07,40.65625,18.856945,7.0,,,,,,,
40.65625,18.796988,0.0008329614,40.65625,18.796988,0.0007585899,,,,,,,,,,,,,,,,,,,,,,,,,,,,,,,,,,,,,,,,,,,,,,,,,,,,,,,,,,,,,40.65625,18.796988,0.4528222,40.65625,18.796988,0.41673172,,,,,,,,,,,,,,,,,40.65625,18.886925,0.017414045,40.65625,18.886925,0.004883558,,,,,,,,,,,,,,,,,,,,,,,,,,,,,40.65625,18.886925,1.0000001e-07,40.65625,18.886925,7.0,,,,,,,
40.65625,18.826967,0.0010412018,40.65625,18.826967,0.0006395953,,,,,,,,,,,,,,,,,,,,,,,,,,,,,,,,,,,,,,,,,,,,,,,,,,,,,,,,,,,,,40.65625,18.826967,1.1612514,40.65625,18.826967,-0.012932665,,,,,,,,,,,,,,,,,40.65625,18.916904,0.010629881,40.65625,18.916904,0.004731834,,,,,,,,,,,,,,,,,,,,,,,,,,,,,40.65625,18.916904,1.0000001e-07,40.65625,18.916904,7.0,,,,,,,
40.65625,18.856945,0.0007734642,40.65625,18.856945,0.0005949724,,,,,,,,,,,,,,,,,,,,,,,,,,,,,,,,,,,,,,,,,,,,,,,,,,,,,,,,,,,,,40.65625,18.856945,0.22618032,40.65625,18.856945,-0.16917424,,,,,,,,,,,,,,,,,40.65625,18.946884,0.0013456305,40.65625,18.946884,-0.004061049,,,,,,,,,,,,,,,,,,,,,,,,,,,,,40.65625,18.946884,1.0000001e-07,40.65625,18.946884,7.0,,,,,,,
40.65625,18.886925,0.0010263275,40.65625,18.886925,0.0006395953,,,,,,,,,,,,,,,,,,,,,,,,,,,,,,,,,,,,,,,,,,,,,,,,,,,,,,,,,,,,,40.65625,18.886925,1.1273402,40.65625,18.886925,-0.008413672,,,,,,,,,,,,,,,,,40.65625,18.976862,-0.0008045946,40.65625,18.976862,-0.0024417196,,,,,,,,,,,,,,,,,,,,,,,,,,,,,40.65625,18.976862,1.0000001e-07,40.65625,18.976862,7.0,,,,,,,
40.65625,18.916904,0.00084783573,40.65625,18.916904,0.00074371556,,,,,,,,,,,,,,,,,,,,,,,,,,,,,,,,,,,,,,,,,,,,,,,,,,,,,,,,,,,,,40.65625,18.916904,0.4987545,40.65625,18.916904,0.36911,,,,,,,,,,,,,,,,,40.65625,19.006842,0.004791303,40.65625,19.006842,-0.008529969,,,,,,,,,,,,,,,,,,,,,,,,,,,,,40.65625,19.006842,1.0000001e-07,40.65625,19.006842,7.0,,,,,,,
40.65625,18.946884,0.00081808714,40.65625,18.946884,0.0007139669,,,,,,,,,,,,,,,,,,,,,,,,,,,,,,,,,,,,,,,,,,,,,,,,,,,,,,,,,,,,,40.65625,18.946884,0.3617841,40.65625,18.946884,0.24590836,,,,,,,,,,,,,,,,,40.65625,19.036821,-0.008534452,40.65625,19.036821,0.017621187,,,,,,,,,,,,,,,,,,,,,,,,,,,,,40.65625,19.036821,1.0000001e-07,40.65625,19.036821,7.0,,,,,,,
40.65625,18.976862,0.00075858994,40.65625,18.976862,0.00065446965,,,,,,,,,,,,,,,,,,,,,,,,,,,,,,,,,,,,,,,,,,,,,,,,,,,,,,,,,,,,,40.65625,18.976862,0.18234904,40.65625,18.976862,0.04371115,,,,,,,,,,,,,,,,,40.65625,19.066801,0.010733275,40.65625,19.066801,-0.0033896714,,,,,,,,,,,,,,,,,,,,,,,,,,,,,40.65625,19.066801,1.0000001e-07,40.65625,19.066801,7.0,,,,,,,
40.65625,19.006842,0.0006990926,40.65625,19.006842,0.0006395953,,,,,,,,,,,,,,,,,,,,,,,,,,,,,,,,,,,,,,,,,,,,,,,,,,,,,,,,,,,,,40.65625,19.006842,0.005405979,40.65625,19.006842,-0.033290617,,,,,,,,,,,,,,,,,40.65625,19.096779,0.01081662,40.65625,19.096779,0.014355713,,,,,,,,,,,,,,,,,,,,,,,,,,,,,40.65625,19.096779,1.0000001e-07,40.65625,19.096779,7.0,,,,,,,
40.65625,19.036821,0.00068421825,40.65625,19.036821,0.0008924587,,,,,,,,,,,,,,,,,,,,,,,,,,,,,,,,,,,,,,,,,,,,,,,,,,,,,,,,,,,,,40.65625,19.036821,-0.052529026,40.65625,19.036821,0.8830875,,,,,,,,,,,,,,,,,40.65625,19.126759,0.010033052,40.65625,19.126759,0.016024439,,,,,,,,,,,,,,,,,,,,,,,,,,,,,40.65625,19.126759,1.0000001e-07,40.65625,19.126759,7.0,,,,,,,
40.65625,19.066801,0.0009222073,40.65625,19.066801,0.0007288412,,,,,,,,,,,,,,,,,,,,,,,,,,,,,,,,,,,,,,,,,,,,,,,,,,,,,,,,,,,,,40.65625,19.066801,0.7552008,40.65625,19.066801,0.29409763,,,,,,,,,,,,,,,,,40.65625,19.156738,-0.013061262,40.65625,19.156738,0.002122371,,,,,,,,,,,,,,,,,,,,,,,,,,,,,40.65625,19.156738,1.0000001e-07,40.65625,19.156738,7.0,,,,,,,
40.65625,19.096779,0.0009668303,40.65625,19.096779,0.00086271006,,,,,,,,,,,,,,,,,,,,,,,,,,,,,,,,,,,,,,,,,,,,,,,,,,,,,,,,,,,,,40.65625,19.096779,0.8896758,40.65625,19.096779,0.7759013,,,,,,,,,,,,,,,,,40.65625,19.186718,-0.008151431,40.65625,19.186718,0.0021328272,,,,,,,,,,,,,,,,,,,,,,,,,,,,,40.65625,19.186718,1.0000001e-07,40.65625,19.186718,7.0,,,,,,,
40.65625,19.126759,0.0008478358,40.65625,19.126759,0.0008924587,,,,,,,,,,,,,,,,,,,,,,,,,,,,,,,,,,,,,,,,,,,,,,,,,,,,,,,,,,,,,40.65625,19.126759,0.44747216,40.65625,19.126759,0.82410526,,,,,,,,,,,,,,,,,40.65625,19.216698,-0.006421583,40.65625,19.216698,-0.00794575,,,,,,,,,,,,,,,,,,,,,,,,,,,,,40.65625,19.216698,1.0000001e-07,40.65625,19.216698,7.0,,,,,,,
40.65625,19.156738,0.0006842183,40.65625,19.156738,0.00068421825,,,,,,,,,,,,,,,,,,,,,,,,,,,,,,,,,,,,,,,,,,,,,,,,,,,,,,,,,,,,,40.65625,19.156738,0.007717123,40.65625,19.156738,0.14303334,,,,,,,,,,,,,,,,,40.65625,19.246675,-0.01640189,40.65625,19.246675,0.018839674,,,,,,,,,,,,,,,,,,,,,,,,,,,,,40.65625,19.246675,1.0000001e-07,40.65625,19.246675,7.0,,,,,,,
40.65625,19.186718,0.0007585899,40.65625,19.186718,0.00072884123,,,,,,,,,,,,,,,,,,,,,,,,,,,,,,,,,,,,,,,,,,,,,,,,,,,,,,,,,,,,,40.65625,19.186718,0.20643458,40.65625,19.186718,0.3085001,,,,,,,,,,,,,,,,,40.65625,19.276655,0.00064433034,40.65625,19.276655,0.0074917865,,,,,,,,,,,,,,,,,,,,,,,,,,,,,40.65625,19.276655,1.0000001e-07,40.65625,19.276655,7.0,,,,,,,
40.65625,19.216696,0.0007139669,40.65625,19.216696,0.0006247211,,,,,,,,,,,,,,,,,,,,,,,,,,,,,,,,,,,,,,,,,,,,,,,,,,,,,,,,,,,,,40.65625,19.216696,0.04837903,40.65625,19.216696,-0.066783756,,,,,,,,,,,,,,,,,40.65625,19.306635,-0.011690403,40.65625,19.306635,-0.0032225247,,,,,,,,,,,,,,,,,,,,,,,,,,,,,40.65625,19.306635,1.0000001e-07,40.65625,19.306635,7.0,,,,,,,
40.65625,19.246675,0.0005949724,40.65625,19.246675,0.0009222073,,,,,,,,,,,,,,,,,,,,,,,,,,,,,,,,,,,,,,,,,,,,,,,,,,,,,,,,,,,,,40.65625,19.246675,-0.3560876,40.65625,19.246675,1.0061471,,,,,,,,,,,,,,,,,40.65625,19.336615,0.013939578,40.65625,19.336615,0.012781438,,,,,,,,,,,,,,,,,,,,,,,,,,,,,40.65625,19.336615,1.0000001e-07,40.65625,19.336615,7.0,,,,,,,
40.65625,19.276655,0.0007585898,40.65625,19.276655,0.00077346415,,,,,,,,,,,,,,,,,,,,,,,,,,,,,,,,,,,,,,,,,,,,,,,,,,,,,,,,,,,,,40.65625,19.276655,0.16867119,40.65625,19.276655,0.43060324,,,,,,,,,,,,,,,,,40.65625,19.366592,-0.027137438,40.65625,19.366592,0.012503083,,,,,,,,,,,,,,,,,,,,,,,,,,,,,40.65625,19.366592,1.0000001e-07,40.65625,19.366592,7.0,,,,,,,
40.65625,19.306635,0.0006544697,40.65625,19.306635,0.00072884123,,,,,,,,,,,,,,,,,,,,,,,,,,,,,,,,,,,,,,,,,,,,,,,,,,,,,,,,,,,,,40.65625,19.306635,-0.136199,40.65625,19.306635,0.2750187,,,,,,,,,,,,,,,,,40.65625,19.396572,-0.00923833,40.65625,19.396572,-0.0029823196,,,,,,,,,,,,,,,,,,,,,,,,,,,,,40.65625,19.396572,1.0000001e-07,40.65625,19.396572,7.0,,,,,,,
40.65625,19.336613,0.0009073329,40.65625,19.336613,0.0007585899,,,,,,,,,,,,,,,,,,,,,,,,,,,,,,,,,,,,,,,,,,,,,,,,,,,,,,,,,,,,,40.65625,19.336613,0.6695672,40.65625,19.336613,0.41085416,,,,,,,,,,,,,,,,,40.65625,19.426552,0.0041088634,40.65625,19.426552,0.0008006486,,,,,,,,,,,,,,,,,,,,,,,,,,,,,40.65625,19.426552,1.0000001e-07,40.65625,19.426552,7.0,,,,,,,
40.65625,19.366592,0.00046110366,40.65625,19.366592,0.00087758433,,,,,,,,,,,,,,,,,,,,,,,,,,,,,,,,,,,,,,,,,,,,,,,,,,,,,,,,,,,,,40.65625,19.366592,-0.79524326,40.65625,19.366592,0.8554976,,,,,,,,,,,,,,,,,40.65625,19.456532,0.0075129718,40.65625,19.456532,0.0069224657,,,,,,,,,,,,,,,,,,,,,,,,,,,,,40.65625,19.456532,1.0000001e-07,40.65625,19.456532,7.0,,,,,,,
40.65625,19.396572,0.00062472105,40.65625,19.396572,0.00066934404,,,,,,,,,,,,,,,,,,,,,,,,,,,,,,,,,,,,,,,,,,,,,,,,,,,,,,,,,,,,,40.65625,19.396572,-0.2773349,40.65625,19.396572,0.10734464,,,,,,,,,,,,,,,,,40.65625,19.48651,0.0056402734,40.65625,19.48651,0.002557301,,,,,,,,,,,,,,,,,,,,,,,,,,,,,40.65625,19.48651,1.0000001e-07,40.65625,19.48651,7.0,,,,,,,
40.65625,19.426552,0.00083296146,40.65625,19.426552,0.00069909263,,,,,,,,,,,,,,,,,,,,,,,,,,,,,,,,,,,,,,,,,,,,,,,,,,,,,,,,,,,,,40.65625,19.426552,0.49601746,40.65625,19.426552,0.2073405,,,,,,,,,,,,,,,,,40.65625,19.516489,0.012679938,40.65625,19.516489,0.012308729,,,,,,,,,,,,,,,,,,,,,,,,,,,,,40.65625,19.516489,1.0000001e-07,40.65625,19.516489,7.0,,,,,,,
40.65625,19.45653,0.0007883385,40.65625,19.45653,0.0007139669,,,,,,,,,,,,,,,,,,,,,,,,,,,,,,,,,,,,,,,,,,,,,,,,,,,,,,,,,,,,,40.65625,19.45653,0.24183518,40.65625,19.45653,0.24765354,,,,,,,,,,,,,,,,,40.65625,19.546469,0.007961769,40.65625,19.546469,-0.0016487524,,,,,,,,,,,,,,,,,,,,,,,,,,,,,40.65625,19.546469,1.0000001e-07,40.65625,19.546469,7.0,,,,,,,
40.65625,19.48651,0.0008180871,40.65625,19.48651,0.00069909263,,,,,,,,,,,,,,,,,,,,,,,,,,,,,,,,,,,,,,,,,,,,,,,,,,,,,,,,,,,,,40.65625,19.48651,0.39465663,40.65625,19.48651,0.17258498,,,,,,,,,,,,,,,,,40.65625,19.576448,-0.0009245648,40.65625,19.576448,-0.011457093,,,,,,,,,,,,,,,,,,,,,,,,,,,,,40.65625,19.576448,1.0000001e-07,40.65625,19.576448,7.0,,,,,,,
40.65625,19.516489,0.0009519559,40.65625,19.516489,0.00086271006,,,,,,,,,,,,,,,,,,,,,,,,,,,,,,,,,,,,,,,,,,,,,,,,,,,,,,,,,,,,,40.65625,19.516489,0.8144865,40.65625,19.516489,0.77369183,,,,,,,,,,,,,,,,,40.65625,19.606426,-0.004554487,40.65625,19.606426,-0.0077458,,,,,,,,,,,,,,,,,,,,,,,,,,,,,40.65625,19.606426,1.0000001e-07,40.65625,19.606426,7.0,,,,,,,
40.65625,19.546469,0.0007585899,40.65625,19.546469,0.0006544697,,,,,,,,,,,,,,,,,,,,,,,,,,,,,,,,,,,,,,,,,,,,,,,,,,,,,,,,,,,,,40.65625,19.546469,0.1588118,40.65625,19.546469,0.017192459,,,,,,,,,,,,,,,,,40.65625,19.636406,-0.009940114,40.65625,19.636406,-0.0013947625,,,,,,,,,,,,,,,,,,,,,,,,,,,,,40.65625,19.636406,1.0000001e-07,40.65625,19.636406,7.0,,,,,,,
40.65625,19.576447,0.0007585899,40.65625,19.576447,0.0005652238,,,,,,,,,,,,,,,,,,,,,,,,,,,,,,,,,,,,,,,,,,,,,,,,,,,,,,,,,,,,,40.65625,19.576447,0.2129961,40.65625,19.576447,-0.28450602,,,,,,,,,,,,,,,,,40.65625,19.666386,-0.005637383,40.65625,19.666386,-0.022730088,,,,,,,,,,,,,,,,,,,,,,,,,,,,,40.65625,19.666386,1.0000001e-07,40.65625,19.666386,7.0,,,,,,,
40.65625,19.606426,0.0007585899,40.65625,19.606426,0.0006098467,,,,,,,,,,,,,,,,,,,,,,,,,,,,,,,,,,,,,,,,,,,,,,,,,,,,,,,,,,,,,40.65625,19.606426,0.20004624,40.65625,19.606426,-0.11467796,,,,,,,,,,,,,,,,,40.65625,19.696365,-0.0040570763,40.65625,19.696365,-0.00975314,,,,,,,,,,,,,,,,,,,,,,,,,,,,,40.65625,19.696365,1.0000001e-07,40.65625,19.696365,7.0,,,,,,,
40.65625,19.636406,0.00069909263,40.65625,19.636406,0.0006098467,,,,,,,,,,,,,,,,,,,,,,,,,,,,,,,,,,,,,,,,,,,,,,,,,,,,,,,,,,,,,40.65625,19.636406,0.020214431,40.65625,19.636406,-0.11144759,,,,,,,,,,,,,,,,,40.65625,19.726343,0.028485695,40.65625,19.726343,0.008839024,,,,,,,,,,,,,,,,,,,,,,,,,,,,,40.65625,19.726343,1.0000001e-07,40.65625,19.726343,7.0,,,,,,,
40.65625,19.666386,0.0006990926,40.65625,19.666386,0.00050572655,,,,,,,,,,,,,,,,,,,,,,,,,,,,,,,,,,,,,,,,,,,,,,,,,,,,,,,,,,,,,40.65625,19.666386,0.010542449,40.65625,19.666386,-0.50407887,,,,,,,,,,,,,,,,,40.65625,19.756323,0.011985875,40.65625,19.756323,-0.017149933,,,,,,,,,,,,,,,,,,,,,,,,,,,,,40.65625,19.756323,1.0000001e-07,40.65625,19.756323,7.0,,,,,,,
40.65625,19.696365,0.0007437155,40.65625,19.696365,0.00056522386,,,,,,,,,,,,,,,,,,,,,,,,,,,,,,,,,,,,,,,,,,,,,,,,,,,,,,,,,,,,,40.65625,19.696365,0.15237698,40.65625,19.696365,-0.2781912,,,,,,,,,,,,,,,,,40.65625,19.786303,0.012865786,40.65625,19.786303,0.018046277,,,,,,,,,,,,,,,,,,,,,,,,,,,,,40.65625,19.786303,1.0000001e-07,40.65625,19.786303,7.0,,,,,,,
40.65625,19.726343,0.0010412018,40.65625,19.726343,0.0007883385,,,,,,,,,,,,,,,,,,,,,,,,,,,,,,,,,,,,,,,,,,,,,,,,,,,,,,,,,,,,,40.65625,19.726343,1.1310806,40.65625,19.726343,0.47814798,,,,,,,,,,,,,,,,,40.65625,19.816282,-0.0030682255,40.65625,19.816282,0.007036912,,,,,,,,,,,,,,,,,,,,,,,,,,,,,40.65625,19.816282,1.0000001e-07,40.65625,19.816282,7.0,,,,,,,
40.65625,19.756323,0.00086271006,40.65625,19.756323,0.0005354752,,,,,,,,,,,,,,,,,,,,,,,,,,,,,,,,,,,,,,,,,,,,,,,,,,,,,,,,,,,,,40.65625,19.756323,0.58956665,40.65625,19.756323,-0.3866405,,,,,,,,,,,,,,,,,40.65625,19.84626,-0.007109917,40.65625,19.84626,-0.01732454,,,,,,,,,,,,,,,,,,,,,,,,,,,,,40.65625,19.84626,1.0000001e-07,40.65625,19.84626,7.0,,,,,,,
40.65625,19.786303,0.0009668302,40.65625,19.786303,0.00084783573,,,,,,,,,,,,,,,,,,,,,,,,,,,,,,,,,,,,,,,,,,,,,,,,,,,,,,,,,,,,,40.65625,19.786303,0.86366886,40.65625,19.786303,0.74438316,,,,,,,,,,,,,,,,,40.65625,19.87624,-0.009102724,40.65625,19.87624,0.004382028,,,,,,,,,,,,,,,,,,,,,,,,,,,,,40.65625,19.87624,1.0000001e-07,40.65625,19.87624,7.0,,,,,,,
40.65625,19.816282,0.0007585899,40.65625,19.816282,0.000818087,,,,,,,,,,,,,,,,,,,,,,,,,,,,,,,,,,,,,,,,,,,,,,,,,,,,,,,,,,,,,40.65625,19.816282,0.19771406,40.65625,19.816282,0.6200467,,,,,,,,,,,,,,,,,40.65625,19.90622,-0.0073669073,40.65625,19.90622,0.0026526093,,,,,,,,,,,,,,,,,,,,,,,,,,,,,40.65625,19.90622,1.0000001e-07,40.65625,19.90622,7.0,,,,,,,
40.65625,19.84626,0.0006395954,40.65625,19.84626,0.00053547526,,,,,,,,,,,,,,,,,,,,,,,,,,,,,,,,,,,,,,,,,,,,,,,,,,,,,,,,,,,,,40.65625,19.84626,-0.21922809,40.65625,19.84626,-0.39510474,,,,,,,,,,,,,,,,,40.65625,19.9362,-0.013779046,40.65625,19.9362,-0.020260714,,,,,,,,,,,,,,,,,,,,,,,,,,,,,40.65625,19.9362,1.0000001e-07,40.65625,19.9362,7.0,,,,,,,
40.65625,19.87624,0.0006693441,40.65625,19.87624,0.000713967,,,,,,,,,,,,,,,,,,,,,,,,,,,,,,,,,,,,,,,,,,,,,,,,,,,,,,,,,,,,,40.65625,19.87624,-0.09024474,40.65625,19.87624,0.2517377,,,,,,,,,,,,,,,,,40.65625,19.966177,-0.0053769145,40.65625,19.966177,-0.005308039,,,,,,,,,,,,,,,,,,,,,,,,,,,,,40.65625,19.966177,1.0000001e-07,40.65625,19.966177,7.0,,,,,,,
40.65625,19.90622,0.00072884123,40.65625,19.90622,0.00065446977,,,,,,,,,,,,,,,,,,,,,,,,,,,,,,,,,,,,,,,,,,,,,,,,,,,,,,,,,,,,,40.65625,19.90622,0.074743144,40.65625,19.90622,0.028163096,,,,,,,,,,,,,,,,,40.65625,19.996157,-0.001609356,40.65625,19.996157,-0.0004055492,,,,,,,,,,,,,,,,,,,,,,,,,,,,,40.65625,19.996157,1.0000001e-07,40.65625,19.996157,7.0,,,,,,,
40.65625,19.9362,0.0006098468,40.65625,19.9362,0.00050572655,,,,,,,,,,,,,,,,,,,,,,,,,,,,,,,,,,,,,,,,,,,,,,,,,,,,,,,,,,,,,40.65625,19.9362,-0.24853349,40.65625,19.9362,-0.5145913,,,,,,,,,,,,,,,,,,,,,,,,,,,,,,,,,,,,,,,,,,,,,,,,,,,,,,,,,,,,,,,
40.65625,19.966177,0.00071396696,40.65625,19.966177,0.0005949724,,,,,,,,,,,,,,,,,,,,,,,,,,,,,,,,,,,,,,,,,,,,,,,,,,,,,,,,,,,,,40.65625,19.966177,0.04590468,40.65625,19.966177,-0.16350794,,,,,,,,,,,,,,,,,,,,,,,,,,,,,,,,,,,,,,,,,,,,,,,,,,,,,,,,,,,,,,,
40.65625,19.996157,0.00071396696,40.65625,19.996157,0.00069909263,,,,,,,,,,,,,,,,,,,,,,,,,,,,,,,,,,,,,,,,,,,,,,,,,,,,,,,,,,,,,40.65625,19.996157,0.080473214,40.65625,19.996157,0.19092679,,,,,,,,,,,,,,,,,,,,,,,,,,,,,,,,,,,,,,,,,,,,,,,,,,,,,,,,,,,,,,,
40.65625,20.026136,0.00062472105,40.65625,20.026136,0.0006990927,,,,,,,,,,,,,,,,,,,,,,,,,,,,,,,,,,,,,,,,,,,,,,,,,,,,,,,,,,,,,40.65625,20.026136,-0.24197608,40.65625,20.026136,0.184304,,,,,,,,,,,,,,,,,,,,,,,,,,,,,,,,,,,,,,,,,,,,,,,,,,,,,,,,,,,,,,,
40.65625,20.056116,0.0006395954,40.65625,20.056116,0.0007883386,,,,,,,,,,,,,,,,,,,,,,,,,,,,,,,,,,,,,,,,,,,,,,,,,,,,,,,,,,,,,40.65625,20.056116,-0.18862331,40.65625,20.056116,0.5072596,,,,,,,,,,,,,,,,,,,,,,,,,,,,,,,,,,,,,,,,,,,,,,,,,,,,,,,,,,,,,,,
40.65625,20.086094,0.00093708164,40.65625,20.086094,0.00055034953,,,,,,,,,,,,,,,,,,,,,,,,,,,,,,,,,,,,,,,,,,,,,,,,,,,,,,,,,,,,,40.65625,20.086094,0.8891201,40.65625,20.086094,-0.34320277,,,,,,,,,,,,,,,,,,,,,,,,,,,,,,,,,,,,,,,,,,,,,,,,,,,,,,,,,,,,,,,
40.65625,20.116074,0.0007585899,40.65625,20.116074,0.0007437156,,,,,,,,,,,,,,,,,,,,,,,,,,,,,,,,,,,,,,,,,,,,,,,,,,,,,,,,,,,,,40.65625,20.116074,0.19928376,40.65625,20.116074,0.37544718,,,,,,,,,,,,,,,,,,,,,,,,,,,,,,,,,,,,,,,,,,,,,,,,,,,,,,,,,,,,,,,
40.65625,20.146053,0.0007288412,40.65625,20.146053,0.00074371556,,,,,,,,,,,,,,,,,,,,,,,,,,,,,,,,,,,,,,,,,,,,,,,,,,,,,,,,,,,,,40.65625,20.146053,0.03879588,40.65625,20.146053,0.36513123,,,,,,,,,,,,,,,,,,,,,,,,,,,,,,,,,,,,,,,,,,,,,,,,,,,,,,,,,,,,,,,
40.65625,20.176033,0.0007734641,40.65625,20.176033,0.0007585898,,,,,,,,,,,,,,,,,,,,,,,,,,,,,,,,,,,,,,,,,,,,,,,,,,,,,,,,,,,,,40.65625,20.176033,0.20511858,40.65625,20.176033,0.42364398,,,,,,,,,,,,,,,,,,,,,,,,,,,,,,,,,,,,,,,,,,,,,,,,,,,,,,,,,,,,,,,
40.65625,20.20601,0.0005949724,40.65625,20.20601,0.00077346415,,,,,,,,,,,,,,,,,,,,,,,,,,,,,,,,,,,,,,,,,,,,,,,,,,,,,,,,,,,,,40.65625,20.20601,-0.31664455,40.65625,20.20601,0.44505495,,,,,,,,,,,,,,,,,,,,,,,,,,,,,,,,,,,,,,,,,,,,,,,,,,,,,,,,,,,,,,,
40.65625,20.23599,0.00069909263,40.65625,20.23599,0.00065446965,,,,,,,,,,,,,,,,,,,,,,,,,,,,,,,,,,,,,,,,,,,,,,,,,,,,,,,,,,,,,40.65625,20.23599,-0.038543582,40.65625,20.23599,0.028035372,,,,,,,,,,,,,,,,,,,,,,,,,,,,,,,,,,,,,,,,,,,,,,,,,,,,,,,,,,,,,,,
40.65625,20.26597,0.0006544697,40.65625,20.26597,0.0006098467,,,,,,,,,,,,,,,,,,,,,,,,,,,,,,,,,,,,,,,,,,,,,,,,,,,,,,,,,,,,,40.65625,20.26597,-0.13830678,40.65625,20.26597,-0.11936079,,,,,,,,,,,,,,,,,,,,,,,,,,,,,,,,,,,,,,,,,,,,,,,,,,,,,,,,,,,,,,,
40.65625,20.29595,0.00087758445,40.65625,20.29595,0.0006395953,,,,,,,,,,,,,,,,,,,,,,,,,,,,,,,,,,,,,,,,,,,,,,,,,,,,,,,,,,,,,40.65625,20.29595,0.6347338,40.65625,20.29595,-0.013690893,,,,,,,,,,,,,,,,,,,,,,,,,,,,,,,,,,,,,,,,,,,,,,,,,,,,,,,,,,,,,,,
40.65625,20.325928,0.0008924587,40.65625,20.325928,0.00071396696,,,,,,,,,,,,,,,,,,,,,,,,,,,,,,,,,,,,,,,,,,,,,,,,,,,,,,,,,,,,,40.65625,20.325928,0.68065894,40.65625,20.325928,0.2521292,,,,,,,,,,,,,,,,,,,,,,,,,,,,,,,,,,,,,,,,,,,,,,,,,,,,,,,,,,,,,,,
40.65625,20.355907,0.0008180871,40.65625,20.355907,0.00080321287,,,,,,,,,,,,,,,,,,,,,,,,,,,,,,,,,,,,,,,,,,,,,,,,,,,,,,,,,,,,,40.65625,20.355907,0.38685584,40.65625,20.355907,0.5815626,,,,,,,,,,,,,,,,,,,,,,,,,,,,,,,,,,,,,,,,,,,,,,,,,,,,,,,,,,,,,,,
40.65625,20.385887,0.00066934404,40.65625,20.385887,0.00066934404,,,,,,,,,,,,,,,,,,,,,,,,,,,,,,,,,,,,,,,,,,,,,,,,,,,,,,,,,,,,,40.65625,20.385887,-0.11860095,40.65625,20.385887,0.0497507,,,,,,,,,,,,,,,,,,,,,,,,,,,,,,,,,,,,,,,,,,,,,,,,,,,,,,,,,,,,,,,
40.65625,20.415867,0.00080321287,40.65625,20.415867,0.00062472105,,,,,,,,,,,,,,,,,,,,,,,,,,,,,,,,,,,,,,,,,,,,,,,,,,,,,,,,,,,,,40.65625,20.415867,0.37012258,40.65625,20.415867,-0.067433916,,,,,,,,,,,,,,,,,,,,,,,,,,,,,,,,,,,,,,,,,,,,,,,,,,,,,,,,,,,,,,,
40.65625,20.445845,0.0007139669,40.65625,20.445845,0.00074371556,,,,,,,,,,,,,,,,,,,,,,,,,,,,,,,,,,,,,,,,,,,,,,,,,,,,,,,,,,,,,40.65625,20.445845,0.049314726,40.65625,20.445845,0.35649505,,,,,,,,,,,,,,,,,,,,,,,,,,,,,,,,,,,,,,,,,,,,,,,,,,,,,,,,,,,,,,,
40.65625,20.475824,0.00087758445,40.65625,20.475824,0.00062472105,,,,,,,,,,,,,,,,,,,,,,,,,,,,,,,,,,,,,,,,,,,,,,,,,,,,,,,,,,,,,40.65625,20.475824,0.5993793,40.65625,20.475824,-0.061896138,,,,,,,,,,,,,,,,,,,,,,,,,,,,,,,,,,,,,,,,,,,,,,,,,,,,,,,,,,,,,,,
40.65625,20.505804,0.00093708164,40.65625,20.505804,0.00071396696,,,,,,,,,,,,,,,,,,,,,,,,,,,,,,,,,,,,,,,,,,,,,,,,,,,,,,,,,,,,,40.65625,20.505804,0.813152,40.65625,20.505804,0.24777995,,,,,,,,,,,,,,,,,,,,,,,,,,,,,,,,,,,,,,,,,,,,,,,,,,,,,,,,,,,,,,,
40.65625,20.535784,0.00080321287,40.65625,20.535784,0.00065446965,,,,,,,,,,,,,,,,,,,,,,,,,,,,,,,,,,,,,,,,,,,,,,,,,,,,,,,,,,,,,40.65625,20.535784,0.33961055,40.65625,20.535784,0.032039266,,,,,,,,,,,,,,,,,,,,,,,,,,,,,,,,,,,,,,,,,,,,,,,,,,,,,,,,,,,,,,,
40.65625,20.565763,0.00072884123,40.65625,20.565763,0.00075858994,,,,,,,,,,,,,,,,,,,,,,,,,,,,,,,,,,,,,,,,,,,,,,,,,,,,,,,,,,,,,40.65625,20.565763,0.11709227,40.65625,20.565763,0.42053586,,,,,,,,,,,,,,,,,,,,,,,,,,,,,,,,,,,,,,,,,,,,,,,,,,,,,,,,,,,,,,,
40.65625,20.595741,0.0005800982,40.65625,20.595741,0.0005800982,,,,,,,,,,,,,,,,,,,,,,,,,,,,,,,,,,,,,,,,,,,,,,,,,,,,,,,,,,,,,40.65625,20.595741,-0.36380377,40.65625,20.595741,-0.25087374,,,,,,,,,,,,,,,,,,,,,,,,,,,,,,,,,,,,,,,,,,,,,,,,,,,,,,,,,,,,,,,
40.65625,20.625721,0.00086271006,40.65625,20.625721,0.00081808714,,,,,,,,,,,,,,,,,,,,,,,,,,,,,,,,,,,,,,,,,,,,,,,,,,,,,,,,,,,,,40.65625,20.625721,0.5991,40.65625,20.625721,0.61052996,,,,,,,,,,,,,,,,,,,,,,,,,,,,,,,,,,,,,,,,,,,,,,,,,,,,,,,,,,,,,,,
40.65625,20.6557,0.00078833854,40.65625,20.6557,0.0005503495,,,,,,,,,,,,,,,,,,,,,,,,,,,,,,,,,,,,,,,,,,,,,,,,,,,,,,,,,,,,,40.65625,20.6557,0.23513614,40.65625,20.6557,-0.33777857,,,,,,,,,,,,,,,,,,,,,,,,,,,,,,,,,,,,,,,,,,,,,,,,,,,,,,,,,,,,,,,
40.65625,20.68568,0.00071396696,40.65625,20.68568,0.0006247212,,,,,,,,,,,,,,,,,,,,,,,,,,,,,,,,,,,,,,,,,,,,,,,,,,,,,,,,,,,,,40.65625,20.68568,0.07359629,40.65625,20.68568,-0.04360548,,,,,,,,,,,,,,,,,,,,,,,,,,,,,,,,,,,,,,,,,,,,,,,,,,,,,,,,,,,,,,,
40.65625,20.715658,0.0007883385,40.65625,20.715658,0.0007585899,,,,,,,,,,,,,,,,,,,,,,,,,,,,,,,,,,,,,,,,,,,,,,,,,,,,,,,,,,,,,40.65625,20.715658,0.36091927,40.65625,20.715658,0.37537953,,,,,,,,,,,,,,,,,,,,,,,,,,,,,,,,,,,,,,,,,,,,,,,,,,,,,,,,,,,,,,,
40.65625,20.745638,0.00074371556,40.65625,20.745638,0.00084783573,,,,,,,,,,,,,,,,,,,,,,,,,,,,,,,,,,,,,,,,,,,,,,,,,,,,,,,,,,,,,40.65625,20.745638,0.13321424,40.65625,20.745638,0.7069367,,,,,,,,,,,,,,,,,,,,,,,,,,,,,,,,,,,,,,,,,,,,,,,,,,,,,,,,,,,,,,,
40.65625,20.775618,0.000713967,40.65625,20.775618,0.0006842183,,,,,,,,,,,,,,,,,,,,,,,,,,,,,,,,,,,,,,,,,,,,,,,,,,,,,,,,,,,,,40.65625,20.775618,0.10222517,40.65625,20.775618,0.14039782,,,,,,,,,,,,,,,,,,,,,,,,,,,,,,,,,,,,,,,,,,,,,,,,,,,,,,,,,,,,,,,
40.65625,20.805597,0.0005949724,40.65625,20.805597,0.0006098468,,,,,,,,,,,,,,,,,,,,,,,,,,,,,,,,,,,,,,,,,,,,,,,,,,,,,,,,,,,,,40.65625,20.805597,-0.36691803,40.65625,20.805597,-0.12783413,,,,,,,,,,,,,,,,,,,,,,,,,,,,,,,,,,,,,,,,,,,,,,,,,,,,,,,,,,,,,,,
40.65625,20.835575,0.0006098468,40.65625,20.835575,0.00075858994,,,,,,,,,,,,,,,,,,,,,,,,,,,,,,,,,,,,,,,,,,,,,,,,,,,,,,,,,,,,,40.65625,20.835575,-0.28931624,40.65625,20.835575,0.41679832,,,,,,,,,,,,,,,,,,,,,,,,,,,,,,,,,,,,,,,,,,,,,,,,,,,,,,,,,,,,,,,
40.65625,20.865555,0.0005949724,40.65625,20.865555,0.0007585898,,,,,,,,,,,,,,,,,,,,,,,,,,,,,,,,,,,,,,,,,,,,,,,,,,,,,,,,,,,,,40.65625,20.865555,-0.34305298,40.65625,20.865555,0.42009723,,,,,,,,,,,,,,,,,,,,,,,,,,,,,,,,,,,,,,,,,,,,,,,,,,,,,,,,,,,,,,,
40.65625,20.895535,0.00083296146,40.65625,20.895535,0.00058009813,,,,,,,,,,,,,,,,,,,,,,,,,,,,,,,,,,,,,,,,,,,,,,,,,,,,,,,,,,,,,40.65625,20.895535,0.4696547,40.65625,20.895535,-0.23651928,,,,,,,,,,,,,,,,,,,,,,,,,,,,,,,,,,,,,,,,,,,,,,,,,,,,,,,,,,,,,,,
40.65625,20.925514,0.0007437156,40.65625,20.925514,0.00077346415,,,,,,,,,,,,,,,,,,,,,,,,,,,,,,,,,,,,,,,,,,,,,,,,,,,,,,,,,,,,,40.65625,20.925514,0.21090797,40.65625,20.925514,0.5008482,,,,,,,,,,,,,,,,,,,,,,,,,,,,,,,,,,,,,,,,,,,,,,,,,,,,,,,,,,,,,,,
40.65625,20.955492,0.0007734642,40.65625,20.955492,0.0006395954,,,,,,,,,,,,,,,,,,,,,,,,,,,,,,,,,,,,,,,,,,,,,,,,,,,,,,,,,,,,,40.65625,20.955492,0.28635153,40.65625,20.955492,-0.0245743,,,,,,,,,,,,,,,,,,,,,,,,,,,,,,,,,,,,,,,,,,,,,,,,,,,,,,,,,,,,,,,
40.65625,20.985472,0.0007585899,40.65625,20.985472,0.0008180872,,,,,,,,,,,,,,,,,,,,,,,,,,,,,,,,,,,,,,,,,,,,,,,,,,,,,,,,,,,,,40.65625,20.985472,0.18460551,40.65625,20.985472,0.66178364,,,,,,,,,,,,,,,,,,,,,,,,,,,,,,,,,,,,,,,,,,,,,,,,,,,,,,,,,,,,,,,
40.65625,21.015451,0.0007139669,40.65625,21.015451,0.00074371556,,,,,,,,,,,,,,,,,,,,,,,,,,,,,,,,,,,,,,,,,,,,,,,,,,,,,,,,,,,,,40.65625,21.015451,0.07057199,40.65625,21.015451,0.34759778,,,,,,,,,,,,,,,,,,,,,,,,,,,,,,,,,,,,,,,,,,,,,,,,,,,,,,,,,,,,,,,
40.65625,21.045431,0.0006990926,40.65625,21.045431,0.00075858994,,,,,,,,,,,,,,,,,,,,,,,,,,,,,,,,,,,,,,,,,,,,,,,,,,,,,,,,,,,,,40.65625,21.045431,0.025582515,40.65625,21.045431,0.36041343,,,,,,,,,,,,,,,,,,,,,,,,,,,,,,,,,,,,,,,,,,,,,,,,,,,,,,,,,,,,,,,
40.65625,21.075409,0.0006842183,40.65625,21.075409,0.00050572655,,,,,,,,,,,,,,,,,,,,,,,,,,,,,,,,,,,,,,,,,,,,,,,,,,,,,,,,,,,,,40.65625,21.075409,-0.06971921,40.65625,21.075409,-0.51341826,,,,,,,,,,,,,,,,,,,,,,,,,,,,,,,,,,,,,,,,,,,,,,,,,,,,,,,,,,,,,,,
40.65625,21.105389,0.0005652238,40.65625,21.105389,0.00066934404,,,,,,,,,,,,,,,,,,,,,,,,,,,,,,,,,,,,,,,,,,,,,,,,,,,,,,,,,,,,,40.65625,21.105389,-0.4641706,40.65625,21.105389,0.12559907,,,,,,,,,,,,,,,,,,,,,,,,,,,,,,,,,,,,,,,,,,,,,,,,,,,,,,,,,,,,,,,
40.65625,21.135368,0.00086271006,40.65625,21.135368,0.00071396696,,,,,,,,,,,,,,,,,,,,,,,,,,,,,,,,,,,,,,,,,,,,,,,,,,,,,,,,,,,,,40.65625,21.135368,0.5396846,40.65625,21.135368,0.23542945,,,,,,,,,,,,,,,,,,,,,,,,,,,,,,,,,,,,,,,,,,,,,,,,,,,,,,,,,,,,,,,
40.65625,21.165348,0.0005503495,40.65625,21.165348,0.00084783573,,,,,,,,,,,,,,,,,,,,,,,,,,,,,,,,,,,,,,,,,,,,,,,,,,,,,,,,,,,,,40.65625,21.165348,-0.47916067,40.65625,21.165348,0.72614014,,,,,,,,,,,,,,,,,,,,,,,,,,,,,,,,,,,,,,,,,,,,,,,,,,,,,,,,,,,,,,,
40.65625,21.195326,0.0007734641,40.65625,21.195326,0.00074371556,,,,,,,,,,,,,,,,,,,,,,,,,,,,,,,,,,,,,,,,,,,,,,,,,,,,,,,,,,,,,40.65625,21.195326,0.2628378,40.65625,21.195326,0.35637295,,,,,,,,,,,,,,,,,,,,,,,,,,,,,,,,,,,,,,,,,,,,,,,,,,,,,,,,,,,,,,,
40.65625,21.225306,0.0008180872,40.65625,21.225306,0.00066934404,,,,,,,,,,,,,,,,,,,,,,,,,,,,,,,,,,,,,,,,,,,,,,,,,,,,,,,,,,,,,40.65625,21.225306,0.44565213,40.65625,21.225306,0.07639067,,,,,,,,,,,,,,,,,,,,,,,,,,,,,,,,,,,,,,,,,,,,,,,,,,,,,,,,,,,,,,,
40.65625,21.255285,0.00068421825,40.65625,21.255285,0.00087758433,,,,,,,,,,,,,,,,,,,,,,,,,,,,,,,,,,,,,,,,,,,,,,,,,,,,,,,,,,,,,40.65625,21.255285,-0.055990107,40.65625,21.255285,0.8231403,,,,,,,,,,,,,,,,,,,,,,,,,,,,,,,,,,,,,,,,,,,,,,,,,,,,,,,,,,,,,,,
40.65625,21.285265,0.00084783573,40.65625,21.285265,0.00081808714,,,,,,,,,,,,,,,,,,,,,,,,,,,,,,,,,,,,,,,,,,,,,,,,,,,,,,,,,,,,,40.65625,21.285265,0.44898927,40.65625,21.285265,0.63495857,,,,,,,,,,,,,,,,,,,,,,,,,,,,,,,,,,,,,,,,,,,,,,,,,,,,,,,,,,,,,,,
40.65625,21.315243,0.00072884123,40.65625,21.315243,0.0007437155,,,,,,,,,,,,,,,,,,,,,,,,,,,,,,,,,,,,,,,,,,,,,,,,,,,,,,,,,,,,,40.65625,21.315243,0.10799387,40.65625,21.315243,0.34642947,,,,,,,,,,,,,,,,,,,,,,,,,,,,,,,,,,,,,,,,,,,,,,,,,,,,,,,,,,,,,,,
40.65625,21.345222,0.00090733304,40.65625,21.345222,0.0005354752,,,,,,,,,,,,,,,,,,,,,,,,,,,,,,,,,,,,,,,,,,,,,,,,,,,,,,,,,,,,,40.65625,21.345222,0.74557495,40.65625,21.345222,-0.41135913,,,,,,,,,,,,,,,,,,,,,,,,,,,,,,,,,,,,,,,,,,,,,,,,,,,,,,,,,,,,,,,
40.65625,21.375202,0.00074371556,40.65625,21.375202,0.0005949724,,,,,,,,,,,,,,,,,,,,,,,,,,,,,,,,,,,,,,,,,,,,,,,,,,,,,,,,,,,,,40.65625,21.375202,0.1245811,40.65625,21.375202,-0.17321947,,,,,,,,,,,,,,,,,,,,,,,,,,,,,,,,,,,,,,,,,,,,,,,,,,,,,,,,,,,,,,,
40.65625,21.405182,0.00072884123,40.65625,21.405182,0.00065446965,,,,,,,,,,,,,,,,,,,,,,,,,,,,,,,,,,,,,,,,,,,,,,,,,,,,,,,,,,,,,40.65625,21.405182,0.10671355,40.65625,21.405182,0.051445384,,,,,,,,,,,,,,,,,,,,,,,,,,,,,,,,,,,,,,,,,,,,,,,,,,,,,,,,,,,,,,,
40.65625,21.435162,0.0005949724,40.65625,21.435162,0.0009222073,,,,,,,,,,,,,,,,,,,,,,,,,,,,,,,,,,,,,,,,,,,,,,,,,,,,,,,,,,,,,40.65625,21.435162,-0.39479485,40.65625,21.435162,0.99798894,,,,,,,,,,,,,,,,,,,,,,,,,,,,,,,,,,,,,,,,,,,,,,,,,,,,,,,,,,,,,,,
40.65625,21.46514,0.00065446965,40.65625,21.46514,0.0005206009,,,,,,,,,,,,,,,,,,,,,,,,,,,,,,,,,,,,,,,,,,,,,,,,,,,,,,,,,,,,,40.65625,21.46514,-0.14572641,40.65625,21.46514,-0.46207535,,,,,,,,,,,,,,,,,,,,,,,,,,,,,,,,,,,,,,,,,,,,,,,,,,,,,,,,,,,,,,,
40.65625,21.49512,0.0005652238,40.65625,21.49512,0.0007585899,,,,,,,,,,,,,,,,,,,,,,,,,,,,,,,,,,,,,,,,,,,,,,,,,,,,,,,,,,,,,40.65625,21.49512,-0.47682863,40.65625,21.49512,0.40232837,,,,,,,,,,,,,,,,,,,,,,,,,,,,,,,,,,,,,,,,,,,,,,,,,,,,,,,,,,,,,,,
40.65625,21.525099,0.0006395954,40.65625,21.525099,0.00062472105,,,,,,,,,,,,,,,,,,,,,,,,,,,,,,,,,,,,,,,,,,,,,,,,,,,,,,,,,,,,,40.65625,21.525099,-0.16607583,40.65625,21.525099,-0.060942266,,,,,,,,,,,,,,,,,,,,,,,,,,,,,,,,,,,,,,,,,,,,,,,,,,,,,,,,,,,,,,,
40.65625,21.555079,0.0006842183,40.65625,21.555079,0.0007734641,,,,,,,,,,,,,,,,,,,,,,,,,,,,,,,,,,,,,,,,,,,,,,,,,,,,,,,,,,,,,40.65625,21.555079,-0.033631667,40.65625,21.555079,0.48021507,,,,,,,,,,,,,,,,,,,,,,,,,,,,,,,,,,,,,,,,,,,,,,,,,,,,,,,,,,,,,,,
40.65625,21.585056,0.00066934404,40.65625,21.585056,0.0005503495,,,,,,,,,,,,,,,,,,,,,,,,,,,,,,,,,,,,,,,,,,,,,,,,,,,,,,,,,,,,,40.65625,21.585056,-0.06985507,40.65625,21.585056,-0.33769286,,,,,,,,,,,,,,,,,,,,,,,,,,,,,,,,,,,,,,,,,,,,,,,,,,,,,,,,,,,,,,,
40.65625,21.615036,0.0006098467,40.65625,21.615036,0.00072884123,,,,,,,,,,,,,,,,,,,,,,,,,,,,,,,,,,,,,,,,,,,,,,,,,,,,,,,,,,,,,40.65625,21.615036,-0.30937925,40.65625,21.615036,0.30888185,,,,,,,,,,,,,,,,,,,,,,,,,,,,,,,,,,,,,,,,,,,,,,,,,,,,,,,,,,,,,,,
40.65625,21.645016,0.0009222073,40.65625,21.645016,0.0006247212,,,,,,,,,,,,,,,,,,,,,,,,,,,,,,,,,,,,,,,,,,,,,,,,,,,,,,,,,,,,,40.65625,21.645016,0.8148124,40.65625,21.645016,-0.063625805,,,,,,,,,,,,,,,,,,,,,,,,,,,,,,,,,,,,,,,,,,,,,,,,,,,,,,,,,,,,,,,
40.65625,21.674995,0.0005949724,40.65625,21.674995,0.0005354752,,,,,,,,,,,,,,,,,,,,,,,,,,,,,,,,,,,,,,,,,,,,,,,,,,,,,,,,,,,,,40.65625,21.674995,-0.3438019,40.65625,21.674995,-0.3989855,,,,,,,,,,,,,,,,,,,,,,,,,,,,,,,,,,,,,,,,,,,,,,,,,,,,,,,,,,,,,,,
40.65625,21.704973,0.0006395954,40.65625,21.704973,0.0006395953,,,,,,,,,,,,,,,,,,,,,,,,,,,,,,,,,,,,,,,,,,,,,,,,,,,,,,,,,,,,,40.65625,21.704973,-0.20076032,40.65625,21.704973,-0.04282209,,,,,,,,,,,,,,,,,,,,,,,,,,,,,,,,,,,,,,,,,,,,,,,,,,,,,,,,,,,,,,,
40.65625,21.734953,0.00086271,40.65625,21.734953,0.00056522386,,,,,,,,,,,,,,,,,,,,,,,,,,,,,,,,,,,,,,,,,,,,,,,,,,,,,,,,,,,,,40.65625,21.734953,0.59050584,40.65625,21.734953,-0.31027496,,,,,,,,,,,,,,,,,,,,,,,,,,,,,,,,,,,,,,,,,,,,,,,,,,,,,,,,,,,,,,,
40.65625,21.764933,0.00087758433,40.65625,21.764933,0.0006842183,,,,,,,,,,,,,,,,,,,,,,,,,,,,,,,,,,,,,,,,,,,,,,,,,,,,,,,,,,,,,40.65625,21.764933,0.572508,40.65625,21.764933,0.13259687,,,,,,,,,,,,,,,,,,,,,,,,,,,,,,,,,,,,,,,,,,,,,,,,,,,,,,,,,,,,,,,
40.65625,21.794912,0.0007585899,40.65625,21.794912,0.0007437155,,,,,,,,,,,,,,,,,,,,,,,,,,,,,,,,,,,,,,,,,,,,,,,,,,,,,,,,,,,,,40.65625,21.794912,0.1602644,40.65625,21.794912,0.39248475,,,,,,,,,,,,,,,,,,,,,,,,,,,,,,,,,,,,,,,,,,,,,,,,,,,,,,,,,,,,,,,
40.65625,21.82489,0.00080321287,40.65625,21.82489,0.0005949724,,,,,,,,,,,,,,,,,,,,,,,,,,,,,,,,,,,,,,,,,,,,,,,,,,,,,,,,,,,,,40.65625,21.82489,0.36304057,40.65625,21.82489,-0.19396748,,,,,,,,,,,,,,,,,,,,,,,,,,,,,,,,,,,,,,,,,,,,,,,,,,,,,,,,,,,,,,,
40.65625,21.85487,0.0008924588,40.65625,21.85487,0.00068421825,,,,,,,,,,,,,,,,,,,,,,,,,,,,,,,,,,,,,,,,,,,,,,,,,,,,,,,,,,,,,40.65625,21.85487,0.6663957,40.65625,21.85487,0.1255811,,,,,,,,,,,,,,,,,,,,,,,,,,,,,,,,,,,,,,,,,,,,,,,,,,,,,,,,,,,,,,,
40.65625,21.88485,0.0007734642,40.65625,21.88485,0.00068421836,,,,,,,,,,,,,,,,,,,,,,,,,,,,,,,,,,,,,,,,,,,,,,,,,,,,,,,,,,,,,40.65625,21.88485,0.27301085,40.65625,21.88485,0.12013067,,,,,,,,,,,,,,,,,,,,,,,,,,,,,,,,,,,,,,,,,,,,,,,,,,,,,,,,,,,,,,,
40.65625,21.91483,0.00074371556,40.65625,21.91483,0.0005503495,,,,,,,,,,,,,,,,,,,,,,,,,,,,,,,,,,,,,,,,,,,,,,,,,,,,,,,,,,,,,40.65625,21.91483,0.13546619,40.65625,21.91483,-0.31955785,,,,,,,,,,,,,,,,,,,,,,,,,,,,,,,,,,,,,,,,,,,,,,,,,,,,,,,,,,,,,,,
40.65625,21.944807,0.0006842183,40.65625,21.944807,0.0004908523,,,,,,,,,,,,,,,,,,,,,,,,,,,,,,,,,,,,,,,,,,,,,,,,,,,,,,,,,,,,,40.65625,21.944807,-0.043948878,40.65625,21.944807,-0.52995193,,,,,,,,,,,,,,,,,,,,,,,,,,,,,,,,,,,,,,,,,,,,,,,,,,,,,,,,,,,,,,,
40.65625,21.974787,0.0005800981,40.65625,21.974787,0.0006842183,,,,,,,,,,,,,,,,,,,,,,,,,,,,,,,,,,,,,,,,,,,,,,,,,,,,,,,,,,,,,40.65625,21.974787,-0.40455627,40.65625,21.974787,0.1302293,,,,,,,,,,,,,,,,,,,,,,,,,,,,,,,,,,,,,,,,,,,,,,,,,,,,,,,,,,,,,,,
40.65625,22.004766,0.00090733304,40.65625,22.004766,0.0007883385,,,,,,,,,,,,,,,,,,,,,,,,,,,,,,,,,,,,,,,,,,,,,,,,,,,,,,,,,,,,,40.65625,22.004766,0.72334915,40.65625,22.004766,0.4813348,,,,,,,,,,,,,,,,,,,,,,,,,,,,,,,,,,,,,,,,,,,,,,,,,,,,,,,,,,,,,,,
40.65625,22.034746,0.0006395954,40.65625,22.034746,0.0006098468,,,,,,,,,,,,,,,,,,,,,,,,,,,,,,,,,,,,,,,,,,,,,,,,,,,,,,,,,,,,,40.65625,22.034746,-0.20580885,40.65625,22.034746,-0.15153046,,,,,,,,,,,,,,,,,,,,,,,,,,,,,,,,,,,,,,,,,,,,,,,,,,,,,,,,,,,,,,,
40.65625,22.064724,0.0006990927,40.65625,22.064724,0.0006395954,,,,,,,,,,,,,,,,,,,,,,,,,,,,,,,,,,,,,,,,,,,,,,,,,,,,,,,,,,,,,40.65625,22.064724,0.02270925,40.65625,22.064724,-0.0131922625,,,,,,,,,,,,,,,,,,,,,,,,,,,,,,,,,,,,,,,,,,,,,,,,,,,,,,,,,,,,,,,
40.65625,22.094704,0.0008180871,40.65625,22.094704,0.0008032128,,,,,,,,,,,,,,,,,,,,,,,,,,,,,,,,,,,,,,,,,,,,,,,,,,,,,,,,,,,,,40.65625,22.094704,0.49213377,40.65625,22.094704,0.56586146,,,,,,,,,,,,,,,,,,,,,,,,,,,,,,,,,,,,,,,,,,,,,,,,,,,,,,,,,,,,,,,
40.65625,22.124683,0.00078833854,40.65625,22.124683,0.00066934404,,,,,,,,,,,,,,,,,,,,,,,,,,,,,,,,,,,,,,,,,,,,,,,,,,,,,,,,,,,,,40.65625,22.124683,0.33192363,40.65625,22.124683,0.09210234,,,,,,,,,,,,,,,,,,,,,,,,,,,,,,,,,,,,,,,,,,,,,,,,,,,,,,,,,,,,,,,
40.65625,22.154663,0.0007139669,40.65625,22.154663,0.00068421825,,,,,,,,,,,,,,,,,,,,,,,,,,,,,,,,,,,,,,,,,,,,,,,,,,,,,,,,,,,,,40.65625,22.154663,0.05399935,40.65625,22.154663,0.15884916,,,,,,,,,,,,,,,,,,,,,,,,,,,,,,,,,,,,,,,,,,,,,,,,,,,,,,,,,,,,,,,
40.65625,22.184643,0.000713967,40.65625,22.184643,0.0007437155,,,,,,,,,,,,,,,,,,,,,,,,,,,,,,,,,,,,,,,,,,,,,,,,,,,,,,,,,,,,,40.65625,22.184643,0.06703723,40.65625,22.184643,0.35487044,,,,,,,,,,,,,,,,,,,,,,,,,,,,,,,,,,,,,,,,,,,,,,,,,,,,,,,,,,,,,,,
40.65625,22.21462,0.00055034953,40.65625,22.21462,0.000669344,,,,,,,,,,,,,,,,,,,,,,,,,,,,,,,,,,,,,,,,,,,,,,,,,,,,,,,,,,,,,40.65625,22.21462,-0.4498894,40.65625,22.21462,0.0870747,,,,,,,,,,,,,,,,,,,,,,,,,,,,,,,,,,,,,,,,,,,,,,,,,,,,,,,,,,,,,,,
40.65625,22.2446,0.0006990926,40.65625,22.2446,0.0006395954,,,,,,,,,,,,,,,,,,,,,,,,,,,,,,,,,,,,,,,,,,,,,,,,,,,,,,,,,,,,,40.65625,22.2446,-0.012792349,40.65625,22.2446,-0.022724085,,,,,,,,,,,,,,,,,,,,,,,,,,,,,,,,,,,,,,,,,,,,,,,,,,,,,,,,,,,,,,,
40.65625,22.27458,0.0006990927,40.65625,22.27458,0.00062472105,,,,,,,,,,,,,,,,,,,,,,,,,,,,,,,,,,,,,,,,,,,,,,,,,,,,,,,,,,,,,40.65625,22.27458,0.02585072,40.65625,22.27458,-0.08728506,,,,,,,,,,,,,,,,,,,,,,,,,,,,,,,,,,,,,,,,,,,,,,,,,,,,,,,,,,,,,,,
40.65625,22.30456,0.00086271006,40.65625,22.30456,0.0006842183,,,,,,,,,,,,,,,,,,,,,,,,,,,,,,,,,,,,,,,,,,,,,,,,,,,,,,,,,,,,,40.65625,22.30456,0.6854143,40.65625,22.30456,0.111549444,,,,,,,,,,,,,,,,,,,,,,,,,,,,,,,,,,,,,,,,,,,,,,,,,,,,,,,,,,,,,,,
40.65625,22.334538,0.0007437156,40.65625,22.334538,0.00062472105,,,,,,,,,,,,,,,,,,,,,,,,,,,,,,,,,,,,,,,,,,,,,,,,,,,,,,,,,,,,,40.65625,22.334538,0.16292793,40.65625,22.334538,-0.06183099,,,,,,,,,,,,,,,,,,,,,,,,,,,,,,,,,,,,,,,,,,,,,,,,,,,,,,,,,,,,,,,
40.65625,22.364517,0.00075858994,40.65625,22.364517,0.00071396696,,,,,,,,,,,,,,,,,,,,,,,,,,,,,,,,,,,,,,,,,,,,,,,,,,,,,,,,,,,,,40.65625,22.364517,0.2092945,40.65625,22.364517,0.25691044,,,,,,,,,,,,,,,,,,,,,,,,,,,,,,,,,,,,,,,,,,,,,,,,,,,,,,,,,,,,,,,
40.65625,22.394497,0.000669344,40.65625,22.394497,0.0005503495,,,,,,,,,,,,,,,,,,,,,,,,,,,,,,,,,,,,,,,,,,,,,,,,,,,,,,,,,,,,,40.65625,22.394497,-0.085739106,40.65625,22.394497,-0.33745745,,,,,,,,,,,,,,,,,,,,,,,,,,,,,,,,,,,,,,,,,,,,,,,,,,,,,,,,,,,,,,,
40.65625,22.424477,0.0005652238,40.65625,22.424477,0.00072884123,,,,,,,,,,,,,,,,,,,,,,,,,,,,,,,,,,,,,,,,,,,,,,,,,,,,,,,,,,,,,40.65625,22.424477,-0.43026105,40.65625,22.424477,0.32927692,,,,,,,,,,,,,,,,,,,,,,,,,,,,,,,,,,,,,,,,,,,,,,,,,,,,,,,,,,,,,,,
40.65625,22.454454,0.0006098468,40.65625,22.454454,0.0008329614,,,,,,,,,,,,,,,,,,,,,,,,,,,,,,,,,,,,,,,,,,,,,,,,,,,,,,,,,,,,,40.65625,22.454454,-0.34653568,40.65625,22.454454,0.68973947,,,,,,,,,,,,,,,,,,,,,,,,,,,,,,,,,,,,,,,,,,,,,,,,,,,,,,,,,,,,,,,
40.65625,22.484434,0.0008478358,40.65625,22.484434,0.0006842183,,,,,,,,,,,,,,,,,,,,,,,,,,,,,,,,,,,,,,,,,,,,,,,,,,,,,,,,,,,,,40.65625,22.484434,0.5864088,40.65625,22.484434,0.17028067,,,,,,,,,,,,,,,,,,,,,,,,,,,,,,,,,,,,,,,,,,,,,,,,,,,,,,,,,,,,,,,
40.65625,22.514414,0.0008478358,40.65625,22.514414,0.00068421825,,,,,,,,,,,,,,,,,,,,,,,,,,,,,,,,,,,,,,,,,,,,,,,,,,,,,,,,,,,,,40.65625,22.514414,0.5406449,40.65625,22.514414,0.13798547,,,,,,,,,,,,,,,,,,,,,,,,,,,,,,,,,,,,,,,,,,,,,,,,,,,,,,,,,,,,,,,
40.65625,22.544394,0.00080321287,40.65625,22.544394,0.0006842183,,,,,,,,,,,,,,,,,,,,,,,,,,,,,,,,,,,,,,,,,,,,,,,,,,,,,,,,,,,,,40.65625,22.544394,0.31936175,40.65625,22.544394,0.10487185,,,,,,,,,,,,,,,,,,,,,,,,,,,,,,,,,,,,,,,,,,,,,,,,,,,,,,,,,,,,,,,
40.65625,22.574371,0.0006990926,40.65625,22.574371,0.0005800982,,,,,,,,,,,,,,,,,,,,,,,,,,,,,,,,,,,,,,,,,,,,,,,,,,,,,,,,,,,,,40.65625,22.574371,-0.017387794,40.65625,22.574371,-0.23495261,,,,,,,,,,,,,,,,,,,,,,,,,,,,,,,,,,,,,,,,,,,,,,,,,,,,,,,,,,,,,,,
40.65625,22.604351,0.00071396696,40.65625,22.604351,0.00071396696,,,,,,,,,,,,,,,,,,,,,,,,,,,,,,,,,,,,,,,,,,,,,,,,,,,,,,,,,,,,,40.65625,22.604351,-0.03234723,40.65625,22.604351,0.24313253,,,,,,,,,,,,,,,,,,,,,,,,,,,,,,,,,,,,,,,,,,,,,,,,,,,,,,,,,,,,,,,
40.65625,22.63433,0.00062472105,40.65625,22.63433,0.00065446965,,,,,,,,,,,,,,,,,,,,,,,,,,,,,,,,,,,,,,,,,,,,,,,,,,,,,,,,,,,,,40.65625,22.63433,-0.2720529,40.65625,22.63433,0.026163977,,,,,,,,,,,,,,,,,,,,,,,,,,,,,,,,,,,,,,,,,,,,,,,,,,,,,,,,,,,,,,,
40.65625,22.66431,0.0006395954,40.65625,22.66431,0.0004462293,,,,,,,,,,,,,,,,,,,,,,,,,,,,,,,,,,,,,,,,,,,,,,,,,,,,,,,,,,,,,40.65625,22.66431,-0.11156882,40.65625,22.66431,-0.72483075,,,,,,,,,,,,,,,,,,,,,,,,,,,,,,,,,,,,,,,,,,,,,,,,,,,,,,,,,,,,,,,
40.65625,22.694288,0.0007288412,40.65625,22.694288,0.0006395953,,,,,,,,,,,,,,,,,,,,,,,,,,,,,,,,,,,,,,,,,,,,,,,,,,,,,,,,,,,,,40.65625,22.694288,0.05894608,40.65625,22.694288,-0.014051747,,,,,,,,,,,,,,,,,,,,,,,,,,,,,,,,,,,,,,,,,,,,,,,,,,,,,,,,,,,,,,,
40.65625,22.724268,0.0006247211,40.65625,22.724268,0.00058009813,,,,,,,,,,,,,,,,,,,,,,,,,,,,,,,,,,,,,,,,,,,,,,,,,,,,,,,,,,,,,40.65625,22.724268,-0.25339496,40.65625,22.724268,-0.2358537,,,,,,,,,,,,,,,,,,,,,,,,,,,,,,,,,,,,,,,,,,,,,,,,,,,,,,,,,,,,,,,
40.65625,22.754248,0.0006098467,40.65625,22.754248,0.00065446965,,,,,,,,,,,,,,,,,,,,,,,,,,,,,,,,,,,,,,,,,,,,,,,,,,,,,,,,,,,,,40.65625,22.754248,-0.26176885,40.65625,22.754248,0.0327598,,,,,,,,,,,,,,,,,,,,,,,,,,,,,,,,,,,,,,,,,,,,,,,,,,,,,,,,,,,,,,,
40.65625,22.784227,0.0007883385,40.65625,22.784227,0.00069909263,,,,,,,,,,,,,,,,,,,,,,,,,,,,,,,,,,,,,,,,,,,,,,,,,,,,,,,,,,,,,40.65625,22.784227,0.36415923,40.65625,22.784227,0.17894375,,,,,,,,,,,,,,,,,,,,,,,,,,,,,,,,,,,,,,,,,,,,,,,,,,,,,,,,,,,,,,,
40.65625,22.814205,0.00068421825,40.65625,22.814205,0.00087758433,,,,,,,,,,,,,,,,,,,,,,,,,,,,,,,,,,,,,,,,,,,,,,,,,,,,,,,,,,,,,40.65625,22.814205,-0.031077676,40.65625,22.814205,0.8345646,,,,,,,,,,,,,,,,,,,,,,,,,,,,,,,,,,,,,,,,,,,,,,,,,,,,,,,,,,,,,,,
40.65625,22.844185,0.00077346415,40.65625,22.844185,0.0005652238,,,,,,,,,,,,,,,,,,,,,,,,,,,,,,,,,,,,,,,,,,,,,,,,,,,,,,,,,,,,,40.65625,22.844185,0.24577019,40.65625,22.844185,-0.2946091,,,,,,,,,,,,,,,,,,,,,,,,,,,,,,,,,,,,,,,,,,,,,,,,,,,,,,,,,,,,,,,
40.65625,22.874165,0.0005652238,40.65625,22.874165,0.00065446965,,,,,,,,,,,,,,,,,,,,,,,,,,,,,,,,,,,,,,,,,,,,,,,,,,,,,,,,,,,,,40.65625,22.874165,-0.4897132,40.65625,22.874165,0.057818845,,,,,,,,,,,,,,,,,,,,,,,,,,,,,,,,,,,,,,,,,,,,,,,,,,,,,,,,,,,,,,,
40.65625,22.904144,0.00069909263,40.65625,22.904144,0.0006842183,,,,,,,,,,,,,,,,,,,,,,,,,,,,,,,,,,,,,,,,,,,,,,,,,,,,,,,,,,,,,40.65625,22.904144,0.031830747,40.65625,22.904144,0.14603087,,,,,,,,,,,,,,,,,,,,,,,,,,,,,,,,,,,,,,,,,,,,,,,,,,,,,,,,,,,,,,,
40.65625,22.934122,0.00062472105,40.65625,22.934122,0.0005503495,,,,,,,,,,,,,,,,,,,,,,,,,,,,,,,,,,,,,,,,,,,,,,,,,,,,,,,,,,,,,40.65625,22.934122,-0.18200843,40.65625,22.934122,-0.34412363,,,,,,,,,,,,,,,,,,,,,,,,,,,,,,,,,,,,,,,,,,,,,,,,,,,,,,,,,,,,,,,
40.65625,22.964102,0.00072884123,40.65625,22.964102,0.00069909263,,,,,,,,,,,,,,,,,,,,,,,,,,,,,,,,,,,,,,,,,,,,,,,,,,,,,,,,,,,,,40.65625,22.964102,0.11340184,40.65625,22.964102,0.1364242,,,,,,,,,,,,,,,,,,,,,,,,,,,,,,,,,,,,,,,,,,,,,,,,,,,,,,,,,,,,,,,
40.65625,22.994081,0.0007883385,40.65625,22.994081,0.0006098467,,,,,,,,,,,,,,,,,,,,,,,,,,,,,,,,,,,,,,,,,,,,,,,,,,,,,,,,,,,,,40.65625,22.994081,0.31918907,40.65625,22.994081,-0.107005216,,,,,,,,,,,,,,,,,,,,,,,,,,,,,,,,,,,,,,,,,,,,,,,,,,,,,,,,,,,,,,,
40.65625,23.024061,0.0007585899,40.65625,23.024061,0.0005503495,,,,,,,,,,,,,,,,,,,,,,,,,,,,,,,,,,,,,,,,,,,,,,,,,,,,,,,,,,,,,40.65625,23.024061,0.22931282,40.65625,23.024061,-0.32511488,,,,,,,,,,,,,,,,,,,,,,,,,,,,,,,,,,,,,,,,,,,,,,,,,,,,,,,,,,,,,,,
40.65625,23.05404,0.0007734642,40.65625,23.05404,0.0008478358,,,,,,,,,,,,,,,,,,,,,,,,,,,,,,,,,,,,,,,,,,,,,,,,,,,,,,,,,,,,,40.65625,23.05404,0.2684438,40.65625,23.05404,0.7329723,,,,,,,,,,,,,,,,,,,,,,,,,,,,,,,,,,,,,,,,,,,,,,,,,,,,,,,,,,,,,,,
40.65625,23.084019,0.00072884123,40.65625,23.084019,0.00069909263,,,,,,,,,,,,,,,,,,,,,,,,,,,,,,,,,,,,,,,,,,,,,,,,,,,,,,,,,,,,,40.65625,23.084019,0.05481662,40.65625,23.084019,0.16764945,,,,,,,,,,,,,,,,,,,,,,,,,,,,,,,,,,,,,,,,,,,,,,,,,,,,,,,,,,,,,,,
40.65625,23.113998,0.0006395954,40.65625,23.113998,0.00066934404,,,,,,,,,,,,,,,,,,,,,,,,,,,,,,,,,,,,,,,,,,,,,,,,,,,,,,,,,,,,,40.65625,23.113998,-0.1465733,40.65625,23.113998,0.0645368,,,,,,,,,,,,,,,,,,,,,,,,,,,,,,,,,,,,,,,,,,,,,,,,,,,,,,,,,,,,,,,
40.65625,23.143978,0.0007883385,40.65625,23.143978,0.0006990927,,,,,,,,,,,,,,,,,,,,,,,,,,,,,,,,,,,,,,,,,,,,,,,,,,,,,,,,,,,,,40.65625,23.143978,0.32802874,40.65625,23.143978,0.16091534,,,,,,,,,,,,,,,,,,,,,,,,,,,,,,,,,,,,,,,,,,,,,,,,,,,,,,,,,,,,,,,
40.65625,23.173958,0.00072884123,40.65625,23.173958,0.0006842183,,,,,,,,,,,,,,,,,,,,,,,,,,,,,,,,,,,,,,,,,,,,,,,,,,,,,,,,,,,,,40.65625,23.173958,0.08559696,40.65625,23.173958,0.14621985,,,,,,,,,,,,,,,,,,,,,,,,,,,,,,,,,,,,,,,,,,,,,,,,,,,,,,,,,,,,,,,
40.65625,23.203936,0.0008180871,40.65625,23.203936,0.0005354752,,,,,,,,,,,,,,,,,,,,,,,,,,,,,,,,,,,,,,,,,,,,,,,,,,,,,,,,,,,,,40.65625,23.203936,0.43304908,40.65625,23.203936,-0.4066105,,,,,,,,,,,,,,,,,,,,,,,,,,,,,,,,,,,,,,,,,,,,,,,,,,,,,,,,,,,,,,,
40.65625,23.233915,0.00077346415,40.65625,23.233915,0.0006098468,,,,,,,,,,,,,,,,,,,,,,,,,,,,,,,,,,,,,,,,,,,,,,,,,,,,,,,,,,,,,40.65625,23.233915,0.23665698,40.65625,23.233915,-0.11500716,,,,,,,,,,,,,,,,,,,,,,,,,,,,,,,,,,,,,,,,,,,,,,,,,,,,,,,,,,,,,,,
40.65625,23.263895,0.00072884123,40.65625,23.263895,0.0005503495,,,,,,,,,,,,,,,,,,,,,,,,,,,,,,,,,,,,,,,,,,,,,,,,,,,,,,,,,,,,,40.65625,23.263895,0.076265976,40.65625,23.263895,-0.35032305,,,,,,,,,,,,,,,,,,,,,,,,,,,,,,,,,,,,,,,,,,,,,,,,,,,,,,,,,,,,,,,
40.65625,23.293875,0.000713967,40.65625,23.293875,0.00068421836,,,,,,,,,,,,,,,,,,,,,,,,,,,,,,,,,,,,,,,,,,,,,,,,,,,,,,,,,,,,,40.65625,23.293875,0.04121156,40.65625,23.293875,0.11726936,,,,,,,,,,,,,,,,,,,,,,,,,,,,,,,,,,,,,,,,,,,,,,,,,,,,,,,,,,,,,,,
40.65625,23.323853,0.0007585899,40.65625,23.323853,0.0004908523,,,,,,,,,,,,,,,,,,,,,,,,,,,,,,,,,,,,,,,,,,,,,,,,,,,,,,,,,,,,,40.65625,23.323853,0.17785528,40.65625,23.323853,-0.5540861,,,,,,,,,,,,,,,,,,,,,,,,,,,,,,,,,,,,,,,,,,,,,,,,,,,,,,,,,,,,,,,
40.65625,23.353832,0.00066934404,40.65625,23.353832,0.0005652238,,,,,,,,,,,,,,,,,,,,,,,,,,,,,,,,,,,,,,,,,,,,,,,,,,,,,,,,,,,,,40.65625,23.353832,-0.08444491,40.65625,23.353832,-0.27361766,,,,,,,,,,,,,,,,,,,,,,,,,,,,,,,,,,,,,,,,,,,,,,,,,,,,,,,,,,,,,,,
40.65625,23.383812,0.00080321287,40.65625,23.383812,0.00074371556,,,,,,,,,,,,,,,,,,,,,,,,,,,,,,,,,,,,,,,,,,,,,,,,,,,,,,,,,,,,,40.65625,23.383812,0.3536895,40.65625,23.383812,0.3634988,,,,,,,,,,,,,,,,,,,,,,,,,,,,,,,,,,,,,,,,,,,,,,,,,,,,,,,,,,,,,,,
40.65625,23.413792,0.00086271006,40.65625,23.413792,0.0007437156,,,,,,,,,,,,,,,,,,,,,,,,,,,,,,,,,,,,,,,,,,,,,,,,,,,,,,,,,,,,,40.65625,23.413792,0.5650403,40.65625,23.413792,0.34076303,,,,,,,,,,,,,,,,,,,,,,,,,,,,,,,,,,,,,,,,,,,,,,,,,,,,,,,,,,,,,,,
40.65625,23.44377,0.0008627102,40.65625,23.44377,0.0007585899,,,,,,,,,,,,,,,,,,,,,,,,,,,,,,,,,,,,,,,,,,,,,,,,,,,,,,,,,,,,,40.65625,23.44377,0.6130329,40.65625,23.44377,0.42962855,,,,,,,,,,,,,,,,,,,,,,,,,,,,,,,,,,,,,,,,,,,,,,,,,,,,,,,,,,,,,,,
40.65625,23.47375,0.0011006991,40.65625,23.47375,0.0005503495,,,,,,,,,,,,,,,,,,,,,,,,,,,,,,,,,,,,,,,,,,,,,,,,,,,,,,,,,,,,,40.65625,23.47375,1.3783274,40.65625,23.47375,-0.34600255,,,,,,,,,,,,,,,,,,,,,,,,,,,,,,,,,,,,,,,,,,,,,,,,,,,,,,,,,,,,,,,
40.65625,23.503729,0.0006544697,40.65625,23.503729,0.0006098467,,,,,,,,,,,,,,,,,,,,,,,,,,,,,,,,,,,,,,,,,,,,,,,,,,,,,,,,,,,,,40.65625,23.503729,-0.12198096,40.65625,23.503729,-0.10537513,,,,,,,,,,,,,,,,,,,,,,,,,,,,,,,,,,,,,,,,,,,,,,,,,,,,,,,,,,,,,,,
40.65625,23.533709,0.0005949724,40.65625,23.533709,0.0006395954,,,,,,,,,,,,,,,,,,,,,,,,,,,,,,,,,,,,,,,,,,,,,,,,,,,,,,,,,,,,,40.65625,23.533709,-0.31867766,40.65625,23.533709,-0.038860243,,,,,,,,,,,,,,,,,,,,,,,,,,,,,,,,,,,,,,,,,,,,,,,,,,,,,,,,,,,,,,,
40.65625,23.563686,0.0007883384,40.65625,23.563686,0.0006395954,,,,,,,,,,,,,,,,,,,,,,,,,,,,,,,,,,,,,,,,,,,,,,,,,,,,,,,,,,,,,40.65625,23.563686,0.26863846,40.65625,23.563686,-0.025260534,,,,,,,,,,,,,,,,,,,,,,,,,,,,,,,,,,,,,,,,,,,,,,,,,,,,,,,,,,,,,,,
40.65625,23.593666,0.00065446977,40.65625,23.593666,0.0007437155,,,,,,,,,,,,,,,,,,,,,,,,,,,,,,,,,,,,,,,,,,,,,,,,,,,,,,,,,,,,,40.65625,23.593666,-0.16271058,40.65625,23.593666,0.3469889,,,,,,,,,,,,,,,,,,,,,,,,,,,,,,,,,,,,,,,,,,,,,,,,,,,,,,,,,,,,,,,
40.65625,23.623646,0.00066934404,40.65625,23.623646,0.0006395954,,,,,,,,,,,,,,,,,,,,,,,,,,,,,,,,,,,,,,,,,,,,,,,,,,,,,,,,,,,,,40.65625,23.623646,-0.13098246,40.65625,23.623646,-0.019296613,,,,,,,,,,,,,,,,,,,,,,,,,,,,,,,,,,,,,,,,,,,,,,,,,,,,,,,,,,,,,,,
40.65625,23.653625,0.0006842183,40.65625,23.653625,0.00080321287,,,,,,,,,,,,,,,,,,,,,,,,,,,,,,,,,,,,,,,,,,,,,,,,,,,,,,,,,,,,,40.65625,23.653625,-0.095137745,40.65625,23.653625,0.53718483,,,,,,,,,,,,,,,,,,,,,,,,,,,,,,,,,,,,,,,,,,,,,,,,,,,,,,,,,,,,,,,
40.65625,23.683603,0.00072884123,40.65625,23.683603,0.0005652238,,,,,,,,,,,,,,,,,,,,,,,,,,,,,,,,,,,,,,,,,,,,,,,,,,,,,,,,,,,,,40.65625,23.683603,0.13055325,40.65625,23.683603,-0.2704738,,,,,,,,,,,,,,,,,,,,,,,,,,,,,,,,,,,,,,,,,,,,,,,,,,,,,,,,,,,,,,,
40.65625,23.713583,0.0005206009,40.65625,23.713583,0.00062472105,,,,,,,,,,,,,,,,,,,,,,,,,,,,,,,,,,,,,,,,,,,,,,,,,,,,,,,,,,,,,40.65625,23.713583,-0.6179223,40.65625,23.713583,-0.046641093,,,,,,,,,,,,,,,,,,,,,,,,,,,,,,,,,,,,,,,,,,,,,,,,,,,,,,,,,,,,,,,
40.65625,23.743563,0.00074371556,40.65625,23.743563,0.0008478358,,,,,,,,,,,,,,,,,,,,,,,,,,,,,,,,,,,,,,,,,,,,,,,,,,,,,,,,,,,,,40.65625,23.743563,0.13448013,40.65625,23.743563,0.7062399,,,,,,,,,,,,,,,,,,,,,,,,,,,,,,,,,,,,,,,,,,,,,,,,,,,,,,,,,,,,,,,
40.65625,23.773542,0.0008180871,40.65625,23.773542,0.0007139669,,,,,,,,,,,,,,,,,,,,,,,,,,,,,,,,,,,,,,,,,,,,,,,,,,,,,,,,,,,,,40.65625,23.773542,0.41070628,40.65625,23.773542,0.22566526,,,,,,,,,,,,,,,,,,,,,,,,,,,,,,,,,,,,,,,,,,,,,,,,,,,,,,,,,,,,,,,
40.65625,23.80352,0.00072884123,40.65625,23.80352,0.0005354752,,,,,,,,,,,,,,,,,,,,,,,,,,,,,,,,,,,,,,,,,,,,,,,,,,,,,,,,,,,,,40.65625,23.80352,0.09741333,40.65625,23.80352,-0.3996418,,,,,,,,,,,,,,,,,,,,,,,,,,,,,,,,,,,,,,,,,,,,,,,,,,,,,,,,,,,,,,,
40.65625,23.8335,0.00065446965,40.65625,23.8335,0.00062472105,,,,,,,,,,,,,,,,,,,,,,,,,,,,,,,,,,,,,,,,,,,,,,,,,,,,,,,,,,,,,40.65625,23.8335,-0.13487412,40.65625,23.8335,-0.08893112,,,,,,,,,,,,,,,,,,,,,,,,,,,,,,,,,,,,,,,,,,,,,,,,,,,,,,,,,,,,,,,
40.65625,23.86348,0.0007437156,40.65625,23.86348,0.0007734641,,,,,,,,,,,,,,,,,,,,,,,,,,,,,,,,,,,,,,,,,,,,,,,,,,,,,,,,,,,,,40.65625,23.86348,0.16638018,40.65625,23.86348,0.46219385,,,,,,,,,,,,,,,,,,,,,,,,,,,,,,,,,,,,,,,,,,,,,,,,,,,,,,,,,,,,,,,
40.65625,23.89346,0.00080321287,40.65625,23.89346,0.0008032128,,,,,,,,,,,,,,,,,,,,,,,,,,,,,,,,,,,,,,,,,,,,,,,,,,,,,,,,,,,,,40.65625,23.89346,0.37438,40.65625,23.89346,0.5745785,,,,,,,,,,,,,,,,,,,,,,,,,,,,,,,,,,,,,,,,,,,,,,,,,,,,,,,,,,,,,,,
40.65625,23.923439,0.0007139669,40.65625,23.923439,0.00068421825,,,,,,,,,,,,,,,,,,,,,,,,,,,,,,,,,,,,,,,,,,,,,,,,,,,,,,,,,,,,,40.65625,23.923439,0.0983999,40.65625,23.923439,0.17036633,,,,,,,,,,,,,,,,,,,,,,,,,,,,,,,,,,,,,,,,,,,,,,,,,,,,,,,,,,,,,,,
40.65625,23.953417,0.00077346415,40.65625,23.953417,0.0008032128,,,,,,,,,,,,,,,,,,,,,,,,,,,,,,,,,,,,,,,,,,,,,,,,,,,,,,,,,,,,,40.65625,23.953417,0.19988526,40.65625,23.953417,0.5395809,,,,,,,,,,,,,,,,,,,,,,,,,,,,,,,,,,,,,,,,,,,,,,,,,,,,,,,,,,,,,,,
40.65625,23.983397,0.0008180871,40.65625,23.983397,0.00069909263,,,,,,,,,,,,,,,,,,,,,,,,,,,,,,,,,,,,,,,,,,,,,,,,,,,,,,,,,,,,,40.65625,23.983397,0.35525903,40.65625,23.983397,0.17788324,,,,,,,,,,,,,,,,,,,,,,,,,,,,,,,,,,,,,,,,,,,,,,,,,,,,,,,,,,,,,,,
40.65625,24.013376,0.00062472105,40.65625,24.013376,0.0007734642,,,,,,,,,,,,,,,,,,,,,,,,,,,,,,,,,,,,,,,,,,,,,,,,,,,,,,,,,,,,,40.65625,24.013376,-0.23409279,40.65625,24.013376,0.4921482,,,,,,,,,,,,,,,,,,,,,,,,,,,,,,,,,,,,,,,,,,,,,,,,,,,,,,,,,,,,,,,
40.65625,24.043356,0.00083296135,40.65625,24.043356,0.0007585899,,,,,,,,,,,,,,,,,,,,,,,,,,,,,,,,,,,,,,,,,,,,,,,,,,,,,,,,,,,,,40.65625,24.043356,0.5133803,40.65625,24.043356,0.3897069,,,,,,,,,,,,,,,,,,,,,,,,,,,,,,,,,,,,,,,,,,,,,,,,,,,,,,,,,,,,,,,
40.65625,24.073334,0.00069909263,40.65625,24.073334,0.00047597795,,,,,,,,,,,,,,,,,,,,,,,,,,,,,,,,,,,,,,,,,,,,,,,,,,,,,,,,,,,,,40.65625,24.073334,0.054169673,40.65625,24.073334,-0.5945384,,,,,,,,,,,,,,,,,,,,,,,,,,,,,,,,,,,,,,,,,,,,,,,,,,,,,,,,,,,,,,,
40.65625,24.103313,0.00066934404,40.65625,24.103313,0.00071396696,,,,,,,,,,,,,,,,,,,,,,,,,,,,,,,,,,,,,,,,,,,,,,,,,,,,,,,,,,,,,40.65625,24.103313,-0.0848363,40.65625,24.103313,0.24496245,,,,,,,,,,,,,,,,,,,,,,,,,,,,,,,,,,,,,,,,,,,,,,,,,,,,,,,,,,,,,,,
40.65625,24.133293,0.00072884123,40.65625,24.133293,0.00050572655,,,,,,,,,,,,,,,,,,,,,,,,,,,,,,,,,,,,,,,,,,,,,,,,,,,,,,,,,,,,,40.65625,24.133293,0.13422768,40.65625,24.133293,-0.472205,,,,,,,,,,,,,,,,,,,,,,,,,,,,,,,,,,,,,,,,,,,,,,,,,,,,,,,,,,,,,,,
40.65625,24.163273,0.0007585899,40.65625,24.163273,0.0005949724,,,,,,,,,,,,,,,,,,,,,,,,,,,,,,,,,,,,,,,,,,,,,,,,,,,,,,,,,,,,,40.65625,24.163273,0.15594018,40.65625,24.163273,-0.17938738,,,,,,,,,,,,,,,,,,,,,,,,,,,,,,,,,,,,,,,,,,,,,,,,,,,,,,,,,,,,,,,
40.65625,24.19325,0.0007585899,40.65625,24.19325,0.00066934404,,,,,,,,,,,,,,,,,,,,,,,,,,,,,,,,,,,,,,,,,,,,,,,,,,,,,,,,,,,,,40.65625,24.19325,0.14225432,40.65625,24.19325,0.09589885,,,,,,,,,,,,,,,,,,,,,,,,,,,,,,,,,,,,,,,,,,,,,,,,,,,,,,,,,,,,,,,
40.65625,24.22323,0.0005354752,40.65625,24.22323,0.0007734642,,,,,,,,,,,,,,,,,,,,,,,,,,,,,,,,,,,,,,,,,,,,,,,,,,,,,,,,,,,,,40.65625,24.22323,-0.54558206,40.65625,24.22323,0.45588928,,,,,,,,,,,,,,,,,,,,,,,,,,,,,,,,,,,,,,,,,,,,,,,,,,,,,,,,,,,,,,,
40.65625,24.25321,0.0006098467,40.65625,24.25321,0.00066934404,,,,,,,,,,,,,,,,,,,,,,,,,,,,,,,,,,,,,,,,,,,,,,,,,,,,,,,,,,,,,40.65625,24.25321,-0.2917864,40.65625,24.25321,0.10901783,,,,,,,,,,,,,,,,,,,,,,,,,,,,,,,,,,,,,,,,,,,,,,,,,,,,,,,,,,,,,,,
40.65625,24.28319,0.00062472105,40.65625,24.28319,0.00066934404,,,,,,,,,,,,,,,,,,,,,,,,,,,,,,,,,,,,,,,,,,,,,,,,,,,,,,,,,,,,,40.65625,24.28319,-0.26267982,40.65625,24.28319,0.06345076,,,,,,,,,,,,,,,,,,,,,,,,,,,,,,,,,,,,,,,,,,,,,,,,,,,,,,,,,,,,,,,
40.65625,24.313168,0.0008478358,40.65625,24.313168,0.0008180871,,,,,,,,,,,,,,,,,,,,,,,,,,,,,,,,,,,,,,,,,,,,,,,,,,,,,,,,,,,,,40.65625,24.313168,0.4594142,40.65625,24.313168,0.6253466,,,,,,,,,,,,,,,,,,,,,,,,,,,,,,,,,,,,,,,,,,,,,,,,,,,,,,,,,,,,,,,
40.65625,24.343147,0.0005949724,40.65625,24.343147,0.0007288412,,,,,,,,,,,,,,,,,,,,,,,,,,,,,,,,,,,,,,,,,,,,,,,,,,,,,,,,,,,,,40.65625,24.343147,-0.3751057,40.65625,24.343147,0.29851797,,,,,,,,,,,,,,,,,,,,,,,,,,,,,,,,,,,,,,,,,,,,,,,,,,,,,,,,,,,,,,,
40.65625,24.373127,0.0006990926,40.65625,24.373127,0.000669344,,,,,,,,,,,,,,,,,,,,,,,,,,,,,,,,,,,,,,,,,,,,,,,,,,,,,,,,,,,,,40.65625,24.373127,-0.04658322,40.65625,24.373127,0.083743215,,,,,,,,,,,,,,,,,,,,,,,,,,,,,,,,,,,,,,,,,,,,,,,,,,,,,,,,,,,,,,,
40.65625,24.403107,0.00069909263,40.65625,24.403107,0.0004908523,,,,,,,,,,,,,,,,,,,,,,,,,,,,,,,,,,,,,,,,,,,,,,,,,,,,,,,,,,,,,40.65625,24.403107,0.0054549375,40.65625,24.403107,-0.5566581,,,,,,,,,,,,,,,,,,,,,,,,,,,,,,,,,,,,,,,,,,,,,,,,,,,,,,,,,,,,,,,
40.65625,24.433084,0.00063959544,40.65625,24.433084,0.0005652238,,,,,,,,,,,,,,,,,,,,,,,,,,,,,,,,,,,,,,,,,,,,,,,,,,,,,,,,,,,,,40.65625,24.433084,-0.1129863,40.65625,24.433084,-0.2901494,,,,,,,,,,,,,,,,,,,,,,,,,,,,,,,,,,,,,,,,,,,,,,,,,,,,,,,,,,,,,,,
40.65625,24.463064,0.00068421836,40.65625,24.463064,0.00080321275,,,,,,,,,,,,,,,,,,,,,,,,,,,,,,,,,,,,,,,,,,,,,,,,,,,,,,,,,,,,,40.65625,24.463064,-0.026027177,40.65625,24.463064,0.58265823,,,,,,,,,,,,,,,,,,,,,,,,,,,,,,,,,,,,,,,,,,,,,,,,,,,,,,,,,,,,,,,
40.65625,24.493044,0.0006693441,40.65625,24.493044,0.0006395954,,,,,,,,,,,,,,,,,,,,,,,,,,,,,,,,,,,,,,,,,,,,,,,,,,,,,,,,,,,,,40.65625,24.493044,-0.020292256,40.65625,24.493044,-0.020065598,,,,,,,,,,,,,,,,,,,,,,,,,,,,,,,,,,,,,,,,,,,,,,,,,,,,,,,,,,,,,,,
40.65625,24.523024,0.0007437155,40.65625,24.523024,0.00071396696,,,,,,,,,,,,,,,,,,,,,,,,,,,,,,,,,,,,,,,,,,,,,,,,,,,,,,,,,,,,,40.65625,24.523024,0.12269603,40.65625,24.523024,0.21866876,,,,,,,,,,,,,,,,,,,,,,,,,,,,,,,,,,,,,,,,,,,,,,,,,,,,,,,,,,,,,,,
40.65625,24.553001,0.000669344,40.65625,24.553001,0.00058009813,,,,,,,,,,,,,,,,,,,,,,,,,,,,,,,,,,,,,,,,,,,,,,,,,,,,,,,,,,,,,40.65625,24.553001,-0.11055848,40.65625,24.553001,-0.26259372,,,,,,,,,,,,,,,,,,,,,,,,,,,,,,,,,,,,,,,,,,,,,,,,,,,,,,,,,,,,,,,
40.65625,24.582981,0.0005503495,40.65625,24.582981,0.0005206008,,,,,,,,,,,,,,,,,,,,,,,,,,,,,,,,,,,,,,,,,,,,,,,,,,,,,,,,,,,,,40.65625,24.582981,-0.45414087,40.65625,24.582981,-0.45881686,,,,,,,,,,,,,,,,,,,,,,,,,,,,,,,,,,,,,,,,,,,,,,,,,,,,,,,,,,,,,,,
40.65625,24.61296,0.0009222073,40.65625,24.61296,0.0006098468,,,,,,,,,,,,,,,,,,,,,,,,,,,,,,,,,,,,,,,,,,,,,,,,,,,,,,,,,,,,,40.65625,24.61296,0.79916734,40.65625,24.61296,-0.12962635,,,,,,,,,,,,,,,,,,,,,,,,,,,,,,,,,,,,,,,,,,,,,,,,,,,,,,,,,,,,,,,
40.65625,24.64294,0.0008180872,40.65625,24.64294,0.0007585899,,,,,,,,,,,,,,,,,,,,,,,,,,,,,,,,,,,,,,,,,,,,,,,,,,,,,,,,,,,,,40.65625,24.64294,0.43371397,40.65625,24.64294,0.42903268,,,,,,,,,,,,,,,,,,,,,,,,,,,,,,,,,,,,,,,,,,,,,,,,,,,,,,,,,,,,,,,
40.65625,24.672918,0.00068421825,40.65625,24.672918,0.0006990926,,,,,,,,,,,,,,,,,,,,,,,,,,,,,,,,,,,,,,,,,,,,,,,,,,,,,,,,,,,,,40.65625,24.672918,-0.048396725,40.65625,24.672918,0.20659828,,,,,,,,,,,,,,,,,,,,,,,,,,,,,,,,,,,,,,,,,,,,,,,,,,,,,,,,,,,,,,,
40.65625,24.702898,0.0009668303,40.65625,24.702898,0.0005652238,,,,,,,,,,,,,,,,,,,,,,,,,,,,,,,,,,,,,,,,,,,,,,,,,,,,,,,,,,,,,40.65625,24.702898,0.89519703,40.65625,24.702898,-0.28000748,,,,,,,,,,,,,,,,,,,,,,,,,,,,,,,,,,,,,,,,,,,,,,,,,,,,,,,,,,,,,,,
40.65625,24.732878,0.0007734642,40.65625,24.732878,0.0006842183,,,,,,,,,,,,,,,,,,,,,,,,,,,,,,,,,,,,,,,,,,,,,,,,,,,,,,,,,,,,,40.65625,24.732878,0.29159933,40.65625,24.732878,0.13225225,,,,,,,,,,,,,,,,,,,,,,,,,,,,,,,,,,,,,,,,,,,,,,,,,,,,,,,,,,,,,,,
40.65625,24.762857,0.0007437156,40.65625,24.762857,0.0006842183,,,,,,,,,,,,,,,,,,,,,,,,,,,,,,,,,,,,,,,,,,,,,,,,,,,,,,,,,,,,,40.65625,24.762857,0.15047866,40.65625,24.762857,0.14310052,,,,,,,,,,,,,,,,,,,,,,,,,,,,,,,,,,,,,,,,,,,,,,,,,,,,,,,,,,,,,,,
40.65625,24.792837,0.0007139669,40.65625,24.792837,0.00058009813,,,,,,,,,,,,,,,,,,,,,,,,,,,,,,,,,,,,,,,,,,,,,,,,,,,,,,,,,,,,,40.65625,24.792837,0.03962481,40.65625,24.792837,-0.22701281,,,,,,,,,,,,,,,,,,,,,,,,,,,,,,,,,,,,,,,,,,,,,,,,,,,,,,,,,,,,,,,
40.65625,24.822815,0.00069909263,40.65625,24.822815,0.0005206009,,,,,,,,,,,,,,,,,,,,,,,,,,,,,,,,,,,,,,,,,,,,,,,,,,,,,,,,,,,,,40.65625,24.822815,0.062029347,40.65625,24.822815,-0.42824778,,,,,,,,,,,,,,,,,,,,,,,,,,,,,,,,,,,,,,,,,,,,,,,,,,,,,,,,,,,,,,,
40.65625,24.852795,0.00068421825,40.65625,24.852795,0.0006395954,,,,,,,,,,,,,,,,,,,,,,,,,,,,,,,,,,,,,,,,,,,,,,,,,,,,,,,,,,,,,40.65625,24.852795,-0.031392414,40.65625,24.852795,-0.010372307,,,,,,,,,,,,,,,,,,,,,,,,,,,,,,,,,,,,,,,,,,,,,,,,,,,,,,,,,,,,,,,
40.65625,24.882774,0.0008180871,40.65625,24.882774,0.00084783573,,,,,,,,,,,,,,,,,,,,,,,,,,,,,,,,,,,,,,,,,,,,,,,,,,,,,,,,,,,,,40.65625,24.882774,0.37637356,40.65625,24.882774,0.72314864,,,,,,,,,,,,,,,,,,,,,,,,,,,,,,,,,,,,,,,,,,,,,,,,,,,,,,,,,,,,,,,
40.65625,24.912754,0.0005503495,40.65625,24.912754,0.000713967,,,,,,,,,,,,,,,,,,,,,,,,,,,,,,,,,,,,,,,,,,,,,,,,,,,,,,,,,,,,,40.65625,24.912754,-0.4881914,40.65625,24.912754,0.25473708,,,,,,,,,,,,,,,,,,,,,,,,,,,,,,,,,,,,,,,,,,,,,,,,,,,,,,,,,,,,,,,
40.65625,24.942732,0.00056522375,40.65625,24.942732,0.0007585898,,,,,,,,,,,,,,,,,,,,,,,,,,,,,,,,,,,,,,,,,,,,,,,,,,,,,,,,,,,,,40.65625,24.942732,-0.45796284,40.65625,24.942732,0.40236735,,,,,,,,,,,,,,,,,,,,,,,,,,,,,,,,,,,,,,,,,,,,,,,,,,,,,,,,,,,,,,,
40.65625,24.972712,0.0005949724,40.65625,24.972712,0.00062472105,,,,,,,,,,,,,,,,,,,,,,,,,,,,,,,,,,,,,,,,,,,,,,,,,,,,,,,,,,,,,40.65625,24.972712,-0.31571746,40.65625,24.972712,-0.055563554,,,,,,,,,,,,,,,,,,,,,,,,,,,,,,,,,,,,,,,,,,,,,,,,,,,,,,,,,,,,,,,
40.65625,25.002691,0.00066934404,40.65625,25.002691,0.00069909263,,,,,,,,,,,,,,,,,,,,,,,,,,,,,,,,,,,,,,,,,,,,,,,,,,,,,,,,,,,,,40.65625,25.002691,-0.07425738,40.65625,25.002691,0.1870992,,,,,,,,,,,,,,,,,,,,,,,,,,,,,,,,,,,,,,,,,,,,,,,,,,,,,,,,,,,,,,,
40.65625,25.032671,0.0006098467,40.65625,25.032671,0.0006247211,,,,,,,,,,,,,,,,,,,,,,,,,,,,,,,,,,,,,,,,,,,,,,,,,,,,,,,,,,,,,40.65625,25.032671,-0.28696117,40.65625,25.032671,-0.04765131,,,,,,,,,,,,,,,,,,,,,,,,,,,,,,,,,,,,,,,,,,,,,,,,,,,,,,,,,,,,,,,
40.65625,25.062649,0.00078833854,40.65625,25.062649,0.0005800982,,,,,,,,,,,,,,,,,,,,,,,,,,,,,,,,,,,,,,,,,,,,,,,,,,,,,,,,,,,,,40.65625,25.062649,0.30137014,40.65625,25.062649,-0.2429987,,,,,,,,,,,,,,,,,,,,,,,,,,,,,,,,,,,,,,,,,,,,,,,,,,,,,,,,,,,,,,,
40.65625,25.092628,0.0005503495,40.65625,25.092628,0.00068421825,,,,,,,,,,,,,,,,,,,,,,,,,,,,,,,,,,,,,,,,,,,,,,,,,,,,,,,,,,,,,40.65625,25.092628,-0.51749843,40.65625,25.092628,0.14990433,,,,,,,,,,,,,,,,,,,,,,,,,,,,,,,,,,,,,,,,,,,,,,,,,,,,,,,,,,,,,,,
40.65625,25.122608,0.0006842183,40.65625,25.122608,0.0006247211,,,,,,,,,,,,,,,,,,,,,,,,,,,,,,,,,,,,,,,,,,,,,,,,,,,,,,,,,,,,,40.65625,25.122608,-0.03207231,40.65625,25.122608,-0.07840807,,,,,,,,,,,,,,,,,,,,,,,,,,,,,,,,,,,,,,,,,,,,,,,,,,,,,,,,,,,,,,,
40.65625,25.152588,0.0009073329,40.65625,25.152588,0.0007437156,,,,,,,,,,,,,,,,,,,,,,,,,,,,,,,,,,,,,,,,,,,,,,,,,,,,,,,,,,,,,40.65625,25.152588,0.69566035,40.65625,25.152588,0.3584508,,,,,,,,,,,,,,,,,,,,,,,,,,,,,,,,,,,,,,,,,,,,,,,,,,,,,,,,,,,,,,,
40.65625,25.182566,0.0007734642,40.65625,25.182566,0.000713967,,,,,,,,,,,,,,,,,,,,,,,,,,,,,,,,,,,,,,,,,,,,,,,,,,,,,,,,,,,,,40.65625,25.182566,0.33604527,40.65625,25.182566,0.20258802,,,,,,,,,,,,,,,,,,,,,,,,,,,,,,,,,,,,,,,,,,,,,,,,,,,,,,,,,,,,,,,
40.65625,25.212545,0.0007585899,40.65625,25.212545,0.00086271006,,,,,,,,,,,,,,,,,,,,,,,,,,,,,,,,,,,,,,,,,,,,,,,,,,,,,,,,,,,,,40.65625,25.212545,0.1850845,40.65625,25.212545,0.75696397,,,,,,,,,,,,,,,,,,,,,,,,,,,,,,,,,,,,,,,,,,,,,,,,,,,,,,,,,,,,,,,
40.65625,25.242525,0.00074371556,40.65625,25.242525,0.00068421825,,,,,,,,,,,,,,,,,,,,,,,,,,,,,,,,,,,,,,,,,,,,,,,,,,,,,,,,,,,,,40.65625,25.242525,0.10182881,40.65625,25.242525,0.16633575,,,,,,,,,,,,,,,,,,,,,,,,,,,,,,,,,,,,,,,,,,,,,,,,,,,,,,,,,,,,,,,
40.65625,25.272505,0.00077346415,40.65625,25.272505,0.00068421825,,,,,,,,,,,,,,,,,,,,,,,,,,,,,,,,,,,,,,,,,,,,,,,,,,,,,,,,,,,,,40.65625,25.272505,0.27653104,40.65625,25.272505,0.11283449,,,,,,,,,,,,,,,,,,,,,,,,,,,,,,,,,,,,,,,,,,,,,,,,,,,,,,,,,,,,,,,
40.65625,25.302483,0.0008180872,40.65625,25.302483,0.0007437156,,,,,,,,,,,,,,,,,,,,,,,,,,,,,,,,,,,,,,,,,,,,,,,,,,,,,,,,,,,,,40.65625,25.302483,0.4238618,40.65625,25.302483,0.360697,,,,,,,,,,,,,,,,,,,,,,,,,,,,,,,,,,,,,,,,,,,,,,,,,,,,,,,,,,,,,,,
40.65625,25.332462,0.00068421836,40.65625,25.332462,0.00081808714,,,,,,,,,,,,,,,,,,,,,,,,,,,,,,,,,,,,,,,,,,,,,,,,,,,,,,,,,,,,,40.65625,25.332462,-0.07585488,40.65625,25.332462,0.61636704,,,,,,,,,,,,,,,,,,,,,,,,,,,,,,,,,,,,,,,,,,,,,,,,,,,,,,,,,,,,,,,
40.65625,25.362442,0.00071396696,40.65625,25.362442,0.0005652238,,,,,,,,,,,,,,,,,,,,,,,,,,,,,,,,,,,,,,,,,,,,,,,,,,,,,,,,,,,,,40.65625,25.362442,0.045405466,40.65625,25.362442,-0.28880572,,,,,,,,,,,,,,,,,,,,,,,,,,,,,,,,,,,,,,,,,,,,,,,,,,,,,,,,,,,,,,,
40.65625,25.392422,0.00080321287,40.65625,25.392422,0.0006247211,,,,,,,,,,,,,,,,,,,,,,,,,,,,,,,,,,,,,,,,,,,,,,,,,,,,,,,,,,,,,40.65625,25.392422,0.30229113,40.65625,25.392422,-0.072399594,,,,,,,,,,,,,,,,,,,,,,,,,,,,,,,,,,,,,,,,,,,,,,,,,,,,,,,,,,,,,,,
40.65625,25.4224,0.00071396696,40.65625,25.4224,0.00058009813,,,,,,,,,,,,,,,,,,,,,,,,,,,,,,,,,,,,,,,,,,,,,,,,,,,,,,,,,,,,,40.65625,25.4224,0.042584132,40.65625,25.4224,-0.21466799,,,,,,,,,,,,,,,,,,,,,,,,,,,,,,,,,,,,,,,,,,,,,,,,,,,,,,,,,,,,,,,
40.65625,25.45238,0.000713967,40.65625,25.45238,0.00050572655,,,,,,,,,,,,,,,,,,,,,,,,,,,,,,,,,,,,,,,,,,,,,,,,,,,,,,,,,,,,,40.65625,25.45238,0.12819102,40.65625,25.45238,-0.47704703,,,,,,,,,,,,,,,,,,,,,,,,,,,,,,,,,,,,,,,,,,,,,,,,,,,,,,,,,,,,,,,
40.65625,25.482359,0.000713967,40.65625,25.482359,0.00065446965,,,,,,,,,,,,,,,,,,,,,,,,,,,,,,,,,,,,,,,,,,,,,,,,,,,,,,,,,,,,,40.65625,25.482359,-0.00048528114,40.65625,25.482359,0.030781401,,,,,,,,,,,,,,,,,,,,,,,,,,,,,,,,,,,,,,,,,,,,,,,,,,,,,,,,,,,,,,,
40.65625,25.512339,0.0006544697,40.65625,25.512339,0.0005652238,,,,,,,,,,,,,,,,,,,,,,,,,,,,,,,,,,,,,,,,,,,,,,,,,,,,,,,,,,,,,40.65625,25.512339,-0.107538424,40.65625,25.512339,-0.26710355,,,,,,,,,,,,,,,,,,,,,,,,,,,,,,,,,,,,,,,,,,,,,,,,,,,,,,,,,,,,,,,
40.65625,25.542316,0.00062472105,40.65625,25.542316,0.00065446965,,,,,,,,,,,,,,,,,,,,,,,,,,,,,,,,,,,,,,,,,,,,,,,,,,,,,,,,,,,,,40.65625,25.542316,-0.2545287,40.65625,25.542316,0.038663864,,,,,,,,,,,,,,,,,,,,,,,,,,,,,,,,,,,,,,,,,,,,,,,,,,,,,,,,,,,,,,,
40.65625,25.572296,0.00083296146,40.65625,25.572296,0.00068421825,,,,,,,,,,,,,,,,,,,,,,,,,,,,,,,,,,,,,,,,,,,,,,,,,,,,,,,,,,,,,40.65625,25.572296,0.47644743,40.65625,25.572296,0.14266607,,,,,,,,,,,,,,,,,,,,,,,,,,,,,,,,,,,,,,,,,,,,,,,,,,,,,,,,,,,,,,,
40.65625,25.602276,0.00056522386,40.65625,25.602276,0.0006098467,,,,,,,,,,,,,,,,,,,,,,,,,,,,,,,,,,,,,,,,,,,,,,,,,,,,,,,,,,,,,40.65625,25.602276,-0.42033312,40.65625,25.602276,-0.14151403,,,,,,,,,,,,,,,,,,,,,,,,,,,,,,,,,,,,,,,,,,,,,,,,,,,,,,,,,,,,,,,
40.65625,25.632256,0.00069909263,40.65625,25.632256,0.0006098467,,,,,,,,,,,,,,,,,,,,,,,,,,,,,,,,,,,,,,,,,,,,,,,,,,,,,,,,,,,,,40.65625,25.632256,0.030391492,40.65625,25.632256,-0.11874894,,,,,,,,,,,,,,,,,,,,,,,,,,,,,,,,,,,,,,,,,,,,,,,,,,,,,,,,,,,,,,,
40.65625,25.662235,0.0007139669,40.65625,25.662235,0.0005949724,,,,,,,,,,,,,,,,,,,,,,,,,,,,,,,,,,,,,,,,,,,,,,,,,,,,,,,,,,,,,40.65625,25.662235,0.08377369,40.65625,25.662235,-0.17801425,,,,,,,,,,,,,,,,,,,,,,,,,,,,,,,,,,,,,,,,,,,,,,,,,,,,,,,,,,,,,,,
40.65625,25.692213,0.00086271006,40.65625,25.692213,0.0007585898,,,,,,,,,,,,,,,,,,,,,,,,,,,,,,,,,,,,,,,,,,,,,,,,,,,,,,,,,,,,,40.65625,25.692213,0.5997911,40.65625,25.692213,0.3940854,,,,,,,,,,,,,,,,,,,,,,,,,,,,,,,,,,,,,,,,,,,,,,,,,,,,,,,,,,,,,,,
40.65625,25.722193,0.0006247211,40.65625,25.722193,0.0007437155,,,,,,,,,,,,,,,,,,,,,,,,,,,,,,,,,,,,,,,,,,,,,,,,,,,,,,,,,,,,,40.65625,25.722193,-0.24431981,40.65625,25.722193,0.36312842,,,,,,,,,,,,,,,,,,,,,,,,,,,,,,,,,,,,,,,,,,,,,,,,,,,,,,,,,,,,,,,
40.65625,25.752172,0.0006098467,40.65625,25.752172,0.00071396696,,,,,,,,,,,,,,,,,,,,,,,,,,,,,,,,,,,,,,,,,,,,,,,,,,,,,,,,,,,,,40.65625,25.752172,-0.3137108,40.65625,25.752172,0.28480592,,,,,,,,,,,,,,,,,,,,,,,,,,,,,,,,,,,,,,,,,,,,,,,,,,,,,,,,,,,,,,,
40.65625,25.782152,0.00078833854,40.65625,25.782152,0.0007883385,,,,,,,,,,,,,,,,,,,,,,,,,,,,,,,,,,,,,,,,,,,,,,,,,,,,,,,,,,,,,40.65625,25.782152,0.38869378,40.65625,25.782152,0.5059888,,,,,,,,,,,,,,,,,,,,,,,,,,,,,,,,,,,,,,,,,,,,,,,,,,,,,,,,,,,,,,,
40.65625,25.81213,0.0006395953,40.65625,25.81213,0.0006098467,,,,,,,,,,,,,,,,,,,,,,,,,,,,,,,,,,,,,,,,,,,,,,,,,,,,,,,,,,,,,40.65625,25.81213,-0.16772164,40.65625,25.81213,-0.114216,,,,,,,,,,,,,,,,,,,,,,,,,,,,,,,,,,,,,,,,,,,,,,,,,,,,,,,,,,,,,,,
40.65625,25.84211,0.00080321287,40.65625,25.84211,0.0005206009,,,,,,,,,,,,,,,,,,,,,,,,,,,,,,,,,,,,,,,,,,,,,,,,,,,,,,,,,,,,,40.65625,25.84211,0.3410629,40.65625,25.84211,-0.45400822,,,,,,,,,,,,,,,,,,,,,,,,,,,,,,,,,,,,,,,,,,,,,,,,,,,,,,,,,,,,,,,
40.65625,25.87209,0.00065446965,40.65625,25.87209,0.00071396696,,,,,,,,,,,,,,,,,,,,,,,,,,,,,,,,,,,,,,,,,,,,,,,,,,,,,,,,,,,,,40.65625,25.87209,-0.09704199,40.65625,25.87209,0.24538122,,,,,,,,,,,,,,,,,,,,,,,,,,,,,,,,,,,,,,,,,,,,,,,,,,,,,,,,,,,,,,,
40.65625,25.90207,0.0005503495,40.65625,25.90207,0.00077346415,,,,,,,,,,,,,,,,,,,,,,,,,,,,,,,,,,,,,,,,,,,,,,,,,,,,,,,,,,,,,40.65625,25.90207,-0.5172629,40.65625,25.90207,0.4525333,,,,,,,,,,,,,,,,,,,,,,,,,,,,,,,,,,,,,,,,,,,,,,,,,,,,,,,,,,,,,,,
40.65625,25.932047,0.00069909263,40.65625,25.932047,0.00077346415,,,,,,,,,,,,,,,,,,,,,,,,,,,,,,,,,,,,,,,,,,,,,,,,,,,,,,,,,,,,,40.65625,25.932047,-0.022843208,40.65625,25.932047,0.43009523,,,,,,,,,,,,,,,,,,,,,,,,,,,,,,,,,,,,,,,,,,,,,,,,,,,,,,,,,,,,,,,
40.65625,25.962027,0.00062472105,40.65625,25.962027,0.00058009813,,,,,,,,,,,,,,,,,,,,,,,,,,,,,,,,,,,,,,,,,,,,,,,,,,,,,,,,,,,,,40.65625,25.962027,-0.24039155,40.65625,25.962027,-0.23637393,,,,,,,,,,,,,,,,,,,,,,,,,,,,,,,,,,,,,,,,,,,,,,,,,,,,,,,,,,,,,,,
40.65625,25.992006,0.0008627101,40.65625,25.992006,0.0005949724,,,,,,,,,,,,,,,,,,,,,,,,,,,,,,,,,,,,,,,,,,,,,,,,,,,,,,,,,,,,,40.65625,25.992006,0.53424376,40.65625,25.992006,-0.14421876,,,,,,,,,,,,,,,,,,,,,,,,,,,,,,,,,,,,,,,,,,,,,,,,,,,,,,,,,,,,,,,
40.65625,26.021986,0.0007437156,40.65625,26.021986,0.00062472105,,,,,,,,,,,,,,,,,,,,,,,,,,,,,,,,,,,,,,,,,,,,,,,,,,,,,,,,,,,,,40.65625,26.021986,0.10598513,40.65625,26.021986,-0.053480167,,,,,,,,,,,,,,,,,,,,,,,,,,,,,,,,,,,,,,,,,,,,,,,,,,,,,,,,,,,,,,,
40.65625,26.051964,0.0006098468,40.65625,26.051964,0.0007288412,,,,,,,,,,,,,,,,,,,,,,,,,,,,,,,,,,,,,,,,,,,,,,,,,,,,,,,,,,,,,40.65625,26.051964,-0.27415296,40.65625,26.051964,0.31864333,,,,,,,,,,,,,,,,,,,,,,,,,,,,,,,,,,,,,,,,,,,,,,,,,,,,,,,,,,,,,,,
40.65625,26.081944,0.00080321287,40.65625,26.081944,0.0005652238,,,,,,,,,,,,,,,,,,,,,,,,,,,,,,,,,,,,,,,,,,,,,,,,,,,,,,,,,,,,,40.65625,26.081944,0.31630677,40.65625,26.081944,-0.26417455,,,,,,,,,,,,,,,,,,,,,,,,,,,,,,,,,,,,,,,,,,,,,,,,,,,,,,,,,,,,,,,
40.65625,26.111923,0.00046110366,40.65625,26.111923,0.00080321287,,,,,,,,,,,,,,,,,,,,,,,,,,,,,,,,,,,,,,,,,,,,,,,,,,,,,,,,,,,,,40.65625,26.111923,-0.81229156,40.65625,26.111923,0.56457305,,,,,,,,,,,,,,,,,,,,,,,,,,,,,,,,,,,,,,,,,,,,,,,,,,,,,,,,,,,,,,,
40.65625,26.141903,0.00065446965,40.65625,26.141903,0.0007883385,,,,,,,,,,,,,,,,,,,,,,,,,,,,,,,,,,,,,,,,,,,,,,,,,,,,,,,,,,,,,40.65625,26.141903,-0.117034994,40.65625,26.141903,0.504011,,,,,,,,,,,,,,,,,,,,,,,,,,,,,,,,,,,,,,,,,,,,,,,,,,,,,,,,,,,,,,,
40.65625,26.17188,0.0006842183,40.65625,26.17188,0.0007437155,,,,,,,,,,,,,,,,,,,,,,,,,,,,,,,,,,,,,,,,,,,,,,,,,,,,,,,,,,,,,40.65625,26.17188,-0.018761184,40.65625,26.17188,0.3589443,,,,,,,,,,,,,,,,,,,,,,,,,,,,,,,,,,,,,,,,,,,,,,,,,,,,,,,,,,,,,,,
40.65625,26.20186,0.00086271006,40.65625,26.20186,0.000669344,,,,,,,,,,,,,,,,,,,,,,,,,,,,,,,,,,,,,,,,,,,,,,,,,,,,,,,,,,,,,40.65625,26.20186,0.59140545,40.65625,26.20186,0.121960774,,,,,,,,,,,,,,,,,,,,,,,,,,,,,,,,,,,,,,,,,,,,,,,,,,,,,,,,,,,,,,,
40.65625,26.23184,0.0007288412,40.65625,26.23184,0.0007883385,,,,,,,,,,,,,,,,,,,,,,,,,,,,,,,,,,,,,,,,,,,,,,,,,,,,,,,,,,,,,40.65625,26.23184,0.061304443,40.65625,26.23184,0.55252767,,,,,,,,,,,,,,,,,,,,,,,,,,,,,,,,,,,,,,,,,,,,,,,,,,,,,,,,,,,,,,,
40.65625,26.26182,0.0007883385,40.65625,26.26182,0.0007883385,,,,,,,,,,,,,,,,,,,,,,,,,,,,,,,,,,,,,,,,,,,,,,,,,,,,,,,,,,,,,40.65625,26.26182,0.3623455,40.65625,26.26182,0.47671494,,,,,,,,,,,,,,,,,,,,,,,,,,,,,,,,,,,,,,,,,,,,,,,,,,,,,,,,,,,,,,,
40.65625,26.291798,0.0007883385,40.65625,26.291798,0.0006098467,,,,,,,,,,,,,,,,,,,,,,,,,,,,,,,,,,,,,,,,,,,,,,,,,,,,,,,,,,,,,40.65625,26.291798,0.3149918,40.65625,26.291798,-0.14465608,,,,,,,,,,,,,,,,,,,,,,,,,,,,,,,,,,,,,,,,,,,,,,,,,,,,,,,,,,,,,,,
40.65625,26.321777,0.00068421825,40.65625,26.321777,0.0006544697,,,,,,,,,,,,,,,,,,,,,,,,,,,,,,,,,,,,,,,,,,,,,,,,,,,,,,,,,,,,,40.65625,26.321777,-0.009462383,40.65625,26.321777,0.03299578,,,,,,,,,,,,,,,,,,,,,,,,,,,,,,,,,,,,,,,,,,,,,,,,,,,,,,,,,,,,,,,
40.65625,26.351757,0.00065446965,40.65625,26.351757,0.0007883385,,,,,,,,,,,,,,,,,,,,,,,,,,,,,,,,,,,,,,,,,,,,,,,,,,,,,,,,,,,,,40.65625,26.351757,-0.17530504,40.65625,26.351757,0.52866566,,,,,,,,,,,,,,,,,,,,,,,,,,,,,,,,,,,,,,,,,,,,,,,,,,,,,,,,,,,,,,,
40.65625,26.381737,0.0007734642,40.65625,26.381737,0.0006842183,,,,,,,,,,,,,,,,,,,,,,,,,,,,,,,,,,,,,,,,,,,,,,,,,,,,,,,,,,,,,40.65625,26.381737,0.29232678,40.65625,26.381737,0.13015455,,,,,,,,,,,,,,,,,,,,,,,,,,,,,,,,,,,,,,,,,,,,,,,,,,,,,,,,,,,,,,,
40.65625,26.411715,0.0006842183,40.65625,26.411715,0.0006395954,,,,,,,,,,,,,,,,,,,,,,,,,,,,,,,,,,,,,,,,,,,,,,,,,,,,,,,,,,,,,40.65625,26.411715,-0.05197377,40.65625,26.411715,-0.032770023,,,,,,,,,,,,,,,,,,,,,,,,,,,,,,,,,,,,,,,,,,,,,,,,,,,,,,,,,,,,,,,
40.65625,26.441694,0.00080321287,40.65625,26.441694,0.0005652238,,,,,,,,,,,,,,,,,,,,,,,,,,,,,,,,,,,,,,,,,,,,,,,,,,,,,,,,,,,,,40.65625,26.441694,0.38744116,40.65625,26.441694,-0.2662259,,,,,,,,,,,,,,,,,,,,,,,,,,,,,,,,,,,,,,,,,,,,,,,,,,,,,,,,,,,,,,,
40.65625,26.471674,0.0006395954,40.65625,26.471674,0.0005652238,,,,,,,,,,,,,,,,,,,,,,,,,,,,,,,,,,,,,,,,,,,,,,,,,,,,,,,,,,,,,40.65625,26.471674,-0.18822663,40.65625,26.471674,-0.28336886,,,,,,,,,,,,,,,,,,,,,,,,,,,,,,,,,,,,,,,,,,,,,,,,,,,,,,,,,,,,,,,
40.65625,26.501654,0.000951956,40.65625,26.501654,0.0005800982,,,,,,,,,,,,,,,,,,,,,,,,,,,,,,,,,,,,,,,,,,,,,,,,,,,,,,,,,,,,,40.65625,26.501654,0.8854506,40.65625,26.501654,-0.23826289,,,,,,,,,,,,,,,,,,,,,,,,,,,,,,,,,,,,,,,,,,,,,,,,,,,,,,,,,,,,,,,
40.65625,26.531633,0.00050572655,40.65625,26.531633,0.0009222073,,,,,,,,,,,,,,,,,,,,,,,,,,,,,,,,,,,,,,,,,,,,,,,,,,,,,,,,,,,,,40.65625,26.531633,-0.5938187,40.65625,26.531633,0.97109914,,,,,,,,,,,,,,,,,,,,,,,,,,,,,,,,,,,,,,,,,,,,,,,,,,,,,,,,,,,,,,,
40.65625,26.561611,0.0005652238,40.65625,26.561611,0.0005652238,,,,,,,,,,,,,,,,,,,,,,,,,,,,,,,,,,,,,,,,,,,,,,,,,,,,,,,,,,,,,40.65625,26.561611,-0.3518455,40.65625,26.561611,-0.3126939,,,,,,,,,,,,,,,,,,,,,,,,,,,,,,,,,,,,,,,,,,,,,,,,,,,,,,,,,,,,,,,
40.65625,26.59159,0.00060984667,40.65625,26.59159,0.00072884123,,,,,,,,,,,,,,,,,,,,,,,,,,,,,,,,,,,,,,,,,,,,,,,,,,,,,,,,,,,,,40.65625,26.59159,-0.28258967,40.65625,26.59159,0.29114205,,,,,,,,,,,,,,,,,,,,,,,,,,,,,,,,,,,,,,,,,,,,,,,,,,,,,,,,,,,,,,,
40.65625,26.62157,0.0007883384,40.65625,26.62157,0.0008180871,,,,,,,,,,,,,,,,,,,,,,,,,,,,,,,,,,,,,,,,,,,,,,,,,,,,,,,,,,,,,40.65625,26.62157,0.25604698,40.65625,26.62157,0.64841545,,,,,,,,,,,,,,,,,,,,,,,,,,,,,,,,,,,,,,,,,,,,,,,,,,,,,,,,,,,,,,,
40.65625,26.65155,0.0007734641,40.65625,26.65155,0.0007585899,,,,,,,,,,,,,,,,,,,,,,,,,,,,,,,,,,,,,,,,,,,,,,,,,,,,,,,,,,,,,40.65625,26.65155,0.26101896,40.65625,26.65155,0.41377354,,,,,,,,,,,,,,,,,,,,,,,,,,,,,,,,,,,,,,,,,,,,,,,,,,,,,,,,,,,,,,,
40.65625,26.681528,0.000713967,40.65625,26.681528,0.00050572655,,,,,,,,,,,,,,,,,,,,,,,,,,,,,,,,,,,,,,,,,,,,,,,,,,,,,,,,,,,,,40.65625,26.681528,0.039037347,40.65625,26.681528,-0.4585241,,,,,,,,,,,,,,,,,,,,,,,,,,,,,,,,,,,,,,,,,,,,,,,,,,,,,,,,,,,,,,,
40.65625,26.711508,0.0005949724,40.65625,26.711508,0.0009519559,,,,,,,,,,,,,,,,,,,,,,,,,,,,,,,,,,,,,,,,,,,,,,,,,,,,,,,,,,,,,40.65625,26.711508,-0.33600646,40.65625,26.711508,1.0995634,,,,,,,,,,,,,,,,,,,,,,,,,,,,,,,,,,,,,,,,,,,,,,,,,,,,,,,,,,,,,,,
40.65625,26.741488,0.0006990926,40.65625,26.741488,0.0006544697,,,,,,,,,,,,,,,,,,,,,,,,,,,,,,,,,,,,,,,,,,,,,,,,,,,,,,,,,,,,,40.65625,26.741488,-0.04719896,40.65625,26.741488,0.008111141,,,,,,,,,,,,,,,,,,,,,,,,,,,,,,,,,,,,,,,,,,,,,,,,,,,,,,,,,,,,,,,
40.65625,26.771467,0.00071396696,40.65625,26.771467,0.0005652238,,,,,,,,,,,,,,,,,,,,,,,,,,,,,,,,,,,,,,,,,,,,,,,,,,,,,,,,,,,,,40.65625,26.771467,0.0968446,40.65625,26.771467,-0.30527687,,,,,,,,,,,,,,,,,,,,,,,,,,,,,,,,,,,,,,,,,,,,,,,,,,,,,,,,,,,,,,,
40.65625,26.801445,0.00066934404,40.65625,26.801445,0.0007734642,,,,,,,,,,,,,,,,,,,,,,,,,,,,,,,,,,,,,,,,,,,,,,,,,,,,,,,,,,,,,40.65625,26.801445,-0.13370423,40.65625,26.801445,0.4440929,,,,,,,,,,,,,,,,,,,,,,,,,,,,,,,,,,,,,,,,,,,,,,,,,,,,,,,,,,,,,,,
40.65625,26.831425,0.00046110366,40.65625,26.831425,0.0006693441,,,,,,,,,,,,,,,,,,,,,,,,,,,,,,,,,,,,,,,,,,,,,,,,,,,,,,,,,,,,,40.65625,26.831425,-0.762789,40.65625,26.831425,0.08663934,,,,,,,,,,,,,,,,,,,,,,,,,,,,,,,,,,,,,,,,,,,,,,,,,,,,,,,,,,,,,,,
40.65625,26.861404,0.00055034953,40.65625,26.861404,0.00080321287,,,,,,,,,,,,,,,,,,,,,,,,,,,,,,,,,,,,,,,,,,,,,,,,,,,,,,,,,,,,,40.65625,26.861404,-0.453303,40.65625,26.861404,0.5691614,,,,,,,,,,,,,,,,,,,,,,,,,,,,,,,,,,,,,,,,,,,,,,,,,,,,,,,,,,,,,,,
40.65625,26.891384,0.0006098467,40.65625,26.891384,0.00060984684,,,,,,,,,,,,,,,,,,,,,,,,,,,,,,,,,,,,,,,,,,,,,,,,,,,,,,,,,,,,,40.65625,26.891384,-0.3336494,40.65625,26.891384,-0.13172793,,,,,,,,,,,,,,,,,,,,,,,,,,,,,,,,,,,,,,,,,,,,,,,,,,,,,,,,,,,,,,,
40.65625,26.921362,0.0007437155,40.65625,26.921362,0.0004908523,,,,,,,,,,,,,,,,,,,,,,,,,,,,,,,,,,,,,,,,,,,,,,,,,,,,,,,,,,,,,40.65625,26.921362,0.19326967,40.65625,26.921362,-0.56292427,,,,,,,,,,,,,,,,,,,,,,,,,,,,,,,,,,,,,,,,,,,,,,,,,,,,,,,,,,,,,,,
40.65625,26.951342,0.00068421825,40.65625,26.951342,0.0007139669,,,,,,,,,,,,,,,,,,,,,,,,,,,,,,,,,,,,,,,,,,,,,,,,,,,,,,,,,,,,,40.65625,26.951342,0.005574107,40.65625,26.951342,0.23540515,,,,,,,,,,,,,,,,,,,,,,,,,,,,,,,,,,,,,,,,,,,,,,,,,,,,,,,,,,,,,,,
40.65625,26.981321,0.00060984667,40.65625,26.981321,0.00066934404,,,,,,,,,,,,,,,,,,,,,,,,,,,,,,,,,,,,,,,,,,,,,,,,,,,,,,,,,,,,,40.65625,26.981321,-0.26586485,40.65625,26.981321,0.04726896,,,,,,,,,,,,,,,,,,,,,,,,,,,,,,,,,,,,,,,,,,,,,,,,,,,,,,,,,,,,,,,
40.65625,27.011301,0.0006247211,40.65625,27.011301,0.000713967,,,,,,,,,,,,,,,,,,,,,,,,,,,,,,,,,,,,,,,,,,,,,,,,,,,,,,,,,,,,,40.65625,27.011301,-0.31887707,40.65625,27.011301,0.24292442,,,,,,,,,,,,,,,,,,,,,,,,,,,,,,,,,,,,,,,,,,,,,,,,,,,,,,,,,,,,,,,
40.65625,27.041279,0.0009519559,40.65625,27.041279,0.0005206009,,,,,,,,,,,,,,,,,,,,,,,,,,,,,,,,,,,,,,,,,,,,,,,,,,,,,,,,,,,,,40.65625,27.041279,0.83869433,40.65625,27.041279,-0.42525712,,,,,,,,,,,,,,,,,,,,,,,,,,,,,,,,,,,,,,,,,,,,,,,,,,,,,,,,,,,,,,,
40.65625,27.071259,0.0007585898,40.65625,27.071259,0.00059497246,,,,,,,,,,,,,,,,,,,,,,,,,,,,,,,,,,,,,,,,,,,,,,,,,,,,,,,,,,,,,40.65625,27.071259,0.18226272,40.65625,27.071259,-0.17159088,,,,,,,,,,,,,,,,,,,,,,,,,,,,,,,,,,,,,,,,,,,,,,,,,,,,,,,,,,,,,,,
40.65625,27.101238,0.00066934404,40.65625,27.101238,0.0006395954,,,,,,,,,,,,,,,,,,,,,,,,,,,,,,,,,,,,,,,,,,,,,,,,,,,,,,,,,,,,,40.65625,27.101238,-0.09394745,40.65625,27.101238,0.008870827,,,,,,,,,,,,,,,,,,,,,,,,,,,,,,,,,,,,,,,,,,,,,,,,,,,,,,,,,,,,,,,
40.65625,27.131218,0.0007437155,40.65625,27.131218,0.00074371556,,,,,,,,,,,,,,,,,,,,,,,,,,,,,,,,,,,,,,,,,,,,,,,,,,,,,,,,,,,,,40.65625,27.131218,0.10555347,40.65625,27.131218,0.3490256,,,,,,,,,,,,,,,,,,,,,,,,,,,,,,,,,,,,,,,,,,,,,,,,,,,,,,,,,,,,,,,
40.65625,27.161196,0.0005949724,40.65625,27.161196,0.0008478358,,,,,,,,,,,,,,,,,,,,,,,,,,,,,,,,,,,,,,,,,,,,,,,,,,,,,,,,,,,,,40.65625,27.161196,-0.33027777,40.65625,27.161196,0.7211015,,,,,,,,,,,,,,,,,,,,,,,,,,,,,,,,,,,,,,,,,,,,,,,,,,,,,,,,,,,,,,,
40.65625,27.191175,0.0007883385,40.65625,27.191175,0.00068421825,,,,,,,,,,,,,,,,,,,,,,,,,,,,,,,,,,,,,,,,,,,,,,,,,,,,,,,,,,,,,40.65625,27.191175,0.3047873,40.65625,27.191175,0.1235257,,,,,,,,,,,,,,,,,,,,,,,,,,,,,,,,,,,,,,,,,,,,,,,,,,,,,,,,,,,,,,,
40.65625,27.221155,0.0006395953,40.65625,27.221155,0.00062472105,,,,,,,,,,,,,,,,,,,,,,,,,,,,,,,,,,,,,,,,,,,,,,,,,,,,,,,,,,,,,40.65625,27.221155,-0.21096438,40.65625,27.221155,-0.115649834,,,,,,,,,,,,,,,,,,,,,,,,,,,,,,,,,,,,,,,,,,,,,,,,,,,,,,,,,,,,,,,
40.65625,27.251135,0.0007288412,40.65625,27.251135,0.00050572655,,,,,,,,,,,,,,,,,,,,,,,,,,,,,,,,,,,,,,,,,,,,,,,,,,,,,,,,,,,,,40.65625,27.251135,0.0809414,40.65625,27.251135,-0.4831285,,,,,,,,,,,,,,,,,,,,,,,,,,,,,,,,,,,,,,,,,,,,,,,,,,,,,,,,,,,,,,,
40.65625,27.281113,0.0008180871,40.65625,27.281113,0.0006247211,,,,,,,,,,,,,,,,,,,,,,,,,,,,,,,,,,,,,,,,,,,,,,,,,,,,,,,,,,,,,40.65625,27.281113,0.40470126,40.65625,27.281113,-0.09881567,,,,,,,,,,,,,,,,,,,,,,,,,,,,,,,,,,,,,,,,,,,,,,,,,,,,,,,,,,,,,,,
40.65625,27.311092,0.00066934404,40.65625,27.311092,0.0005652238,,,,,,,,,,,,,,,,,,,,,,,,,,,,,,,,,,,,,,,,,,,,,,,,,,,,,,,,,,,,,40.65625,27.311092,-0.10180425,40.65625,27.311092,-0.285938,,,,,,,,,,,,,,,,,,,,,,,,,,,,,,,,,,,,,,,,,,,,,,,,,,,,,,,,,,,,,,,
40.65625,27.341072,0.00086271006,40.65625,27.341072,0.00078833854,,,,,,,,,,,,,,,,,,,,,,,,,,,,,,,,,,,,,,,,,,,,,,,,,,,,,,,,,,,,,40.65625,27.341072,0.57524115,40.65625,27.341072,0.53073376,,,,,,,,,,,,,,,,,,,,,,,,,,,,,,,,,,,,,,,,,,,,,,,,,,,,,,,,,,,,,,,
40.65625,27.371052,0.0007437156,40.65625,27.371052,0.0006098468,,,,,,,,,,,,,,,,,,,,,,,,,,,,,,,,,,,,,,,,,,,,,,,,,,,,,,,,,,,,,40.65625,27.371052,0.15407978,40.65625,27.371052,-0.124143094,,,,,,,,,,,,,,,,,,,,,,,,,,,,,,,,,,,,,,,,,,,,,,,,,,,,,,,,,,,,,,,
40.65625,27.401031,0.0005206009,40.65625,27.401031,0.00056522386,,,,,,,,,,,,,,,,,,,,,,,,,,,,,,,,,,,,,,,,,,,,,,,,,,,,,,,,,,,,,40.65625,27.401031,-0.6034983,40.65625,27.401031,-0.29927072,,,,,,,,,,,,,,,,,,,,,,,,,,,,,,,,,,,,,,,,,,,,,,,,,,,,,,,,,,,,,,,
40.65625,27.43101,0.00087758445,40.65625,27.43101,0.00069909263,,,,,,,,,,,,,,,,,,,,,,,,,,,,,,,,,,,,,,,,,,,,,,,,,,,,,,,,,,,,,40.65625,27.43101,0.54629856,40.65625,27.43101,0.1559717,,,,,,,,,,,,,,,,,,,,,,,,,,,,,,,,,,,,,,,,,,,,,,,,,,,,,,,,,,,,,,,
40.65625,27.460989,0.0005503495,40.65625,27.460989,0.00068421825,,,,,,,,,,,,,,,,,,,,,,,,,,,,,,,,,,,,,,,,,,,,,,,,,,,,,,,,,,,,,40.65625,27.460989,-0.48256603,40.65625,27.460989,0.12643269,,,,,,,,,,,,,,,,,,,,,,,,,,,,,,,,,,,,,,,,,,,,,,,,,,,,,,,,,,,,,,,
40.65625,27.490969,0.00078833854,40.65625,27.490969,0.0006395954,,,,,,,,,,,,,,,,,,,,,,,,,,,,,,,,,,,,,,,,,,,,,,,,,,,,,,,,,,,,,40.65625,27.490969,0.24007797,40.65625,27.490969,-0.027568685,,,,,,,,,,,,,,,,,,,,,,,,,,,,,,,,,,,,,,,,,,,,,,,,,,,,,,,,,,,,,,,
40.65625,27.520948,0.0008180871,40.65625,27.520948,0.0005354752,,,,,,,,,,,,,,,,,,,,,,,,,,,,,,,,,,,,,,,,,,,,,,,,,,,,,,,,,,,,,40.65625,27.520948,0.40126944,40.65625,27.520948,-0.3668995,,,,,,,,,,,,,,,,,,,,,,,,,,,,,,,,,,,,,,,,,,,,,,,,,,,,,,,,,,,,,,,
40.65625,27.550926,0.00066934404,40.65625,27.550926,0.00066934404,,,,,,,,,,,,,,,,,,,,,,,,,,,,,,,,,,,,,,,,,,,,,,,,,,,,,,,,,,,,,40.65625,27.550926,-0.0740316,40.65625,27.550926,0.09623012,,,,,,,,,,,,,,,,,,,,,,,,,,,,,,,,,,,,,,,,,,,,,,,,,,,,,,,,,,,,,,,
40.65625,27.580906,0.00058009813,40.65625,27.580906,0.0007437156,,,,,,,,,,,,,,,,,,,,,,,,,,,,,,,,,,,,,,,,,,,,,,,,,,,,,,,,,,,,,40.65625,27.580906,-0.41710955,40.65625,27.580906,0.36921024,,,,,,,,,,,,,,,,,,,,,,,,,,,,,,,,,,,,,,,,,,,,,,,,,,,,,,,,,,,,,,,
40.65625,27.610886,0.0007734642,40.65625,27.610886,0.0007585899,,,,,,,,,,,,,,,,,,,,,,,,,,,,,,,,,,,,,,,,,,,,,,,,,,,,,,,,,,,,,40.65625,27.610886,0.27291703,40.65625,27.610886,0.4112898,,,,,,,,,,,,,,,,,,,,,,,,,,,,,,,,,,,,,,,,,,,,,,,,,,,,,,,,,,,,,,,
40.65625,27.640865,0.00080321287,40.65625,27.640865,0.00041648067,,,,,,,,,,,,,,,,,,,,,,,,,,,,,,,,,,,,,,,,,,,,,,,,,,,,,,,,,,,,,40.65625,27.640865,0.36395395,40.65625,27.640865,-0.8116981,,,,,,,,,,,,,,,,,,,,,,,,,,,,,,,,,,,,,,,,,,,,,,,,,,,,,,,,,,,,,,,
40.65625,27.670843,0.000669344,40.65625,27.670843,0.0006395953,,,,,,,,,,,,,,,,,,,,,,,,,,,,,,,,,,,,,,,,,,,,,,,,,,,,,,,,,,,,,40.65625,27.670843,-0.0669932,40.65625,27.670843,-0.006688019,,,,,,,,,,,,,,,,,,,,,,,,,,,,,,,,,,,,,,,,,,,,,,,,,,,,,,,,,,,,,,,
40.65625,27.700823,0.0009073329,40.65625,27.700823,0.00047597795,,,,,,,,,,,,,,,,,,,,,,,,,,,,,,,,,,,,,,,,,,,,,,,,,,,,,,,,,,,,,40.65625,27.700823,0.71434623,40.65625,27.700823,-0.6027708,,,,,,,,,,,,,,,,,,,,,,,,,,,,,,,,,,,,,,,,,,,,,,,,,,,,,,,,,,,,,,,
40.65625,27.730803,0.0008924586,40.65625,27.730803,0.00087758433,,,,,,,,,,,,,,,,,,,,,,,,,,,,,,,,,,,,,,,,,,,,,,,,,,,,,,,,,,,,,40.65625,27.730803,0.6595918,40.65625,27.730803,0.7917276,,,,,,,,,,,,,,,,,,,,,,,,,,,,,,,,,,,,,,,,,,,,,,,,,,,,,,,,,,,,,,,
40.65625,27.760782,0.0006247211,40.65625,27.760782,0.00055034953,,,,,,,,,,,,,,,,,,,,,,,,,,,,,,,,,,,,,,,,,,,,,,,,,,,,,,,,,,,,,40.65625,27.760782,-0.2710816,40.65625,27.760782,-0.33735806,,,,,,,,,,,,,,,,,,,,,,,,,,,,,,,,,,,,,,,,,,,,,,,,,,,,,,,,,,,,,,,
40.65625,27.79076,0.00065446965,40.65625,27.79076,0.0007883385,,,,,,,,,,,,,,,,,,,,,,,,,,,,,,,,,,,,,,,,,,,,,,,,,,,,,,,,,,,,,40.65625,27.79076,-0.14874905,40.65625,27.79076,0.5113477,,,,,,,,,,,,,,,,,,,,,,,,,,,,,,,,,,,,,,,,,,,,,,,,,,,,,,,,,,,,,,,
40.65625,27.82074,0.0006395953,40.65625,27.82074,0.0005800982,,,,,,,,,,,,,,,,,,,,,,,,,,,,,,,,,,,,,,,,,,,,,,,,,,,,,,,,,,,,,40.65625,27.82074,-0.256191,40.65625,27.82074,-0.22032106,,,,,,,,,,,,,,,,,,,,,,,,,,,,,,,,,,,,,,,,,,,,,,,,,,,,,,,,,,,,,,,
40.65625,27.85072,0.00066934404,40.65625,27.85072,0.00068421825,,,,,,,,,,,,,,,,,,,,,,,,,,,,,,,,,,,,,,,,,,,,,,,,,,,,,,,,,,,,,40.65625,27.85072,-0.06959268,40.65625,27.85072,0.14146705,,,,,,,,,,,,,,,,,,,,,,,,,,,,,,,,,,,,,,,,,,,,,,,,,,,,,,,,,,,,,,,
40.65625,27.8807,0.00065446965,40.65625,27.8807,0.00058009813,,,,,,,,,,,,,,,,,,,,,,,,,,,,,,,,,,,,,,,,,,,,,,,,,,,,,,,,,,,,,40.65625,27.8807,-0.14440423,40.65625,27.8807,-0.24233177,,,,,,,,,,,,,,,,,,,,,,,,,,,,,,,,,,,,,,,,,,,,,,,,,,,,,,,,,,,,,,,
40.65625,27.910677,0.00087758433,40.65625,27.910677,0.0005652238,,,,,,,,,,,,,,,,,,,,,,,,,,,,,,,,,,,,,,,,,,,,,,,,,,,,,,,,,,,,,40.65625,27.910677,0.5562846,40.65625,27.910677,-0.28916818,,,,,,,,,,,,,,,,,,,,,,,,,,,,,,,,,,,,,,,,,,,,,,,,,,,,,,,,,,,,,,,
40.65625,27.940657,0.00056522386,40.65625,27.940657,0.0007288413,,,,,,,,,,,,,,,,,,,,,,,,,,,,,,,,,,,,,,,,,,,,,,,,,,,,,,,,,,,,,40.65625,27.940657,-0.41611433,40.65625,27.940657,0.31148344,,,,,,,,,,,,,,,,,,,,,,,,,,,,,,,,,,,,,,,,,,,,,,,,,,,,,,,,,,,,,,,
40.65625,27.970636,0.00046110366,40.65625,27.970636,0.0005652238,,,,,,,,,,,,,,,,,,,,,,,,,,,,,,,,,,,,,,,,,,,,,,,,,,,,,,,,,,,,,40.65625,27.970636,-0.8001533,40.65625,27.970636,-0.2760538,,,,,,,,,,,,,,,,,,,,,,,,,,,,,,,,,,,,,,,,,,,,,,,,,,,,,,,,,,,,,,,
40.65625,28.000616,0.0005652238,40.65625,28.000616,0.00046110366,,,,,,,,,,,,,,,,,,,,,,,,,,,,,,,,,,,,,,,,,,,,,,,,,,,,,,,,,,,,,40.65625,28.000616,-0.4538968,40.65625,28.000616,-0.6528451,,,,,,,,,,,,,,,,,,,,,,,,,,,,,,,,,,,,,,,,,,,,,,,,,,,,,,,,,,,,,,,
40.65625,28.030594,0.00050572655,40.65625,28.030594,0.0005652238,,,,,,,,,,,,,,,,,,,,,,,,,,,,,,,,,,,,,,,,,,,,,,,,,,,,,,,,,,,,,40.65625,28.030594,-0.63501364,40.65625,28.030594,-0.27692032,,,,,,,,,,,,,,,,,,,,,,,,,,,,,,,,,,,,,,,,,,,,,,,,,,,,,,,,,,,,,,,
40.65625,28.060574,0.0009222073,40.65625,28.060574,0.00077346415,,,,,,,,,,,,,,,,,,,,,,,,,,,,,,,,,,,,,,,,,,,,,,,,,,,,,,,,,,,,,40.65625,28.060574,0.75575423,40.65625,28.060574,0.47266662,,,,,,,,,,,,,,,,,,,,,,,,,,,,,,,,,,,,,,,,,,,,,,,,,,,,,,,,,,,,,,,
40.65625,28.090553,0.0007585899,40.65625,28.090553,0.00072884123,,,,,,,,,,,,,,,,,,,,,,,,,,,,,,,,,,,,,,,,,,,,,,,,,,,,,,,,,,,,,40.65625,28.090553,0.16848129,40.65625,28.090553,0.3200402,,,,,,,,,,,,,,,,,,,,,,,,,,,,,,,,,,,,,,,,,,,,,,,,,,,,,,,,,,,,,,,
40.65625,28.120533,0.00058009813,40.65625,28.120533,0.00065446965,,,,,,,,,,,,,,,,,,,,,,,,,,,,,,,,,,,,,,,,,,,,,,,,,,,,,,,,,,,,,40.65625,28.120533,-0.4028184,40.65625,28.120533,0.044315856,,,,,,,,,,,,,,,,,,,,,,,,,,,,,,,,,,,,,,,,,,,,,,,,,,,,,,,,,,,,,,,
40.65625,28.150513,0.00060984667,40.65625,28.150513,0.0006098468,,,,,,,,,,,,,,,,,,,,,,,,,,,,,,,,,,,,,,,,,,,,,,,,,,,,,,,,,,,,,40.65625,28.150513,-0.29623663,40.65625,28.150513,-0.119776756,,,,,,,,,,,,,,,,,,,,,,,,,,,,,,,,,,,,,,,,,,,,,,,,,,,,,,,,,,,,,,,
40.65625,28.18049,0.00065446965,40.65625,28.18049,0.0007883385,,,,,,,,,,,,,,,,,,,,,,,,,,,,,,,,,,,,,,,,,,,,,,,,,,,,,,,,,,,,,40.65625,28.18049,-0.1402812,40.65625,28.18049,0.5107762,,,,,,,,,,,,,,,,,,,,,,,,,,,,,,,,,,,,,,,,,,,,,,,,,,,,,,,,,,,,,,,
40.65625,28.21047,0.00072884123,40.65625,28.21047,0.0006693441,,,,,,,,,,,,,,,,,,,,,,,,,,,,,,,,,,,,,,,,,,,,,,,,,,,,,,,,,,,,,40.65625,28.21047,0.14774941,40.65625,28.21047,0.09449502,,,,,,,,,,,,,,,,,,,,,,,,,,,,,,,,,,,,,,,,,,,,,,,,,,,,,,,,,,,,,,,
40.65625,28.24045,0.0006098468,40.65625,28.24045,0.0006842183,,,,,,,,,,,,,,,,,,,,,,,,,,,,,,,,,,,,,,,,,,,,,,,,,,,,,,,,,,,,,40.65625,28.24045,-0.2737714,40.65625,28.24045,0.13700508,,,,,,,,,,,,,,,,,,,,,,,,,,,,,,,,,,,,,,,,,,,,,,,,,,,,,,,,,,,,,,,
40.65625,28.27043,0.000713967,40.65625,28.27043,0.0005503495,,,,,,,,,,,,,,,,,,,,,,,,,,,,,,,,,,,,,,,,,,,,,,,,,,,,,,,,,,,,,40.65625,28.27043,0.1359737,40.65625,28.27043,-0.35830152,,,,,,,,,,,,,,,,,,,,,,,,,,,,,,,,,,,,,,,,,,,,,,,,,,,,,,,,,,,,,,,
40.65625,28.300407,0.0007734641,40.65625,28.300407,0.0006098468,,,,,,,,,,,,,,,,,,,,,,,,,,,,,,,,,,,,,,,,,,,,,,,,,,,,,,,,,,,,,40.65625,28.300407,0.2152522,40.65625,28.300407,-0.12764734,,,,,,,,,,,,,,,,,,,,,,,,,,,,,,,,,,,,,,,,,,,,,,,,,,,,,,,,,,,,,,,
40.65625,28.330387,0.00090733304,40.65625,28.330387,0.00077346415,,,,,,,,,,,,,,,,,,,,,,,,,,,,,,,,,,,,,,,,,,,,,,,,,,,,,,,,,,,,,40.65625,28.330387,0.74435467,40.65625,28.330387,0.47389406,,,,,,,,,,,,,,,,,,,,,,,,,,,,,,,,,,,,,,,,,,,,,,,,,,,,,,,,,,,,,,,
40.65625,28.360367,0.0007139669,40.65625,28.360367,0.0007288412,,,,,,,,,,,,,,,,,,,,,,,,,,,,,,,,,,,,,,,,,,,,,,,,,,,,,,,,,,,,,40.65625,28.360367,0.060145497,40.65625,28.360367,0.30672342,,,,,,,,,,,,,,,,,,,,,,,,,,,,,,,,,,,,,,,,,,,,,,,,,,,,,,,,,,,,,,,
40.65625,28.390347,0.0007139669,40.65625,28.390347,0.0007585899,,,,,,,,,,,,,,,,,,,,,,,,,,,,,,,,,,,,,,,,,,,,,,,,,,,,,,,,,,,,,40.65625,28.390347,0.040203962,40.65625,28.390347,0.41359898,,,,,,,,,,,,,,,,,,,,,,,,,,,,,,,,,,,,,,,,,,,,,,,,,,,,,,,,,,,,,,,
40.65625,28.420324,0.0008478358,40.65625,28.420324,0.0005800982,,,,,,,,,,,,,,,,,,,,,,,,,,,,,,,,,,,,,,,,,,,,,,,,,,,,,,,,,,,,,40.65625,28.420324,0.524328,40.65625,28.420324,-0.22369269,,,,,,,,,,,,,,,,,,,,,,,,,,,,,,,,,,,,,,,,,,,,,,,,,,,,,,,,,,,,,,,
40.65625,28.450304,0.0006990926,40.65625,28.450304,0.0005652238,,,,,,,,,,,,,,,,,,,,,,,,,,,,,,,,,,,,,,,,,,,,,,,,,,,,,,,,,,,,,40.65625,28.450304,-0.032659438,40.65625,28.450304,-0.26548925,,,,,,,,,,,,,,,,,,,,,,,,,,,,,,,,,,,,,,,,,,,,,,,,,,,,,,,,,,,,,,,
40.65625,28.480284,0.000713967,40.65625,28.480284,0.0007139669,,,,,,,,,,,,,,,,,,,,,,,,,,,,,,,,,,,,,,,,,,,,,,,,,,,,,,,,,,,,,40.65625,28.480284,0.111352056,40.65625,28.480284,0.22783838,,,,,,,,,,,,,,,,,,,,,,,,,,,,,,,,,,,,,,,,,,,,,,,,,,,,,,,,,,,,,,,
40.65625,28.510263,0.00077346415,40.65625,28.510263,0.0005949724,,,,,,,,,,,,,,,,,,,,,,,,,,,,,,,,,,,,,,,,,,,,,,,,,,,,,,,,,,,,,40.65625,28.510263,0.2733238,40.65625,28.510263,-0.16264729,,,,,,,,,,,,,,,,,,,,,,,,,,,,,,,,,,,,,,,,,,,,,,,,,,,,,,,,,,,,,,,
40.65625,28.540241,0.000713967,40.65625,28.540241,0.00062472105,,,,,,,,,,,,,,,,,,,,,,,,,,,,,,,,,,,,,,,,,,,,,,,,,,,,,,,,,,,,,40.65625,28.540241,0.057279393,40.65625,28.540241,-0.07267451,,,,,,,,,,,,,,,,,,,,,,,,,,,,,,,,,,,,,,,,,,,,,,,,,,,,,,,,,,,,,,,
40.65625,28.57022,0.0006395954,40.65625,28.57022,0.00080321287,,,,,,,,,,,,,,,,,,,,,,,,,,,,,,,,,,,,,,,,,,,,,,,,,,,,,,,,,,,,,40.65625,28.57022,-0.17958033,40.65625,28.57022,0.58133274,,,,,,,,,,,,,,,,,,,,,,,,,,,,,,,,,,,,,,,,,,,,,,,,,,,,,,,,,,,,,,,
40.65625,28.6002,0.00069909263,40.65625,28.6002,0.0005354752,,,,,,,,,,,,,,,,,,,,,,,,,,,,,,,,,,,,,,,,,,,,,,,,,,,,,,,,,,,,,40.65625,28.6002,0.0018184847,40.65625,28.6002,-0.39586717,,,,,,,,,,,,,,,,,,,,,,,,,,,,,,,,,,,,,,,,,,,,,,,,,,,,,,,,,,,,,,,
40.65625,28.63018,0.00071396696,40.65625,28.63018,0.0006990927,,,,,,,,,,,,,,,,,,,,,,,,,,,,,,,,,,,,,,,,,,,,,,,,,,,,,,,,,,,,,40.65625,28.63018,0.036691573,40.65625,28.63018,0.1757289,,,,,,,,,,,,,,,,,,,,,,,,,,,,,,,,,,,,,,,,,,,,,,,,,,,,,,,,,,,,,,,
40.65625,28.660158,0.0007734641,40.65625,28.660158,0.00058009813,,,,,,,,,,,,,,,,,,,,,,,,,,,,,,,,,,,,,,,,,,,,,,,,,,,,,,,,,,,,,40.65625,28.660158,0.27067867,40.65625,28.660158,-0.21559368,,,,,,,,,,,,,,,,,,,,,,,,,,,,,,,,,,,,,,,,,,,,,,,,,,,,,,,,,,,,,,,
40.65625,28.690138,0.00066934404,40.65625,28.690138,0.00069909263,,,,,,,,,,,,,,,,,,,,,,,,,,,,,,,,,,,,,,,,,,,,,,,,,,,,,,,,,,,,,40.65625,28.690138,-0.14374892,40.65625,28.690138,0.20670114,,,,,,,,,,,,,,,,,,,,,,,,,,,,,,,,,,,,,,,,,,,,,,,,,,,,,,,,,,,,,,,
40.65625,28.720118,0.00056522386,40.65625,28.720118,0.00069909263,,,,,,,,,,,,,,,,,,,,,,,,,,,,,,,,,,,,,,,,,,,,,,,,,,,,,,,,,,,,,40.65625,28.720118,-0.41319472,40.65625,28.720118,0.17220485,,,,,,,,,,,,,,,,,,,,,,,,,,,,,,,,,,,,,,,,,,,,,,,,,,,,,,,,,,,,,,,
40.65625,28.750097,0.0005652238,40.65625,28.750097,0.00059497246,,,,,,,,,,,,,,,,,,,,,,,,,,,,,,,,,,,,,,,,,,,,,,,,,,,,,,,,,,,,,40.65625,28.750097,-0.44996282,40.65625,28.750097,-0.18009445,,,,,,,,,,,,,,,,,,,,,,,,,,,,,,,,,,,,,,,,,,,,,,,,,,,,,,,,,,,,,,,
40.65625,28.780075,0.00069909263,40.65625,28.780075,0.0006395954,,,,,,,,,,,,,,,,,,,,,,,,,,,,,,,,,,,,,,,,,,,,,,,,,,,,,,,,,,,,,40.65625,28.780075,-0.02785139,40.65625,28.780075,-0.050699014,,,,,,,,,,,,,,,,,,,,,,,,,,,,,,,,,,,,,,,,,,,,,,,,,,,,,,,,,,,,,,,
40.65625,28.810055,0.00074371556,40.65625,28.810055,0.00068421825,,,,,,,,,,,,,,,,,,,,,,,,,,,,,,,,,,,,,,,,,,,,,,,,,,,,,,,,,,,,,40.65625,28.810055,0.16803797,40.65625,28.810055,0.15202338,,,,,,,,,,,,,,,,,,,,,,,,,,,,,,,,,,,,,,,,,,,,,,,,,,,,,,,,,,,,,,,
40.65625,28.840034,0.00072884123,40.65625,28.840034,0.00065446965,,,,,,,,,,,,,,,,,,,,,,,,,,,,,,,,,,,,,,,,,,,,,,,,,,,,,,,,,,,,,40.65625,28.840034,0.09136519,40.65625,28.840034,0.030719638,,,,,,,,,,,,,,,,,,,,,,,,,,,,,,,,,,,,,,,,,,,,,,,,,,,,,,,,,,,,,,,
40.65625,28.870014,0.0007585899,40.65625,28.870014,0.0005206008,,,,,,,,,,,,,,,,,,,,,,,,,,,,,,,,,,,,,,,,,,,,,,,,,,,,,,,,,,,,,40.65625,28.870014,0.15212601,40.65625,28.870014,-0.44484377,,,,,,,,,,,,,,,,,,,,,,,,,,,,,,,,,,,,,,,,,,,,,,,,,,,,,,,,,,,,,,,
40.65625,28.899992,0.00065446977,40.65625,28.899992,0.0005503495,,,,,,,,,,,,,,,,,,,,,,,,,,,,,,,,,,,,,,,,,,,,,,,,,,,,,,,,,,,,,40.65625,28.899992,-0.1406482,40.65625,28.899992,-0.3129741,,,,,,,,,,,,,,,,,,,,,,,,,,,,,,,,,,,,,,,,,,,,,,,,,,,,,,,,,,,,,,,
40.65625,28.929972,0.00043135503,40.65625,28.929972,0.0008032128,,,,,,,,,,,,,,,,,,,,,,,,,,,,,,,,,,,,,,,,,,,,,,,,,,,,,,,,,,,,,40.65625,28.929972,-0.8873827,40.65625,28.929972,0.5761265,,,,,,,,,,,,,,,,,,,,,,,,,,,,,,,,,,,,,,,,,,,,,,,,,,,,,,,,,,,,,,,
40.65625,28.959951,0.0005354752,40.65625,28.959951,0.00050572655,,,,,,,,,,,,,,,,,,,,,,,,,,,,,,,,,,,,,,,,,,,,,,,,,,,,,,,,,,,,,40.65625,28.959951,-0.5010292,40.65625,28.959951,-0.5009414,,,,,,,,,,,,,,,,,,,,,,,,,,,,,,,,,,,,,,,,,,,,,,,,,,,,,,,,,,,,,,,
40.65625,28.989931,0.00068421836,40.65625,28.989931,0.0006395954,,,,,,,,,,,,,,,,,,,,,,,,,,,,,,,,,,,,,,,,,,,,,,,,,,,,,,,,,,,,,40.65625,28.989931,-0.0825853,40.65625,28.989931,-0.0076105064,,,,,,,,,,,,,,,,,,,,,,,,,,,,,,,,,,,,,,,,,,,,,,,,,,,,,,,,,,,,,,,
40.65625,29.01991,0.00074371556,40.65625,29.01991,0.0006098467,,,,,,,,,,,,,,,,,,,,,,,,,,,,,,,,,,,,,,,,,,,,,,,,,,,,,,,,,,,,,40.65625,29.01991,0.14582843,40.65625,29.01991,-0.12288979,,,,,,,,,,,,,,,,,,,,,,,,,,,,,,,,,,,,,,,,,,,,,,,,,,,,,,,,,,,,,,,
40.65625,29.049889,0.00062472105,40.65625,29.049889,0.00078833854,,,,,,,,,,,,,,,,,,,,,,,,,,,,,,,,,,,,,,,,,,,,,,,,,,,,,,,,,,,,,40.65625,29.049889,-0.26092374,40.65625,29.049889,0.49362388,,,,,,,,,,,,,,,,,,,,,,,,,,,,,,,,,,,,,,,,,,,,,,,,,,,,,,,,,,,,,,,
40.65625,29.079868,0.00052060094,40.65625,29.079868,0.0005949724,,,,,,,,,,,,,,,,,,,,,,,,,,,,,,,,,,,,,,,,,,,,,,,,,,,,,,,,,,,,,40.65625,29.079868,-0.5262462,40.65625,29.079868,-0.19208391,,,,,,,,,,,,,,,,,,,,,,,,,,,,,,,,,,,,,,,,,,,,,,,,,,,,,,,,,,,,,,,
40.65625,29.109848,0.00055034953,40.65625,29.109848,0.0005800981,,,,,,,,,,,,,,,,,,,,,,,,,,,,,,,,,,,,,,,,,,,,,,,,,,,,,,,,,,,,,40.65625,29.109848,-0.45479405,40.65625,29.109848,-0.2517355,,,,,,,,,,,,,,,,,,,,,,,,,,,,,,,,,,,,,,,,,,,,,,,,,,,,,,,,,,,,,,,
40.65625,29.139828,0.000669344,40.65625,29.139828,0.00065446965,,,,,,,,,,,,,,,,,,,,,,,,,,,,,,,,,,,,,,,,,,,,,,,,,,,,,,,,,,,,,40.65625,29.139828,-0.10831057,40.65625,29.139828,0.03885438,,,,,,,,,,,,,,,,,,,,,,,,,,,,,,,,,,,,,,,,,,,,,,,,,,,,,,,,,,,,,,,
40.65625,29.169806,0.00062472105,40.65625,29.169806,0.0006842183,,,,,,,,,,,,,,,,,,,,,,,,,,,,,,,,,,,,,,,,,,,,,,,,,,,,,,,,,,,,,40.65625,29.169806,-0.26416954,40.65625,29.169806,0.10038645,,,,,,,,,,,,,,,,,,,,,,,,,,,,,,,,,,,,,,,,,,,,,,,,,,,,,,,,,,,,,,,
40.65625,29.199785,0.00066934404,40.65625,29.199785,0.00058009813,,,,,,,,,,,,,,,,,,,,,,,,,,,,,,,,,,,,,,,,,,,,,,,,,,,,,,,,,,,,,40.65625,29.199785,-0.11253386,40.65625,29.199785,-0.23432265,,,,,,,,,,,,,,,,,,,,,,,,,,,,,,,,,,,,,,,,,,,,,,,,,,,,,,,,,,,,,,,
40.65625,29.229765,0.00086271,40.65625,29.229765,0.0008924587,,,,,,,,,,,,,,,,,,,,,,,,,,,,,,,,,,,,,,,,,,,,,,,,,,,,,,,,,,,,,40.65625,29.229765,0.55844814,40.65625,29.229765,0.88867354,,,,,,,,,,,,,,,,,,,,,,,,,,,,,,,,,,,,,,,,,,,,,,,,,,,,,,,,,,,,,,,
40.65625,29.259745,0.00062472105,40.65625,29.259745,0.0007734642,,,,,,,,,,,,,,,,,,,,,,,,,,,,,,,,,,,,,,,,,,,,,,,,,,,,,,,,,,,,,40.65625,29.259745,-0.22892277,40.65625,29.259745,0.42084825,,,,,,,,,,,,,,,,,,,,,,,,,,,,,,,,,,,,,,,,,,,,,,,,,,,,,,,,,,,,,,,
40.65625,29.289722,0.0007883385,40.65625,29.289722,0.00071396696,,,,,,,,,,,,,,,,,,,,,,,,,,,,,,,,,,,,,,,,,,,,,,,,,,,,,,,,,,,,,40.65625,29.289722,0.25289205,40.65625,29.289722,0.24736749,,,,,,,,,,,,,,,,,,,,,,,,,,,,,,,,,,,,,,,,,,,,,,,,,,,,,,,,,,,,,,,
40.65625,29.319702,0.0007883385,40.65625,29.319702,0.0006098468,,,,,,,,,,,,,,,,,,,,,,,,,,,,,,,,,,,,,,,,,,,,,,,,,,,,,,,,,,,,,40.65625,29.319702,0.29789102,40.65625,29.319702,-0.114148416,,,,,,,,,,,,,,,,,,,,,,,,,,,,,,,,,,,,,,,,,,,,,,,,,,,,,,,,,,,,,,,
40.65625,29.349682,0.0005800982,40.65625,29.349682,0.0005354752,,,,,,,,,,,,,,,,,,,,,,,,,,,,,,,,,,,,,,,,,,,,,,,,,,,,,,,,,,,,,40.65625,29.349682,-0.39697176,40.65625,29.349682,-0.3713814,,,,,,,,,,,,,,,,,,,,,,,,,,,,,,,,,,,,,,,,,,,,,,,,,,,,,,,,,,,,,,,
40.65625,29.379662,0.00068421825,40.65625,29.379662,0.0005652238,,,,,,,,,,,,,,,,,,,,,,,,,,,,,,,,,,,,,,,,,,,,,,,,,,,,,,,,,,,,,40.65625,29.379662,-0.12020862,40.65625,29.379662,-0.28091538,,,,,,,,,,,,,,,,,,,,,,,,,,,,,,,,,,,,,,,,,,,,,,,,,,,,,,,,,,,,,,,
40.65625,29.40964,0.0009073329,40.65625,29.40964,0.00059497246,,,,,,,,,,,,,,,,,,,,,,,,,,,,,,,,,,,,,,,,,,,,,,,,,,,,,,,,,,,,,40.65625,29.40964,0.69174314,40.65625,29.40964,-0.16547062,,,,,,,,,,,,,,,,,,,,,,,,,,,,,,,,,,,,,,,,,,,,,,,,,,,,,,,,,,,,,,,
40.65625,29.43962,0.0007734642,40.65625,29.43962,0.00065446965,,,,,,,,,,,,,,,,,,,,,,,,,,,,,,,,,,,,,,,,,,,,,,,,,,,,,,,,,,,,,40.65625,29.43962,0.27193478,40.65625,29.43962,0.003811664,,,,,,,,,,,,,,,,,,,,,,,,,,,,,,,,,,,,,,,,,,,,,,,,,,,,,,,,,,,,,,,
40.65625,29.469599,0.00077346415,40.65625,29.469599,0.00059497246,,,,,,,,,,,,,,,,,,,,,,,,,,,,,,,,,,,,,,,,,,,,,,,,,,,,,,,,,,,,,40.65625,29.469599,0.30462703,40.65625,29.469599,-0.17407337,,,,,,,,,,,,,,,,,,,,,,,,,,,,,,,,,,,,,,,,,,,,,,,,,,,,,,,,,,,,,,,
40.65625,29.499578,0.0007883386,40.65625,29.499578,0.00060984667,,,,,,,,,,,,,,,,,,,,,,,,,,,,,,,,,,,,,,,,,,,,,,,,,,,,,,,,,,,,,40.65625,29.499578,0.30793843,40.65625,29.499578,-0.14612159,,,,,,,,,,,,,,,,,,,,,,,,,,,,,,,,,,,,,,,,,,,,,,,,,,,,,,,,,,,,,,,
40.65625,29.529556,0.00062472105,40.65625,29.529556,0.0005652238,,,,,,,,,,,,,,,,,,,,,,,,,,,,,,,,,,,,,,,,,,,,,,,,,,,,,,,,,,,,,40.65625,29.529556,-0.25759915,40.65625,29.529556,-0.26495773,,,,,,,,,,,,,,,,,,,,,,,,,,,,,,,,,,,,,,,,,,,,,,,,,,,,,,,,,,,,,,,
40.65625,29.559536,0.0007734642,40.65625,29.559536,0.00058009813,,,,,,,,,,,,,,,,,,,,,,,,,,,,,,,,,,,,,,,,,,,,,,,,,,,,,,,,,,,,,40.65625,29.559536,0.23915727,40.65625,29.559536,-0.20710963,,,,,,,,,,,,,,,,,,,,,,,,,,,,,,,,,,,,,,,,,,,,,,,,,,,,,,,,,,,,,,,
40.65625,29.589516,0.0006395954,40.65625,29.589516,0.0005652238,,,,,,,,,,,,,,,,,,,,,,,,,,,,,,,,,,,,,,,,,,,,,,,,,,,,,,,,,,,,,40.65625,29.589516,-0.14532307,40.65625,29.589516,-0.30778176,,,,,,,,,,,,,,,,,,,,,,,,,,,,,,,,,,,,,,,,,,,,,,,,,,,,,,,,,,,,,,,
40.65625,29.619495,0.0007437155,40.65625,29.619495,0.0006842183,,,,,,,,,,,,,,,,,,,,,,,,,,,,,,,,,,,,,,,,,,,,,,,,,,,,,,,,,,,,,40.65625,29.619495,0.15682757,40.65625,29.619495,0.1402424,,,,,,,,,,,,,,,,,,,,,,,,,,,,,,,,,,,,,,,,,,,,,,,,,,,,,,,,,,,,,,,
40.65625,29.649473,0.0006395954,40.65625,29.649473,0.000713967,,,,,,,,,,,,,,,,,,,,,,,,,,,,,,,,,,,,,,,,,,,,,,,,,,,,,,,,,,,,,40.65625,29.649473,-0.21300133,40.65625,29.649473,0.23443294,,,,,,,,,,,,,,,,,,,,,,,,,,,,,,,,,,,,,,,,,,,,,,,,,,,,,,,,,,,,,,,
40.65625,29.679453,0.000669344,40.65625,29.679453,0.0005800982,,,,,,,,,,,,,,,,,,,,,,,,,,,,,,,,,,,,,,,,,,,,,,,,,,,,,,,,,,,,,40.65625,29.679453,-0.11902009,40.65625,29.679453,-0.22985323,,,,,,,,,,,,,,,,,,,,,,,,,,,,,,,,,,,,,,,,,,,,,,,,,,,,,,,,,,,,,,,
40.65625,29.709433,0.0007288413,40.65625,29.709433,0.0005206009,,,,,,,,,,,,,,,,,,,,,,,,,,,,,,,,,,,,,,,,,,,,,,,,,,,,,,,,,,,,,40.65625,29.709433,0.052728236,40.65625,29.709433,-0.4409684,,,,,,,,,,,,,,,,,,,,,,,,,,,,,,,,,,,,,,,,,,,,,,,,,,,,,,,,,,,,,,,
40.65625,29.739412,0.0005949724,40.65625,29.739412,0.0007585899,,,,,,,,,,,,,,,,,,,,,,,,,,,,,,,,,,,,,,,,,,,,,,,,,,,,,,,,,,,,,40.65625,29.739412,-0.35476795,40.65625,29.739412,0.37379026,,,,,,,,,,,,,,,,,,,,,,,,,,,,,,,,,,,,,,,,,,,,,,,,,,,,,,,,,,,,,,,
40.65625,29.76939,0.0006990927,40.65625,29.76939,0.0006247211,,,,,,,,,,,,,,,,,,,,,,,,,,,,,,,,,,,,,,,,,,,,,,,,,,,,,,,,,,,,,40.65625,29.76939,0.03298614,40.65625,29.76939,-0.07642004,,,,,,,,,,,,,,,,,,,,,,,,,,,,,,,,,,,,,,,,,,,,,,,,,,,,,,,,,,,,,,,
40.65625,29.79937,0.0006395954,40.65625,29.79937,0.00077346415,,,,,,,,,,,,,,,,,,,,,,,,,,,,,,,,,,,,,,,,,,,,,,,,,,,,,,,,,,,,,40.65625,29.79937,-0.21683542,40.65625,29.79937,0.43369967,,,,,,,,,,,,,,,,,,,,,,,,,,,,,,,,,,,,,,,,,,,,,,,,,,,,,,,,,,,,,,,
40.65625,29.82935,0.0006842183,40.65625,29.82935,0.0006395954,,,,,,,,,,,,,,,,,,,,,,,,,,,,,,,,,,,,,,,,,,,,,,,,,,,,,,,,,,,,,40.65625,29.82935,-0.02227652,40.65625,29.82935,-0.029765487,,,,,,,,,,,,,,,,,,,,,,,,,,,,,,,,,,,,,,,,,,,,,,,,,,,,,,,,,,,,,,,
40.65625,29.85933,0.00066934404,40.65625,29.85933,0.00058009813,,,,,,,,,,,,,,,,,,,,,,,,,,,,,,,,,,,,,,,,,,,,,,,,,,,,,,,,,,,,,40.65625,29.85933,-0.09169968,40.65625,29.85933,-0.24970746,,,,,,,,,,,,,,,,,,,,,,,,,,,,,,,,,,,,,,,,,,,,,,,,,,,,,,,,,,,,,,,
40.65625,29.889309,0.00078833854,40.65625,29.889309,0.0007139669,,,,,,,,,,,,,,,,,,,,,,,,,,,,,,,,,,,,,,,,,,,,,,,,,,,,,,,,,,,,,40.65625,29.889309,0.25613964,40.65625,29.889309,0.2876361,,,,,,,,,,,,,,,,,,,,,,,,,,,,,,,,,,,,,,,,,,,,,,,,,,,,,,,,,,,,,,,
40.65625,29.919287,0.00090733304,40.65625,29.919287,0.00065446965,,,,,,,,,,,,,,,,,,,,,,,,,,,,,,,,,,,,,,,,,,,,,,,,,,,,,,,,,,,,,40.65625,29.919287,0.7566215,40.65625,29.919287,0.0069016484,,,,,,,,,,,,,,,,,,,,,,,,,,,,,,,,,,,,,,,,,,,,,,,,,,,,,,,,,,,,,,,
40.65625,29.949266,0.00068421836,40.65625,29.949266,0.000669344,,,,,,,,,,,,,,,,,,,,,,,,,,,,,,,,,,,,,,,,,,,,,,,,,,,,,,,,,,,,,40.65625,29.949266,-0.016373025,40.65625,29.949266,0.055031054,,,,,,,,,,,,,,,,,,,,,,,,,,,,,,,,,,,,,,,,,,,,,,,,,,,,,,,,,,,,,,,
40.65625,29.979246,0.00069909263,40.65625,29.979246,0.00065446965,,,,,,,,,,,,,,,,,,,,,,,,,,,,,,,,,,,,,,,,,,,,,,,,,,,,,,,,,,,,,40.65625,29.979246,0.015317891,40.65625,29.979246,0.036920965,,,,,,,,,,,,,,,,,,,,,,,,,,,,,,,,,,,,,,,,,,,,,,,,,,,,,,,,,,,,,,,
