day,time_tag,bin_index,range_m,analog,analog_sterr,photon_counting,pc_sterr,overflow_info,SNR_analog,SNR_Photon,photon_per_bin,analog_bg_corr,Photon_per_bin_bg_corr,afterpulse_raw,afterpulse_counts_per_bin,photon_APcorr_counts,photon_deadtime_counts,photon_deadtime_corr,k_scale,b_offset,r2_overlap,analog_scaled_for_glue,weight_w,merged_counts_per_bin,range2_corrected_counts,range2_norm,ratio_mean_overlap,ratio_std_overlap
09-01-2026,19.05,0,0.0,27.24,0.146017,184.194,0.873024,0.0,186.5536204688495,210.9838904772377,4.60485,,,,,,,,,,,,,,,,,
09-01-2026,19.05,1,3.75,59.2474,0.33065,195.898,0.88296,0.0,179.18463632239528,221.86509015130923,4.89745,,,,,,,,,,,,,,,,,
09-01-2026,19.05,2,7.5,251.183,2.26246,115.061,1.35922,0.0,111.02207331842331,84.65222701255132,2.876525,,,,,,,,,,,,,,,,,
09-01-2026,19.05,3,11.25,472.172,0.12582,1.18878,0.141164,0.0,3752.7579081227154,8.421268878750956,0.0297195,,,,,,,,,,,,,,,,,
09-01-2026,19.05,4,15.0,473.457,0.0,0.0,0.0,0.0,inf,,0.0,,,,,,,,,,,,,,,,,
09-01-2026,19.05,5,18.75,473.457,0.0,0.0167434,0.0167889,0.0,inf,0.9972898760490562,0.000418585,,,,,,,,,,,,,,,,,
09-01-2026,19.05,6,22.5,473.457,0.0,21.599,0.655796,0.0,inf,32.93554702986904,0.539975,,,,,,,,,,,,,,,,,
09-01-2026,19.05,7,26.25,473.457,1.42467e-05,21.4316,0.662306,0.0,33232748.636526354,32.359060615485895,0.53579,,,,,,,,,,,,,,,,,
09-01-2026,19.05,8,30.0,473.457,0.0,5.5923,0.339547,0.0,inf,16.469884876026,0.1398075,,,,,,,,,,,,,,,,,
09-01-2026,19.05,9,33.75,473.457,6.40446e-06,15.8728,0.535875,0.0,73926138.97190395,29.62034056449732,0.39682,,,,,,,,,,,,,,,,,
09-01-2026,19.05,10,37.5,473.457,6.40446e-06,43.198,0.807581,0.0,73926138.97190395,53.49060961067683,1.07995,,,,,,,,,,,,,,,,,
09-01-2026,19.05,11,41.25,473.457,0.0,97.5303,1.01247,0.0,inf,96.32907641707902,2.4382574999999997,,,,,,,,,,,,,,,,,
09-01-2026,19.05,12,45.0,473.457,6.40446e-06,146.069,1.032,0.0,73926138.97190395,141.53972868217053,3.651725,,,,,,,,,,,,,,,,,
09-01-2026,19.05,13,48.75,473.457,0.0,134.65,1.09813,0.0,inf,122.61754072832906,3.36625,,,,,,,,,,,,,,,,,
09-01-2026,19.05,14,52.5,473.457,0.0,92.005,0.980267,0.0,inf,93.85708179506196,2.300125,,,,,,,,,,,,,,,,,
09-01-2026,19.05,15,56.25,473.457,0.0,87.2666,0.930928,0.0,inf,93.74151384425004,2.181665,,,,,,,,,,,,,,,,,
09-01-2026,19.05,16,60.0,473.457,0.0,88.7735,0.926132,0.0,inf,95.85404672336125,2.2193375,,,,,,,,,,,,,,,,,
09-01-2026,19.05,17,63.75,473.457,0.0,96.8439,0.92716,0.0,inf,104.45219811035852,2.4210975000000006,,,,,,,,,,,,,,,,,
09-01-2026,19.05,18,67.5,473.457,6.40446e-06,113.738,0.941893,0.0,73926138.97190395,120.75469294282897,2.84345,,,,,,,,,,,,,,,,,
09-01-2026,19.05,19,71.25,473.457,9.01853e-06,122.93,0.933327,0.0,52498245.27944133,131.71160804305458,3.0732500000000003,,,,,,,,,,,,,,,,,
09-01-2026,19.05,20,75.0,473.457,0.0,120.318,0.918251,0.0,inf,131.0295333193212,3.0079499999999997,,,,,,,,,,,,,,,,,
09-01-2026,19.05,21,78.75,473.457,0.0,138.083,0.937096,0.0,inf,147.35203223575812,3.452075,,,,,,,,,,,,,,,,,
09-01-2026,19.05,22,82.5,473.457,0.0,155.613,0.931614,0.0,inf,167.03591830951444,3.890325,,,,,,,,,,,,,,,,,
09-01-2026,19.05,23,86.25,473.457,0.0,170.264,0.933327,0.0,inf,182.4269521828898,4.256600000000001,,,,,,,,,,,,,,,,,
09-01-2026,19.05,24,90.0,473.457,0.0,186.153,0.895295,0.0,inf,207.92364527893042,4.653825,,,,,,,,,,,,,,,,,
09-01-2026,19.05,25,93.75,473.457,0.0,194.977,0.91551,0.0,inf,212.97091238763093,4.8744250000000005,,,,,,,,,,,,,,,,,
09-01-2026,19.05,26,97.5,473.457,0.0,199.28,0.898036,0.0,inf,221.90647145548732,4.982,,,,,,,,,,,,,,,,,
09-01-2026,19.05,27,101.25,473.457,0.0,204.755,0.873709,0.0,inf,234.3514831597248,5.118875,,,,,,,,,,,,,,,,,
09-01-2026,19.05,28,105.0,473.457,0.0,204.772,0.909685,0.0,inf,225.1020957804075,5.1193,,,,,,,,,,,,,,,,,
09-01-2026,19.05,29,108.75,473.457,0.0,205.023,0.897008,0.0,inf,228.5631789237108,5.1255749999999995,,,,,,,,,,,,,,,,,
09-01-2026,19.05,30,112.5,473.457,0.0,203.081,0.902147,0.0,inf,225.10854661158322,5.077025,,,,,,,,,,,,,,,,,
09-01-2026,19.05,31,116.25,473.457,0.0,201.524,0.872681,0.0,inf,230.9251605111146,5.038100000000001,,,,,,,,,,,,,,,,,
09-01-2026,19.05,32,120.0,473.457,0.0,202.277,0.893582,0.0,inf,226.36646664771672,5.056925,,,,,,,,,,,,,,,,,
09-01-2026,19.05,33,123.75,473.457,0.0,202.729,0.890841,0.0,inf,227.57035206058097,5.068225000000001,,,,,,,,,,,,,,,,,
09-01-2026,19.05,34,127.5,473.466,0.00783488,203.583,0.884673,0.0,60430.53626858356,230.12231638130697,5.089575,,,,,,,,,,,,,,,,,
09-01-2026,19.05,35,131.25,477.829,0.182909,200.871,0.878849,1.0,2612.3864872696263,228.56144798480742,5.021775000000001,,,,,,,,,,,,,,,,,
09-01-2026,19.05,36,135.0,496.994,0.157717,202.009,0.874394,1.0,3151.175840270865,231.02743156975,5.050224999999999,,,,,,,,,,,,,,,,,
09-01-2026,19.05,37,138.75,499.989,0.0111104,202.16,0.917566,1.0,45001.89012096774,220.32202588151696,5.054,,,,,,,,,,,,,,,,,
09-01-2026,19.05,38,142.5,500.0,0.0,201.658,0.883303,1.0,inf,228.29991520463534,5.04145,,,,,,,,,,,,,,,,,
09-01-2026,19.05,39,146.25,500.0,0.0,202.763,0.886044,1.0,inf,228.84077991612153,5.069075,,,,,,,,,,,,,,,,,
09-01-2026,19.05,40,150.0,499.997,0.00298278,200.569,0.880904,1.0,167627.8505287014,227.68542315621224,5.014225,,,,,,,,,,,,,,,,,
09-01-2026,19.05,41,153.75,498.981,0.0855242,203.248,0.893924,1.0,5834.383718292601,227.36608481257912,5.0812,,,,,,,,,,,,,,,,,
09-01-2026,19.05,42,157.5,483.565,0.369094,203.198,0.886044,1.0,1310.1405062125095,229.33172618967004,5.07995,,,,,,,,,,,,,,,,,
09-01-2026,19.05,43,161.25,443.176,0.484763,202.043,0.890155,1.0,914.211686948055,226.97507737416518,5.051075,,,,,,,,,,,,,,,,,
09-01-2026,19.05,44,165.0,400.819,0.473256,202.277,0.890498,0.0,846.9390773703873,227.1504259414395,5.056925,,,,,,,,,,,,,,,,,
09-01-2026,19.05,45,168.75,361.359,0.479238,202.394,0.87508,0.0,754.028269878432,231.286282397038,5.059850000000001,,,,,,,,,,,,,,,,,
09-01-2026,19.05,46,172.5,321.956,0.490318,201.892,0.899064,0.0,656.6269237515246,224.55798474858298,5.0473,,,,,,,,,,,,,,,,,
09-01-2026,19.05,47,176.25,283.712,0.488747,202.126,0.87508,0.0,580.4884735865386,230.98002468345751,5.0531500000000005,,,,,,,,,,,,,,,,,
09-01-2026,19.05,48,180.0,247.153,0.489858,203.935,0.882618,0.0,504.54009121010574,231.05692383341378,5.098375,,,,,,,,,,,,,,,,,
09-01-2026,19.05,49,183.75,211.926,0.482008,202.679,0.896323,0.0,439.6732004448059,226.12272584771338,5.066975,,,,,,,,,,,,,,,,,
09-01-2026,19.05,50,187.5,178.788,0.457727,202.93,0.897351,0.0,390.59963690147185,226.14339316499343,5.07325,,,,,,,,,,,,,,,,,
09-01-2026,19.05,51,191.25,148.552,0.431868,202.897,0.879191,0.0,343.9754739874221,230.77693015510852,5.072425,,,,,,,,,,,,,,,,,
09-01-2026,19.05,52,195.0,121.515,0.401684,200.184,0.871311,0.0,302.5139164119059,229.75034172643294,5.004600000000001,,,,,,,,,,,,,,,,,
09-01-2026,19.05,53,198.75,97.809,0.360174,201.373,0.886044,0.0,271.56041246730746,227.27200906501255,5.034325,,,,,,,,,,,,,,,,,
09-01-2026,19.05,54,202.5,77.6533,0.311937,199.23,0.85555,0.0,248.93904858993963,232.86774589445383,4.9807500000000005,,,,,,,,,,,,,,,,,
09-01-2026,19.05,55,206.25,61.0409,0.270964,199.531,0.86343,0.0,225.27309900946253,231.09111335024264,4.988275000000001,,,,,,,,,,,,,,,,,
09-01-2026,19.05,56,210.0,47.6343,0.22934,197.773,0.880904,0.0,207.7016656492544,224.51141100505842,4.944325,,,,,,,,,,,,,,,,,
09-01-2026,19.05,57,213.75,37.04,0.188422,195.463,0.867884,0.0,196.58001719544427,225.2178862612976,4.886575,,,,,,,,,,,,,,,,,
09-01-2026,19.05,58,217.5,28.7823,0.153931,195.061,0.86206,0.0,186.98182952101914,226.27311324037768,4.876525000000001,,,,,,,,,,,,,,,,,
09-01-2026,19.05,59,221.25,22.5246,0.123034,195.027,0.857948,0.0,183.0762228327129,227.3179726510231,4.875674999999999,,,,,,,,,,,,,,,,,
09-01-2026,19.05,60,225.0,17.8972,0.100262,191.746,0.862402,0.0,178.50431868504518,222.33946581756535,4.79365,,,,,,,,,,,,,,,,,
09-01-2026,19.05,61,228.75,14.3844,0.0826545,191.26,0.856235,0.0,174.03045206250113,223.37325617383078,4.7815,,,,,,,,,,,,,,,,,
09-01-2026,19.05,62,232.5,11.7645,0.0657679,190.339,0.841502,0.0,178.87905802070614,226.18959907403666,4.758475000000001,,,,,,,,,,,,,,,,,
09-01-2026,19.05,63,236.25,9.89879,0.0544757,188.179,0.856235,0.0,181.71019371940147,219.7749449625395,4.704475,,,,,,,,,,,,,,,,,
09-01-2026,19.05,64,240.0,8.52885,0.0453439,186.421,0.850068,0.0,188.0925548971306,219.30127942705758,4.660525,,,,,,,,,,,,,,,,,
09-01-2026,19.05,65,243.75,7.53878,0.0368723,183.692,0.863088,0.0,204.4564618968711,212.83113657008326,4.592300000000001,,,,,,,,,,,,,,,,,
09-01-2026,19.05,66,247.5,6.79519,0.0320165,181.164,0.855892,0.0,212.24025112051595,211.666892551864,4.5291,,,,,,,,,,,,,,,,,
09-01-2026,19.05,67,251.25,6.22122,0.0293681,178.2,0.840131,0.0,211.8359716835614,212.10977811793637,4.455,,,,,,,,,,,,,,,,,
09-01-2026,19.05,68,255.0,5.81198,0.0270736,176.09,0.833621,0.0,214.67333490928434,211.2350816498145,4.40225,,,,,,,,,,,,,,,,,
09-01-2026,19.05,69,258.75,5.50117,0.0241921,172.306,0.848697,0.0,227.39530673236303,203.02416527924572,4.307650000000001,,,,,,,,,,,,,,,,,
09-01-2026,19.05,70,262.5,5.26151,0.0233264,171.921,0.849382,0.0,225.56030934906374,202.4071619130144,4.298025,,,,,,,,,,,,,,,,,
09-01-2026,19.05,71,266.25,5.11093,0.022327,169.276,0.844585,0.0,228.9125274331527,200.42506082869102,4.2319,,,,,,,,,,,,,,,,,
09-01-2026,19.05,72,270.0,4.9943,0.021018,168.271,0.841844,0.0,237.62013512227617,199.8838264571583,4.2067749999999995,,,,,,,,,,,,,,,,,
09-01-2026,19.05,73,273.75,4.92438,0.0203527,165.576,0.858976,0.0,241.95217342170818,192.75975114555004,4.139399999999999,,,,,,,,,,,,,,,,,
09-01-2026,19.05,74,277.5,4.92798,0.019927,164.571,0.847669,0.0,247.3016510262458,194.1453562652403,4.114275,,,,,,,,,,,,,,,,,
09-01-2026,19.05,75,281.25,4.89035,0.0203023,162.193,0.852809,0.0,240.8766494436591,190.18678273798704,4.054825,,,,,,,,,,,,,,,,,
09-01-2026,19.05,76,285.0,4.84425,0.0197734,159.146,0.85041,0.0,244.98821649286413,187.1403205512635,3.9786499999999996,,,,,,,,,,,,,,,,,
09-01-2026,19.05,77,288.75,4.8713,0.0195297,160.586,0.858976,0.0,249.43035479295634,186.95050851246137,4.0146500000000005,,,,,,,,,,,,,,,,,
09-01-2026,19.05,78,292.5,4.92634,0.0195341,157.103,0.849382,0.0,252.19180817135165,184.9615367408304,3.9275750000000005,,,,,,,,,,,,,,,,,
09-01-2026,19.05,79,296.25,4.94517,0.0194934,157.572,0.833279,0.0,253.68432392502078,189.09872923714627,3.9393000000000002,,,,,,,,,,,,,,,,,
09-01-2026,19.05,80,300.0,4.99034,0.0190976,156.651,0.840817,0.0,261.3071799597855,186.30807892799504,3.916275,,,,,,,,,,,,,,,,,
09-01-2026,19.05,81,303.75,5.07892,0.0189792,154.977,0.85041,0.0,267.6045354914854,182.23797932761846,3.8744250000000005,,,,,,,,,,,,,,,,,
09-01-2026,19.05,82,307.5,5.16127,0.0190131,154.943,0.839103,0.0,271.4586258947778,184.65313555070117,3.873575,,,,,,,,,,,,,,,,,
09-01-2026,19.05,83,311.25,5.20324,0.0190297,154.357,0.827797,0.0,273.4273267576473,186.46721358014102,3.858925,,,,,,,,,,,,,,,,,
09-01-2026,19.05,84,315.0,5.22777,0.0184153,153.872,0.857948,0.0,283.88188082735553,179.3488649661751,3.8468000000000004,,,,,,,,,,,,,,,,,
09-01-2026,19.05,85,318.75,5.30538,0.0184865,152.097,0.860689,0.0,286.9867200389474,176.7153989420104,3.8024250000000004,,,,,,,,,,,,,,,,,
09-01-2026,19.05,86,322.5,5.39814,0.01861,151.796,0.864458,0.0,290.0666308436324,175.59673228774562,3.7948999999999997,,,,,,,,,,,,,,,,,
09-01-2026,19.05,87,326.25,5.47453,0.0185612,150.038,0.843215,0.0,294.9448311531582,177.9356391904793,3.7509500000000005,,,,,,,,,,,,,,,,,
09-01-2026,19.05,88,330.0,5.50614,0.0183962,151.243,0.853837,0.0,299.30855285330665,177.1333404385146,3.781075,,,,,,,,,,,,,,,,,
09-01-2026,19.05,89,333.75,5.56258,0.017767,148.949,0.834649,0.0,313.08493274047385,178.45705200629249,3.7237250000000004,,,,,,,,,,,,,,,,,
09-01-2026,19.05,90,337.5,5.64729,0.0180431,147.643,0.830538,0.0,312.9888988034207,177.76790465938944,3.691075,,,,,,,,,,,,,,,,,
09-01-2026,19.05,91,341.25,5.6823,0.0177143,148.045,0.835334,0.0,320.7747413106925,177.2285097936873,3.7011249999999998,,,,,,,,,,,,,,,,,
09-01-2026,19.05,92,345.0,5.71432,0.0171676,148.146,0.841159,0.0,332.8549127426081,176.12128028113588,3.7036499999999997,,,,,,,,,,,,,,,,,
09-01-2026,19.05,93,348.75,5.78939,0.016954,147.576,0.842187,0.0,341.47634776453936,175.22949178745336,3.6893999999999996,,,,,,,,,,,,,,,,,
09-01-2026,19.05,94,352.5,5.85071,0.0175222,146.622,0.837733,0.0,333.90270628117474,175.02235199043133,3.66555,,,,,,,,,,,,,,,,,
09-01-2026,19.05,95,356.25,5.88343,0.0166217,147.593,0.84253,0.0,353.9607862011708,175.1783319288334,3.689825,,,,,,,,,,,,,,,,,
09-01-2026,19.05,96,360.0,5.94619,0.0169556,145.082,0.840817,0.0,350.6918068366793,172.54884237592722,3.6270499999999997,,,,,,,,,,,,,,,,,
09-01-2026,19.05,97,363.75,6.00786,0.0169896,145.467,0.852466,0.0,353.61986156236753,170.64258281268698,3.6366750000000003,,,,,,,,,,,,,,,,,
09-01-2026,19.05,98,367.5,6.0424,0.0166873,144.06,0.847669,0.0,362.0957254918411,169.94841146721186,3.6015,,,,,,,,,,,,,,,,,
09-01-2026,19.05,99,371.25,6.06994,0.0165695,144.68,0.840131,0.0,366.33211623766556,172.2112384854267,3.617,,,,,,,,,,,,,,,,,
09-01-2026,19.05,100,375.0,6.10199,0.0167429,144.311,0.840474,0.0,364.4523947464298,171.70192058290917,3.607775,,,,,,,,,,,,,,,,,
09-01-2026,19.05,101,378.75,6.14974,0.0159111,143.139,0.835677,0.0,386.50627549320916,171.28507784706292,3.5784750000000005,,,,,,,,,,,,,,,,,
09-01-2026,19.05,102,382.5,6.20149,0.0167549,142.671,0.820259,0.0,370.1299321392548,173.93408667262415,3.566775,,,,,,,,,,,,,,,,,
09-01-2026,19.05,103,386.25,6.22943,0.0161136,143.391,0.853151,0.0,386.5945536689505,168.07224043574934,3.5847749999999996,,,,,,,,,,,,,,,,,
09-01-2026,19.05,104,390.0,6.24391,0.0159842,140.477,0.847327,0.0,390.6301222457176,165.7884146262305,3.511925,,,,,,,,,,,,,,,,,
09-01-2026,19.05,105,393.75,6.27091,0.015533,143.022,0.860346,0.0,403.7153157793086,166.23776945554462,3.57555,,,,,,,,,,,,,,,,,
09-01-2026,19.05,106,397.5,6.28574,0.0155017,141.13,0.840817,0.0,405.48714012011584,167.84865196588555,3.52825,,,,,,,,,,,,,,,,,
09-01-2026,19.05,107,401.25,6.29234,0.0152603,139.891,0.865143,0.0,412.3339646009581,161.6969680156922,3.4972749999999997,,,,,,,,,,,,,,,,,
09-01-2026,19.05,108,405.0,6.32931,0.0154482,140.979,0.842872,0.0,409.7118110847866,167.2602720223237,3.5244750000000002,,,,,,,,,,,,,,,,,
09-01-2026,19.05,109,408.75,6.36662,0.0153695,140.46,0.834992,0.0,414.23728813559325,168.21718052388528,3.5115000000000003,,,,,,,,,,,,,,,,,
09-01-2026,19.05,110,412.5,6.37557,0.0149532,138.418,0.854179,0.0,426.36826899927775,162.04800164836644,3.4604500000000002,,,,,,,,,,,,,,,,,
09-01-2026,19.05,111,416.25,6.38795,0.0154069,138.351,0.851781,0.0,414.61617846549274,162.42555304708605,3.458775,,,,,,,,,,,,,,,,,
09-01-2026,19.05,112,420.0,6.39821,0.015553,138.083,0.844243,0.0,411.3810840352343,163.55835938231056,3.452075,,,,,,,,,,,,,,,,,
09-01-2026,19.05,113,423.75,6.41363,0.0147033,137.982,0.844585,0.0,436.203437323594,163.37254391209885,3.4495500000000003,,,,,,,,,,,,,,,,,
09-01-2026,19.05,114,427.5,6.42208,0.0149676,135.973,0.8439,0.0,429.065448034421,161.12454082237232,3.399325,,,,,,,,,,,,,,,,,
09-01-2026,19.05,115,431.25,6.42554,0.0146483,136.124,0.850068,0.0,438.6543148351686,160.13307170720458,3.4031,,,,,,,,,,,,,,,,,
09-01-2026,19.05,116,435.0,6.44956,0.0148444,136.074,0.860004,0.0,434.47764813667106,158.22484546583505,3.4018500000000005,,,,,,,,,,,,,,,,,
09-01-2026,19.05,117,438.75,6.45719,0.0146814,134.902,0.874737,0.0,439.8211342242565,154.22006843199725,3.37255,,,,,,,,,,,,,,,,,
09-01-2026,19.05,118,442.5,6.42509,0.0145421,134.751,0.828482,0.0,441.8268338135482,162.64807201604862,3.3687750000000003,,,,,,,,,,,,,,,,,
09-01-2026,19.05,119,446.25,6.42935,0.0142355,133.445,0.847327,0.0,451.64202170629767,157.48937541232604,3.336125,,,,,,,,,,,,,,,,,
09-01-2026,19.05,120,450.0,6.4467,0.014036,134.584,0.857948,0.0,459.297520661157,156.8673159678675,3.3646,,,,,,,,,,,,,,,,,
09-01-2026,19.05,121,453.75,6.45444,0.0142971,133.194,0.851438,0.0,451.45099355813414,156.43417371552596,3.32985,,,,,,,,,,,,,,,,,
09-01-2026,19.05,122,457.5,6.46463,0.0139815,133.395,0.849725,0.0,462.3702750062583,156.98608373297245,3.3348750000000007,,,,,,,,,,,,,,,,,
09-01-2026,19.05,123,461.25,6.4635,0.0142923,132.976,0.8439,0.0,452.2365189647572,157.5731721767982,3.3244000000000002,,,,,,,,,,,,,,,,,
09-01-2026,19.05,124,465.0,6.47754,0.0139948,131.118,0.821629,0.0,462.8533455283391,159.58297479762763,3.2779499999999997,,,,,,,,,,,,,,,,,
09-01-2026,19.05,125,468.75,6.50419,0.0140445,131.302,0.857948,0.0,463.1129623696109,153.0419092998643,3.2825499999999996,,,,,,,,,,,,,,,,,
09-01-2026,19.05,126,472.5,6.50778,0.0140501,130.147,0.851781,0.0,463.18389192959484,152.7939693418848,3.253675,,,,,,,,,,,,,,,,,
09-01-2026,19.05,127,476.25,6.50251,0.0139257,129.175,0.839103,0.0,466.94313391786415,153.9441522673617,3.2293750000000006,,,,,,,,,,,,,,,,,
09-01-2026,19.05,128,480.0,6.51155,0.0139111,130.029,0.846299,0.0,468.08304159987347,153.6442793858908,3.250725,,,,,,,,,,,,,,,,,
09-01-2026,19.05,129,483.75,6.52068,0.0138128,130.28,0.838761,0.0,472.07517664774696,155.32434149894905,3.257,,,,,,,,,,,,,,,,,
09-01-2026,19.05,130,487.5,6.55525,0.0137576,130.866,0.836362,0.0,476.48208989940105,156.47052352928517,3.2716500000000006,,,,,,,,,,,,,,,,,
09-01-2026,19.05,131,491.25,6.58351,0.0135765,128.589,0.826769,0.0,484.91953007034215,155.53195632637411,3.214725,,,,,,,,,,,,,,,,,
09-01-2026,19.05,132,495.0,6.56548,0.0135002,128.121,0.835334,0.0,486.324647042266,153.3769725642677,3.2030250000000002,,,,,,,,,,,,,,,,,
09-01-2026,19.05,133,498.75,6.57125,0.0134019,130.749,0.856578,0.0,490.32226773815654,152.64109047862542,3.268725,,,,,,,,,,,,,,,,,
09-01-2026,19.05,134,502.5,6.59045,0.0134894,127.535,0.847669,0.0,488.565095556511,150.45377381973387,3.188375,,,,,,,,,,,,,,,,,
09-01-2026,19.05,135,506.25,6.58571,0.0134704,126.932,0.850753,0.0,488.90233400641404,149.19959142077667,3.1733000000000002,,,,,,,,,,,,,,,,,
09-01-2026,19.05,136,510.0,6.58926,0.0129175,127.635,0.880219,0.0,510.10334817108577,145.00368658254368,3.190875,,,,,,,,,,,,,,,,,
09-01-2026,19.05,137,513.75,6.58833,0.0131437,127.836,0.860689,0.0,501.2538326346463,148.52751690796558,3.1959,,,,,,,,,,,,,,,,,
09-01-2026,19.05,138,517.5,6.59013,0.013833,127.853,0.826769,0.0,476.40641943179355,154.64174394540674,3.196325,,,,,,,,,,,,,,,,,
09-01-2026,19.05,139,521.25,6.61431,0.0133556,126.999,0.839446,0.0,495.2461888645961,151.28906445441396,3.174975,,,,,,,,,,,,,,,,,
09-01-2026,19.05,140,525.0,6.62753,0.0128598,126.346,0.862745,0.0,515.3680461593493,146.44651664164962,3.15865,,,,,,,,,,,,,,,,,
09-01-2026,19.05,141,528.75,6.61095,0.0130054,125.894,0.865486,0.0,508.32346563735064,145.46046960898272,3.1473500000000003,,,,,,,,,,,,,,,,,
09-01-2026,19.05,142,532.5,6.58763,0.0128872,126.597,0.863088,0.0,511.1762058476628,146.67913352983706,3.1649249999999998,,,,,,,,,,,,,,,,,
09-01-2026,19.05,143,536.25,6.59148,0.0124309,125.308,0.842187,0.0,530.2496198988006,148.78880818630543,3.1327000000000003,,,,,,,,,,,,,,,,,
09-01-2026,19.05,144,540.0,6.60376,0.0126648,124.923,0.84904,0.0,521.4263154570148,147.1344106284745,3.123075,,,,,,,,,,,,,,,,,
09-01-2026,19.05,145,543.75,6.6114,0.0128067,124.37,0.838075,0.0,516.2454027969734,148.3996062404916,3.10925,,,,,,,,,,,,,,,,,
09-01-2026,19.05,146,547.5,6.62018,0.0128847,124.621,0.852809,0.0,513.8016407056431,146.13002442516435,3.1155250000000003,,,,,,,,,,,,,,,,,
09-01-2026,19.05,147,551.25,6.60664,0.0129203,125.693,0.839446,0.0,511.33797202851326,149.73327647043408,3.142325,,,,,,,,,,,,,,,,,
09-01-2026,19.05,148,555.0,6.59016,0.012885,123.751,0.864115,0.0,511.4598370197904,143.21126238984397,3.093775,,,,,,,,,,,,,,,,,
09-01-2026,19.05,149,558.75,6.60685,0.0129986,123.918,0.838761,0.0,508.27396796578086,147.73934410398195,3.0979500000000004,,,,,,,,,,,,,,,,,
09-01-2026,19.05,150,562.5,6.61247,0.0124643,122.93,0.847327,0.0,530.5127443980007,145.07976259460634,3.0732500000000003,,,,,,,,,,,,,,,,,
09-01-2026,19.05,151,566.25,6.60835,0.0123583,123.416,0.826769,0.0,534.7296958319511,149.27506957808046,3.0854000000000004,,,,,,,,,,,,,,,,,
09-01-2026,19.05,152,570.0,6.61691,0.0124918,123.349,0.839789,0.0,529.7002833859011,146.88094271299101,3.083725,,,,,,,,,,,,,,,,,
09-01-2026,19.05,153,573.75,6.61279,0.0124967,122.428,0.828482,0.0,529.1628990053374,147.77388042226625,3.0606999999999998,,,,,,,,,,,,,,,,,
09-01-2026,19.05,154,577.5,6.59337,0.0126139,123.734,0.861717,0.0,522.7066965807561,143.5900649517185,3.09335,,,,,,,,,,,,,,,,,
09-01-2026,19.05,155,581.25,6.58949,0.0124275,122.26,0.853151,0.0,530.2345604506136,143.30405754667112,3.0565,,,,,,,,,,,,,,,,,
09-01-2026,19.05,156,585.0,6.57621,0.0121882,122.361,0.832936,0.0,539.5554716857288,146.9032434664848,3.059025,,,,,,,,,,,,,,,,,
09-01-2026,19.05,157,588.75,6.5539,0.0123571,121.39,0.841844,0.0,530.3752498563579,144.19536161093978,3.0347500000000003,,,,,,,,,,,,,,,,,
09-01-2026,19.05,158,592.5,6.55812,0.0119309,121.339,0.831565,0.0,549.675213102113,145.91643467437902,3.033475,,,,,,,,,,,,,,,,,
09-01-2026,19.05,159,596.25,6.57773,0.0117395,121.323,0.864458,0.0,560.3075088376847,140.34574265030807,3.0330749999999997,,,,,,,,,,,,,,,,,
09-01-2026,19.05,160,600.0,6.55067,0.0118334,118.895,0.827111,0.0,553.5746277485761,143.7473325829302,2.972375,,,,,,,,,,,,,,,,,
09-01-2026,19.05,161,603.75,6.5316,0.0120384,119.33,0.847669,0.0,542.5637958532695,140.7742880770678,2.98325,,,,,,,,,,,,,,,,,
09-01-2026,19.05,162,607.5,6.54046,0.0119322,118.644,0.841502,0.0,548.1352977657097,140.9907522501432,2.9661000000000004,,,,,,,,,,,,,,,,,
09-01-2026,19.05,163,611.25,6.52521,0.011863,118.778,0.832936,0.0,550.0472055972351,142.60159243927504,2.96945,,,,,,,,,,,,,,,,,
09-01-2026,19.05,164,615.0,6.50848,0.0121091,117.505,0.84253,0.0,537.4866835685559,139.4668439106026,2.937625,,,,,,,,,,,,,,,,,
09-01-2026,19.05,165,618.75,6.49947,0.0118396,116.936,0.865143,0.0,548.9602689280043,135.163782172427,2.9234,,,,,,,,,,,,,,,,,
09-01-2026,19.05,166,622.5,6.47807,0.0116135,117.17,0.834649,0.0,557.8051405691651,140.38236432320653,2.92925,,,,,,,,,,,,,,,,,
09-01-2026,19.05,167,626.25,6.47202,0.0113856,116.919,0.840817,0.0,568.4390809443507,139.05403910720167,2.922975,,,,,,,,,,,,,,,,,
09-01-2026,19.05,168,630.0,6.47089,0.0114003,117.388,0.851438,0.0,567.606992798435,137.8702853290551,2.9347000000000003,,,,,,,,,,,,,,,,,
09-01-2026,19.05,169,633.75,6.4557,0.0114271,115.864,0.844928,0.0,564.9464868601832,137.1288441145281,2.8966,,,,,,,,,,,,,,,,,
09-01-2026,19.05,170,637.5,6.43928,0.011393,117.572,0.824713,0.0,565.1961730887386,142.56110913736052,2.9393000000000002,,,,,,,,,,,,,,,,,
09-01-2026,19.05,171,641.25,6.41315,0.0114414,113.621,0.832936,0.0,560.5214396839548,136.41024040262397,2.840525,,,,,,,,,,,,,,,,,
09-01-2026,19.05,172,645.0,6.39529,0.0116506,113.52,0.851781,0.0,548.9236605840042,133.27369359025383,2.838,,,,,,,,,,,,,,,,,
09-01-2026,19.05,173,648.75,6.39056,0.0112278,116.065,0.859319,0.0,569.1729457240065,135.0662559538425,2.901625,,,,,,,,,,,,,,,,,
09-01-2026,19.05,174,652.5,6.37802,0.0111415,115.094,0.854864,0.0,572.4561324776736,134.63428100844112,2.87735,,,,,,,,,,,,,,,,,
09-01-2026,19.05,175,656.25,6.36012,0.0111288,112.131,0.854522,0.0,571.5009704550356,131.22072924980282,2.803275,,,,,,,,,,,,,,,,,
09-01-2026,19.05,176,660.0,6.34054,0.0111274,113.604,0.839789,0.0,569.8132537699731,135.2768373960602,2.8401,,,,,,,,,,,,,,,,,
09-01-2026,19.05,177,663.75,6.32294,0.011112,112.231,0.840817,0.0,569.0190784737221,133.4785095924559,2.8057749999999997,,,,,,,,,,,,,,,,,
09-01-2026,19.05,178,667.5,6.30437,0.0109097,113.303,0.827797,0.0,577.8683190188548,136.87292899104492,2.832575,,,,,,,,,,,,,,,,,
09-01-2026,19.05,179,671.25,6.28144,0.0106503,111.36,0.830195,0.0,589.789958968292,134.13716054661856,2.7840000000000003,,,,,,,,,,,,,,,,,
09-01-2026,19.05,180,675.0,6.25409,0.0108064,111.009,0.848012,0.0,578.7394506958839,130.90498719357745,2.775225,,,,,,,,,,,,,,,,,
09-01-2026,19.05,181,678.75,6.24776,0.0106832,112.398,0.837048,0.0,584.8210274075184,134.27903776127533,2.8099499999999997,,,,,,,,,,,,,,,,,
09-01-2026,19.05,182,682.5,6.23927,0.010936,110.406,0.849725,0.0,570.5257863935626,129.93144840977965,2.7601500000000003,,,,,,,,,,,,,,,,,
09-01-2026,19.05,183,686.25,6.20271,0.0107286,109.485,0.829167,0.0,578.1471953470163,132.04215797300182,2.7371250000000003,,,,,,,,,,,,,,,,,
09-01-2026,19.05,184,690.0,6.18914,0.0107057,108.933,0.866856,0.0,578.116330552883,125.66447022342813,2.7233250000000004,,,,,,,,,,,,,,,,,
09-01-2026,19.05,185,693.75,6.17784,0.0106981,109.401,0.846299,0.0,577.4707658369243,129.26991524272154,2.7350250000000003,,,,,,,,,,,,,,,,,
09-01-2026,19.05,186,697.5,6.15068,0.0105671,108.497,0.848697,0.0,582.0594108128058,127.8394998450566,2.712425,,,,,,,,,,,,,,,,,
09-01-2026,19.05,187,701.25,6.13442,0.0104589,107.191,0.855892,0.0,586.5263077379075,125.23893201478691,2.6797750000000002,,,,,,,,,,,,,,,,,
09-01-2026,19.05,188,705.0,6.11088,0.0103539,106.337,0.834649,0.0,590.2007939037464,127.40325573983795,2.6584250000000003,,,,,,,,,,,,,,,,,
09-01-2026,19.05,189,708.75,6.0962,0.0103746,107.895,0.840131,0.0,587.6081969425327,128.42640016854514,2.697375,,,,,,,,,,,,,,,,,
09-01-2026,19.05,190,712.5,6.08437,0.0101214,105.902,0.845271,0.0,601.1391704704884,125.28762964776978,2.6475500000000003,,,,,,,,,,,,,,,,,
09-01-2026,19.05,191,716.25,6.06982,0.010362,107.861,0.819231,0.0,585.7768770507624,131.6612774663068,2.6965250000000003,,,,,,,,,,,,,,,,,
09-01-2026,19.05,192,720.0,6.05583,0.0103287,105.584,0.833964,0.0,586.3109587847455,126.60498534708933,2.6396,,,,,,,,,,,,,,,,,
09-01-2026,19.05,193,723.75,6.03985,0.0102271,106.203,0.841844,0.0,590.5730852343285,126.15520215146749,2.6550750000000005,,,,,,,,,,,,,,,,,
09-01-2026,19.05,194,727.5,6.0313,0.0100564,105.534,0.827797,0.0,599.7474245256752,127.48777780059605,2.6383500000000004,,,,,,,,,,,,,,,,,
09-01-2026,19.05,195,731.25,6.01982,0.0100067,103.977,0.828482,0.0,601.5789421087871,125.50302843030988,2.599425,,,,,,,,,,,,,,,,,
09-01-2026,19.05,196,735.0,5.98576,0.0102314,102.319,0.84253,0.0,585.0382156889575,121.44255990884598,2.557975,,,,,,,,,,,,,,,,,
09-01-2026,19.05,197,738.75,5.94002,0.010237,103.742,0.866856,0.0,580.2500732636514,119.67616305360984,2.59355,,,,,,,,,,,,,,,,,
09-01-2026,19.05,198,742.5,5.92863,0.00991437,101.03,0.843558,0.0,597.9835329930193,119.76651279461518,2.52575,,,,,,,,,,,,,,,,,
09-01-2026,19.05,199,746.25,5.92373,0.00981844,101.632,0.827797,0.0,603.3270051046806,122.77406175668673,2.5408000000000004,,,,,,,,,,,,,,,,,
09-01-2026,19.05,200,750.0,5.91704,0.00983843,101.934,0.827111,0.0,601.4211617097443,123.24101601840623,2.54835,,,,,,,,,,,,,,,,,
09-01-2026,19.05,201,753.75,5.89947,0.00986157,101.465,0.8439,0.0,598.2282739969396,120.23343998104042,2.536625,,,,,,,,,,,,,,,,,
09-01-2026,19.05,202,757.5,5.87205,0.00960892,100.293,0.847669,0.0,611.1040574799249,118.31622956602165,2.5073250000000002,,,,,,,,,,,,,,,,,
09-01-2026,19.05,203,761.25,5.84999,0.00965342,100.427,0.848697,0.0,606.0018107572239,118.33080592956026,2.5106750000000004,,,,,,,,,,,,,,,,,
09-01-2026,19.05,204,765.0,5.82127,0.00959036,98.0829,0.818546,0.0,606.9918126118312,119.82576422094787,2.4520725,,,,,,,,,,,,,,,,,
09-01-2026,19.05,205,768.75,5.80861,0.00960029,99.054,0.858976,0.0,605.0452642576422,115.31637670901166,2.47635,,,,,,,,,,,,,,,,,
09-01-2026,19.05,206,772.5,5.80232,0.00973302,97.8652,0.84253,0.0,596.147958187695,116.15633864669508,2.4466300000000003,,,,,,,,,,,,,,,,,
09-01-2026,19.05,207,776.25,5.76961,0.00957729,97.9992,0.84253,0.0,602.4261560420537,116.31538342848326,2.44998,,,,,,,,,,,,,,,,,
09-01-2026,19.05,208,780.0,5.74218,0.0092123,96.6597,0.814091,0.0,623.3166527360161,118.73328657361401,2.4164925,,,,,,,,,,,,,,,,,
09-01-2026,19.05,209,783.75,5.73612,0.00945142,96.3416,0.834992,0.0,606.9056289954314,115.38026711633167,2.40854,,,,,,,,,,,,,,,,,
09-01-2026,19.05,210,787.5,5.7201,0.00934241,94.9351,0.84904,0.0,612.2724222122557,111.81463770847074,2.3733775,,,,,,,,,,,,,,,,,
09-01-2026,19.05,211,791.25,5.69773,0.0094756,95.6718,0.863088,0.0,601.305458229558,110.84825649296481,2.391795,,,,,,,,,,,,,,,,,
09-01-2026,19.05,212,795.0,5.67231,0.00948527,92.8589,0.853494,0.0,598.0124972720861,108.79853871263302,2.3214725000000005,,,,,,,,,,,,,,,,,
09-01-2026,19.05,213,798.75,5.64209,0.00912917,92.658,0.822314,0.0,618.0288021802638,112.67958468419606,2.3164499999999997,,,,,,,,,,,,,,,,,
09-01-2026,19.05,214,802.5,5.62785,0.00906068,92.9929,0.841159,0.0,621.1288777442752,110.55329610691915,2.3248225000000002,,,,,,,,,,,,,,,,,
09-01-2026,19.05,215,806.25,5.61978,0.00920733,93.2105,0.839446,0.0,610.359354992164,111.03811323182194,2.3302625,,,,,,,,,,,,,,,,,
09-01-2026,19.05,216,810.0,5.60319,0.00908787,93.2273,0.831908,0.0,616.5570150101179,112.06443500964049,2.3306825,,,,,,,,,,,,,,,,,
09-01-2026,19.05,217,813.75,5.58154,0.00901749,93.5622,0.83739,0.0,618.9682494796225,111.730734783076,2.3390550000000006,,,,,,,,,,,,,,,,,
09-01-2026,19.05,218,817.5,5.55643,0.00876033,90.4814,0.854522,0.0,634.2717683009658,105.88539557787863,2.262035,,,,,,,,,,,,,,,,,
09-01-2026,19.05,219,821.25,5.53488,0.00874922,90.1967,0.827111,0.0,632.6141073147093,109.05029675581633,2.2549175,,,,,,,,,,,,,,,,,
09-01-2026,19.05,220,825.0,5.52808,0.00884836,90.4981,0.85555,0.0,624.7575821960228,105.77768686809654,2.2624524999999998,,,,,,,,,,,,,,,,,
09-01-2026,19.05,221,828.75,5.51232,0.00859518,90.3809,0.831565,0.0,641.3268832066344,108.68771533193436,2.2595225,,,,,,,,,,,,,,,,,
09-01-2026,19.05,222,832.5,5.48022,0.00879444,89.0582,0.821287,0.0,623.1459876922237,108.437367205374,2.226455,,,,,,,,,,,,,,,,,
09-01-2026,19.05,223,836.25,5.45975,0.00867321,87.2164,0.845613,0.0,629.4958844533915,103.13985239110562,2.1804099999999997,,,,,,,,,,,,,,,,,
09-01-2026,19.05,224,840.0,5.44298,0.0088592,86.5802,0.829852,0.0,614.387303594004,104.33209777165085,2.164505,,,,,,,,,,,,,,,,,
09-01-2026,19.05,225,843.75,5.42287,0.00845455,88.2043,0.834649,0.0,641.4143863363514,105.67831507615777,2.2051075,,,,,,,,,,,,,,,,,
09-01-2026,19.05,226,847.5,5.41163,0.00860799,84.8221,0.836705,0.0,628.6752191858959,101.37635128271016,2.1205525,,,,,,,,,,,,,,,,,
09-01-2026,19.05,227,851.25,5.3929,0.00852036,84.9895,0.833621,0.0,632.9427395086593,101.95220609845482,2.1247375,,,,,,,,,,,,,,,,,
09-01-2026,19.05,228,855.0,5.37451,0.00850689,85.1737,0.829167,0.0,631.7831781062174,102.72200895597629,2.1293425,,,,,,,,,,,,,,,,,
09-01-2026,19.05,229,858.75,5.35005,0.00829261,84.8556,0.801071,0.0,645.1587618373468,105.92768930594167,2.12139,,,,,,,,,,,,,,,,,
09-01-2026,19.05,230,862.5,5.32139,0.00838802,83.1645,0.822657,0.0,634.40358988176,101.09255740849468,2.0791125000000004,,,,,,,,,,,,,,,,,
09-01-2026,19.05,231,866.25,5.30445,0.00852336,81.959,0.824028,0.0,622.3425972855775,99.46142606804624,2.048975,,,,,,,,,,,,,,,,,
09-01-2026,19.05,232,870.0,5.29065,0.00831371,81.1218,0.814777,0.0,636.3765394751562,99.56319336456478,2.028045,,,,,,,,,,,,,,,,,
09-01-2026,19.05,233,873.75,5.28527,0.00821418,82.7794,0.814091,0.0,643.4324546089811,101.68322705938279,2.069485,,,,,,,,,,,,,,,,,
09-01-2026,19.05,234,877.5,5.26373,0.00805884,78.761,0.812721,0.0,653.1622417122068,96.91025579503912,1.9690249999999998,,,,,,,,,,,,,,,,,
09-01-2026,19.05,235,881.25,5.22342,0.00814491,79.2968,0.835334,0.0,641.3109537121957,94.92825624241321,1.98242,,,,,,,,,,,,,,,,,
09-01-2026,19.05,236,885.0,5.2181,0.00815491,80.067,0.824028,0.0,639.8721751680889,97.16538758391704,2.0016749999999996,,,,,,,,,,,,,,,,,
09-01-2026,19.05,237,888.75,5.20285,0.00780436,77.9908,0.805526,0.0,666.6594057680578,96.81971779930132,1.9497699999999998,,,,,,,,,,,,,,,,,
09-01-2026,19.05,238,892.5,5.17709,0.00793448,77.2039,0.81135,0.0,652.4800617053669,95.15486534787699,1.9300975,,,,,,,,,,,,,,,,,
09-01-2026,19.05,239,896.25,5.17326,0.00805322,76.802,0.818546,0.0,642.3840401727508,93.82734751620558,1.9200500000000003,,,,,,,,,,,,,,,,,
09-01-2026,19.05,240,900.0,5.15991,0.00792788,75.2114,0.831565,0.0,650.8562188125956,90.44560557503021,1.880285,,,,,,,,,,,,,,,,,
09-01-2026,19.05,241,903.75,5.142,0.00762648,76.0486,0.80998,0.0,674.2297888409856,93.88947875256179,1.9012149999999999,,,,,,,,,,,,,,,,,
09-01-2026,19.05,242,907.5,5.1301,0.00773868,72.432,0.801071,0.0,662.9166731277168,90.41895162850734,1.8108,,,,,,,,,,,,,,,,,
09-01-2026,19.05,243,911.25,5.10946,0.0076268,73.9054,0.815804,0.0,669.9349661719201,90.5921030051336,1.8476350000000001,,,,,,,,,,,,,,,,,
09-01-2026,19.05,244,915.0,5.09673,0.00761935,74.6756,0.807924,0.0,668.9192647666796,92.42899084567361,1.8668900000000002,,,,,,,,,,,,,,,,,
09-01-2026,19.05,245,918.75,5.08342,0.00771235,73.2859,0.814434,0.0,659.127243965847,89.98384153903201,1.8321475,,,,,,,,,,,,,,,,,
09-01-2026,19.05,246,922.5,5.06062,0.00767948,71.4106,0.800043,0.0,658.9795142379432,89.25845235818575,1.785265,,,,,,,,,,,,,,,,,
09-01-2026,19.05,247,926.25,5.04893,0.00742121,72.6999,0.805183,0.0,680.3378424812126,90.28990925044369,1.8174975,,,,,,,,,,,,,,,,,
09-01-2026,19.05,248,930.0,5.0353,0.00741402,71.7455,0.793876,0.0,679.1592145691541,90.37368556298465,1.7936375000000002,,,,,,,,,,,,,,,,,
09-01-2026,19.05,249,933.75,5.009,0.00747793,69.6861,0.803127,0.0,669.8377759620645,86.7684687477821,1.7421525,,,,,,,,,,,,,,,,,
09-01-2026,19.05,250,937.5,4.99839,0.0073652,70.4228,0.811008,0.0,678.6495953945582,86.83366871843434,1.76057,,,,,,,,,,,,,,,,,
09-01-2026,19.05,251,941.25,4.9939,0.007256,70.406,0.792163,0.0,688.2442116868798,88.8781728002949,1.76015,,,,,,,,,,,,,,,,,
09-01-2026,19.05,252,945.0,4.9724,0.00724757,68.5977,0.801414,0.0,686.0782303585892,85.59583436276382,1.7149425,,,,,,,,,,,,,,,,,
09-01-2026,19.05,253,948.75,4.95408,0.00721659,68.7149,0.833964,0.0,686.4848910635078,82.39552306814203,1.7178725,,,,,,,,,,,,,,,,,
09-01-2026,19.05,254,952.5,4.9461,0.00724378,68.8824,0.819231,0.0,682.8064905339478,84.0817791318932,1.7220600000000001,,,,,,,,,,,,,,,,,
09-01-2026,19.05,255,956.25,4.93823,0.00735494,66.756,0.795589,0.0,671.4167620673996,83.90764578193011,1.6689,,,,,,,,,,,,,,,,,
09-01-2026,19.05,256,960.0,4.92326,0.00710118,66.2871,0.786338,0.0,693.3016766227585,84.29848233202516,1.6571774999999997,,,,,,,,,,,,,,,,,
09-01-2026,19.05,257,963.75,4.89502,0.00700877,65.517,0.79833,0.0,698.4135590124943,82.06756604411709,1.637925,,,,,,,,,,,,,,,,,
09-01-2026,19.05,258,967.5,4.88412,0.00697152,65.9355,0.780513,0.0,700.5817956485816,84.47713234757141,1.6483875000000001,,,,,,,,,,,,,,,,,
09-01-2026,19.05,259,971.25,4.887,0.00718731,65.2825,0.80347,0.0,679.9484090709876,81.25070008836671,1.6320625,,,,,,,,,,,,,,,,,
09-01-2026,19.05,260,975.0,4.86129,0.00696597,63.5077,0.777087,0.0,697.86260922743,81.72534092064338,1.5876925000000002,,,,,,,,,,,,,,,,,
09-01-2026,19.05,261,978.75,4.84903,0.00697891,64.6296,0.813749,0.0,694.8119405465897,79.42203308391163,1.61574,,,,,,,,,,,,,,,,,
09-01-2026,19.05,262,982.5,4.84893,0.00690754,63.9933,0.80347,0.0,701.9763910161939,79.64615978194581,1.5998325,,,,,,,,,,,,,,,,,
09-01-2026,19.05,263,986.25,4.82062,0.00683703,61.9674,0.780513,0.0,705.0751569029242,79.39316833928454,1.549185,,,,,,,,,,,,,,,,,
09-01-2026,19.05,264,990.0,4.8138,0.00670894,62.4362,0.78394,0.0,717.520204384001,79.64410541623084,1.560905,,,,,,,,,,,,,,,,,
09-01-2026,19.05,265,993.75,4.81926,0.00668404,60.4772,0.782227,0.0,721.0100478153931,77.31413004153526,1.51193,,,,,,,,,,,,,,,,,
09-01-2026,19.05,266,997.5,4.79651,0.00666175,62.1348,0.791135,0.0,720.0075055353323,78.53880816801177,1.55337,,,,,,,,,,,,,,,,,
09-01-2026,19.05,267,1001.25,4.78871,0.00664705,62.3524,0.784282,0.0,720.4263545482582,79.50252587717173,1.5588100000000003,,,,,,,,,,,,,,,,,
09-01-2026,19.05,268,1005.0,4.78192,0.00665104,60.4772,0.769892,0.0,718.9732733527388,78.5528359821897,1.51193,,,,,,,,,,,,,,,,,
09-01-2026,19.05,269,1008.75,4.75317,0.00660993,58.468,0.773661,0.0,719.0953610703896,75.57315154828794,1.4617,,,,,,,,,,,,,,,,,
09-01-2026,19.05,270,1012.5,4.73681,0.00652157,58.2001,0.782912,0.0,726.3297028169598,74.33798434562249,1.4550025,,,,,,,,,,,,,,,,,
09-01-2026,19.05,271,1016.25,4.73796,0.00645309,59.5228,0.781884,0.0,734.2157013151839,76.1274050882228,1.48807,,,,,,,,,,,,,,,,,
09-01-2026,19.05,272,1020.0,4.73363,0.00637048,59.2214,0.779828,0.0,743.0570380881817,75.94161789522819,1.4805350000000002,,,,,,,,,,,,,,,,,
09-01-2026,19.05,273,1023.75,4.71808,0.00663679,58.1164,0.788394,0.0,710.8978888890563,73.71491919015111,1.45291,,,,,,,,,,,,,,,,,
09-01-2026,19.05,274,1027.5,4.71102,0.0065817,55.5881,0.761326,0.0,715.7755595059027,73.0148451517484,1.3897024999999998,,,,,,,,,,,,,,,,,
09-01-2026,19.05,275,1031.25,4.70574,0.00638179,56.4085,0.754131,0.0,737.3699228586337,74.79933857645422,1.4102124999999999,,,,,,,,,,,,,,,,,
09-01-2026,19.05,276,1035.0,4.69771,0.00648184,56.7769,0.784968,0.0,724.7494538587808,72.33020963911905,1.4194225,,,,,,,,,,,,,,,,,
09-01-2026,19.05,277,1038.75,4.68313,0.00641891,56.4253,0.784968,0.0,729.5833716316322,71.8822932909367,1.4106325,,,,,,,,,,,,,,,,,
09-01-2026,19.05,278,1042.5,4.66642,0.00634728,55.1026,0.770235,0.0,735.1842048877628,71.53998455016976,1.3775650000000002,,,,,,,,,,,,,,,,,
09-01-2026,19.05,279,1046.25,4.65435,0.0061875,54.8849,0.756872,0.0,752.2181818181817,72.51543193565095,1.3721225,,,,,,,,,,,,,,,,,
09-01-2026,19.05,280,1050.0,4.64477,0.0063912,54.9686,0.764067,0.0,726.7445863061711,71.94212025908722,1.3742150000000002,,,,,,,,,,,,,,,,,
09-01-2026,19.05,281,1053.75,4.63669,0.00617939,53.3278,0.768521,0.0,750.3475262121342,69.39016630645096,1.3331950000000001,,,,,,,,,,,,,,,,,
09-01-2026,19.05,282,1057.5,4.63552,0.0061741,53.4952,0.775717,0.0,750.8009264508187,68.96226329963118,1.33738,,,,,,,,,,,,,,,,,
09-01-2026,19.05,283,1061.25,4.62887,0.00611849,54.2486,0.779828,0.0,756.5379693355713,69.56482711572296,1.3562150000000002,,,,,,,,,,,,,,,,,
09-01-2026,19.05,284,1065.0,4.60827,0.00609391,51.1511,0.7579,0.0,756.2090677414009,67.49056603773585,1.2787775,,,,,,,,,,,,,,,,,
09-01-2026,19.05,285,1068.75,4.60474,0.00608176,53.3612,0.765095,0.0,757.1393807055852,69.74454152752273,1.33403,,,,,,,,,,,,,,,,,
09-01-2026,19.05,286,1072.5,4.6101,0.00614724,51.0506,0.745908,0.0,749.9463173716986,68.44088010853886,1.2762650000000002,,,,,,,,,,,,,,,,,
09-01-2026,19.05,287,1076.25,4.59489,0.00598249,52.5241,0.75276,0.0,768.0564447245212,69.77536000850205,1.3131025,,,,,,,,,,,,,,,,,
09-01-2026,19.05,288,1080.0,4.57962,0.00595471,50.699,0.751047,0.0,769.0752362415634,67.5044304817142,1.267475,,,,,,,,,,,,,,,,,
09-01-2026,19.05,289,1083.75,4.56653,0.00579761,50.113,0.740768,0.0,787.6573277609223,67.65006047777442,1.252825,,,,,,,,,,,,,,,,,
09-01-2026,19.05,290,1087.5,4.55942,0.00590276,51.3688,0.762011,0.0,772.4217145877523,67.41215021830394,1.2842200000000001,,,,,,,,,,,,,,,,,
09-01-2026,19.05,291,1091.25,4.55253,0.00589747,49.4098,0.744537,0.0,771.9462752671908,66.36312231628516,1.235245,,,,,,,,,,,,,,,,,
09-01-2026,19.05,292,1095.0,4.53287,0.00576617,48.9912,0.757557,0.0,786.1145266268597,64.66998522883426,1.22478,,,,,,,,,,,,,,,,,
09-01-2026,19.05,293,1098.75,4.52782,0.0056041,48.1038,0.738027,0.0,807.9477525383202,65.17891621851233,1.202595,,,,,,,,,,,,,,,,,
09-01-2026,19.05,294,1102.5,4.53055,0.00569952,46.915,0.727748,0.0,794.9002723036326,64.465996471306,1.1728750000000001,,,,,,,,,,,,,,,,,
09-01-2026,19.05,295,1106.25,4.51163,0.00568324,47.3336,0.728434,0.0,793.8482274195705,64.97994327557473,1.1833399999999998,,,,,,,,,,,,,,,,,
09-01-2026,19.05,296,1110.0,4.49568,0.00558071,46.8313,0.722609,0.0,805.5749178867922,64.80863094702669,1.1707825,,,,,,,,,,,,,,,,,
09-01-2026,19.05,297,1113.75,4.49926,0.00563338,47.3169,0.730489,0.0,798.6785908282416,64.77428133756976,1.1829224999999999,,,,,,,,,,,,,,,,,
09-01-2026,19.05,298,1117.5,4.49173,0.00552385,45.3077,0.713358,0.0,813.152058799569,63.5132710364221,1.1326924999999999,,,,,,,,,,,,,,,,,
09-01-2026,19.05,299,1121.25,4.47845,0.00568991,46.0946,0.736657,0.0,787.086263227362,62.572676293037325,1.152365,,,,,,,,,,,,,,,,,
09-01-2026,19.05,300,1125.0,4.47532,0.00553195,45.5588,0.742481,0.0,808.9950198392971,61.360223359250945,1.13897,,,,,,,,,,,,,,,,,
09-01-2026,19.05,301,1128.75,4.47208,0.00560025,46.8983,0.735286,0.0,798.5500647292531,63.78239215760942,1.1724575,,,,,,,,,,,,,,,,,
09-01-2026,19.05,302,1132.5,4.45956,0.00548725,44.6882,0.717469,0.0,812.7131076586633,62.28589667288761,1.1172050000000002,,,,,,,,,,,,,,,,,
09-01-2026,19.05,303,1136.25,4.4521,0.00549196,44.504,0.711987,0.0,810.6577615277606,62.5067592526268,1.1126,,,,,,,,,,,,,,,,,
09-01-2026,19.05,304,1140.0,4.44769,0.00536341,43.5663,0.705477,0.0,829.2653367913323,61.75438745699718,1.0891575,,,,,,,,,,,,,,,,,
09-01-2026,19.05,305,1143.75,4.43524,0.00535753,43.3319,0.724322,0.0,827.8516405881069,59.82408376385088,1.0832975,,,,,,,,,,,,,,,,,
09-01-2026,19.05,306,1147.5,4.42309,0.00525421,43.265,0.729119,0.0,841.8182752497522,59.338736200812214,1.081625,,,,,,,,,,,,,,,,,
09-01-2026,19.05,307,1151.25,4.4222,0.00541269,42.612,0.716784,0.0,817.0059619154247,59.448871626598816,1.0653,,,,,,,,,,,,,,,,,
09-01-2026,19.05,308,1155.0,4.42091,0.0053623,43.2985,0.727748,0.0,824.4428696641367,59.49655650032704,1.0824624999999999,,,,,,,,,,,,,,,,,
09-01-2026,19.05,309,1158.75,4.40831,0.00539256,40.9711,0.715414,0.0,817.4800094945629,57.269077764762784,1.0242775,,,,,,,,,,,,,,,,,
09-01-2026,19.05,310,1162.5,4.39703,0.00520761,42.2101,0.712673,0.0,844.3470229145424,59.227864672858374,1.0552525,,,,,,,,,,,,,,,,,
09-01-2026,19.05,311,1166.25,4.39455,0.00533727,41.1051,0.727406,0.0,823.3703747421434,56.50915719694366,1.0276275000000001,,,,,,,,,,,,,,,,,
09-01-2026,19.05,312,1170.0,4.3929,0.00521846,41.892,0.710274,0.0,841.8000712853983,58.98005558418301,1.0473000000000001,,,,,,,,,,,,,,,,,
09-01-2026,19.05,313,1173.75,4.38421,0.00507305,40.9041,0.695884,0.0,864.21580705887,58.78005529657242,1.0226025,,,,,,,,,,,,,,,,,
09-01-2026,19.05,314,1177.5,4.37899,0.00508541,40.8372,0.716099,0.0,861.0888797560078,57.02731046964177,1.0209300000000001,,,,,,,,,,,,,,,,,
09-01-2026,19.05,315,1181.25,4.37048,0.00514468,39.2633,0.693143,0.0,849.5144498783208,56.64530984226921,0.9815825,,,,,,,,,,,,,,,,,
09-01-2026,19.05,316,1185.0,4.36503,0.00514625,39.5479,0.704449,0.0,848.1962594121934,56.14018899877777,0.9886975,,,,,,,,,,,,,,,,,
09-01-2026,19.05,317,1188.75,4.35969,0.00518611,40.2009,0.719525,0.0,840.6474216705777,55.871442965845524,1.0050225,,,,,,,,,,,,,,,,,
09-01-2026,19.05,318,1192.5,4.35229,0.00499418,38.8447,0.686975,0.0,871.4723938664606,56.544561301357405,0.9711175000000001,,,,,,,,,,,,,,,,,
09-01-2026,19.05,319,1196.25,4.34778,0.0050775,38.761,0.679095,0.0,856.2836041358936,57.0774339378143,0.9690250000000001,,,,,,,,,,,,,,,,,
09-01-2026,19.05,320,1200.0,4.33832,0.00489314,38.1415,0.690059,0.0,886.612686332294,55.27281000610093,0.9535375,,,,,,,,,,,,,,,,,
09-01-2026,19.05,321,1203.75,4.3321,0.00491771,38.4094,0.690744,0.0,880.9181509279725,55.60583950059645,0.960235,,,,,,,,,,,,,,,,,
09-01-2026,19.05,322,1207.5,4.32917,0.00497058,36.6513,0.674298,0.0,870.958721115041,54.35475116343219,0.9162825,,,,,,,,,,,,,,,,,
09-01-2026,19.05,323,1211.25,4.31759,0.0048789,37.8066,0.706848,0.0,884.9515259587201,53.48618090452261,0.9451650000000001,,,,,,,,,,,,,,,,,
09-01-2026,19.05,324,1215.0,4.31268,0.00473584,36.0486,0.677382,0.0,910.6473191661881,53.21753456690612,0.9012150000000001,,,,,,,,,,,,,,,,,
09-01-2026,19.05,325,1218.75,4.30669,0.00485086,36.7183,0.683206,0.0,887.8198917305384,53.74411231751478,0.9179575,,,,,,,,,,,,,,,,,
09-01-2026,19.05,326,1222.5,4.30024,0.0047429,37.6392,0.661963,0.0,906.6689156423283,56.85997555754627,0.94098,,,,,,,,,,,,,,,,,
09-01-2026,19.05,327,1226.25,4.30411,0.00473943,37.4048,0.69931,0.0,908.1492922144645,53.48815260757032,0.9351200000000001,,,,,,,,,,,,,,,,,
09-01-2026,19.05,328,1230.0,4.29908,0.00476388,36.6681,0.679437,0.0,902.4324710110246,53.968359097311456,0.9167025000000001,,,,,,,,,,,,,,,,,
09-01-2026,19.05,329,1233.75,4.28444,0.00469624,35.5295,0.662991,0.0,912.3128289865936,53.58971690415103,0.8882375,,,,,,,,,,,,,,,,,
09-01-2026,19.05,330,1237.5,4.27559,0.00467755,34.3407,0.658879,0.0,914.0661243599749,52.11988847724696,0.8585174999999999,,,,,,,,,,,,,,,,,
09-01-2026,19.05,331,1241.25,4.27624,0.00464284,34.3407,0.667445,0.0,921.0397084543081,51.450980979706195,0.8585174999999999,,,,,,,,,,,,,,,,,
09-01-2026,19.05,332,1245.0,4.27029,0.0045986,34.0393,0.655111,0.0,928.6065324229113,51.95959158066343,0.8509825,,,,,,,,,,,,,,,,,
09-01-2026,19.05,333,1248.75,4.2599,0.00450959,34.257,0.660593,0.0,944.6313301209201,51.85795187051634,0.856425,,,,,,,,,,,,,,,,,
09-01-2026,19.05,334,1252.5,4.25581,0.00451378,33.8719,0.670529,0.0,942.8483444031389,50.51519024531377,0.8467974999999999,,,,,,,,,,,,,,,,,
09-01-2026,19.05,335,1256.25,4.24672,0.00444333,32.0804,0.643804,0.0,955.751654727423,49.82945119943336,0.80201,,,,,,,,,,,,,,,,,
09-01-2026,19.05,336,1260.0,4.24299,0.00444431,34.0896,0.661621,0.0,954.7016297242991,51.52436213481736,0.8522399999999999,,,,,,,,,,,,,,,,,
09-01-2026,19.05,337,1263.75,4.24534,0.00449659,33.3864,0.657852,0.0,944.1243253220773,50.75062476058445,0.8346600000000001,,,,,,,,,,,,,,,,,
09-01-2026,19.05,338,1267.5,4.2308,0.00445097,32.4655,0.64072,0.0,950.5343778996488,50.670339617929834,0.8116374999999999,,,,,,,,,,,,,,,,,
09-01-2026,19.05,339,1271.25,4.22056,0.00441366,31.779,0.648601,0.0,956.2494618978353,48.996224180967964,0.794475,,,,,,,,,,,,,,,,,
09-01-2026,19.05,340,1275.0,4.22077,0.00435432,31.5781,0.648258,0.0,969.3293097429679,48.712241113877496,0.7894525,,,,,,,,,,,,,,,,,
09-01-2026,19.05,341,1278.75,4.21902,0.00434059,31.7455,0.648943,0.0,971.9922867628595,48.91878023185395,0.7936375000000001,,,,,,,,,,,,,,,,,
09-01-2026,19.05,342,1282.5,4.2166,0.00444398,30.9418,0.644489,0.0,948.8341531690061,48.00981863150496,0.773545,,,,,,,,,,,,,,,,,
09-01-2026,19.05,343,1286.25,4.21389,0.00446594,31.6953,0.654425,0.0,943.5617137713449,48.43228788631241,0.7923825,,,,,,,,,,,,,,,,,
09-01-2026,19.05,344,1290.0,4.20987,0.00430936,31.4776,0.643118,0.0,976.9130450925427,48.94529464266278,0.78694,,,,,,,,,,,,,,,,,
09-01-2026,19.05,345,1293.75,4.20673,0.00438882,30.2051,0.650999,0.0,958.5104880127234,46.398074344200225,0.7551275000000001,,,,,,,,,,,,,,,,,
09-01-2026,19.05,346,1297.5,4.20313,0.00431654,31.3604,0.641405,0.0,973.7266421717394,48.89328895159844,0.78401,,,,,,,,,,,,,,,,,
09-01-2026,19.05,347,1301.25,4.1951,0.00427093,29.7865,0.627015,0.0,982.2450847941783,47.505243096257665,0.7446625,,,,,,,,,,,,,,,,,
09-01-2026,19.05,348,1305.0,4.18882,0.00415258,30.5567,0.62633,0.0,1008.7271045952153,48.78690147366404,0.7639175,,,,,,,,,,,,,,,,,
09-01-2026,19.05,349,1308.75,4.18163,0.00408755,28.9661,0.630784,0.0,1023.016232217343,45.920790635146105,0.7241525000000001,,,,,,,,,,,,,,,,,
09-01-2026,19.05,350,1312.5,4.17043,0.00410369,29.2172,0.617078,0.0,1016.2634117099487,47.34766107364061,0.7304299999999999,,,,,,,,,,,,,,,,,
09-01-2026,19.05,351,1316.25,4.16631,0.00414918,28.1289,0.61331,0.0,1004.1285266004368,45.86408178572011,0.7032225000000001,,,,,,,,,,,,,,,,,
09-01-2026,19.05,352,1320.0,4.16607,0.00422486,28.9661,0.629071,0.0,986.0847460034179,46.04583584364881,0.7241525000000001,,,,,,,,,,,,,,,,,
09-01-2026,19.05,353,1323.75,4.15972,0.00417375,27.928,0.616393,0.0,996.638514525307,45.308755939798154,0.6982,,,,,,,,,,,,,,,,,
09-01-2026,19.05,354,1327.5,4.15791,0.00399913,29.4014,0.636951,0.0,1039.7036355407301,46.15959469409734,0.735035,,,,,,,,,,,,,,,,,
09-01-2026,19.05,355,1331.25,4.1557,0.00419943,27.0071,0.600975,0.0,989.5866820020814,44.938807770705935,0.6751775,,,,,,,,,,,,,,,,,
09-01-2026,19.05,356,1335.0,4.13749,0.00403122,26.2034,0.595835,0.0,1026.3617465680363,43.977611251437054,0.6550849999999999,,,,,,,,,,,,,,,,,
09-01-2026,19.05,357,1338.75,4.13325,0.00394737,26.5383,0.595835,0.0,1047.0895811641676,44.5396796092878,0.6634575,,,,,,,,,,,,,,,,,
09-01-2026,19.05,358,1342.5,4.1419,0.00388699,26.5885,0.598919,0.0,1065.5803076416455,44.39415012714574,0.6647125,,,,,,,,,,,,,,,,,
09-01-2026,19.05,359,1346.25,4.13775,0.00382046,26.7727,0.60166,0.0,1083.0502086136223,44.49805538011502,0.6693175,,,,,,,,,,,,,,,,,
09-01-2026,19.05,360,1350.0,4.1313,0.00395894,26.4211,0.611596,0.0,1043.5369063436174,43.200249838128435,0.6605275,,,,,,,,,,,,,,,,,
09-01-2026,19.05,361,1353.75,4.13337,0.00396338,25.969,0.597891,0.0,1042.8901594093932,43.43433836602324,0.649225,,,,,,,,,,,,,,,,,
09-01-2026,19.05,362,1357.5,4.12791,0.0040071,26.036,0.593094,0.0,1030.1489855506475,43.89860629175139,0.6509000000000001,,,,,,,,,,,,,,,,,
09-01-2026,19.05,363,1361.25,4.11706,0.00387928,25.383,0.585556,0.0,1061.2948794621684,43.348543947974235,0.634575,,,,,,,,,,,,,,,,,
09-01-2026,19.05,364,1365.0,4.10467,0.00383033,23.9766,0.571851,0.0,1071.6230716413468,41.92805468557369,0.5994150000000001,,,,,,,,,,,,,,,,,
09-01-2026,19.05,365,1368.75,4.09991,0.00371609,25.6174,0.586927,0.0,1103.2859806947627,43.64665452432756,0.640435,,,,,,,,,,,,,,,,,
09-01-2026,19.05,366,1372.5,4.10339,0.00376837,25.0984,0.59515,0.0,1088.9031597215771,42.17155338990171,0.62746,,,,,,,,,,,,,,,,,
09-01-2026,19.05,367,1376.25,4.09412,0.00366839,23.7087,0.572879,0.0,1116.0536366089757,41.38517906922753,0.5927175,,,,,,,,,,,,,,,,,
09-01-2026,19.05,368,1380.0,4.08284,0.00362741,22.9887,0.563971,0.0,1125.5523913756647,40.762202311821,0.5747175000000001,,,,,,,,,,,,,,,,,
09-01-2026,19.05,369,1383.75,4.08119,0.00361336,23.491,0.568082,0.0,1129.4722917174045,41.35142461827694,0.587275,,,,,,,,,,,,,,,,,
09-01-2026,19.05,370,1387.5,4.07471,0.00360362,23.2064,0.550951,0.0,1130.726880192695,42.120624157139204,0.58016,,,,,,,,,,,,,,,,,
09-01-2026,19.05,371,1391.25,4.06489,0.00362453,21.8501,0.555062,0.0,1121.494373063542,39.36515200103772,0.5462525,,,,,,,,,,,,,,,,,
09-01-2026,19.05,372,1395.0,4.06419,0.00350559,22.6371,0.553692,0.0,1159.345502468914,40.88392102468521,0.5659275,,,,,,,,,,,,,,,,,
09-01-2026,19.05,373,1398.75,4.05973,0.0034973,20.6111,0.55609,0.0,1160.8183455808767,37.064324120196375,0.5152775,,,,,,,,,,,,,,,,,
09-01-2026,19.05,374,1402.5,4.05192,0.00348586,21.0297,0.554377,0.0,1162.3874739662522,37.93393304556285,0.5257425,,,,,,,,,,,,,,,,,
09-01-2026,19.05,375,1406.25,4.05305,0.00349396,21.1302,0.546496,0.0,1160.01614214244,38.66487586368427,0.528255,,,,,,,,,,,,,,,,,
09-01-2026,19.05,376,1410.0,4.04957,0.00344018,20.6949,0.552664,0.0,1177.1389869134755,37.44571747028936,0.5173725000000001,,,,,,,,,,,,,,,,,
09-01-2026,19.05,377,1413.75,4.03982,0.00336444,20.2428,0.542042,0.0,1200.7406879005125,37.34544555587943,0.50607,,,,,,,,,,,,,,,,,
09-01-2026,19.05,378,1417.5,4.03529,0.0033892,20.226,0.54307,0.0,1190.6320075534047,37.243817555747874,0.5056499999999999,,,,,,,,,,,,,,,,,
09-01-2026,19.05,379,1421.25,4.03192,0.00337175,19.0373,0.524911,0.0,1195.794468747683,36.26767204345117,0.4759325,,,,,,,,,,,,,,,,,
09-01-2026,19.05,380,1425.0,4.02701,0.00334522,19.8409,0.536218,0.0,1203.8102127812222,37.001555337567936,0.49602250000000003,,,,,,,,,,,,,,,,,
09-01-2026,19.05,381,1428.75,4.02198,0.00330575,18.8028,0.519086,0.0,1216.6618770324435,36.222899481010856,0.47007000000000004,,,,,,,,,,,,,,,,,
09-01-2026,19.05,382,1432.5,4.01565,0.00335391,19.1712,0.535875,0.0,1197.3040421478215,35.77550734779566,0.47928,,,,,,,,,,,,,,,,,
09-01-2026,19.05,383,1436.25,4.0181,0.00332928,19.9247,0.548552,0.0,1206.897587466359,36.322354125041926,0.49811750000000005,,,,,,,,,,,,,,,,,
09-01-2026,19.05,384,1440.0,4.01618,0.00331072,19.5898,0.521827,0.0,1213.0835588633288,37.54079417124832,0.48974500000000004,,,,,,,,,,,,,,,,,
09-01-2026,19.05,385,1443.75,4.0042,0.00321302,18.1164,0.518743,0.0,1246.2418534587398,34.923651981809876,0.45291,,,,,,,,,,,,,,,,,
09-01-2026,19.05,386,1447.5,4.00365,0.00319413,18.2838,0.513261,0.0,1253.4399038235765,35.62281178581657,0.457095,,,,,,,,,,,,,,,,,
09-01-2026,19.05,387,1451.25,4.00926,0.00321975,18.1331,0.518743,0.0,1245.2084789191708,34.955845187308555,0.4533275,,,,,,,,,,,,,,,,,
09-01-2026,19.05,388,1455.0,4.00085,0.00317413,16.8941,0.486193,0.0,1260.4556209102966,34.74772364061186,0.4223525,,,,,,,,,,,,,,,,,
09-01-2026,19.05,389,1458.75,3.99935,0.00326092,18.1164,0.516688,0.0,1226.4483642652995,35.06255225590685,0.45291,,,,,,,,,,,,,,,,,
09-01-2026,19.05,390,1462.5,3.99869,0.00316073,17.2959,0.500241,0.0,1265.1159700448945,34.57513478503361,0.4323975,,,,,,,,,,,,,,,,,
09-01-2026,19.05,391,1466.25,3.98841,0.00306526,16.2244,0.481739,0.0,1301.1653171345986,33.678817783073406,0.40560999999999997,,,,,,,,,,,,,,,,,
09-01-2026,19.05,392,1470.0,3.98694,0.00310342,16.6597,0.500241,0.0,1284.6923716416084,33.30334778636697,0.41649250000000004,,,,,,,,,,,,,,,,,
09-01-2026,19.05,393,1473.75,3.9862,0.00305519,15.6383,0.476257,0.0,1304.7306386836824,32.83584283275626,0.3909575,,,,,,,,,,,,,,,,,
09-01-2026,19.05,394,1477.5,3.98256,0.00303735,17.8485,0.523198,0.0,1311.1956145982517,34.11423591068773,0.44621250000000007,,,,,,,,,,,,,,,,,
09-01-2026,19.05,395,1481.25,3.98058,0.0030778,15.923,0.487221,0.0,1293.3199038274092,32.68126784354533,0.398075,,,,,,,,,,,,,,,,,
09-01-2026,19.05,396,1485.0,3.97378,0.00296422,17.1452,0.491333,0.0,1340.5820080830708,34.8952746915025,0.42863,,,,,,,,,,,,,,,,,
09-01-2026,19.05,397,1488.75,3.97235,0.00303983,16.5257,0.500584,0.0,1306.767154742206,33.01284100171,0.4131425,,,,,,,,,,,,,,,,,
09-01-2026,19.05,398,1492.5,3.97326,0.00308682,16.576,0.496815,0.0,1287.1693198825976,33.364532069281324,0.41440000000000005,,,,,,,,,,,,,,,,,
09-01-2026,19.05,399,1496.25,3.97373,0.00307016,16.8606,0.499213,0.0,1294.3071370873179,33.77436084396841,0.42151500000000003,,,,,,,,,,,,,,,,,
09-01-2026,19.05,400,1500.0,3.97039,0.00297984,16.3918,0.488249,0.0,1332.4171767611683,33.57262380465705,0.409795,,,,,,,,,,,,,,,,,
09-01-2026,19.05,401,1503.75,3.96205,0.00299265,15.6216,0.475572,0.0,1323.9269543715436,32.848023012288365,0.39054000000000005,,,,,,,,,,,,,,,,,
09-01-2026,19.05,402,1507.5,3.96254,0.00297017,15.5211,0.476257,0.0,1334.1121888646105,32.58975721091764,0.3880275,,,,,,,,,,,,,,,,,
09-01-2026,19.05,403,1511.25,3.96268,0.00294292,14.3324,0.467006,0.0,1346.5129871012464,30.68996972201642,0.35831,,,,,,,,,,,,,,,,,
09-01-2026,19.05,404,1515.0,3.95979,0.00295455,15.99,0.486193,0.0,1340.2345534853023,32.888174037882074,0.39975,,,,,,,,,,,,,,,,,
09-01-2026,19.05,405,1518.75,3.95364,0.00290142,13.5287,0.459468,0.0,1362.656905928821,29.444270330033866,0.33821750000000006,,,,,,,,,,,,,,,,,
09-01-2026,19.05,406,1522.5,3.95097,0.00280966,14.55,0.462552,0.0,1406.2092922275294,31.455922793545376,0.36375,,,,,,,,,,,,,,,,,
09-01-2026,19.05,407,1526.25,3.95405,0.00292031,15.0691,0.473516,0.0,1353.982967561663,31.823845445560448,0.37672750000000005,,,,,,,,,,,,,,,,,
09-01-2026,19.05,408,1530.0,3.94791,0.00290541,14.55,0.469062,0.0,1358.8133860625521,31.019353518298225,0.36375,,,,,,,,,,,,,,,,,
09-01-2026,19.05,409,1533.75,3.94109,0.00283659,14.1817,0.468034,0.0,1389.37597608396,30.30057645384737,0.3545425,,,,,,,,,,,,,,,,,
09-01-2026,19.05,410,1537.5,3.94026,0.00281764,14.4161,0.472146,0.0,1398.42563279908,30.533140172743177,0.3604025,,,,,,,,,,,,,,,,,
09-01-2026,19.05,411,1541.25,3.93645,0.00287685,14.4663,0.474887,0.0,1368.319516137442,30.46261531690697,0.3616575,,,,,,,,,,,,,,,,,
09-01-2026,19.05,412,1545.0,3.93519,0.00277117,14.3156,0.466321,0.0,1420.0464063915242,30.699024920601904,0.35789,,,,,,,,,,,,,,,,,
09-01-2026,19.05,413,1548.75,3.9358,0.00278679,14.1147,0.460839,0.0,1412.3059146903786,30.628267138848923,0.35286749999999995,,,,,,,,,,,,,,,,,
09-01-2026,19.05,414,1552.5,3.93197,0.00272105,14.0979,0.464608,0.0,1445.019385898826,30.34364453474757,0.3524475,,,,,,,,,,,,,,,,,
09-01-2026,19.05,415,1556.25,3.92942,0.00279516,13.6459,0.449532,0.0,1405.7943015784426,30.355792246158227,0.3411475,,,,,,,,,,,,,,,,,
09-01-2026,19.05,416,1560.0,3.93156,0.00276516,13.7798,0.452273,0.0,1421.8200755110013,30.467881124895804,0.344495,,,,,,,,,,,,,,,,,
09-01-2026,19.05,417,1563.75,3.93528,0.00274392,14.1817,0.450902,0.0,1434.1817545701042,31.451845412085106,0.3545425,,,,,,,,,,,,,,,,,
09-01-2026,19.05,418,1567.5,3.93026,0.00272432,13.2105,0.448161,0.0,1442.6572502496035,29.47712987073842,0.3302625,,,,,,,,,,,,,,,,,
09-01-2026,19.05,419,1571.25,3.92374,0.00269308,13.5956,0.449532,0.0,1456.9712002614108,30.24389809846685,0.33988999999999997,,,,,,,,,,,,,,,,,
09-01-2026,19.05,420,1575.0,3.92358,0.00266158,12.9929,0.442337,0.0,1474.154449612636,29.373305873123886,0.3248225,,,,,,,,,,,,,,,,,
09-01-2026,19.05,421,1578.75,3.92074,0.00272111,12.725,0.431715,0.0,1440.8605311802903,29.475464137220154,0.318125,,,,,,,,,,,,,,,,,
09-01-2026,19.05,422,1582.5,3.92026,0.00264596,13.3612,0.450902,0.0,1481.602140621929,29.632159537992734,0.33403000000000005,,,,,,,,,,,,,,,,,
09-01-2026,19.05,423,1586.25,3.92038,0.00268929,12.5576,0.4324,0.0,1457.7751004912077,29.04162812210916,0.31394,,,,,,,,,,,,,,,,,
09-01-2026,19.05,424,1590.0,3.91574,0.00261635,12.4571,0.438568,0.0,1496.642268809601,28.404033125991866,0.3114275,,,,,,,,,,,,,,,,,
09-01-2026,19.05,425,1593.75,3.90865,0.00263276,13.0096,0.446791,0.0,1484.6207022288397,29.11786495251695,0.32524000000000003,,,,,,,,,,,,,,,,,
09-01-2026,19.05,426,1597.5,3.90717,0.00268622,12.0385,0.436169,0.0,1454.523456753356,27.600540157599465,0.3009625,,,,,,,,,,,,,,,,,
09-01-2026,19.05,427,1601.25,3.90418,0.00256741,11.8878,0.430002,0.0,1520.6686894574689,27.645917925963136,0.297195,,,,,,,,,,,,,,,,,
09-01-2026,19.05,428,1605.0,3.90317,0.00259263,12.6413,0.438225,0.0,1505.4867065489484,28.846597067716356,0.3160325,,,,,,,,,,,,,,,,,
09-01-2026,19.05,429,1608.75,3.90138,0.00254852,11.2516,0.412528,0.0,1530.8414295355738,27.274754683318466,0.28129000000000004,,,,,,,,,,,,,,,,,
09-01-2026,19.05,430,1612.5,3.89774,0.00241834,11.419,0.410129,0.0,1611.7419386852139,27.84245932377374,0.28547500000000003,,,,,,,,,,,,,,,,,
09-01-2026,19.05,431,1616.25,3.90069,0.00254198,12.4906,0.428631,0.0,1534.5085327185893,29.140682778427134,0.312265,,,,,,,,,,,,,,,,,
09-01-2026,19.05,432,1620.0,3.90413,0.00260623,11.7204,0.426576,0.0,1497.9990254121853,27.47552604928547,0.29301,,,,,,,,,,,,,,,,,
09-01-2026,19.05,433,1623.75,3.89882,0.0025082,11.486,0.418695,0.0,1554.4294713340246,27.432856852840377,0.28715,,,,,,,,,,,,,,,,,
09-01-2026,19.05,434,1627.5,3.89649,0.00247957,12.139,0.420751,0.0,1571.4377896167482,28.850792986825937,0.303475,,,,,,,,,,,,,,,,,
09-01-2026,19.05,435,1631.25,3.89485,0.00250395,11.1846,0.41801,0.0,1555.4823379061083,26.756776153680534,0.279615,,,,,,,,,,,,,,,,,
09-01-2026,19.05,436,1635.0,3.89325,0.00250944,11.4357,0.416297,0.0,1551.4417559296098,27.47005142962837,0.28589250000000005,,,,,,,,,,,,,,,,,
09-01-2026,19.05,437,1638.75,3.89378,0.00254434,12.2394,0.424177,0.0,1530.3693688736569,28.854464056278392,0.305985,,,,,,,,,,,,,,,,,
09-01-2026,19.05,438,1642.5,3.88968,0.0024963,11.2348,0.416639,0.0,1558.1781035933182,26.965310496616976,0.28087,,,,,,,,,,,,,,,,,
09-01-2026,19.05,439,1646.25,3.88441,0.00246637,10.6823,0.406018,0.0,1574.9502305006954,26.309917294307148,0.2670575,,,,,,,,,,,,,,,,,
09-01-2026,19.05,440,1650.0,3.88082,0.00236299,10.6321,0.408074,0.0,1642.334499934405,26.054343084832652,0.2658025,,,,,,,,,,,,,,,,,
09-01-2026,19.05,441,1653.75,3.88137,0.00246291,11.2683,0.414241,0.0,1575.9284748529178,27.202280797893014,0.2817075,,,,,,,,,,,,,,,,,
09-01-2026,19.05,442,1657.5,3.88089,0.00249121,11.1679,0.42452,0.0,1557.8333420305794,26.307123339300855,0.2791975,,,,,,,,,,,,,,,,,
09-01-2026,19.05,443,1661.25,3.87907,0.00244206,10.2805,0.404647,0.0,1588.4417254285318,25.406094694882206,0.2570125,,,,,,,,,,,,,,,,,
09-01-2026,19.05,444,1665.0,3.8808,0.0024601,11.1511,0.411157,0.0,1577.4968497215561,27.121269977162008,0.27877749999999996,,,,,,,,,,,,,,,,,
09-01-2026,19.05,445,1668.75,3.88168,0.00242265,10.5818,0.411157,0.0,1602.245474996388,25.736640747938136,0.264545,,,,,,,,,,,,,,,,,
09-01-2026,19.05,446,1672.5,3.87751,0.0024384,10.8665,0.413213,0.0,1590.186187664042,26.297575342498906,0.27166250000000003,,,,,,,,,,,,,,,,,
09-01-2026,19.05,447,1676.25,3.87488,0.00236736,10.3474,0.391285,0.0,1636.7937280346039,26.44466309723092,0.258685,,,,,,,,,,,,,,,,,
09-01-2026,19.05,448,1680.0,3.87472,0.00230502,10.2805,0.397795,0.0,1680.991921978985,25.843713470506163,0.2570125,,,,,,,,,,,,,,,,,
09-01-2026,19.05,449,1683.75,3.87403,0.00240893,10.5316,0.402249,0.0,1608.1953398396797,26.181792869590723,0.26328999999999997,,,,,,,,,,,,,,,,,
09-01-2026,19.05,450,1687.5,3.8716,0.00243592,10.0795,0.392998,0.0,1589.378961542251,25.647713219914603,0.2519875,,,,,,,,,,,,,,,,,
09-01-2026,19.05,451,1691.25,3.86712,0.00230018,9.69443,0.387858,0.0,1681.2249476127954,24.994791908378843,0.24236075000000004,,,,,,,,,,,,,,,,,
09-01-2026,19.05,452,1695.0,3.86241,0.00227842,9.10841,0.387173,0.0,1695.2142274032003,23.525426618075123,0.22771024999999998,,,,,,,,,,,,,,,,,
09-01-2026,19.05,453,1698.75,3.86296,0.00233292,9.86187,0.386145,0.0,1655.8476072904343,25.53929223478227,0.24654675,,,,,,,,,,,,,,,,,
09-01-2026,19.05,454,1702.5,3.86351,0.00230606,9.92884,0.39985,0.0,1675.3727136327764,24.83141177941728,0.24822099999999997,,,,,,,,,,,,,,,,,
09-01-2026,19.05,455,1706.25,3.86276,0.00229541,10.0963,0.392998,0.0,1682.8191913427233,25.690461529066305,0.25240749999999995,,,,,,,,,,,,,,,,,
09-01-2026,19.05,456,1710.0,3.86211,0.00230972,9.47677,0.389914,0.0,1672.1117711237725,24.304769769744098,0.23691925,,,,,,,,,,,,,,,,,
09-01-2026,19.05,457,1713.75,3.86175,0.00229724,10.5483,0.408074,0.0,1681.038985913531,25.84898817371359,0.2637075,,,,,,,,,,,,,,,,,
09-01-2026,19.05,458,1717.5,3.8636,0.00238063,9.79489,0.394026,0.0,1622.9317449582675,24.858486495815,0.24487225,,,,,,,,,,,,,,,,,
09-01-2026,19.05,459,1721.25,3.86305,0.00232521,10.113,0.399508,0.0,1661.376821878454,25.31363577199956,0.25282499999999997,,,,,,,,,,,,,,,,,
09-01-2026,19.05,460,1725.0,3.86139,0.00238579,9.6442,0.392313,0.0,1618.4953411658194,24.582922309482477,0.24110499999999999,,,,,,,,,,,,,,,,,
09-01-2026,19.05,461,1728.75,3.8592,0.00229378,9.82838,0.390257,0.0,1682.4630086581974,25.184378499296614,0.2457095,,,,,,,,,,,,,,,,,
09-01-2026,19.05,462,1732.5,3.85818,0.00229731,9.2591,0.386488,0.0,1679.4337725426694,23.957018070418744,0.2314775,,,,,,,,,,,,,,,,,
09-01-2026,19.05,463,1736.25,3.85714,0.00228777,9.49351,0.383404,0.0,1685.9824195614067,24.761113603405285,0.23733775000000004,,,,,,,,,,,,,,,,,
09-01-2026,19.05,464,1740.0,3.85166,0.00221647,8.07032,0.358049,0.0,1737.7451533293931,22.53970825222246,0.20175800000000002,,,,,,,,,,,,,,,,,
09-01-2026,19.05,465,1743.75,3.84917,0.00219366,9.09167,0.373468,0.0,1754.679394254351,24.343906305225616,0.22729175000000001,,,,,,,,,,,,,,,,,
09-01-2026,19.05,466,1747.5,3.85454,0.00229744,9.29259,0.382719,0.0,1677.754370081482,24.280451192650485,0.23231475000000001,,,,,,,,,,,,,,,,,
09-01-2026,19.05,467,1751.25,3.85111,0.00228293,9.22562,0.38683,0.0,1686.915498942149,23.849287800842745,0.23064049999999997,,,,,,,,,,,,,,,,,
09-01-2026,19.05,468,1755.0,3.84698,0.00224555,9.00795,0.371755,0.0,1713.1571329963706,24.230877863108766,0.22519875,,,,,,,,,,,,,,,,,
09-01-2026,19.05,469,1758.75,3.8501,0.00222915,8.92424,0.377579,0.0,1727.1605769015093,23.63542463961184,0.223106,,,,,,,,,,,,,,,,,
09-01-2026,19.05,470,1762.5,3.84759,0.00229646,8.6396,0.371755,0.0,1675.4439441575291,23.240037121222308,0.21599,,,,,,,,,,,,,,,,,
09-01-2026,19.05,471,1766.25,3.8451,0.00222477,9.0247,0.369699,0.0,1728.313488585337,24.410939710413064,0.22561749999999997,,,,,,,,,,,,,,,,,
09-01-2026,19.05,472,1770.0,3.84743,0.00225823,8.97447,0.38032,0.0,1703.7369975600361,23.597155027345394,0.22436175,,,,,,,,,,,,,,,,,
09-01-2026,19.05,473,1773.75,3.84771,0.00226698,8.95772,0.383747,0.0,1697.2844930259641,23.342775318113237,0.223943,,,,,,,,,,,,,,,,,
09-01-2026,19.05,474,1777.5,3.84556,0.00222091,8.7568,0.366958,0.0,1731.5244651966987,23.863221404084392,0.21892000000000003,,,,,,,,,,,,,,,,,
09-01-2026,19.05,475,1781.25,3.84621,0.00223712,8.6396,0.366958,0.0,1719.2685238163353,23.543838804440835,0.21599,,,,,,,,,,,,,,,,,
09-01-2026,19.05,476,1785.0,3.84633,0.00220144,8.99121,0.370727,0.0,1747.1882040845994,24.252913869235318,0.22478025000000001,,,,,,,,,,,,,,,,,
09-01-2026,19.05,477,1788.75,3.84478,0.00220516,8.53914,0.364902,0.0,1743.5378838723723,23.40118716806156,0.2134785,,,,,,,,,,,,,,,,,
09-01-2026,19.05,478,1792.5,3.84398,0.00226163,9.00795,0.379293,0.0,1699.6502522516946,23.749317809714388,0.22519875,,,,,,,,,,,,,,,,,
09-01-2026,19.05,479,1796.25,3.84352,0.0022134,8.85726,0.372783,0.0,1736.4778169332249,23.759828103749367,0.2214315,,,,,,,,,,,,,,,,,
09-01-2026,19.05,480,1800.0,3.84049,0.00212759,8.82378,0.37244,0.0,1805.089326420974,23.691816131457415,0.2205945,,,,,,,,,,,,,,,,,
09-01-2026,19.05,481,1803.75,3.84161,0.00218869,8.79029,0.362846,0.0,1755.2097373314632,24.225952607993474,0.21975725000000004,,,,,,,,,,,,,,,,,
09-01-2026,19.05,482,1807.5,3.84015,0.00214961,8.77355,0.364217,0.0,1786.4403310367925,24.088798710658754,0.21933875,,,,,,,,,,,,,,,,,
09-01-2026,19.05,483,1811.25,3.83833,0.00215053,8.72332,0.362846,0.0,1784.8297861457409,24.041383948011,0.21808299999999997,,,,,,,,,,,,,,,,,
09-01-2026,19.05,484,1815.0,3.83694,0.00218262,8.67308,0.37895,0.0,1757.9514528410807,22.887135506003432,0.21682700000000002,,,,,,,,,,,,,,,,,
09-01-2026,19.05,485,1818.75,3.83419,0.00218791,8.45542,0.36079,0.0,1752.4441133319012,23.435849108899916,0.2113855,,,,,,,,,,,,,,,,,
09-01-2026,19.05,486,1822.5,3.83178,0.00219954,8.05358,0.358392,0.0,1742.082435418315,22.471427933659236,0.20133950000000003,,,,,,,,,,,,,,,,,
09-01-2026,19.05,487,1826.25,3.83114,0.00217667,7.90289,0.355651,0.0,1760.0922510072726,22.22091319861325,0.19757225,,,,,,,,,,,,,,,,,
09-01-2026,19.05,488,1830.0,3.82994,0.00204878,7.76894,0.353595,0.0,1869.3759212799812,21.971294842970064,0.1942235,,,,,,,,,,,,,,,,,
09-01-2026,19.05,489,1833.75,3.8282,0.0021285,7.85266,0.360448,0.0,1798.543575287761,21.78583318536932,0.19631650000000003,,,,,,,,,,,,,,,,,
09-01-2026,19.05,490,1837.5,3.82506,0.00206034,7.55128,0.339205,0.0,1856.5188269897203,22.261700151825593,0.188782,,,,,,,,,,,,,,,,,
09-01-2026,19.05,491,1841.25,3.82285,0.00206034,7.2499,0.340918,0.0,1855.4461884931613,21.265817586633737,0.1812475,,,,,,,,,,,,,,,,,
09-01-2026,19.05,492,1845.0,3.82248,0.00198604,7.16618,0.337834,0.0,1924.674226098165,21.212133769839625,0.1791545,,,,,,,,,,,,,,,,,
09-01-2026,19.05,493,1848.75,3.82329,0.00206779,7.4843,0.355651,0.0,1848.9740254087699,21.04394476607686,0.1871075,,,,,,,,,,,,,,,,,
09-01-2026,19.05,494,1852.5,3.82124,0.00205832,7.58476,0.352567,0.0,1856.4849003070462,21.512960657123326,0.189619,,,,,,,,,,,,,,,,,
09-01-2026,19.05,495,1856.25,3.81618,0.00193663,6.56342,0.328926,0.0,1970.5261201158714,19.954093017882442,0.1640855,,,,,,,,,,,,,,,,,
09-01-2026,19.05,496,1860.0,3.81544,0.00199682,6.83131,0.325842,0.0,1910.7581053875665,20.96509964952339,0.17078274999999998,,,,,,,,,,,,,,,,,
09-01-2026,19.05,497,1863.75,3.81851,0.0020212,7.56802,0.351539,0.0,1889.22917078963,21.52825148845505,0.18920050000000002,,,,,,,,,,,,,,,,,
09-01-2026,19.05,498,1867.5,3.81523,0.00191343,6.61365,0.326185,0.0,1993.9219098686651,20.275763753698055,0.16534125,,,,,,,,,,,,,,,,,
09-01-2026,19.05,499,1871.25,3.81401,0.0018684,7.68522,0.345029,0.0,2041.324127595804,22.274127682020932,0.1921305,,,,,,,,,,,,,,,,,
09-01-2026,19.05,500,1875.0,3.81695,0.00194846,6.91503,0.334065,0.0,1958.9573304045246,20.69965425890171,0.17287575,,,,,,,,,,,,,,,,,
09-01-2026,19.05,501,1878.75,3.81174,0.00190703,7.21641,0.334751,0.0,1998.7834486085692,21.557545757891685,0.18041025,,,,,,,,,,,,,,,,,
09-01-2026,19.05,502,1882.5,3.80745,0.00194951,6.64713,0.320703,0.0,1953.0292227277623,20.72674717729488,0.16617825,,,,,,,,,,,,,,,,,
09-01-2026,19.05,503,1886.25,3.80933,0.00190533,6.52993,0.320703,0.0,1999.3019581909696,20.361300019020714,0.16324825,,,,,,,,,,,,,,,,,
09-01-2026,19.05,504,1890.0,3.80982,0.00194545,6.61365,0.325499,0.0,1958.3232671104372,20.318495602137027,0.16534125,,,,,,,,,,,,,,,,,
09-01-2026,19.05,505,1893.75,3.8088,0.00193265,6.83131,0.321388,0.0,1970.7655291956642,21.255647379491457,0.17078274999999998,,,,,,,,,,,,,,,,,
09-01-2026,19.05,506,1897.5,3.80779,0.00185279,6.54667,0.31385,0.0,2055.1654531814183,20.859232117253462,0.16366675,,,,,,,,,,,,,,,,,
09-01-2026,19.05,507,1901.25,3.80614,0.00185834,6.02763,0.308711,0.0,2048.1397376152913,19.525154594426503,0.15069075,,,,,,,,,,,,,,,,,
09-01-2026,19.05,508,1905.0,3.80521,0.00185272,6.06111,0.308368,0.0,2053.850554859882,19.655444144658333,0.15152775,,,,,,,,,,,,,,,,,
09-01-2026,19.05,509,1908.75,3.80506,0.00191676,6.04437,0.309053,0.0,1985.1520273795363,19.55771340190841,0.15110925,,,,,,,,,,,,,,,,,
09-01-2026,19.05,510,1912.5,3.80322,0.00186403,6.31226,0.317619,0.0,2040.32123946503,19.87368513848353,0.15780650000000002,,,,,,,,,,,,,,,,,
09-01-2026,19.05,511,1916.25,3.80059,0.00186416,5.91042,0.312822,0.0,2038.7681314908593,18.893875750426762,0.14776050000000002,,,,,,,,,,,,,,,,,
09-01-2026,19.05,512,1920.0,3.79895,0.00190866,6.26203,0.321731,0.0,1990.375446648434,19.463558065588956,0.15655075,,,,,,,,,,,,,,,,,
09-01-2026,19.05,513,1923.75,3.79894,0.00189526,6.41272,0.317619,0.0,2004.442662220487,20.189976040476168,0.16031800000000002,,,,,,,,,,,,,,,,,
09-01-2026,19.05,514,1927.5,3.79702,0.00184475,5.89368,0.312479,0.0,2058.2843203686134,18.861043462120655,0.147342,,,,,,,,,,,,,,,,,
09-01-2026,19.05,515,1931.25,3.79445,0.00183187,5.74299,0.303228,0.0,2071.353316556306,18.939510863112904,0.14357475,,,,,,,,,,,,,,,,,
09-01-2026,19.05,516,1935.0,3.79419,0.00179142,5.5923,0.295348,0.0,2117.9790333925043,18.93461272803608,0.1398075,,,,,,,,,,,,,,,,,
09-01-2026,19.05,517,1938.75,3.79317,0.00179567,5.7095,0.298774,0.0,2112.398157790685,19.109761893605203,0.14273750000000002,,,,,,,,,,,,,,,,,
09-01-2026,19.05,518,1942.5,3.79096,0.00172398,5.57555,0.301858,0.0,2198.958224573371,18.470771024786487,0.13938874999999998,,,,,,,,,,,,,,,,,
09-01-2026,19.05,519,1946.25,3.79168,0.00180129,5.67602,0.298089,0.0,2104.980319659799,19.04136013069922,0.14190049999999998,,,,,,,,,,,,,,,,,
09-01-2026,19.05,520,1950.0,3.79217,0.00181508,5.39138,0.299802,0.0,2089.257773762038,17.983135536120503,0.1347845,,,,,,,,,,,,,,,,,
09-01-2026,19.05,521,1953.75,3.79061,0.00179332,5.40812,0.295348,0.0,2113.7387638569803,18.311009385538416,0.13520300000000002,,,,,,,,,,,,,,,,,
09-01-2026,19.05,522,1957.5,3.79059,0.00179338,5.37463,0.296718,0.0,2113.656893686781,18.11359607438713,0.13436575,,,,,,,,,,,,,,,,,
09-01-2026,19.05,523,1961.25,3.7892,0.00177083,5.12348,0.285754,0.0,2139.7875572471667,17.929687773399497,0.12808699999999998,,,,,,,,,,,,,,,,,
09-01-2026,19.05,524,1965.0,3.78847,0.0017177,4.8221,0.280957,0.0,2205.548116667637,17.16312460625647,0.12055249999999999,,,,,,,,,,,,,,,,,
09-01-2026,19.05,525,1968.75,3.78879,0.0017443,5.54207,0.293635,0.0,2172.0976896176116,18.8740102508216,0.13855175,,,,,,,,,,,,,,,,,
09-01-2026,19.05,526,1972.5,3.78809,0.0017775,5.24069,0.295005,0.0,2131.1336146272856,17.764749750004235,0.13101725,,,,,,,,,,,,,,,,,
09-01-2026,19.05,527,1976.25,3.78756,0.00178881,6.2118,0.317619,0.0,2117.362939607896,19.557394236490893,0.15529500000000002,,,,,,,,,,,,,,,,,
09-01-2026,19.05,528,1980.0,3.78458,0.00178227,5.30766,0.293292,0.0,2123.4605306715594,18.096845464588192,0.13269150000000002,,,,,,,,,,,,,,,,,
09-01-2026,19.05,529,1983.75,3.78121,0.00173247,5.17371,0.285754,0.0,2182.5543876661645,18.105468339900753,0.12934275,,,,,,,,,,,,,,,,,
09-01-2026,19.05,530,1987.5,3.78253,0.001726,5.47509,0.299802,0.0,2191.5005793742757,18.262353153081033,0.13687725,,,,,,,,,,,,,,,,,
09-01-2026,19.05,531,1991.25,3.78479,0.00174744,5.34115,0.290208,0.0,2165.9055532664925,18.40455811004521,0.13352875,,,,,,,,,,,,,,,,,
09-01-2026,19.05,532,1995.0,3.78021,0.00165,4.90582,0.284726,0.0,2291.0363636363636,17.229968460906278,0.12264550000000002,,,,,,,,,,,,,,,,,
09-01-2026,19.05,533,1998.75,3.78062,0.00171287,4.95605,0.278902,0.0,2207.1844331443717,17.769861815261276,0.12390125,,,,,,,,,,,,,,,,,
09-01-2026,19.05,534,2002.5,3.78406,0.00173241,5.09,0.289866,0.0,2184.275084997201,17.55983799410762,0.12725,,,,,,,,,,,,,,,,,
09-01-2026,19.05,535,2006.25,3.78244,0.00173581,5.05651,0.285069,0.0,2179.063376752064,17.737845925021663,0.12641275000000002,,,,,,,,,,,,,,,,,
09-01-2026,19.05,536,2010.0,3.78401,0.00174365,5.45835,0.296376,0.0,2170.166031026869,18.416977083164632,0.13645875000000002,,,,,,,,,,,,,,,,,
09-01-2026,19.05,537,2013.75,3.78215,0.00169633,4.7049,0.272049,0.0,2229.6074466642694,17.294310951335973,0.1176225,,,,,,,,,,,,,,,,,
09-01-2026,19.05,538,2017.5,3.77849,0.0016717,4.8221,0.280957,0.0,2260.2679906681824,17.16312460625647,0.12055249999999999,,,,,,,,,,,,,,,,,
09-01-2026,19.05,539,2021.25,3.77962,0.0016913,4.7049,0.274105,0.0,2234.7425057647965,17.16459021178016,0.1176225,,,,,,,,,,,,,,,,,
09-01-2026,19.05,540,2025.0,3.7811,0.00170496,5.44161,0.297061,0.0,2217.7059872372374,18.318156876870404,0.13604025,,,,,,,,,,,,,,,,,
09-01-2026,19.05,541,2028.75,3.77912,0.00172411,5.29092,0.293977,0.0,2191.9251091867686,17.99773451664586,0.132273,,,,,,,,,,,,,,,,,
09-01-2026,19.05,542,2032.5,3.77676,0.00166745,4.88907,0.279244,0.0,2264.991454016612,17.508236524329977,0.12222675000000001,,,,,,,,,,,,,,,,,
09-01-2026,19.05,543,2036.25,3.77653,0.00172274,4.73838,0.281985,0.0,2192.164807225699,16.803659769136658,0.11845950000000001,,,,,,,,,,,,,,,,,
09-01-2026,19.05,544,2040.0,3.77606,0.00166614,4.33654,0.267252,0.0,2266.352167284862,16.22640803436457,0.10841350000000001,,,,,,,,,,,,,,,,,
09-01-2026,19.05,545,2043.75,3.77703,0.00171862,5.22394,0.289866,0.0,2197.710954137622,18.021913573858264,0.1305985,,,,,,,,,,,,,,,,,
09-01-2026,19.05,546,2047.5,3.77769,0.00169078,4.73838,0.275818,0.0,2234.288316634926,17.17937190466177,0.11845950000000001,,,,,,,,,,,,,,,,,
09-01-2026,19.05,547,2051.25,3.77368,0.00160092,4.45375,0.263826,0.0,2357.194613097469,16.8813915232009,0.11134375000000002,,,,,,,,,,,,,,,,,
09-01-2026,19.05,548,2055.0,3.76943,0.00159177,4.37003,0.266224,0.0,2368.0745333810787,16.41486116954144,0.10925075,,,,,,,,,,,,,,,,,
09-01-2026,19.05,549,2058.75,3.77117,0.00157628,4.47049,0.269651,0.0,2392.4493110361104,16.578800004450198,0.11176225,,,,,,,,,,,,,,,,,
09-01-2026,19.05,550,2062.5,3.77087,0.00158765,4.52072,0.276846,0.0,2375.1267596762514,16.329367229434414,0.11301800000000001,,,,,,,,,,,,,,,,,
09-01-2026,19.05,551,2066.25,3.76646,0.0015555,4.42026,0.274447,0.0,2421.3821922211505,16.10606055085317,0.11050650000000001,,,,,,,,,,,,,,,,,
09-01-2026,19.05,552,2070.0,3.76572,0.00155112,3.75052,0.246694,0.0,2427.7425344267367,15.20312614007637,0.093763,,,,,,,,,,,,,,,,,
09-01-2026,19.05,553,2073.75,3.76528,0.00153354,3.65006,0.239156,0.0,2455.286461389987,15.262255598855976,0.0912515,,,,,,,,,,,,,,,,,
09-01-2026,19.05,554,2077.5,3.76513,0.00153027,3.96819,0.249093,0.0,2460.4350866187015,15.93055605737616,0.09920475,,,,,,,,,,,,,,,,,
09-01-2026,19.05,555,2081.25,3.76314,0.00153629,3.80075,0.249093,0.0,2449.4984670862923,15.25835732035826,0.09501875,,,,,,,,,,,,,,,,,
09-01-2026,19.05,556,2085.0,3.76065,0.00148943,3.63332,0.238814,0.0,2524.892072806376,15.214015928714396,0.090833,,,,,,,,,,,,,,,,,
09-01-2026,19.05,557,2088.75,3.76153,0.00147924,3.9347,0.251834,0.0,2542.880127633109,15.624181008124399,0.0983675,,,,,,,,,,,,,,,,,
09-01-2026,19.05,558,2092.5,3.76359,0.00156406,3.91796,0.253547,0.0,2406.295154917331,15.45259853202759,0.097949,,,,,,,,,,,,,,,,,
09-01-2026,19.05,559,2096.25,3.76156,0.00152733,3.90121,0.244981,0.0,2462.8338342074076,15.924541086859797,0.09753025,,,,,,,,,,,,,,,,,
09-01-2026,19.05,560,2100.0,3.76092,0.00148538,3.76727,0.242583,0.0,2531.958152122689,15.529818660005029,0.09418175,,,,,,,,,,,,,,,,,
09-01-2026,19.05,561,2103.75,3.76214,0.00150773,4.01842,0.251834,0.0,2495.234557911562,15.956622219398492,0.1004605,,,,,,,,,,,,,,,,,
09-01-2026,19.05,562,2107.5,3.76358,0.00153021,4.06865,0.257316,0.0,2459.5186281621477,15.811881111162927,0.10171625000000001,,,,,,,,,,,,,,,,,
09-01-2026,19.05,563,2111.25,3.76327,0.00151616,3.73378,0.244981,0.0,2482.106110173069,15.24110033022969,0.0933445,,,,,,,,,,,,,,,,,
09-01-2026,19.05,564,2115.0,3.76257,0.00155642,3.90121,0.25526,0.0,2417.4515876177384,15.283279793152081,0.09753025,,,,,,,,,,,,,,,,,
09-01-2026,19.05,565,2118.75,3.76304,0.00150361,4.16911,0.261085,0.0,2502.6702402883725,15.96840109542869,0.10422775000000001,,,,,,,,,,,,,,,,,
09-01-2026,19.05,566,2122.5,3.76026,0.0014776,3.63332,0.241212,0.0,2544.8429886302115,15.062766363199177,0.090833,,,,,,,,,,,,,,,,,
09-01-2026,19.05,567,2126.25,3.75779,0.00146871,3.80075,0.251491,0.0,2558.5649992169997,15.112866862034823,0.09501875,,,,,,,,,,,,,,,,,
09-01-2026,19.05,568,2130.0,3.75848,0.00147623,3.88447,0.250463,0.0,2545.9989297060756,15.509157041159773,0.09711175,,,,,,,,,,,,,,,,,
09-01-2026,19.05,569,2133.75,3.76097,0.00146884,3.63332,0.238814,0.0,2560.503526592413,15.214015928714396,0.090833,,,,,,,,,,,,,,,,,
09-01-2026,19.05,570,2137.5,3.75846,0.00148714,3.53286,0.237101,0.0,2527.307449197789,14.900232390415898,0.0883215,,,,,,,,,,,,,,,,,
09-01-2026,19.05,571,2141.25,3.75409,0.00143833,3.19799,0.229563,0.0,2610.033858711144,13.930772816176823,0.07994975,,,,,,,,,,,,,,,,,
09-01-2026,19.05,572,2145.0,3.75475,0.00147316,3.4324,0.236415,0.0,2548.7727062912377,14.518537317852083,0.08581,,,,,,,,,,,,,,,,,
09-01-2026,19.05,573,2148.75,3.75551,0.00145852,3.61658,0.24875,0.0,2574.877272851932,14.539015075376884,0.09041450000000001,,,,,,,,,,,,,,,,,
09-01-2026,19.05,574,2152.5,3.75369,0.00144453,3.65006,0.243953,0.0,2598.5545471537457,14.962144347476768,0.0912515,,,,,,,,,,,,,,,,,
09-01-2026,19.05,575,2156.25,3.75277,0.00143525,3.28171,0.23573,0.0,2614.7152064100333,13.921477962075256,0.08204275,,,,,,,,,,,,,,,,,
09-01-2026,19.05,576,2160.0,3.75373,0.00146924,3.48263,0.240184,0.0,2554.878712803899,14.499841787962561,0.08706575,,,,,,,,,,,,,,,,,
09-01-2026,19.05,577,2163.75,3.75202,0.00141447,3.11427,0.225794,0.0,2652.597792812856,13.792527702241866,0.07785674999999999,,,,,,,,,,,,,,,,,
09-01-2026,19.05,578,2167.5,3.7492,0.00141977,3.31519,0.23436,0.0,2640.709410679194,14.145715992490185,0.08287975,,,,,,,,,,,,,,,,,
09-01-2026,19.05,579,2171.25,3.74997,0.00141467,3.33194,0.230933,0.0,2650.7736786671094,14.428167477147051,0.08329850000000001,,,,,,,,,,,,,,,,,
09-01-2026,19.05,580,2175.0,3.7496,0.00134389,2.91335,0.215172,0.0,2790.1093095417036,13.539633409551428,0.07283375,,,,,,,,,,,,,,,,,
09-01-2026,19.05,581,2178.75,3.74725,0.00134919,2.79615,0.217913,0.0,2777.407185051772,12.831496973562844,0.06990375,,,,,,,,,,,,,,,,,
09-01-2026,19.05,582,2182.5,3.74795,0.00134814,2.79615,0.215172,0.0,2780.0896049371727,12.994952874909375,0.06990375,,,,,,,,,,,,,,,,,
09-01-2026,19.05,583,2186.25,3.74925,0.00139166,3.23148,0.232989,0.0,2694.0847620826926,13.869667666713879,0.080787,,,,,,,,,,,,,,,,,
09-01-2026,19.05,584,2190.0,3.74758,0.0013616,3.03056,0.226822,0.0,2752.335487661575,13.360961458765022,0.075764,,,,,,,,,,,,,,,,,
09-01-2026,19.05,585,2193.75,3.74898,0.00141859,3.28171,0.23573,0.0,2642.7509005420875,13.921477962075256,0.08204275,,,,,,,,,,,,,,,,,
09-01-2026,19.05,586,2197.5,3.74907,0.00143584,3.0473,0.226136,0.0,2611.063906841988,13.475519156613718,0.0761825,,,,,,,,,,,,,,,,,
09-01-2026,19.05,587,2201.25,3.74609,0.00138003,2.74592,0.213802,0.0,2714.498960167533,12.843284908466712,0.068648,,,,,,,,,,,,,,,,,
09-01-2026,19.05,588,2205.0,3.74416,0.00133507,2.82964,0.213802,0.0,2804.467181496101,13.234862162187445,0.070741,,,,,,,,,,,,,,,,,
09-01-2026,19.05,589,2208.75,3.74517,0.00134664,2.6622,0.207977,0.0,2781.1219034040278,12.800453896344306,0.06655499999999999,,,,,,,,,,,,,,,,,
09-01-2026,19.05,590,2212.5,3.7445,0.00136213,2.6622,0.207977,0.0,2749.0033990881925,12.800453896344306,0.06655499999999999,,,,,,,,,,,,,,,,,
09-01-2026,19.05,591,2216.25,3.7423,0.00130056,2.67895,0.208662,0.0,2877.452789567571,12.838705657954012,0.06697375,,,,,,,,,,,,,,,,,
09-01-2026,19.05,592,2220.0,3.74258,0.00132592,2.46128,0.199411,0.0,2822.628816218173,12.342749396974089,0.061531999999999996,,,,,,,,,,,,,,,,,
09-01-2026,19.05,593,2223.75,3.74436,0.00130318,2.61197,0.209005,0.0,2873.248515170583,12.497165139589962,0.06529925,,,,,,,,,,,,,,,,,
09-01-2026,19.05,594,2227.5,3.74305,0.00125776,2.56174,0.204551,0.0,2975.965207988806,12.523722690184842,0.06404349999999999,,,,,,,,,,,,,,,,,
09-01-2026,19.05,595,2231.25,3.74194,0.00132625,3.01381,0.222368,0.0,2821.443920829406,13.55325406533314,0.07534524999999999,,,,,,,,,,,,,,,,,
09-01-2026,19.05,596,2235.0,3.74226,0.00129246,2.71243,0.208662,0.0,2895.45517849682,12.999156530657235,0.06781075,,,,,,,,,,,,,,,,,
09-01-2026,19.05,597,2238.75,3.74199,0.00128775,2.89661,0.217228,0.0,2905.835760046593,13.334422818421197,0.07241525,,,,,,,,,,,,,,,,,
09-01-2026,19.05,598,2242.5,3.74135,0.001279,2.51151,0.200097,0.0,2925.2150117279125,12.551462540667776,0.06278775,,,,,,,,,,,,,,,,,
09-01-2026,19.05,599,2246.25,3.73966,0.00130377,2.6622,0.212089,0.0,2868.3433427675127,12.552277581581317,0.06655499999999999,,,,,,,,,,,,,,,,,
09-01-2026,19.05,600,2250.0,3.73815,0.00132801,2.52825,0.20181,0.0,2814.8507917862066,12.527872751598037,0.06320624999999999,,,,,,,,,,,,,,,,,
09-01-2026,19.05,601,2253.75,3.73849,0.00128756,2.59523,0.206949,0.0,2903.5462425052033,12.540432666985586,0.06488074999999999,,,,,,,,,,,,,,,,,
09-01-2026,19.05,602,2257.5,3.7396,0.00126377,2.44454,0.20181,0.0,2959.082744486734,12.113076656260839,0.0611135,,,,,,,,,,,,,,,,,
09-01-2026,19.05,603,2261.25,3.73872,0.00129919,2.76266,0.211403,0.0,2877.731509632925,13.068215682842721,0.06906649999999999,,,,,,,,,,,,,,,,,
09-01-2026,19.05,604,2265.0,3.73679,0.00123848,2.24362,0.194272,0.0,3017.238873457787,11.548859331246911,0.0560905,,,,,,,,,,,,,,,,,
09-01-2026,19.05,605,2268.75,3.73553,0.00124319,2.22687,0.194957,0.0,3004.7941183568078,11.422364931754181,0.05567175,,,,,,,,,,,,,,,,,
09-01-2026,19.05,606,2272.5,3.73642,0.0012145,2.32733,0.200097,0.0,3076.508851379168,11.631008960654082,0.05818325,,,,,,,,,,,,,,,,,
09-01-2026,19.05,607,2276.25,3.7364,0.00125586,2.19339,0.1953,0.0,2975.172391827115,11.230875576036865,0.05483475,,,,,,,,,,,,,,,,,
09-01-2026,19.05,608,2280.0,3.73573,0.00124018,2.32733,0.195985,0.0,3012.248222032286,11.875041457254381,0.05818325,,,,,,,,,,,,,,,,,
09-01-2026,19.05,609,2283.75,3.73731,0.00128455,2.29385,0.194614,0.0,2909.4313183605154,11.78666488536282,0.05734625,,,,,,,,,,,,,,,,,
09-01-2026,19.05,610,2287.5,3.73807,0.00129083,2.64546,0.211403,0.0,2895.865450911429,12.513824307129036,0.0661365,,,,,,,,,,,,,,,,,
09-01-2026,19.05,611,2291.25,3.73703,0.00127201,2.49477,0.202152,0.0,2937.893570019103,12.341060192330524,0.06236925,,,,,,,,,,,,,,,,,
09-01-2026,19.05,612,2295.0,3.73509,0.00124005,2.19339,0.190845,0.0,3012.047901294303,11.493044093374206,0.05483475,,,,,,,,,,,,,,,,,
09-01-2026,19.05,613,2298.75,3.73481,0.00123338,2.37756,0.196328,0.0,3028.1097471987546,12.110142210993846,0.059439,,,,,,,,,,,,,,,,,
09-01-2026,19.05,614,2302.5,3.73522,0.00125965,2.19339,0.190845,0.0,2965.2840074623905,11.493044093374206,0.05483475,,,,,,,,,,,,,,,,,
09-01-2026,19.05,615,2306.25,3.73474,0.00127625,2.34408,0.1953,0.0,2926.3388834476004,12.002457757296467,0.058602,,,,,,,,,,,,,,,,,
09-01-2026,19.05,616,2310.0,3.73404,0.0013005,2.36082,0.197355,0.0,2871.2341407151093,11.96230143649768,0.0590205,,,,,,,,,,,,,,,,,
09-01-2026,19.05,617,2313.75,3.73357,0.00124364,2.17664,0.187077,0.0,3002.1308417226846,11.634995215873678,0.054416,,,,,,,,,,,,,,,,,
09-01-2026,19.05,618,2317.5,3.73453,0.0012805,2.34408,0.19667,0.0,2916.462319406482,11.918848833070625,0.058602,,,,,,,,,,,,,,,,,
09-01-2026,19.05,619,2321.25,3.73555,0.00123711,2.19339,0.189475,0.0,3019.577887172523,11.576144610106875,0.05483475,,,,,,,,,,,,,,,,,
09-01-2026,19.05,620,2325.0,3.73386,0.00123312,2.2771,0.193929,0.0,3027.977812378357,11.741926168855612,0.0569275,,,,,,,,,,,,,,,,,
09-01-2026,19.05,621,2328.75,3.73384,0.00120763,2.14316,0.185706,0.0,3091.874166756374,11.540607196321066,0.053579,,,,,,,,,,,,,,,,,
09-01-2026,19.05,622,2332.5,3.73319,0.00121613,1.95898,0.179881,0.0,3069.7293874832462,10.890422001211912,0.0489745,,,,,,,,,,,,,,,,,
09-01-2026,19.05,623,2336.25,3.73284,0.0012309,2.10967,0.190503,0.0,3032.610285157202,11.07420880511068,0.05274175,,,,,,,,,,,,,,,,,
09-01-2026,19.05,624,2340.0,3.73401,0.00126227,2.29385,0.191873,0.0,2958.1705974157667,11.955043179603175,0.05734625,,,,,,,,,,,,,,,,,
09-01-2026,19.05,625,2343.75,3.73256,0.00122482,2.36082,0.195642,0.0,3047.435541548962,12.067040819455944,0.0590205,,,,,,,,,,,,,,,,,
09-01-2026,19.05,626,2347.5,3.73071,0.00122443,2.14316,0.18879,0.0,3046.895290053331,11.352084326500343,0.053579,,,,,,,,,,,,,,,,,
09-01-2026,19.05,627,2351.25,3.73111,0.00116346,2.00921,0.180224,0.0,3206.9087033503515,11.148404208096592,0.05023025,,,,,,,,,,,,,,,,,
09-01-2026,19.05,628,2355.0,3.73005,0.0011515,2.12641,0.188104,0.0,3239.2965696917063,11.304437970484413,0.05316025,,,,,,,,,,,,,,,,,
09-01-2026,19.05,629,2358.75,3.73014,0.00115581,2.14316,0.185706,0.0,3227.2951436654816,11.540607196321066,0.053579,,,,,,,,,,,,,,,,,
09-01-2026,19.05,630,2362.5,3.73177,0.00120195,2.32733,0.195985,0.0,3104.76309330671,11.875041457254381,0.05818325,,,,,,,,,,,,,,,,,
09-01-2026,19.05,631,2366.25,3.73046,0.00121423,2.12641,0.18365,0.0,3072.2844930532106,11.578600598965423,0.05316025,,,,,,,,,,,,,,,,,
09-01-2026,19.05,632,2370.0,3.72871,0.00119777,1.95898,0.179881,0.0,3113.043405662189,10.890422001211912,0.0489745,,,,,,,,,,,,,,,,,
09-01-2026,19.05,633,2373.75,3.7278,0.00114614,1.99247,0.181252,0.0,3252.48224475195,10.9928166309889,0.049811749999999995,,,,,,,,,,,,,,,,,
09-01-2026,19.05,634,2377.5,3.72903,0.00116078,1.94224,0.177483,0.0,3212.5208911249333,10.943245268560933,0.048555999999999995,,,,,,,,,,,,,,,,,
09-01-2026,19.05,635,2381.25,3.73007,0.00122822,2.31059,0.193929,0.0,3036.972203676866,11.914618236571117,0.057764750000000004,,,,,,,,,,,,,,,,,
09-01-2026,19.05,636,2385.0,3.73054,0.0012026,2.34408,0.1953,0.0,3102.0621985697653,12.002457757296467,0.058602,,,,,,,,,,,,,,,,,
09-01-2026,19.05,637,2388.75,3.72963,0.00122253,2.07618,0.186049,0.0,3050.747220927093,11.159318244118484,0.0519045,,,,,,,,,,,,,,,,,
09-01-2026,19.05,638,2392.5,3.73243,0.00127991,2.56174,0.205921,0.0,2916.1659804204983,12.440401901700167,0.06404349999999999,,,,,,,,,,,,,,,,,
09-01-2026,19.05,639,2396.25,3.7307,0.00123776,1.95898,0.176798,0.0,3014.073810754912,11.080328962997317,0.0489745,,,,,,,,,,,,,,,,,
09-01-2026,19.05,640,2400.0,3.72606,0.001163,1.85852,0.17714,0.0,3203.834909716251,10.49181438410297,0.046463000000000004,,,,,,,,,,,,,,,,,
09-01-2026,19.05,641,2403.75,3.72665,0.00120365,2.34408,0.19667,0.0,3096.124288622108,11.918848833070625,0.058602,,,,,,,,,,,,,,,,,
09-01-2026,19.05,642,2407.5,3.72772,0.00117868,1.99247,0.179539,0.0,3162.6225947670273,11.097700221121872,0.049811749999999995,,,,,,,,,,,,,,,,,
09-01-2026,19.05,643,2411.25,3.72727,0.00119437,2.37756,0.194957,0.0,3120.6996156969785,12.195304605630986,0.059439,,,,,,,,,,,,,,,,,
09-01-2026,19.05,644,2415.0,3.72791,0.00115849,1.75806,0.170973,0.0,3217.904340995606,10.282676212033477,0.0439515,,,,,,,,,,,,,,,,,
09-01-2026,19.05,645,2418.75,3.72718,0.00114522,1.87526,0.177825,0.0,3254.553710204153,10.545536341909179,0.0468815,,,,,,,,,,,,,,,,,
09-01-2026,19.05,646,2422.5,3.72632,0.00114908,2.0427,0.184678,0.0,3242.8725589166984,11.060873520397664,0.051067499999999995,,,,,,,,,,,,,,,,,
09-01-2026,19.05,647,2426.25,3.72707,0.00119437,2.05944,0.187077,0.0,3120.5321633999515,11.008515210314469,0.051486,,,,,,,,,,,,,,,,,
09-01-2026,19.05,648,2430.0,3.72646,0.00115601,1.79154,0.16926,0.0,3223.553429468603,10.584544487770295,0.0447885,,,,,,,,,,,,,,,,,
09-01-2026,19.05,649,2433.75,3.72417,0.0011462,1.92549,0.176798,0.0,3249.1450008724482,10.890903743255013,0.04813724999999999,,,,,,,,,,,,,,,,,
09-01-2026,19.05,650,2437.5,3.72377,0.00113581,1.7748,0.170288,0.0,3278.5148924556047,10.422343324250681,0.04437,,,,,,,,,,,,,,,,,
09-01-2026,19.05,651,2441.25,3.72528,0.00118365,1.95898,0.178168,0.0,3147.2817133443164,10.995128193615015,0.0489745,,,,,,,,,,,,,,,,,
09-01-2026,19.05,652,2445.0,3.72529,0.00115999,1.95898,0.176798,0.0,3211.484581763636,11.080328962997317,0.0489745,,,,,,,,,,,,,,,,,
09-01-2026,19.05,653,2448.75,3.72622,0.00118404,1.89201,0.173714,0.0,3147.0389513867776,10.89152284789942,0.04730025,,,,,,,,,,,,,,,,,
09-01-2026,19.05,654,2452.5,3.72604,0.00118143,2.22687,0.192216,0.0,3153.8389917303602,11.585247846173054,0.05567175,,,,,,,,,,,,,,,,,
09-01-2026,19.05,655,2456.25,3.72529,0.00118992,2.0427,0.183308,0.0,3130.7062659674602,11.143539834595325,0.051067499999999995,,,,,,,,,,,,,,,,,
09-01-2026,19.05,656,2460.0,3.72404,0.0011728,1.72457,0.171316,0.0,3175.3410641200544,10.066602068691774,0.04311425,,,,,,,,,,,,,,,,,
09-01-2026,19.05,657,2463.75,3.72375,0.00121051,2.07618,0.186049,0.0,3076.182765941628,11.159318244118484,0.0519045,,,,,,,,,,,,,,,,,
09-01-2026,19.05,658,2467.5,3.72117,0.00112647,1.3897,0.14973,0.0,3303.3902367573032,9.281373138315635,0.0347425,,,,,,,,,,,,,,,,,
09-01-2026,19.05,659,2471.25,3.72222,0.00112621,1.84177,0.174742,0.0,3305.0851972545083,10.539938881322177,0.04604425,,,,,,,,,,,,,,,,,
09-01-2026,19.05,660,2475.0,3.72464,0.0011415,1.75806,0.167889,0.0,3262.93473499781,10.471561567464217,0.0439515,,,,,,,,,,,,,,,,,
09-01-2026,19.05,661,2478.75,3.72434,0.00117228,1.87526,0.174742,0.0,3177.00549356809,10.73159286262032,0.0468815,,,,,,,,,,,,,,,,,
09-01-2026,19.05,662,2482.5,3.72277,0.00114209,1.67434,0.165491,0.0,3259.611764396852,10.117408197424632,0.0418585,,,,,,,,,,,,,,,,,
09-01-2026,19.05,663,2486.25,3.72243,0.00115653,1.79154,0.172686,0.0,3218.6194910637855,10.374552656266285,0.0447885,,,,,,,,,,,,,,,,,
09-01-2026,19.05,664,2490.0,3.72221,0.00116182,1.99247,0.184335,0.0,3203.775111463049,10.808961944286217,0.049811749999999995,,,,,,,,,,,,,,,,,
09-01-2026,19.05,665,2493.75,3.72132,0.00116052,1.52365,0.158296,0.0,3206.5970427049942,9.6253221812301,0.03809125,,,,,,,,,,,,,,,,,
09-01-2026,19.05,666,2497.5,3.72019,0.00109235,1.54039,0.15761,0.0,3405.6758364992907,9.773428081974494,0.038509749999999995,,,,,,,,,,,,,,,,,
09-01-2026,19.05,667,2501.25,3.7222,0.00113156,1.72457,0.171316,0.0,3289.441125525823,10.066602068691774,0.04311425,,,,,,,,,,,,,,,,,
09-01-2026,19.05,668,2505.0,3.72226,0.00110386,1.82503,0.17577,0.0,3372.039932600149,10.38305740456278,0.04562575,,,,,,,,,,,,,,,,,
09-01-2026,19.05,669,2508.75,3.72246,0.00114248,1.7748,0.168574,0.0,3258.227715145998,10.528313974871569,0.04437,,,,,,,,,,,,,,,,,
09-01-2026,19.05,670,2512.5,3.72321,0.00115326,2.12641,0.185021,0.0,3228.422038395505,11.492803519600479,0.05316025,,,,,,,,,,,,,,,,,
09-01-2026,19.05,671,2516.25,3.72251,0.00117339,1.89201,0.180224,0.0,3172.440535542318,10.498102361505682,0.04730025,,,,,,,,,,,,,,,,,
09-01-2026,19.05,672,2520.0,3.72097,0.0011647,1.84177,0.176455,0.0,3194.7883575169567,10.43761865631464,0.04604425,,,,,,,,,,,,,,,,,
09-01-2026,19.05,673,2523.75,3.72086,0.00116202,1.74131,0.170288,0.0,3202.0619266449803,10.225676500986564,0.04353275,,,,,,,,,,,,,,,,,
09-01-2026,19.05,674,2527.5,3.72107,0.00116738,1.85852,0.172343,0.0,3187.5396186331786,10.783843846283284,0.046463000000000004,,,,,,,,,,,,,,,,,
09-01-2026,19.05,675,2531.25,3.72091,0.00113176,1.87526,0.173029,0.0,3287.720011309818,10.837836432043185,0.0468815,,,,,,,,,,,,,,,,,
09-01-2026,19.05,676,2535.0,3.72083,0.00111562,1.69108,0.166519,0.0,3335.2127068356613,10.155477753289414,0.042277,,,,,,,,,,,,,,,,,
09-01-2026,19.05,677,2538.75,3.71991,0.0011596,1.94224,0.18228,0.0,3207.9251466022765,10.655255650647355,0.048555999999999995,,,,,,,,,,,,,,,,,
09-01-2026,19.05,678,2542.5,3.72003,0.00114856,1.74131,0.166861,0.0,3238.8643170578807,10.435691983147649,0.04353275,,,,,,,,,,,,,,,,,
09-01-2026,19.05,679,2546.25,3.71898,0.00113967,1.50691,0.161037,0.0,3263.2077706704576,9.35753895067593,0.037672750000000005,,,,,,,,,,,,,,,,,
09-01-2026,19.05,680,2550.0,3.71846,0.00112967,1.57388,0.161037,0.0,3291.6338399709653,9.77340611163894,0.039347,,,,,,,,,,,,,,,,,
09-01-2026,19.05,681,2553.75,3.7189,0.00116182,1.79154,0.172686,0.0,3200.9261331359417,10.374552656266285,0.0447885,,,,,,,,,,,,,,,,,
09-01-2026,19.05,682,2557.5,3.71886,0.0010866,1.49016,0.154869,0.0,3422.473771397018,9.62206768300951,0.037253999999999995,,,,,,,,,,,,,,,,,
09-01-2026,19.05,683,2561.25,3.71966,0.00110111,1.82503,0.172343,0.0,3378.100280625914,10.589522057756914,0.04562575,,,,,,,,,,,,,,,,,
09-01-2026,19.05,684,2565.0,3.71911,0.00106582,1.54039,0.15761,0.0,3489.435364320429,9.773428081974494,0.038509749999999995,,,,,,,,,,,,,,,,,
09-01-2026,19.05,685,2568.75,3.72031,0.00109399,1.89201,0.175427,0.0,3400.68007934259,10.785169899730372,0.04730025,,,,,,,,,,,,,,,,,
09-01-2026,19.05,686,2572.5,3.72026,0.00110516,1.7748,0.168574,0.0,3366.26370842231,10.528313974871569,0.04437,,,,,,,,,,,,,,,,,
09-01-2026,19.05,687,2576.25,3.71939,0.00113117,1.64085,0.162407,0.0,3288.091091524705,10.103320669675568,0.041021249999999995,,,,,,,,,,,,,,,,,
09-01-2026,19.05,688,2580.0,3.71968,0.00111869,1.60737,0.165833,0.0,3325.031957021158,9.692702899905326,0.04018425,,,,,,,,,,,,,,,,,
09-01-2026,19.05,689,2583.75,3.71876,0.0011068,1.92549,0.178511,0.0,3359.9204915070472,10.786394115768775,0.04813724999999999,,,,,,,,,,,,,,,,,
09-01-2026,19.05,690,2587.5,3.71817,0.00108523,1.28924,0.14459,0.0,3426.1585101775663,8.916522581091362,0.032231,,,,,,,,,,,,,,,,,
09-01-2026,19.05,691,2591.25,3.71717,0.00105739,1.45668,0.153499,0.0,3515.420043692488,9.489833809992248,0.036417000000000005,,,,,,,,,,,,,,,,,
09-01-2026,19.05,692,2595.0,3.71912,0.00113575,1.7748,0.170288,0.0,3274.5938806955755,10.422343324250681,0.04437,,,,,,,,,,,,,,,,,
09-01-2026,19.05,693,2598.75,3.71878,0.00107458,1.62411,0.161722,0.0,3460.682313089766,10.042603974722054,0.04060275,,,,,,,,,,,,,,,,,
09-01-2026,19.05,694,2602.5,3.71572,0.00111019,1.37296,0.150758,0.0,3346.9225988344338,9.10704572891654,0.034324,,,,,,,,,,,,,,,,,
09-01-2026,19.05,695,2606.25,3.71594,0.00106144,1.59062,0.161722,0.0,3500.847904733192,9.835520213700052,0.039765499999999995,,,,,,,,,,,,,,,,,
09-01-2026,19.05,696,2610.0,3.71585,0.00109196,1.33947,0.149044,0.0,3402.9176892926484,8.987077641501838,0.03348675,,,,,,,,,,,,,,,,,
09-01-2026,19.05,697,2613.75,3.71548,0.00104635,1.35622,0.150072,0.0,3550.8959717111866,9.03712884482115,0.0339055,,,,,,,,,,,,,,,,,
09-01-2026,19.05,698,2617.5,3.71487,0.00105857,1.20553,0.141849,0.0,3509.328622575739,8.498685221608893,0.03013825,,,,,,,,,,,,,,,,,
09-01-2026,19.05,699,2621.25,3.71557,0.00109823,1.60737,0.162407,0.0,3383.2348415177153,9.89717191992956,0.04018425,,,,,,,,,,,,,,,,,
09-01-2026,19.05,700,2625.0,3.71526,0.00108575,1.55714,0.160009,0.0,3421.8374395579094,9.731577598760069,0.0389285,,,,,,,,,,,,,,,,,
09-01-2026,19.05,701,2628.75,3.71651,0.00105955,1.49016,0.160351,0.0,3507.630597895333,9.293113232845446,0.037253999999999995,,,,,,,,,,,,,,,,,
09-01-2026,19.05,702,2632.5,3.71618,0.00109477,1.6576,0.163092,0.0,3394.484686281137,10.163588649351286,0.04144,,,,,,,,,,,,,,,,,
09-01-2026,19.05,703,2636.25,3.71443,0.00101896,1.23901,0.143905,0.0,3645.314830807883,8.609916264202077,0.03097525,,,,,,,,,,,,,,,,,
09-01-2026,19.05,704,2640.0,3.71415,0.0010187,1.47342,0.154184,0.0,3645.9703543732207,9.556244487106316,0.0368355,,,,,,,,,,,,,,,,,
09-01-2026,19.05,705,2643.75,3.71481,0.00106,1.54039,0.159323,0.0,3504.537735849057,9.668346691940272,0.038509749999999995,,,,,,,,,,,,,,,,,
09-01-2026,19.05,706,2647.5,3.71528,0.00106223,1.40645,0.152471,0.0,3497.622925355149,9.224377094660625,0.035161250000000005,,,,,,,,,,,,,,,,,
09-01-2026,19.05,707,2651.25,3.71637,0.00108405,1.75806,0.167889,0.0,3428.227480282275,10.471561567464217,0.0439515,,,,,,,,,,,,,,,,,
09-01-2026,19.05,708,2655.0,3.71551,0.00111614,1.59062,0.163435,0.0,3328.8924328489256,9.73243185364212,0.039765499999999995,,,,,,,,,,,,,,,,,
09-01-2026,19.05,709,2658.75,3.71453,0.00109484,1.52365,0.160351,0.0,3392.760586021702,9.501967558668172,0.03809125,,,,,,,,,,,,,,,,,
09-01-2026,19.05,710,2662.5,3.71612,0.00111268,1.35622,0.151786,0.0,3339.7922133946868,8.935079651614773,0.0339055,,,,,,,,,,,,,,,,,
09-01-2026,19.05,711,2666.25,3.71725,0.00112908,1.7748,0.168574,0.0,3292.2822120664614,10.528313974871569,0.04437,,,,,,,,,,,,,,,,,
09-01-2026,19.05,712,2670.0,3.71556,0.00105491,1.45668,0.156925,0.0,3522.158288384791,9.282650947905049,0.036417000000000005,,,,,,,,,,,,,,,,,
09-01-2026,19.05,713,2673.75,3.7148,0.00105001,1.17204,0.13808,0.0,3537.871067894591,8.488122827346466,0.029301,,,,,,,,,,,,,,,,,
09-01-2026,19.05,714,2677.5,3.71387,0.00105451,1.33947,0.152813,0.0,3521.8916842893855,8.765419172452605,0.03348675,,,,,,,,,,,,,,,,,
09-01-2026,19.05,715,2681.25,3.71356,0.00106,1.49016,0.156925,0.0,3503.358490566038,9.496001274494184,0.037253999999999995,,,,,,,,,,,,,,,,,
09-01-2026,19.05,716,2685.0,3.71384,0.00107477,1.52365,0.160351,0.0,3455.4741944788184,9.501967558668172,0.03809125,,,,,,,,,,,,,,,,,
09-01-2026,19.05,717,2688.75,3.71408,0.00103798,1.30599,0.145618,0.0,3578.1806971232586,8.968602782623027,0.03264975,,,,,,,,,,,,,,,,,
09-01-2026,19.05,718,2692.5,3.71366,0.00108327,1.33947,0.1511,0.0,3428.1942636646454,8.86479152878888,0.03348675,,,,,,,,,,,,,,,,,
09-01-2026,19.05,719,2696.25,3.71174,0.00103595,1.2725,0.143562,0.0,3582.933539263478,8.86376617767933,0.0318125,,,,,,,,,,,,,,,,,
09-01-2026,19.05,720,2700.0,3.71134,0.00103314,1.43993,0.159666,0.0,3592.2914609830223,9.018388385755264,0.03599825,,,,,,,,,,,,,,,,,
09-01-2026,19.05,721,2703.75,3.7119,0.00104693,1.35622,0.148017,0.0,3545.5092508572684,9.16259618827567,0.0339055,,,,,,,,,,,,,,,,,
09-01-2026,19.05,722,2707.5,3.71256,0.00104654,1.54039,0.159323,0.0,3547.4611577197234,9.668346691940272,0.038509749999999995,,,,,,,,,,,,,,,,,
09-01-2026,19.05,723,2711.25,3.71113,0.00101151,1.20553,0.139793,0.0,3668.9009500647544,8.623679297246643,0.03013825,,,,,,,,,,,,,,,,,
09-01-2026,19.05,724,2715.0,3.71197,0.00102988,1.10506,0.134311,0.0,3604.274284382647,8.227620969243024,0.027626500000000002,,,,,,,,,,,,,,,,,
09-01-2026,19.05,725,2718.75,3.71436,0.00108909,1.40645,0.150758,0.0,3410.5170371594636,9.32918982740551,0.035161250000000005,,,,,,,,,,,,,,,,,
09-01-2026,19.05,726,2722.5,3.71418,0.0010815,1.40645,0.154527,0.0,3434.285714285714,9.101645667100248,0.035161250000000005,,,,,,,,,,,,,,,,,
09-01-2026,19.05,727,2726.25,3.71236,0.00107046,1.52365,0.160351,0.0,3468.004409319358,9.501967558668172,0.03809125,,,,,,,,,,,,,,,,,
09-01-2026,19.05,728,2730.0,3.7126,0.00101851,1.18878,0.141164,0.0,3645.1286683488624,8.421268878750956,0.0297195,,,,,,,,,,,,,,,,,
09-01-2026,19.05,729,2733.75,3.71224,0.00103641,1.32273,0.148359,0.0,3581.8257253403576,8.915738175641518,0.03306825,,,,,,,,,,,,,,,,,
09-01-2026,19.05,730,2737.5,3.71198,0.00103909,1.47342,0.155897,0.0,3572.337333628464,9.451240241954624,0.0368355,,,,,,,,,,,,,,,,,
09-01-2026,19.05,731,2741.25,3.71346,0.00108164,1.57388,0.158981,0.0,3433.1755482415588,9.89979934709179,0.039347,,,,,,,,,,,,,,,,,
09-01-2026,19.05,732,2745.0,3.71306,0.00108262,1.37296,0.152813,0.0,3429.6983244351663,8.984575919587993,0.034324,,,,,,,,,,,,,,,,,
09-01-2026,19.05,733,2748.75,3.71098,0.00108255,1.54039,0.159323,0.0,3427.9987067571938,9.668346691940272,0.038509749999999995,,,,,,,,,,,,,,,,,
09-01-2026,19.05,734,2752.5,3.71145,0.00106249,1.28924,0.14459,0.0,3493.1622885862457,8.916522581091362,0.032231,,,,,,,,,,,,,,,,,
09-01-2026,19.05,735,2756.25,3.71142,0.001057,1.40645,0.152471,0.0,3511.2771996215706,9.224377094660625,0.035161250000000005,,,,,,,,,,,,,,,,,
09-01-2026,19.05,736,2760.0,3.70911,0.0010255,0.904144,0.121634,0.0,3616.8795709410047,7.433316342470032,0.0226036,,,,,,,,,,,,,,,,,
09-01-2026,19.05,737,2763.75,3.71062,0.000970276,1.35622,0.148017,0.0,3824.2932938669,9.16259618827567,0.0339055,,,,,,,,,,,,,,,,,
09-01-2026,19.05,738,2767.5,3.71169,0.00101093,1.32273,0.146303,0.0,3671.559850830424,9.041031284389247,0.03306825,,,,,,,,,,,,,,,,,
09-01-2026,19.05,739,2771.25,3.71106,0.00101694,1.2725,0.145618,0.0,3649.241843176588,8.738617478608413,0.0318125,,,,,,,,,,,,,,,,,
09-01-2026,19.05,740,2775.0,3.71207,0.00105935,1.40645,0.154527,0.0,3504.101571718507,9.101645667100248,0.035161250000000005,,,,,,,,,,,,,,,,,
09-01-2026,19.05,741,2778.75,3.71217,0.00105229,1.3897,0.153499,0.0,3527.7062406750993,9.053479175760103,0.0347425,,,,,,,,,,,,,,,,,
09-01-2026,19.05,742,2782.5,3.71091,0.00103988,1.07158,0.132256,0.0,3568.5944532061394,8.102316719090249,0.0267895,,,,,,,,,,,,,,,,,
09-01-2026,19.05,743,2786.25,3.71126,0.00102288,1.42319,0.153499,0.0,3628.245737525418,9.271656492876176,0.03557975,,,,,,,,,,,,,,,,,
09-01-2026,19.05,744,2790.0,3.71144,0.00103876,1.22227,0.142877,0.0,3572.952366282876,8.554700896575376,0.03055675,,,,,,,,,,,,,,,,,
09-01-2026,19.05,745,2793.75,3.71045,0.00102485,1.35622,0.151786,0.0,3620.481046006733,8.935079651614773,0.0339055,,,,,,,,,,,,,,,,,
09-01-2026,19.05,746,2797.5,3.70959,0.00101864,1.1553,0.137052,0.0,3641.7085525799107,8.429647141231065,0.028882500000000002,,,,,,,,,,,,,,,,,
09-01-2026,19.05,747,2801.25,3.70986,0.00103105,1.35622,0.151786,0.0,3598.137820668251,8.935079651614773,0.0339055,,,,,,,,,,,,,,,,,
09-01-2026,19.05,748,2805.0,3.70935,0.00104478,1.07158,0.134311,0.0,3550.364670074083,7.978348757733915,0.0267895,,,,,,,,,,,,,,,,,
09-01-2026,19.05,749,2808.75,3.71051,0.00108366,1.3897,0.151786,0.0,3424.053669970286,9.155653354064274,0.0347425,,,,,,,,,,,,,,,,,
09-01-2026,19.05,750,2812.5,3.70962,0.00101838,1.30599,0.147331,0.0,3642.6677664526014,8.86432590561389,0.03264975,,,,,,,,,,,,,,,,,
09-01-2026,19.05,751,2816.25,3.70905,0.00103739,1.17204,0.13808,0.0,3575.3670268654987,8.488122827346466,0.029301,,,,,,,,,,,,,,,,,
09-01-2026,19.05,752,2820.0,3.71042,0.00104406,1.45668,0.155212,0.0,3553.8379020362813,9.385099090276526,0.036417000000000005,,,,,,,,,,,,,,,,,
09-01-2026,19.05,753,2823.75,3.70987,0.00100151,1.12181,0.134997,0.0,3704.2765424209447,8.309888367889656,0.02804525,,,,,,,,,,,,,,,,,
09-01-2026,19.05,754,2827.5,3.70957,0.00102909,1.50691,0.155897,0.0,3604.709014760613,9.666061566290564,0.037672750000000005,,,,,,,,,,,,,,,,,
09-01-2026,19.05,755,2831.25,3.71034,0.00100151,1.37296,0.149044,0.0,3704.7458337909757,9.21177638818067,0.034324,,,,,,,,,,,,,,,,,
09-01-2026,19.05,756,2835.0,3.70891,0.000990601,1.02135,0.133283,0.0,3744.1008034516417,7.663017789215428,0.025533749999999997,,,,,,,,,,,,,,,,,
09-01-2026,19.05,757,2838.75,3.7092,0.00102439,1.25576,0.142877,0.0,3620.886576401566,8.789098315334169,0.031394,,,,,,,,,,,,,,,,,
09-01-2026,19.05,758,2842.5,3.71081,0.00103432,1.25576,0.142877,0.0,3587.680795111764,8.789098315334169,0.031394,,,,,,,,,,,,,,,,,
09-01-2026,19.05,759,2846.25,3.70844,0.000988771,1.30599,0.147331,0.0,3750.554981891661,8.86432590561389,0.03264975,,,,,,,,,,,,,,,,,
09-01-2026,19.05,760,2850.0,3.7078,0.000984,1.05483,0.131228,0.0,3768.089430894309,8.038147346602859,0.02637075,,,,,,,,,,,,,,,,,
09-01-2026,19.05,761,2853.75,3.70918,0.00102321,1.25576,0.14459,0.0,3625.042757596192,8.6849712981534,0.031394,,,,,,,,,,,,,,,,,
09-01-2026,19.05,762,2857.5,3.70833,0.00101903,1.1553,0.14322,0.0,3639.07833920493,8.066610808546294,0.028882500000000002,,,,,,,,,,,,,,,,,
09-01-2026,19.05,763,2861.25,3.70812,0.0010436,1.28924,0.148359,0.0,3553.20045994634,8.690001954717948,0.032231,,,,,,,,,,,,,,,,,
09-01-2026,19.05,764,2865.0,3.70849,0.00101426,1.1553,0.139108,0.0,3656.3504426872796,8.30505794059292,0.028882500000000002,,,,,,,,,,,,,,,,,
09-01-2026,19.05,765,2868.75,3.70682,0.000965048,1.23901,0.141849,0.0,3841.0731901418376,8.734710854500207,0.03097525,,,,,,,,,,,,,,,,,
09-01-2026,19.05,766,2872.5,3.70753,0.000986418,1.05483,0.133283,0.0,3758.5790202530775,7.91421261526226,0.02637075,,,,,,,,,,,,,,,,,
09-01-2026,19.05,767,2876.25,3.70791,0.000995568,1.2725,0.143562,0.0,3724.4166144351766,8.86376617767933,0.0318125,,,,,,,,,,,,,,,,,
09-01-2026,19.05,768,2880.0,3.70751,0.000975962,1.12181,0.134997,0.0,3798.8261838063368,8.309888367889656,0.02804525,,,,,,,,,,,,,,,,,
09-01-2026,19.05,769,2883.75,3.70751,0.00100517,1.10506,0.138423,0.0,3688.4407612642644,7.983210882584542,0.027626500000000002,,,,,,,,,,,,,,,,,
09-01-2026,19.05,770,2887.5,3.70752,0.000995568,1.05483,0.131228,0.0,3724.0248782604504,8.038147346602859,0.02637075,,,,,,,,,,,,,,,,,
09-01-2026,19.05,771,2891.25,3.71042,0.00102354,1.43993,0.157953,0.0,3625.085487621392,9.116192791526592,0.03599825,,,,,,,,,,,,,,,,,
09-01-2026,19.05,772,2895.0,3.70887,0.00103092,0.987861,0.127116,0.0,3597.6312419974392,7.77133484376475,0.024696525,,,,,,,,,,,,,,,,,
09-01-2026,19.05,773,2898.75,3.70611,0.00100165,1.18878,0.139108,0.0,3700.00499176359,8.545734249647754,0.0297195,,,,,,,,,,,,,,,,,
09-01-2026,19.05,774,2902.5,3.70861,0.00102563,1.37296,0.152813,0.0,3615.933621286429,8.984575919587993,0.034324,,,,,,,,,,,,,,,,,
09-01-2026,19.05,775,2906.25,3.70976,0.00102498,1.07158,0.136367,0.0,3619.3486702179557,7.858059501198971,0.0267895,,,,,,,,,,,,,,,,,
09-01-2026,19.05,776,2910.0,3.70681,0.000976485,1.13855,0.13808,0.0,3796.074696487913,8.24558227114716,0.02846375,,,,,,,,,,,,,,,,,
09-01-2026,19.05,777,2913.75,3.70709,0.00104086,1.42319,0.153499,0.0,3561.5644755298504,9.271656492876176,0.03557975,,,,,,,,,,,,,,,,,
09-01-2026,19.05,778,2917.5,3.70796,0.0010451,1.28924,0.146646,0.0,3547.9475648263324,8.7915115311703,0.032231,,,,,,,,,,,,,,,,,
09-01-2026,19.05,779,2921.25,3.70701,0.00100864,1.03809,0.1302,0.0,3675.255789974619,7.9730414746543765,0.02595225,,,,,,,,,,,,,,,,,
09-01-2026,19.05,780,2925.0,3.70809,0.00101138,1.35622,0.150072,0.0,3666.3667464256755,9.03712884482115,0.0339055,,,,,,,,,,,,,,,,,
09-01-2026,19.05,781,2928.75,3.70954,0.00100119,1.32273,0.148359,0.0,3705.1308942358596,8.915738175641518,0.03306825,,,,,,,,,,,,,,,,,
09-01-2026,19.05,782,2932.5,3.70775,0.00100798,1.12181,0.134997,0.0,3678.396396753904,8.309888367889656,0.02804525,,,,,,,,,,,,,,,,,
09-01-2026,19.05,783,2936.25,3.70909,0.00101805,1.23901,0.143905,0.0,3643.3279308481906,8.609916264202077,0.03097525,,,,,,,,,,,,,,,,,
09-01-2026,19.05,784,2940.0,3.70773,0.000947338,1.02135,0.129172,0.0,3913.840677772875,7.9068993280277455,0.025533749999999997,,,,,,,,,,,,,,,,,
09-01-2026,19.05,785,2943.75,3.70632,0.000957925,0.971118,0.1302,0.0,3869.112926377326,7.458663594470046,0.02427795,,,,,,,,,,,,,,,,,
09-01-2026,19.05,786,2947.5,3.70635,0.000951586,1.13855,0.136025,0.0,3894.918588545859,8.370152545487962,0.02846375,,,,,,,,,,,,,,,,,
09-01-2026,19.05,787,2951.25,3.70604,0.000963349,0.920887,0.122662,0.0,3847.0377817384974,7.507516590305066,0.023022175000000002,,,,,,,,,,,,,,,,,
09-01-2026,19.05,788,2955.0,3.70543,0.000940019,1.05483,0.133283,0.0,3941.867132472854,7.91421261526226,0.02637075,,,,,,,,,,,,,,,,,
09-01-2026,19.05,789,2958.75,3.70641,0.000968185,1.10506,0.134311,0.0,3828.204320455285,8.227620969243024,0.027626500000000002,,,,,,,,,,,,,,,,,
09-01-2026,19.05,790,2962.5,3.70518,0.000998378,1.10506,0.136367,0.0,3711.199565695558,8.103573445188353,0.027626500000000002,,,,,,,,,,,,,,,,,
09-01-2026,19.05,791,2966.25,3.70486,0.000985961,1.02135,0.131228,0.0,3757.613130742494,7.783018867924527,0.025533749999999997,,,,,,,,,,,,,,,,,
09-01-2026,19.05,792,2970.0,3.70553,0.00099596,0.987861,0.127116,0.0,3720.5610667095066,7.77133484376475,0.024696525,,,,,,,,,,,,,,,,,
09-01-2026,19.05,793,2973.75,3.7062,0.000992888,1.20553,0.141849,0.0,3732.7472987889873,8.498685221608893,0.03013825,,,,,,,,,,,,,,,,,
09-01-2026,19.05,794,2977.5,3.70563,0.000950932,1.07158,0.132256,0.0,3896.840152608178,8.102316719090249,0.0267895,,,,,,,,,,,,,,,,,
09-01-2026,19.05,795,2981.25,3.7051,0.000949952,0.904144,0.124032,0.0,3900.3023310651483,7.289602683178534,0.0226036,,,,,,,,,,,,,,,,,
09-01-2026,19.05,796,2985.0,3.70514,0.00095054,1.03809,0.132256,0.0,3897.9317019799273,7.849095693201064,0.02595225,,,,,,,,,,,,,,,,,
09-01-2026,19.05,797,2988.75,3.7067,0.000987268,1.30599,0.145618,0.0,3754.5023235838703,8.968602782623027,0.03264975,,,,,,,,,,,,,,,,,
09-01-2026,19.05,798,2992.5,3.70697,0.00100138,1.13855,0.136025,0.0,3701.8614312249097,8.370152545487962,0.02846375,,,,,,,,,,,,,,,,,
09-01-2026,19.05,799,2996.25,3.70638,0.000957533,0.887401,0.120606,0.0,3870.7595456240147,7.357851184849841,0.022185025,,,,,,,,,,,,,,,,,
09-01-2026,19.05,800,3000.0,3.70604,0.000936424,0.954374,0.12506,0.0,3957.65166206761,7.631328962098192,0.02385935,,,,,,,,,,,,,,,,,
09-01-2026,19.05,801,3003.75,3.7057,0.000948188,1.20553,0.139793,0.0,3908.1912025885167,8.623679297246643,0.03013825,,,,,,,,,,,,,,,,,
09-01-2026,19.05,802,3007.5,3.70527,0.000953742,1.12181,0.134997,0.0,3884.9814729769687,8.309888367889656,0.02804525,,,,,,,,,,,,,,,,,
09-01-2026,19.05,803,3011.25,3.7031,0.000940476,0.83717,0.11718,0.0,3937.4742151846513,7.144307902372418,0.02092925,,,,,,,,,,,,,,,,,
09-01-2026,19.05,804,3015.0,3.70333,0.000923811,0.904144,0.124032,0.0,4008.752872611389,7.289602683178534,0.0226036,,,,,,,,,,,,,,,,,
09-01-2026,19.05,805,3018.75,3.70442,0.000937208,1.12181,0.137052,0.0,3952.6124403547556,8.18528733619356,0.02804525,,,,,,,,,,,,,,,,,
09-01-2026,19.05,806,3022.5,3.7055,0.000965963,1.0046,0.128144,0.0,3836.0682552023213,7.8396179298289415,0.025115,,,,,,,,,,,,,,,,,
09-01-2026,19.05,807,3026.25,3.70434,0.000949102,0.987861,0.127116,0.0,3902.9946201778107,7.77133484376475,0.024696525,,,,,,,,,,,,,,,,,
09-01-2026,19.05,808,3030.0,3.7044,0.000988706,1.07158,0.134311,0.0,3746.7154037701807,7.978348757733915,0.0267895,,,,,,,,,,,,,,,,,
09-01-2026,19.05,809,3033.75,3.70522,0.000940019,0.803684,0.114781,0.0,3941.643732733062,7.00189055679947,0.020092099999999998,,,,,,,,,,,,,,,,,
09-01-2026,19.05,810,3037.5,3.70577,0.000955376,1.20553,0.139793,0.0,3878.8602602535543,8.623679297246643,0.03013825,,,,,,,,,,,,,,,,,
09-01-2026,19.05,811,3041.25,3.70508,0.000927144,1.02135,0.129172,0.0,3996.2292804569734,7.9068993280277455,0.025533749999999997,,,,,,,,,,,,,,,,,
09-01-2026,19.05,812,3045.0,3.70516,0.000930608,1.1553,0.139108,0.0,3981.4400907793615,8.30505794059292,0.028882500000000002,,,,,,,,,,,,,,,,,
09-01-2026,19.05,813,3048.75,3.70635,0.000950867,0.954374,0.12506,0.0,3897.863739092849,7.631328962098192,0.02385935,,,,,,,,,,,,,,,,,
09-01-2026,19.05,814,3052.5,3.70515,0.000968447,1.12181,0.139108,0.0,3825.8676003952723,8.064309744946371,0.02804525,,,,,,,,,,,,,,,,,
09-01-2026,19.05,815,3056.25,3.70386,0.000936359,0.803684,0.114781,0.0,3955.5982267485015,7.00189055679947,0.020092099999999998,,,,,,,,,,,,,,,,,
09-01-2026,19.05,816,3060.0,3.70452,0.000916492,0.78694,0.113753,0.0,4042.064742518211,6.917971394161032,0.0196735,,,,,,,,,,,,,,,,,
09-01-2026,19.05,817,3063.75,3.70535,0.000951847,1.03809,0.132256,0.0,3892.7999983190575,7.849095693201064,0.02595225,,,,,,,,,,,,,,,,,
09-01-2026,19.05,818,3067.5,3.70406,0.000938712,0.904144,0.124032,0.0,3945.8960788825543,7.289602683178534,0.0226036,,,,,,,,,,,,,,,,,
09-01-2026,19.05,819,3071.25,3.7029,0.000924988,1.02135,0.129172,0.0,4003.1870683727793,7.9068993280277455,0.025533749999999997,,,,,,,,,,,,,,,,,
09-01-2026,19.05,820,3075.0,3.70513,0.000926687,0.820427,0.116152,0.0,3998.2539951461495,7.063391073765411,0.020510675,,,,,,,,,,,,,,,,,
09-01-2026,19.05,821,3078.75,3.70405,0.000914727,0.83717,0.11718,0.0,4049.350243296634,7.144307902372418,0.02092925,,,,,,,,,,,,,,,,,
09-01-2026,19.05,822,3082.5,3.70383,0.000943809,0.887401,0.123005,0.0,3924.3427430761944,7.214349010202837,0.022185025,,,,,,,,,,,,,,,,,
09-01-2026,19.05,823,3086.25,3.70499,0.000960343,1.07158,0.132256,0.0,3857.9861570293115,8.102316719090249,0.0267895,,,,,,,,,,,,,,,,,
09-01-2026,19.05,824,3090.0,3.70487,0.000966682,1.0046,0.128144,0.0,3832.563345546933,7.8396179298289415,0.025115,,,,,,,,,,,,,,,,,
09-01-2026,19.05,825,3093.75,3.7041,0.000942633,0.770197,0.117522,0.0,3929.5250643675745,6.55364102040469,0.019254925,,,,,,,,,,,,,,,,,
09-01-2026,19.05,826,3097.5,3.7043,0.000938842,1.05483,0.133283,0.0,3945.6053308224386,7.91421261526226,0.02637075,,,,,,,,,,,,,,,,,
09-01-2026,19.05,827,3101.25,3.70489,0.000973871,0.954374,0.12506,0.0,3804.292354942287,7.631328962098192,0.02385935,,,,,,,,,,,,,,,,,
09-01-2026,19.05,828,3105.0,3.7064,0.000971453,1.05483,0.131228,0.0,3815.3158207345077,8.038147346602859,0.02637075,,,,,,,,,,,,,,,,,
09-01-2026,19.05,829,3108.75,3.70517,0.000959101,0.937631,0.12369,0.0,3863.1697808677086,7.580491551459294,0.023440775,,,,,,,,,,,,,,,,,
09-01-2026,19.05,830,3112.5,3.70491,0.000965767,1.07158,0.136367,0.0,3836.2358622731986,7.858059501198971,0.0267895,,,,,,,,,,,,,,,,,
09-01-2026,19.05,831,3116.25,3.70452,0.000982759,1.0046,0.1302,0.0,3769.5101240487243,7.715821812596005,0.025115,,,,,,,,,,,,,,,,,
09-01-2026,19.05,832,3120.0,3.70241,0.000955834,0.887401,0.120606,0.0,3873.486400358221,7.357851184849841,0.022185025,,,,,,,,,,,,,,,,,
09-01-2026,19.05,833,3123.75,3.70317,0.00094675,0.887401,0.120606,0.0,3911.454977554793,7.357851184849841,0.022185025,,,,,,,,,,,,,,,,,
09-01-2026,19.05,834,3127.5,3.70473,0.000946684,1.0046,0.128144,0.0,3913.3755297438215,7.8396179298289415,0.025115,,,,,,,,,,,,,,,,,
09-01-2026,19.05,835,3131.25,3.70595,0.000972302,0.870657,0.119578,0.0,3811.521523148158,7.281080131796819,0.021766425000000002,,,,,,,,,,,,,,,,,
09-01-2026,19.05,836,3135.0,3.70567,0.000962957,1.02135,0.137395,0.0,3848.2195985905914,7.433676625786965,0.025533749999999997,,,,,,,,,,,,,,,,,
09-01-2026,19.05,837,3138.75,3.70413,0.000982105,0.971118,0.1302,0.0,3771.623197112325,7.458663594470046,0.02427795,,,,,,,,,,,,,,,,,
09-01-2026,19.05,838,3142.5,3.70424,0.000978707,1.10506,0.134311,0.0,3784.830393570292,8.227620969243024,0.027626500000000002,,,,,,,,,,,,,,,,,
09-01-2026,19.05,839,3146.25,3.7039,0.000915381,0.83717,0.11718,0.0,4046.29329208275,7.144307902372418,0.02092925,,,,,,,,,,,,,,,,,
09-01-2026,19.05,840,3150.0,3.70439,0.000957206,0.954374,0.129172,0.0,3870.0029042860156,7.3883968661939114,0.02385935,,,,,,,,,,,,,,,,,
09-01-2026,19.05,841,3153.75,3.70464,0.000957794,0.803684,0.114781,0.0,3867.8880844941605,7.00189055679947,0.020092099999999998,,,,,,,,,,,,,,,,,
09-01-2026,19.05,842,3157.5,3.7038,0.000969558,1.17204,0.142192,0.0,3820.091216822511,8.242657814785641,0.029301,,,,,,,,,,,,,,,,,
09-01-2026,19.05,843,3161.25,3.70429,0.000959559,1.10506,0.136367,0.0,3860.408791955471,8.103573445188353,0.027626500000000002,,,,,,,,,,,,,,,,,
09-01-2026,19.05,844,3165.0,3.70366,0.000956683,0.887401,0.120606,0.0,3871.3555064739317,7.357851184849841,0.022185025,,,,,,,,,,,,,,,,,
09-01-2026,19.05,845,3168.75,3.70255,0.00095786,0.887401,0.120606,0.0,3865.439625832585,7.357851184849841,0.022185025,,,,,,,,,,,,,,,,,
09-01-2026,19.05,846,3172.5,3.70326,0.000913486,0.853914,0.120606,0.0,4053.9865964010396,7.0801950151733735,0.021347849999999998,,,,,,,,,,,,,,,,,
09-01-2026,19.05,847,3176.25,3.70148,0.000893161,0.719967,0.108957,0.0,4144.247229782761,6.607808585038135,0.017999175000000003,,,,,,,,,,,,,,,,,
09-01-2026,19.05,848,3180.0,3.70311,0.000963022,1.08832,0.139451,0.0,3845.3015611273677,7.80431836272239,0.027208,,,,,,,,,,,,,,,,,
09-01-2026,19.05,849,3183.75,3.7039,0.000954004,1.07158,0.132256,0.0,3882.478480174087,8.102316719090249,0.0267895,,,,,,,,,,,,,,,,,
09-01-2026,19.05,850,3187.5,3.70253,0.000940607,0.954374,0.12506,0.0,3936.3198445259286,7.631328962098192,0.02385935,,,,,,,,,,,,,,,,,
09-01-2026,19.05,851,3191.25,3.70272,0.000930085,0.703223,0.107586,0.0,3981.0554949278826,6.536380198167048,0.017580575,,,,,,,,,,,,,,,,,
09-01-2026,19.05,852,3195.0,3.70354,0.000945573,0.853914,0.118208,0.0,3916.7150500278667,7.223825798592312,0.021347849999999998,,,,,,,,,,,,,,,,,
09-01-2026,19.05,853,3198.75,3.70385,0.000928909,0.68648,0.106216,0.0,3987.311997192405,6.463056413346388,0.017162,,,,,,,,,,,,,,,,,
09-01-2026,19.05,854,3202.5,3.70252,0.000932111,0.83717,0.11718,0.0,3972.1878617460793,7.144307902372418,0.02092925,,,,,,,,,,,,,,,,,
09-01-2026,19.05,855,3206.25,3.70314,0.000942241,0.870657,0.119578,0.0,3930.141014878359,7.281080131796819,0.021766425000000002,,,,,,,,,,,,,,,,,
09-01-2026,19.05,856,3210.0,3.70373,0.000932242,1.08832,0.137395,0.0,3972.9276303792362,7.921103388041778,0.027208,,,,,,,,,,,,,,,,,
09-01-2026,19.05,857,3213.75,3.70365,0.000919825,0.887401,0.120606,0.0,4026.4724268203195,7.357851184849841,0.022185025,,,,,,,,,,,,,,,,,
09-01-2026,19.05,858,3217.5,3.70272,0.000927536,1.0046,0.1302,0.0,3991.9959979989994,7.715821812596005,0.025115,,,,,,,,,,,,,,,,,
09-01-2026,19.05,859,3221.25,3.70299,0.000901919,0.853914,0.120606,0.0,4105.679113091086,7.0801950151733735,0.021347849999999998,,,,,,,,,,,,,,,,,
09-01-2026,19.05,860,3225.0,3.70196,0.000902768,0.954374,0.12506,0.0,4100.677028871205,7.631328962098192,0.02385935,,,,,,,,,,,,,,,,,
09-01-2026,19.05,861,3228.75,3.70249,0.000915773,0.904144,0.121634,0.0,4043.021578491613,7.433316342470032,0.0226036,,,,,,,,,,,,,,,,,
09-01-2026,19.05,862,3232.5,3.70205,0.000887737,0.619506,0.101076,0.0,4170.210321300115,6.129110768134868,0.01548765,,,,,,,,,,,,,,,,,
09-01-2026,19.05,863,3236.25,3.7014,0.000902376,0.820427,0.11855,0.0,4101.837814835501,6.920514550822438,0.020510675,,,,,,,,,,,,,,,,,
09-01-2026,19.05,864,3240.0,3.70237,0.000888456,0.719967,0.108957,0.0,4167.195674293381,6.607808585038135,0.017999175000000003,,,,,,,,,,,,,,,,,
09-01-2026,19.05,865,3243.75,3.70309,0.000908454,0.78694,0.113753,0.0,4076.254824129785,6.917971394161032,0.0196735,,,,,,,,,,,,,,,,,
09-01-2026,19.05,866,3247.5,3.70205,0.000897605,0.68648,0.108957,0.0,4124.364280502003,6.300467156768266,0.017162,,,,,,,,,,,,,,,,,
09-01-2026,19.05,867,3251.25,3.70209,0.000896298,0.803684,0.114781,0.0,4130.423140517997,7.00189055679947,0.020092099999999998,,,,,,,,,,,,,,,,,
09-01-2026,19.05,868,3255.0,3.70354,0.000946684,0.937631,0.12369,0.0,3912.1185105061454,7.580491551459294,0.023440775,,,,,,,,,,,,,,,,,
09-01-2026,19.05,869,3258.75,3.70352,0.000956226,1.07158,0.132256,0.0,3873.0592976974062,8.102316719090249,0.0267895,,,,,,,,,,,,,,,,,
09-01-2026,19.05,870,3262.5,3.70347,0.000947338,0.719967,0.108957,0.0,3909.3438667086084,6.607808585038135,0.017999175000000003,,,,,,,,,,,,,,,,,
09-01-2026,19.05,871,3266.25,3.70262,0.000918387,0.753453,0.111355,0.0,4031.6555003500703,6.76622513582686,0.018836325,,,,,,,,,,,,,,,,,
09-01-2026,19.05,872,3270.0,3.70222,0.000902703,0.803684,0.11718,0.0,4101.260325932228,6.858542413381122,0.020092099999999998,,,,,,,,,,,,,,,,,
09-01-2026,19.05,873,3273.75,3.7008,0.000904467,0.669736,0.105188,0.0,4091.691570836747,6.367038065178537,0.016743400000000002,,,,,,,,,,,,,,,,,
09-01-2026,19.05,874,3277.5,3.70144,0.000898259,0.719967,0.108957,0.0,4120.682342175252,6.607808585038135,0.017999175000000003,,,,,,,,,,,,,,,,,
09-01-2026,19.05,875,3281.25,3.70209,0.000877673,0.770197,0.112383,0.0,4218.074385334857,6.853323011487503,0.019254925,,,,,,,,,,,,,,,,,
09-01-2026,19.05,876,3285.0,3.70241,0.000914989,0.78694,0.113753,0.0,4046.3983720022866,6.917971394161032,0.0196735,,,,,,,,,,,,,,,,,
09-01-2026,19.05,877,3288.75,3.70226,0.000913943,0.703223,0.107586,0.0,4050.865316545999,6.536380198167048,0.017580575,,,,,,,,,,,,,,,,,
09-01-2026,19.05,878,3292.5,3.7034,0.000941652,0.971118,0.126088,0.0,3932.8754146967244,7.701906604910856,0.02427795,,,,,,,,,,,,,,,,,
09-01-2026,19.05,879,3296.25,3.70393,0.000927667,0.887401,0.120606,0.0,3992.736617773404,7.357851184849841,0.022185025,,,,,,,,,,,,,,,,,
09-01-2026,19.05,880,3300.0,3.7024,0.000916688,0.652993,0.103817,0.0,4038.8878222470457,6.289846556922277,0.016324825,,,,,,,,,,,,,,,,,
09-01-2026,19.05,881,3303.75,3.70167,0.000889698,0.636249,0.102447,0.0,4160.591571522023,6.210518609622536,0.015906225,,,,,,,,,,,,,,,,,
09-01-2026,19.05,882,3307.5,3.70336,0.000888064,0.619506,0.101076,0.0,4170.149899106371,6.129110768134868,0.01548765,,,,,,,,,,,,,,,,,
09-01-2026,19.05,883,3311.25,3.70319,0.000911002,0.904144,0.124032,0.0,4064.9636334497623,7.289602683178534,0.0226036,,,,,,,,,,,,,,,,,
09-01-2026,19.05,884,3315.0,3.70139,0.000899827,0.719967,0.111355,0.0,4113.446251334979,6.465511202909614,0.017999175000000003,,,,,,,,,,,,,,,,,
09-01-2026,19.05,885,3318.75,3.70178,0.000883097,0.703223,0.107586,0.0,4191.815848089168,6.536380198167048,0.017580575,,,,,,,,,,,,,,,,,
09-01-2026,19.05,886,3322.5,3.7034,0.000933876,0.719967,0.108957,0.0,3965.6228450029766,6.607808585038135,0.017999175000000003,,,,,,,,,,,,,,,,,
09-01-2026,19.05,887,3326.25,3.70309,0.000907669,0.703223,0.107586,0.0,4079.780184186085,6.536380198167048,0.017580575,,,,,,,,,,,,,,,,,
09-01-2026,19.05,888,3330.0,3.70162,0.00087336,0.753453,0.113753,0.0,4238.366767426949,6.623587949328809,0.018836325,,,,,,,,,,,,,,,,,
09-01-2026,19.05,889,3333.75,3.702,0.000885319,0.78694,0.113753,0.0,4181.54360179777,6.917971394161032,0.0196735,,,,,,,,,,,,,,,,,
09-01-2026,19.05,890,3337.5,3.70237,0.000891332,0.719967,0.111355,0.0,4153.749669034659,6.465511202909614,0.017999175000000003,,,,,,,,,,,,,,,,,
09-01-2026,19.05,891,3341.25,3.70163,0.000884274,0.602763,0.0997056,0.0,4186.066762112197,6.045427739264395,0.015069075000000001,,,,,,,,,,,,,,,,,
09-01-2026,19.05,892,3345.0,3.70228,0.000923223,0.602763,0.0997056,0.0,4010.168724132739,6.045427739264395,0.015069075000000001,,,,,,,,,,,,,,,,,
09-01-2026,19.05,893,3348.75,3.70252,0.000870158,0.636249,0.102447,0.0,4254.997368294034,6.210518609622536,0.015906225,,,,,,,,,,,,,,,,,
09-01-2026,19.05,894,3352.5,3.70195,0.000889502,0.68648,0.106216,0.0,4161.823132494362,6.463056413346388,0.017162,,,,,,,,,,,,,,,,,
09-01-2026,19.05,895,3356.25,3.7028,0.000888848,0.78694,0.116152,0.0,4165.84162871492,6.7750878159652865,0.0196735,,,,,,,,,,,,,,,,,
09-01-2026,19.05,896,3360.0,3.7026,0.000918845,0.753453,0.111355,0.0,4029.624147707176,6.76622513582686,0.018836325,,,,,,,,,,,,,,,,,
09-01-2026,19.05,897,3363.75,3.70187,0.00086689,0.719967,0.108957,0.0,4270.288041158624,6.607808585038135,0.017999175000000003,,,,,,,,,,,,,,,,,
09-01-2026,19.05,898,3367.5,3.70245,0.00089937,0.703223,0.107586,0.0,4116.715033857033,6.536380198167048,0.017580575,,,,,,,,,,,,,,,,,
09-01-2026,19.05,899,3371.25,3.70168,0.000894272,0.78694,0.116152,0.0,4139.322264366993,6.7750878159652865,0.0196735,,,,,,,,,,,,,,,,,
09-01-2026,19.05,900,3375.0,3.70115,0.000884796,0.73671,0.109985,0.0,4183.054625020909,6.698277037777879,0.01841775,,,,,,,,,,,,,,,,,
09-01-2026,19.05,901,3378.75,3.70044,0.0009012,0.920887,0.12506,0.0,4106.12516644474,7.363561490484567,0.023022175000000002,,,,,,,,,,,,,,,,,
09-01-2026,19.05,902,3382.5,3.70157,0.000929105,0.73671,0.109985,0.0,3984.0168764563746,6.698277037777879,0.01841775,,,,,,,,,,,,,,,,,
09-01-2026,19.05,903,3386.25,3.70096,0.000925968,0.870657,0.119578,0.0,3996.8551829004887,7.281080131796819,0.021766425000000002,,,,,,,,,,,,,,,,,
09-01-2026,19.05,904,3390.0,3.70125,0.000901134,0.719967,0.108957,0.0,4107.324770788806,6.607808585038135,0.017999175000000003,,,,,,,,,,,,,,,,,
09-01-2026,19.05,905,3393.75,3.70205,0.000912506,0.619506,0.103817,0.0,4057.014419631213,5.967288594353525,0.01548765,,,,,,,,,,,,,,,,,
09-01-2026,19.05,906,3397.5,3.70101,0.000902376,0.920887,0.12506,0.0,4101.4056224899605,7.363561490484567,0.023022175000000002,,,,,,,,,,,,,,,,,
09-01-2026,19.05,907,3401.25,3.70227,0.000904402,0.78694,0.113753,0.0,4093.6110269548276,6.917971394161032,0.0196735,,,,,,,,,,,,,,,,,
09-01-2026,19.05,908,3405.0,3.70248,0.000912571,0.703223,0.107586,0.0,4057.1966455212796,6.536380198167048,0.017580575,,,,,,,,,,,,,,,,,
09-01-2026,19.05,909,3408.75,3.70247,0.000892769,0.636249,0.102447,0.0,4147.175809195884,6.210518609622536,0.015906225,,,,,,,,,,,,,,,,,
09-01-2026,19.05,910,3412.5,3.70249,0.000887999,0.904144,0.121634,0.0,4169.475416075919,7.433316342470032,0.0226036,,,,,,,,,,,,,,,,,
09-01-2026,19.05,911,3416.25,3.7026,0.000883097,0.73671,0.109985,0.0,4192.74439840697,6.698277037777879,0.01841775,,,,,,,,,,,,,,,,,
09-01-2026,19.05,912,3420.0,3.70229,0.000913355,0.803684,0.114781,0.0,4053.5060299664424,7.00189055679947,0.020092099999999998,,,,,,,,,,,,,,,,,
09-01-2026,19.05,913,3423.75,3.70298,0.000936882,0.954374,0.12506,0.0,3952.450788893372,7.631328962098192,0.02385935,,,,,,,,,,,,,,,,,
09-01-2026,19.05,914,3427.5,3.70131,0.000863753,0.636249,0.102447,0.0,4285.148647819457,6.210518609622536,0.015906225,,,,,,,,,,,,,,,,,
09-01-2026,19.05,915,3431.25,3.7009,0.000887214,0.853914,0.118208,0.0,4171.372408460642,7.223825798592312,0.021347849999999998,,,,,,,,,,,,,,,,,
09-01-2026,19.05,916,3435.0,3.70172,0.000868262,0.669736,0.107586,0.0,4263.367508885567,6.225122227799156,0.016743400000000002,,,,,,,,,,,,,,,,,
09-01-2026,19.05,917,3438.75,3.70167,0.000914924,0.820427,0.116152,0.0,4045.877034595223,7.063391073765411,0.020510675,,,,,,,,,,,,,,,,,
09-01-2026,19.05,918,3442.5,3.7015,0.000902376,0.753453,0.111355,0.0,4101.948633385639,6.76622513582686,0.018836325,,,,,,,,,,,,,,,,,
09-01-2026,19.05,919,3446.25,3.70153,0.000869112,0.669736,0.105188,0.0,4258.979280000736,6.367038065178537,0.016743400000000002,,,,,,,,,,,,,,,,,
09-01-2026,19.05,920,3450.0,3.70114,0.000891528,0.803684,0.11718,0.0,4151.456824687502,6.858542413381122,0.020092099999999998,,,,,,,,,,,,,,,,,
09-01-2026,19.05,921,3453.75,3.7021,0.00087532,0.669736,0.105188,0.0,4229.424667550154,6.367038065178537,0.016743400000000002,,,,,,,,,,,,,,,,,
09-01-2026,19.05,922,3457.5,3.70222,0.000884012,0.669736,0.105188,0.0,4187.974823871169,6.367038065178537,0.016743400000000002,,,,,,,,,,,,,,,,,
09-01-2026,19.05,923,3461.25,3.7027,0.000903226,0.669736,0.110327,0.0,4099.416978696362,6.070463259220318,0.016743400000000002,,,,,,,,,,,,,,,,,
09-01-2026,19.05,924,3465.0,3.70264,0.000890025,0.719967,0.111355,0.0,4160.152804696498,6.465511202909614,0.017999175000000003,,,,,,,,,,,,,,,,,
09-01-2026,19.05,925,3468.75,3.7012,0.000876366,0.719967,0.108957,0.0,4223.349605073679,6.607808585038135,0.017999175000000003,,,,,,,,,,,,,,,,,
09-01-2026,19.05,926,3472.5,3.6998,0.000857349,0.83717,0.11718,0.0,4315.395480720221,7.144307902372418,0.02092925,,,,,,,,,,,,,,,,,
09-01-2026,19.05,927,3476.25,3.69999,0.000858525,0.535789,0.0942235,0.0,4309.705599720452,5.6863627439014675,0.013394725,,,,,,,,,,,,,,,,,
09-01-2026,19.05,928,3480.0,3.7003,0.000870419,0.619506,0.103817,0.0,4251.170987765662,5.967288594353525,0.01548765,,,,,,,,,,,,,,,,,
09-01-2026,19.05,929,3483.75,3.70079,0.000911264,0.73671,0.112726,0.0,4061.161200266882,6.535404431985522,0.01841775,,,,,,,,,,,,,,,,,
09-01-2026,19.05,930,3487.5,3.70081,0.000868458,0.586019,0.101076,0.0,4261.3574864875445,5.79780561161898,0.014650474999999998,,,,,,,,,,,,,,,,,
09-01-2026,19.05,931,3491.25,3.70122,0.000890939,0.68648,0.106216,0.0,4154.2911467564,6.463056413346388,0.017162,,,,,,,,,,,,,,,,,
09-01-2026,19.05,932,3495.0,3.70194,0.000888979,0.68648,0.106216,0.0,4164.26034810721,6.463056413346388,0.017162,,,,,,,,,,,,,,,,,
09-01-2026,19.05,933,3498.75,3.70174,0.000865256,0.803684,0.114781,0.0,4278.2020581192155,7.00189055679947,0.020092099999999998,,,,,,,,,,,,,,,,,
09-01-2026,19.05,934,3502.5,3.70133,0.000891658,0.586019,0.0983351,0.0,4151.0646458619785,5.959408186903761,0.014650474999999998,,,,,,,,,,,,,,,,,
09-01-2026,19.05,935,3506.25,3.70145,0.000862773,0.719967,0.108957,0.0,4290.178297188252,6.607808585038135,0.017999175000000003,,,,,,,,,,,,,,,,,
09-01-2026,19.05,936,3510.0,3.70114,0.000861531,0.669736,0.105188,0.0,4296.003277885532,6.367038065178537,0.016743400000000002,,,,,,,,,,,,,,,,,
09-01-2026,19.05,937,3513.75,3.70155,0.000860878,0.552532,0.0955941,0.0,4299.738174282535,5.779980145218167,0.0138133,,,,,,,,,,,,,,,,,
09-01-2026,19.05,938,3517.5,3.70226,0.000887868,0.68648,0.108957,0.0,4169.83155153694,6.300467156768266,0.017162,,,,,,,,,,,,,,,,,
09-01-2026,19.05,939,3521.25,3.70156,0.000879242,0.68648,0.106216,0.0,4209.94447489997,6.463056413346388,0.017162,,,,,,,,,,,,,,,,,
09-01-2026,19.05,940,3525.0,3.70291,0.000905905,0.820427,0.116152,0.0,4087.5257339345735,7.063391073765411,0.020510675,,,,,,,,,,,,,,,,,
09-01-2026,19.05,941,3528.75,3.70224,0.000870288,0.703223,0.109985,0.0,4254.040041917158,6.39380824657908,0.017580575,,,,,,,,,,,,,,,,,
09-01-2026,19.05,942,3532.5,3.70157,0.000863557,0.669736,0.105188,0.0,4286.422320703787,6.367038065178537,0.016743400000000002,,,,,,,,,,,,,,,,,
09-01-2026,19.05,943,3536.25,3.70239,0.000869831,0.83717,0.119578,0.0,4256.447516816485,7.001036980046496,0.02092925,,,,,,,,,,,,,,,,,
09-01-2026,19.05,944,3540.0,3.70194,0.000875647,0.535789,0.0942235,0.0,4227.662516973164,5.6863627439014675,0.013394725,,,,,,,,,,,,,,,,,
09-01-2026,19.05,945,3543.75,3.70049,0.000859767,0.652993,0.103817,0.0,4304.061449206587,6.289846556922277,0.016324825,,,,,,,,,,,,,,,,,
09-01-2026,19.05,946,3547.5,3.70049,0.000857545,0.636249,0.105188,0.0,4315.213778868747,6.048684260562041,0.015906225,,,,,,,,,,,,,,,,,
09-01-2026,19.05,947,3551.25,3.70252,0.000869439,0.586019,0.0983351,0.0,4258.516123615343,5.959408186903761,0.014650474999999998,,,,,,,,,,,,,,,,,
09-01-2026,19.05,948,3555.0,3.70261,0.000869308,0.68648,0.106216,0.0,4259.26138951902,6.463056413346388,0.017162,,,,,,,,,,,,,,,,,
09-01-2026,19.05,949,3558.75,3.70145,0.000841991,0.636249,0.105188,0.0,4396.068366526482,6.048684260562041,0.015906225,,,,,,,,,,,,,,,,,
09-01-2026,19.05,950,3562.5,3.70143,0.000867936,0.770197,0.112383,0.0,4264.634719610663,6.853323011487503,0.019254925,,,,,,,,,,,,,,,,,
09-01-2026,19.05,951,3566.25,3.701,0.000854016,0.535789,0.0942235,0.0,4333.642461031175,5.6863627439014675,0.013394725,,,,,,,,,,,,,,,,,
09-01-2026,19.05,952,3570.0,3.70159,0.000876562,0.770197,0.112383,0.0,4222.850180591903,6.853323011487503,0.019254925,,,,,,,,,,,,,,,,,
09-01-2026,19.05,953,3573.75,3.70087,0.000856238,0.586019,0.0983351,0.0,4322.2445161275255,5.959408186903761,0.014650474999999998,,,,,,,,,,,,,,,,,
09-01-2026,19.05,954,3577.5,3.70175,0.000871073,0.569276,0.0969646,0.0,4249.643830080831,5.870967342720952,0.0142319,,,,,,,,,,,,,,,,,
09-01-2026,19.05,955,3581.25,3.70236,0.000901396,0.669736,0.107586,0.0,4107.362357942569,6.225122227799156,0.016743400000000002,,,,,,,,,,,,,,,,,
09-01-2026,19.05,956,3585.0,3.70064,0.000867348,0.703223,0.107586,0.0,4266.6150149651585,6.536380198167048,0.017580575,,,,,,,,,,,,,,,,,
09-01-2026,19.05,957,3588.75,3.70021,0.000862054,0.569276,0.0969646,0.0,4292.31811464247,5.870967342720952,0.0142319,,,,,,,,,,,,,,,,,
09-01-2026,19.05,958,3592.5,3.70178,0.000855061,0.602763,0.0997056,0.0,4329.2583803962525,6.045427739264395,0.015069075000000001,,,,,,,,,,,,,,,,,
09-01-2026,19.05,959,3596.25,3.70129,0.00088264,0.619506,0.101076,0.0,4193.431070425088,6.129110768134868,0.01548765,,,,,,,,,,,,,,,,,
09-01-2026,19.05,960,3600.0,3.7008,0.000857675,0.586019,0.101076,0.0,4314.92115311744,5.79780561161898,0.014650474999999998,,,,,,,,,,,,,,,,,
09-01-2026,19.05,961,3603.75,3.70128,0.000864799,0.535789,0.0942235,0.0,4279.9309434909155,5.6863627439014675,0.013394725,,,,,,,,,,,,,,,,,
09-01-2026,19.05,962,3607.5,3.70132,0.000840292,0.552532,0.0955941,0.0,4404.802140208404,5.779980145218167,0.0138133,,,,,,,,,,,,,,,,,
09-01-2026,19.05,963,3611.25,3.70188,0.000851925,0.569276,0.0969646,0.0,4345.312087331631,5.870967342720952,0.0142319,,,,,,,,,,,,,,,,,
09-01-2026,19.05,964,3615.0,3.70231,0.000873556,0.619506,0.101076,0.0,4238.205678857452,6.129110768134868,0.01548765,,,,,,,,,,,,,,,,,
09-01-2026,19.05,965,3618.75,3.70159,0.000834998,0.569276,0.0969646,0.0,4433.0525342575675,5.870967342720952,0.0142319,,,,,,,,,,,,,,,,,
09-01-2026,19.05,966,3622.5,3.70126,0.000830293,0.468815,0.0880562,0.0,4457.775749042808,5.324043054322126,0.011720375,,,,,,,,,,,,,,,,,
09-01-2026,19.05,967,3626.25,3.70142,0.000835848,0.652993,0.103817,0.0,4428.341038083479,6.289846556922277,0.016324825,,,,,,,,,,,,,,,,,
09-01-2026,19.05,968,3630.0,3.70167,0.000861008,0.669736,0.105188,0.0,4299.228346310371,6.367038065178537,0.016743400000000002,,,,,,,,,,,,,,,,,
09-01-2026,19.05,969,3633.75,3.70134,0.000820817,0.468815,0.0880562,0.0,4509.33642943555,5.324043054322126,0.011720375,,,,,,,,,,,,,,,,,
09-01-2026,19.05,970,3637.5,3.70165,0.00085859,0.652993,0.103817,0.0,4311.31273366799,6.289846556922277,0.016324825,,,,,,,,,,,,,,,,,
09-01-2026,19.05,971,3641.25,3.70171,0.000853558,0.602763,0.0997056,0.0,4336.799608228146,6.045427739264395,0.015069075000000001,,,,,,,,,,,,,,,,,
09-01-2026,19.05,972,3645.0,3.70215,0.000864668,0.753453,0.111355,0.0,4281.585533407042,6.76622513582686,0.018836325,,,,,,,,,,,,,,,,,
09-01-2026,19.05,973,3648.75,3.70227,0.000905055,0.719967,0.108957,0.0,4090.65747385518,6.607808585038135,0.017999175000000003,,,,,,,,,,,,,,,,,
09-01-2026,19.05,974,3652.5,3.70105,0.00086042,0.602763,0.0997056,0.0,4301.44580553683,6.045427739264395,0.015069075000000001,,,,,,,,,,,,,,,,,
09-01-2026,19.05,975,3656.25,3.70165,0.000883881,0.669736,0.105188,0.0,4187.950640414264,6.367038065178537,0.016743400000000002,,,,,,,,,,,,,,,,,
09-01-2026,19.05,976,3660.0,3.70192,0.000832058,0.502302,0.0911399,0.0,4449.112922416466,5.511329286075584,0.01255755,,,,,,,,,,,,,,,,,
09-01-2026,19.05,977,3663.75,3.7004,0.000832188,0.535789,0.0942235,0.0,4446.591395213582,5.6863627439014675,0.013394725,,,,,,,,,,,,,,,,,
09-01-2026,19.05,978,3667.5,3.70163,0.000828398,0.485559,0.0897693,0.0,4468.419769241355,5.408964980232663,0.012138975,,,,,,,,,,,,,,,,,
09-01-2026,19.05,979,3671.25,3.70205,0.000874732,0.569276,0.0969646,0.0,4232.210551346012,5.870967342720952,0.0142319,,,,,,,,,,,,,,,,,
09-01-2026,19.05,980,3675.0,3.70067,0.00084467,0.452072,0.0866856,0.0,4381.202126274166,5.215076091069335,0.0113018,,,,,,,,,,,,,,,,,
09-01-2026,19.05,981,3678.75,3.70001,0.000830228,0.602763,0.0997056,0.0,4456.619145584104,6.045427739264395,0.015069075000000001,,,,,,,,,,,,,,,,,
09-01-2026,19.05,982,3682.5,3.70222,0.000860812,0.586019,0.0983351,0.0,4300.84617779492,5.959408186903761,0.014650474999999998,,,,,,,,,,,,,,,,,
09-01-2026,19.05,983,3686.25,3.70193,0.00085199,0.502302,0.0911399,0.0,4345.039261024191,5.511329286075584,0.01255755,,,,,,,,,,,,,,,,,
09-01-2026,19.05,984,3690.0,3.70181,0.00088264,0.619506,0.101076,0.0,4194.020212091,6.129110768134868,0.01548765,,,,,,,,,,,,,,,,,
09-01-2026,19.05,985,3693.75,3.70247,0.000872902,0.68648,0.108957,0.0,4241.5643451384,6.300467156768266,0.017162,,,,,,,,,,,,,,,,,
09-01-2026,19.05,986,3697.5,3.70209,0.000852186,0.78694,0.113753,0.0,4344.2276686075575,6.917971394161032,0.0196735,,,,,,,,,,,,,,,,,
09-01-2026,19.05,987,3701.25,3.70274,0.000891789,0.586019,0.101076,0.0,4152.0359636640505,5.79780561161898,0.014650474999999998,,,,,,,,,,,,,,,,,
09-01-2026,19.05,988,3705.0,3.70134,0.00087519,0.586019,0.0983351,0.0,4229.1845199328145,5.959408186903761,0.014650474999999998,,,,,,,,,,,,,,,,,
09-01-2026,19.05,989,3708.75,3.702,0.00084369,0.602763,0.0997056,0.0,4387.867581694698,6.045427739264395,0.015069075000000001,,,,,,,,,,,,,,,,,
09-01-2026,19.05,990,3712.5,3.70215,0.000851728,0.452072,0.0866856,0.0,4346.634136719705,5.215076091069335,0.0113018,,,,,,,,,,,,,,,,,
09-01-2026,19.05,991,3716.25,3.70193,0.00083441,0.519046,0.0925104,0.0,4436.583933557844,5.610677286013248,0.01297615,,,,,,,,,,,,,,,,,
09-01-2026,19.05,992,3720.0,3.70173,0.000851598,0.569276,0.0969646,0.0,4346.804478169277,5.870967342720952,0.0142319,,,,,,,,,,,,,,,,,
09-01-2026,19.05,993,3723.75,3.70266,0.000836632,0.519046,0.0925104,0.0,4425.673414356611,5.610677286013248,0.01297615,,,,,,,,,,,,,,,,,
09-01-2026,19.05,994,3727.5,3.70287,0.000865452,0.78694,0.113753,0.0,4278.53884444198,6.917971394161032,0.0196735,,,,,,,,,,,,,,,,,
09-01-2026,19.05,995,3731.25,3.70112,0.000867151,0.519046,0.0955941,0.0,4268.13784450459,5.429686560153817,0.01297615,,,,,,,,,,,,,,,,,
09-01-2026,19.05,996,3735.0,3.7008,0.000856891,0.636249,0.102447,0.0,4318.869027682634,6.210518609622536,0.015906225,,,,,,,,,,,,,,,,,
09-01-2026,19.05,997,3738.75,3.70215,0.000848722,0.602763,0.0997056,0.0,4362.02902717262,6.045427739264395,0.015069075000000001,,,,,,,,,,,,,,,,,
09-01-2026,19.05,998,3742.5,3.70225,0.000849114,0.485559,0.0897693,0.0,4360.133032784762,5.408964980232663,0.012138975,,,,,,,,,,,,,,,,,
09-01-2026,19.05,999,3746.25,3.70176,0.000850225,0.502302,0.0911399,0.0,4353.859272545503,5.511329286075584,0.01255755,,,,,,,,,,,,,,,,,
09-01-2026,19.05,1000,3750.0,3.70175,0.000833495,0.318125,0.0764067,0.0,4441.2383997504485,4.163574660337379,0.007953125,,,,,,,,,,,,,,,,,
09-01-2026,19.05,1001,3753.75,3.70186,0.000831469,0.435329,0.0849725,0.0,4452.192444937815,5.123175144899821,0.010883225000000002,,,,,,,,,,,,,,,,,
09-01-2026,19.05,1002,3757.5,3.70118,0.000817876,0.552532,0.0955941,0.0,4525.355921924594,5.779980145218167,0.0138133,,,,,,,,,,,,,,,,,
09-01-2026,19.05,1003,3761.25,3.70205,0.0008465,0.719967,0.111355,0.0,4373.36089781453,6.465511202909614,0.017999175000000003,,,,,,,,,,,,,,,,,
09-01-2026,19.05,1004,3765.0,3.70286,0.000861401,0.636249,0.102447,0.0,4298.648364698903,6.210518609622536,0.015906225,,,,,,,,,,,,,,,,,
09-01-2026,19.05,1005,3768.75,3.70157,0.000836632,0.569276,0.0969646,0.0,4424.370571529656,5.870967342720952,0.0142319,,,,,,,,,,,,,,,,,
09-01-2026,19.05,1006,3772.5,3.70199,0.000842056,0.468815,0.0880562,0.0,4396.370312663291,5.324043054322126,0.011720375,,,,,,,,,,,,,,,,,
09-01-2026,19.05,1007,3776.25,3.70298,0.000847873,0.652993,0.103817,0.0,4367.375774437917,6.289846556922277,0.016324825,,,,,,,,,,,,,,,,,
09-01-2026,19.05,1008,3780.0,3.70277,0.000856826,0.552532,0.0955941,0.0,4321.495846297848,5.779980145218167,0.0138133,,,,,,,,,,,,,,,,,
09-01-2026,19.05,1009,3783.75,3.70116,0.000820425,0.385098,0.079833,0.0,4511.2715970381205,4.823794671376499,0.00962745,,,,,,,,,,,,,,,,,
09-01-2026,19.05,1010,3787.5,3.70094,0.000807289,0.368355,0.0781199,0.0,4584.4053368744035,4.715251811638264,0.009208875,,,,,,,,,,,,,,,,,
09-01-2026,19.05,1011,3791.25,3.7017,0.000813432,0.418585,0.0832593,0.0,4550.718437435459,5.027486418934582,0.010464625,,,,,,,,,,,,,,,,,
09-01-2026,19.05,1012,3795.0,3.70158,0.000828137,0.502302,0.0911399,0.0,4469.7676833664,5.511329286075584,0.01255755,,,,,,,,,,,,,,,,,
09-01-2026,19.05,1013,3798.75,3.70162,0.000838331,0.468815,0.0880562,0.0,4415.4635818071865,5.324043054322126,0.011720375,,,,,,,,,,,,,,,,,
09-01-2026,19.05,1014,3802.5,3.70236,0.000841664,0.586019,0.0983351,0.0,4398.857501330697,5.959408186903761,0.014650474999999998,,,,,,,,,,,,,,,,,
09-01-2026,19.05,1015,3806.25,3.70274,0.000835521,0.519046,0.0925104,0.0,4431.654021861808,5.610677286013248,0.01297615,,,,,,,,,,,,,,,,,
09-01-2026,19.05,1016,3810.0,3.70312,0.000858786,0.652993,0.103817,0.0,4312.040485056813,6.289846556922277,0.016324825,,,,,,,,,,,,,,,,,
09-01-2026,19.05,1017,3813.75,3.70172,0.000848657,0.519046,0.0925104,0.0,4361.856439056061,5.610677286013248,0.01297615,,,,,,,,,,,,,,,,,
09-01-2026,19.05,1018,3817.5,3.70183,0.000857479,0.385098,0.079833,0.0,4317.108640561461,4.823794671376499,0.00962745,,,,,,,,,,,,,,,,,
09-01-2026,19.05,1019,3821.25,3.70281,0.000848918,0.68648,0.106216,0.0,4361.799372848732,6.463056413346388,0.017162,,,,,,,,,,,,,,,,,
09-01-2026,19.05,1020,3825.0,3.70241,0.000861466,0.569276,0.0969646,0.0,4297.801654389146,5.870967342720952,0.0142319,,,,,,,,,,,,,,,,,
09-01-2026,19.05,1021,3828.75,3.70208,0.000861335,0.435329,0.0849725,0.0,4298.072178652906,5.123175144899821,0.010883225000000002,,,,,,,,,,,,,,,,,
09-01-2026,19.05,1022,3832.5,3.70255,0.0008399,0.485559,0.0897693,0.0,4408.3224193356355,5.408964980232663,0.012138975,,,,,,,,,,,,,,,,,
09-01-2026,19.05,1023,3836.25,3.7025,0.000825718,0.586019,0.0983351,0.0,4483.976369656469,5.959408186903761,0.014650474999999998,,,,,,,,,,,,,,,,,
09-01-2026,19.05,1024,3840.0,3.70292,0.000830293,0.435329,0.0849725,0.0,4459.775043267859,5.123175144899821,0.010883225000000002,,,,,,,,,,,,,,,,,
09-01-2026,19.05,1025,3843.75,3.70226,0.000812844,0.535789,0.0942235,0.0,4554.699302695229,5.6863627439014675,0.013394725,,,,,,,,,,,,,,,,,
09-01-2026,19.05,1026,3847.5,3.70161,0.000831731,0.669736,0.107586,0.0,4450.489401020282,6.225122227799156,0.016743400000000002,,,,,,,,,,,,,,,,,
09-01-2026,19.05,1027,3851.25,3.70135,0.000812975,0.418585,0.0832593,0.0,4552.846028475661,5.027486418934582,0.010464625,,,,,,,,,,,,,,,,,
09-01-2026,19.05,1028,3855.0,3.70168,0.000825653,0.519046,0.0925104,0.0,4483.336219937431,5.610677286013248,0.01297615,,,,,,,,,,,,,,,,,
09-01-2026,19.05,1029,3858.75,3.70197,0.000834933,0.418585,0.0832593,0.0,4433.852776210786,5.027486418934582,0.010464625,,,,,,,,,,,,,,,,,
09-01-2026,19.05,1030,3862.5,3.70315,0.000846958,0.586019,0.0983351,0.0,4372.2947300810665,5.959408186903761,0.014650474999999998,,,,,,,,,,,,,,,,,
09-01-2026,19.05,1031,3866.25,3.70397,0.00087996,0.602763,0.0997056,0.0,4209.248147643075,6.045427739264395,0.015069075000000001,,,,,,,,,,,,,,,,,
09-01-2026,19.05,1032,3870.0,3.70318,0.000824608,0.519046,0.0925104,0.0,4490.836858240522,5.610677286013248,0.01297615,,,,,,,,,,,,,,,,,
09-01-2026,19.05,1033,3873.75,3.70361,0.000846304,0.703223,0.107586,0.0,4376.217056755019,6.536380198167048,0.017580575,,,,,,,,,,,,,,,,,
09-01-2026,19.05,1034,3877.5,3.70357,0.000817157,0.485559,0.0897693,0.0,4532.262466086689,5.408964980232663,0.012138975,,,,,,,,,,,,,,,,,
09-01-2026,19.05,1035,3881.25,3.70344,0.000837743,0.636249,0.102447,0.0,4420.735237417681,6.210518609622536,0.015906225,,,,,,,,,,,,,,,,,
09-01-2026,19.05,1036,3885.0,3.70402,0.00082598,0.519046,0.0925104,0.0,4484.394295261386,5.610677286013248,0.01297615,,,,,,,,,,,,,,,,,
09-01-2026,19.05,1037,3888.75,3.70372,0.00082232,0.452072,0.0866856,0.0,4503.988714855531,5.215076091069335,0.0113018,,,,,,,,,,,,,,,,,
09-01-2026,19.05,1038,3892.5,3.70386,0.000856499,0.502302,0.0942235,0.0,4324.418358923945,5.330963082458198,0.01255755,,,,,,,,,,,,,,,,,
09-01-2026,19.05,1039,3896.25,3.70316,0.000862511,0.535789,0.0942235,0.0,4293.464083356618,5.6863627439014675,0.013394725,,,,,,,,,,,,,,,,,
09-01-2026,19.05,1040,3900.0,3.70335,0.000810361,0.418585,0.0832593,0.0,4570.000283824123,5.027486418934582,0.010464625,,,,,,,,,,,,,,,,,
09-01-2026,19.05,1041,3903.75,3.7023,0.000826241,0.435329,0.0849725,0.0,4480.896009759865,5.123175144899821,0.010883225000000002,,,,,,,,,,,,,,,,,
09-01-2026,19.05,1042,3907.5,3.70361,0.00083892,0.586019,0.0983351,0.0,4414.7356124541075,5.959408186903761,0.014650474999999998,,,,,,,,,,,,,,,,,
09-01-2026,19.05,1043,3911.25,3.70379,0.000851402,0.569276,0.0969646,0.0,4350.224688220136,5.870967342720952,0.0142319,,,,,,,,,,,,,,,,,
09-01-2026,19.05,1044,3915.0,3.70216,0.000865779,0.586019,0.0983351,0.0,4276.102792976037,5.959408186903761,0.014650474999999998,,,,,,,,,,,,,,,,,
09-01-2026,19.05,1045,3918.75,3.70351,0.000878719,0.602763,0.0997056,0.0,4214.669308390965,6.045427739264395,0.015069075000000001,,,,,,,,,,,,,,,,,
09-01-2026,19.05,1046,3922.5,3.70298,0.000821144,0.418585,0.0832593,0.0,4509.537912960455,5.027486418934582,0.010464625,,,,,,,,,,,,,,,,,
09-01-2026,19.05,1047,3926.25,3.70369,0.00082794,0.418585,0.0832593,0.0,4473.379713505809,5.027486418934582,0.010464625,,,,,,,,,,,,,,,,,
09-01-2026,19.05,1048,3930.0,3.70362,0.000844409,0.418585,0.0832593,0.0,4386.049888146621,5.027486418934582,0.010464625,,,,,,,,,,,,,,,,,
09-01-2026,19.05,1049,3933.75,3.70278,0.000825849,0.485559,0.0897693,0.0,4483.604145552032,5.408964980232663,0.012138975,,,,,,,,,,,,,,,,,
09-01-2026,19.05,1050,3937.5,3.70194,0.000849441,0.519046,0.0925104,0.0,4358.089614228651,5.610677286013248,0.01297615,,,,,,,,,,,,,,,,,
09-01-2026,19.05,1051,3941.25,3.70332,0.000847938,0.569276,0.0969646,0.0,4367.441959199848,5.870967342720952,0.0142319,,,,,,,,,,,,,,,,,
09-01-2026,19.05,1052,3945.0,3.70329,0.000835913,0.418585,0.0832593,0.0,4430.233768346706,5.027486418934582,0.010464625,,,,,,,,,,,,,,,,,
09-01-2026,19.05,1053,3948.75,3.70362,0.000829117,0.468815,0.0880562,0.0,4466.9449546927635,5.324043054322126,0.011720375,,,,,,,,,,,,,,,,,
09-01-2026,19.05,1054,3952.5,3.70341,0.000823889,0.552532,0.0955941,0.0,4495.035132159794,5.779980145218167,0.0138133,,,,,,,,,,,,,,,,,
09-01-2026,19.05,1055,3956.25,3.70282,0.000823693,0.351612,0.079833,0.0,4495.388451765402,4.404344068242456,0.008790300000000001,,,,,,,,,,,,,,,,,
09-01-2026,19.05,1056,3960.0,3.70291,0.000811014,0.418585,0.0832593,0.0,4565.778149329111,5.027486418934582,0.010464625,,,,,,,,,,,,,,,,,
09-01-2026,19.05,1057,3963.75,3.70385,0.000810492,0.334868,0.0746936,0.0,4569.878542909739,4.483222123448328,0.008371700000000001,,,,,,,,,,,,,,,,,
09-01-2026,19.05,1058,3967.5,3.70386,0.000864929,0.73671,0.109985,0.0,4282.270567873202,6.698277037777879,0.01841775,,,,,,,,,,,,,,,,,
09-01-2026,19.05,1059,3971.25,3.70529,0.000827091,0.485559,0.0897693,0.0,4479.906080467567,5.408964980232663,0.012138975,,,,,,,,,,,,,,,,,
09-01-2026,19.05,1060,3975.0,3.70412,0.000817811,0.368355,0.0781199,0.0,4529.310561975811,4.715251811638264,0.009208875,,,,,,,,,,,,,,,,,
09-01-2026,19.05,1061,3978.75,3.70312,0.000804937,0.535789,0.0942235,0.0,4600.509108166229,5.6863627439014675,0.013394725,,,,,,,,,,,,,,,,,
09-01-2026,19.05,1062,3982.5,3.70388,0.000837743,0.468815,0.0880562,0.0,4421.260458159602,5.324043054322126,0.011720375,,,,,,,,,,,,,,,,,
09-01-2026,19.05,1063,3986.25,3.70522,0.000854408,0.552532,0.0955941,0.0,4336.593290324998,5.779980145218167,0.0138133,,,,,,,,,,,,,,,,,
09-01-2026,19.05,1064,3990.0,3.70351,0.00082415,0.401842,0.0815462,0.0,4493.732936965359,4.927783268870898,0.010046049999999999,,,,,,,,,,,,,,,,,
09-01-2026,19.05,1065,3993.75,3.70294,0.00082415,0.452072,0.0866856,0.0,4493.041315294546,5.215076091069335,0.0113018,,,,,,,,,,,,,,,,,
09-01-2026,19.05,1066,3997.5,3.70497,0.000854604,0.586019,0.101076,0.0,4335.306176895966,5.79780561161898,0.014650474999999998,,,,,,,,,,,,,,,,,
09-01-2026,19.05,1067,4001.25,3.70389,0.000835391,0.435329,0.0849725,0.0,4433.720257939097,5.123175144899821,0.010883225000000002,,,,,,,,,,,,,,,,,
09-01-2026,19.05,1068,4005.0,3.70268,0.0008167,0.485559,0.0897693,0.0,4533.7088282110935,5.408964980232663,0.012138975,,,,,,,,,,,,,,,,,
09-01-2026,19.05,1069,4008.75,3.70376,0.000810295,0.468815,0.0911399,0.0,4570.8785072103365,5.143905139241979,0.011720375,,,,,,,,,,,,,,,,,
09-01-2026,19.05,1070,4012.5,3.70352,0.000824215,0.586019,0.0983351,0.0,4493.390680829638,5.959408186903761,0.014650474999999998,,,,,,,,,,,,,,,,,
09-01-2026,19.05,1071,4016.25,3.70309,0.000817746,0.401842,0.0815462,0.0,4528.4110224935375,4.927783268870898,0.010046049999999999,,,,,,,,,,,,,,,,,
09-01-2026,19.05,1072,4020.0,3.70399,0.000828267,0.452072,0.0866856,0.0,4471.975824220934,5.215076091069335,0.0113018,,,,,,,,,,,,,,,,,
09-01-2026,19.05,1073,4023.75,3.70559,0.000833822,0.703223,0.107586,0.0,4444.101978599749,6.536380198167048,0.017580575,,,,,,,,,,,,,,,,,
09-01-2026,19.05,1074,4027.5,3.70469,0.000820229,0.385098,0.079833,0.0,4516.653276097285,4.823794671376499,0.00962745,,,,,,,,,,,,,,,,,
09-01-2026,19.05,1075,4031.25,3.70309,0.000839834,0.485559,0.0897693,0.0,4409.311840196991,5.408964980232663,0.012138975,,,,,,,,,,,,,,,,,
09-01-2026,19.05,1076,4035.0,3.70388,0.000808466,0.385098,0.079833,0.0,4581.367676562774,4.823794671376499,0.00962745,,,,,,,,,,,,,,,,,
09-01-2026,19.05,1077,4038.75,3.7043,0.00081755,0.636249,0.105188,0.0,4530.976698672864,6.048684260562041,0.015906225,,,,,,,,,,,,,,,,,
09-01-2026,19.05,1078,4042.5,3.70415,0.000832973,0.251151,0.0647573,0.0,4446.902840788357,3.8783426733356703,0.006278775,,,,,,,,,,,,,,,,,
09-01-2026,19.05,1079,4046.25,3.70334,0.000811864,0.435329,0.0849725,0.0,4561.527546485618,5.123175144899821,0.010883225000000002,,,,,,,,,,,,,,,,,
09-01-2026,19.05,1080,4050.0,3.70419,0.000832711,0.401842,0.0815462,0.0,4448.350027800762,4.927783268870898,0.010046049999999999,,,,,,,,,,,,,,,,,
09-01-2026,19.05,1081,4053.75,3.70389,0.000821209,0.552532,0.0955941,0.0,4510.289098146756,5.779980145218167,0.0138133,,,,,,,,,,,,,,,,,
09-01-2026,19.05,1082,4057.5,3.70433,0.000826437,0.368355,0.0815462,0.0,4482.289636112614,4.51713261930047,0.009208875,,,,,,,,,,,,,,,,,
09-01-2026,19.05,1083,4061.25,3.70537,0.000836763,0.552532,0.0955941,0.0,4428.219220974159,5.779980145218167,0.0138133,,,,,,,,,,,,,,,,,
09-01-2026,19.05,1084,4065.0,3.70528,0.00083062,0.468815,0.0973072,0.0,4460.860561989839,4.817886035154644,0.011720375,,,,,,,,,,,,,,,,,
09-01-2026,19.05,1085,4068.75,3.70508,0.000823823,0.552532,0.0955941,0.0,4497.422383206102,5.779980145218167,0.0138133,,,,,,,,,,,,,,,,,
09-01-2026,19.05,1086,4072.5,3.70398,0.000807485,0.418585,0.0832593,0.0,4587.057344718478,5.027486418934582,0.010464625,,,,,,,,,,,,,,,,,
09-01-2026,19.05,1087,4076.25,3.70508,0.000802584,0.368355,0.0781199,0.0,4616.438902345425,4.715251811638264,0.009208875,,,,,,,,,,,,,,,,,
09-01-2026,19.05,1088,4080.0,3.70578,0.000834541,0.452072,0.0866856,0.0,4440.500826202667,5.215076091069335,0.0113018,,,,,,,,,,,,,,,,,
09-01-2026,19.05,1089,4083.75,3.70614,0.000838135,0.586019,0.0983351,0.0,4421.889075148992,5.959408186903761,0.014650474999999998,,,,,,,,,,,,,,,,,
09-01-2026,19.05,1090,4087.5,3.70608,0.000855976,0.552532,0.0955941,0.0,4329.654102451471,5.779980145218167,0.0138133,,,,,,,,,,,,,,,,,
09-01-2026,19.05,1091,4091.25,3.70494,0.000796702,0.267895,0.066813,0.0,4650.346051597711,4.009623875593073,0.006697375,,,,,,,,,,,,,,,,,
09-01-2026,19.05,1092,4095.0,3.70446,0.000800427,0.502302,0.0911399,0.0,4628.104749090173,5.511329286075584,0.01255755,,,,,,,,,,,,,,,,,
09-01-2026,19.05,1093,4098.75,3.70604,0.000828267,0.519046,0.0925104,0.0,4474.450871518483,5.610677286013248,0.01297615,,,,,,,,,,,,,,,,,
09-01-2026,19.05,1094,4102.5,3.70492,0.000816046,0.334868,0.0746936,0.0,4540.087200966613,4.483222123448328,0.008371700000000001,,,,,,,,,,,,,,,,,
09-01-2026,19.05,1095,4106.25,3.70473,0.000828267,0.535789,0.0969646,0.0,4472.869255928342,5.525614502612293,0.013394725,,,,,,,,,,,,,,,,,
09-01-2026,19.05,1096,4110.0,3.70558,0.00085016,0.552532,0.0955941,0.0,4358.685423920203,5.779980145218167,0.0138133,,,,,,,,,,,,,,,,,
09-01-2026,19.05,1097,4113.75,3.70385,0.000807093,0.452072,0.0866856,0.0,4589.124177758945,5.215076091069335,0.0113018,,,,,,,,,,,,,,,,,
09-01-2026,19.05,1098,4117.5,3.70394,0.000807943,0.418585,0.0832593,0.0,4584.407563404844,5.027486418934582,0.010464625,,,,,,,,,,,,,,,,,
09-01-2026,19.05,1099,4121.25,3.70681,0.000826372,0.468815,0.0880562,0.0,4485.643269617073,5.324043054322126,0.011720375,,,,,,,,,,,,,,,,,
09-01-2026,19.05,1100,4125.0,3.70493,0.000820229,0.435329,0.0849725,0.0,4516.945877309873,5.123175144899821,0.010883225000000002,,,,,,,,,,,,,,,,,
09-01-2026,19.05,1101,4128.75,3.70249,0.000793239,0.401842,0.0815462,0.0,4667.559209771582,4.927783268870898,0.010046049999999999,,,,,,,,,,,,,,,,,
09-01-2026,19.05,1102,4132.5,3.70371,0.000792193,0.234408,0.0623588,0.0,4675.262215142017,3.759020378839875,0.0058602,,,,,,,,,,,,,,,,,
09-01-2026,19.05,1103,4136.25,3.70552,0.000815916,0.435329,0.0849725,0.0,4541.545943454964,5.123175144899821,0.010883225000000002,,,,,,,,,,,,,,,,,
09-01-2026,19.05,1104,4140.0,3.70656,0.000815916,0.485559,0.0897693,0.0,4542.820584471931,5.408964980232663,0.012138975,,,,,,,,,,,,,,,,,
09-01-2026,19.05,1105,4143.75,3.706,0.00082794,0.485559,0.0897693,0.0,4476.169770756335,5.408964980232663,0.012138975,,,,,,,,,,,,,,,,,
09-01-2026,19.05,1106,4147.5,3.70523,0.000829247,0.535789,0.0942235,0.0,4468.186197839726,5.6863627439014675,0.013394725,,,,,,,,,,,,,,,,,
09-01-2026,19.05,1107,4151.25,3.70503,0.000825784,0.452072,0.0866856,0.0,4486.681747285004,5.215076091069335,0.0113018,,,,,,,,,,,,,,,,,
09-01-2026,19.05,1108,4155.0,3.70492,0.000821405,0.401842,0.0815462,0.0,4510.466822091416,4.927783268870898,0.010046049999999999,,,,,,,,,,,,,,,,,
09-01-2026,19.05,1109,4158.75,3.70589,0.000857675,0.502302,0.0911399,0.0,4320.855802022911,5.511329286075584,0.01255755,,,,,,,,,,,,,,,,,
09-01-2026,19.05,1110,4162.5,3.70616,0.000822189,0.452072,0.0866856,0.0,4507.6740262883595,5.215076091069335,0.0113018,,,,,,,,,,,,,,,,,
09-01-2026,19.05,1111,4166.25,3.70585,0.000810492,0.401842,0.0815462,0.0,4572.346179851251,4.927783268870898,0.010046049999999999,,,,,,,,,,,,,,,,,
09-01-2026,19.05,1112,4170.0,3.70644,0.000801146,0.468815,0.0880562,0.0,4626.422649554514,5.324043054322126,0.011720375,,,,,,,,,,,,,,,,,
09-01-2026,19.05,1113,4173.75,3.70657,0.000813824,0.418585,0.0832593,0.0,4554.510557565272,5.027486418934582,0.010464625,,,,,,,,,,,,,,,,,
09-01-2026,19.05,1114,4177.5,3.70593,0.000799578,0.351612,0.0764067,0.0,4634.857387271786,4.60184774371881,0.008790300000000001,,,,,,,,,,,,,,,,,
09-01-2026,19.05,1115,4181.25,3.70684,0.000787488,0.418585,0.0866856,0.0,4707.170141005323,4.828772022112092,0.010464625,,,,,,,,,,,,,,,,,
09-01-2026,19.05,1116,4185.0,3.70563,0.000788272,0.368355,0.0781199,0.0,4700.953477987294,4.715251811638264,0.009208875,,,,,,,,,,,,,,,,,
09-01-2026,19.05,1117,4188.75,3.7059,0.000808466,0.435329,0.0880562,0.0,4583.866235562164,4.943763187600646,0.010883225000000002,,,,,,,,,,,,,,,,,
09-01-2026,19.05,1118,4192.5,3.70629,0.000800819,0.318125,0.0726378,0.0,4628.124457586546,4.379606761217988,0.007953125,,,,,,,,,,,,,,,,,
09-01-2026,19.05,1119,4196.25,3.70504,0.000780887,0.301381,0.0709246,0.0,4744.655756850863,4.2493154702317675,0.007534525,,,,,,,,,,,,,,,,,
09-01-2026,19.05,1120,4200.0,3.70488,0.000763308,0.401842,0.0815462,0.0,4853.715669166313,4.927783268870898,0.010046049999999999,,,,,,,,,,,,,,,,,
09-01-2026,19.05,1121,4203.75,3.70675,0.00080657,0.468815,0.0880562,0.0,4595.695351922337,5.324043054322126,0.011720375,,,,,,,,,,,,,,,,,
09-01-2026,19.05,1122,4207.5,3.70566,0.00080644,0.401842,0.0849725,0.0,4595.084569217797,4.729082938597781,0.010046049999999999,,,,,,,,,,,,,,,,,
09-01-2026,19.05,1123,4211.25,3.70582,0.000775659,0.418585,0.0832593,0.0,4777.640690045497,5.027486418934582,0.010464625,,,,,,,,,,,,,,,,,
09-01-2026,19.05,1124,4215.0,3.70628,0.000815458,0.452072,0.0866856,0.0,4545.028683267562,5.215076091069335,0.0113018,,,,,,,,,,,,,,,,,
09-01-2026,19.05,1125,4218.75,3.70603,0.000861335,0.502302,0.0911399,0.0,4302.658083091945,5.511329286075584,0.01255755,,,,,,,,,,,,,,,,,
09-01-2026,19.05,1126,4222.5,3.70525,0.000815916,0.452072,0.0866856,0.0,4541.215027037097,5.215076091069335,0.0113018,,,,,,,,,,,,,,,,,
09-01-2026,19.05,1127,4226.25,3.7055,0.000796898,0.452072,0.0866856,0.0,4649.905006663337,5.215076091069335,0.0113018,,,,,,,,,,,,,,,,,
09-01-2026,19.05,1128,4230.0,3.70605,0.0008018,0.502302,0.0911399,0.0,4622.162634073335,5.511329286075584,0.01255755,,,,,,,,,,,,,,,,,
09-01-2026,19.05,1129,4233.75,3.70461,0.000782848,0.318125,0.0726378,0.0,4732.2213252125575,4.379606761217988,0.007953125,,,,,,,,,,,,,,,,,
09-01-2026,19.05,1130,4237.5,3.70532,0.000820098,0.435329,0.0849725,0.0,4518.142953647003,5.123175144899821,0.010883225000000002,,,,,,,,,,,,,,,,,
09-01-2026,19.05,1131,4241.25,3.70753,0.000807943,0.485559,0.0897693,0.0,4588.850946168232,5.408964980232663,0.012138975,,,,,,,,,,,,,,,,,
09-01-2026,19.05,1132,4245.0,3.70682,0.000829182,0.452072,0.0866856,0.0,4470.454013714721,5.215076091069335,0.0113018,,,,,,,,,,,,,,,,,
09-01-2026,19.05,1133,4248.75,3.70628,0.000788403,0.284638,0.0688688,0.0,4700.996825227707,4.133047185372767,0.00711595,,,,,,,,,,,,,,,,,
09-01-2026,19.05,1134,4252.5,3.70669,0.000805002,0.301381,0.0709246,0.0,4604.572411000221,4.2493154702317675,0.007534525,,,,,,,,,,,,,,,,,
09-01-2026,19.05,1135,4256.25,3.70659,0.000783893,0.334868,0.0746936,0.0,4728.438702731112,4.483222123448328,0.008371700000000001,,,,,,,,,,,,,,,,,
09-01-2026,19.05,1136,4260.0,3.7066,0.000795395,0.452072,0.0866856,0.0,4660.074554152339,5.215076091069335,0.0113018,,,,,,,,,,,,,,,,,
09-01-2026,19.05,1137,4263.75,3.70671,0.000786377,0.200921,0.0579046,0.0,4713.65515522453,3.4698624979708,0.0050230249999999995,,,,,,,,,,,,,,,,,
09-01-2026,19.05,1138,4267.5,3.70608,0.000766967,0.351612,0.0764067,0.0,4832.124459070599,4.60184774371881,0.008790300000000001,,,,,,,,,,,,,,,,,
09-01-2026,19.05,1139,4271.25,3.70663,0.000771084,0.334868,0.0746936,0.0,4807.037884329075,4.483222123448328,0.008371700000000001,,,,,,,,,,,,,,,,,
09-01-2026,19.05,1140,4275.0,3.70781,0.000798401,0.368355,0.0781199,0.0,4644.044784513045,4.715251811638264,0.009208875,,,,,,,,,,,,,,,,,
09-01-2026,19.05,1141,4278.75,3.70618,0.000768209,0.334868,0.0746936,0.0,4824.4423067160105,4.483222123448328,0.008371700000000001,,,,,,,,,,,,,,,,,
09-01-2026,19.05,1142,4282.5,3.70625,0.000769451,0.452072,0.0866856,0.0,4816.74596563004,5.215076091069335,0.0113018,,,,,,,,,,,,,,,,,
09-01-2026,19.05,1143,4286.25,3.70707,0.00079154,0.301381,0.0709246,0.0,4683.36407509412,4.2493154702317675,0.007534525,,,,,,,,,,,,,,,,,
09-01-2026,19.05,1144,4290.0,3.70677,0.000788403,0.452072,0.0866856,0.0,4701.618334785637,5.215076091069335,0.0113018,,,,,,,,,,,,,,,,,
09-01-2026,19.05,1145,4293.75,3.70701,0.000800035,0.468815,0.0880562,0.0,4633.559781759548,5.324043054322126,0.011720375,,,,,,,,,,,,,,,,,
09-01-2026,19.05,1146,4297.5,3.70715,0.000779646,0.351612,0.0764067,0.0,4754.914409873199,4.60184774371881,0.008790300000000001,,,,,,,,,,,,,,,,,
09-01-2026,19.05,1147,4301.25,3.70683,0.000788403,0.485559,0.0897693,0.0,4701.694437996811,5.408964980232663,0.012138975,,,,,,,,,,,,,,,,,
09-01-2026,19.05,1148,4305.0,3.70776,0.000806113,0.468815,0.0880562,0.0,4599.553660591009,5.324043054322126,0.011720375,,,,,,,,,,,,,,,,,
09-01-2026,19.05,1149,4308.75,3.70737,0.000782456,0.251151,0.0647573,0.0,4738.11945975237,3.8783426733356703,0.006278775,,,,,,,,,,,,,,,,,
09-01-2026,19.05,1150,4312.5,3.70648,0.00077115,0.334868,0.0746936,0.0,4806.431952279064,4.483222123448328,0.008371700000000001,,,,,,,,,,,,,,,,,
09-01-2026,19.05,1151,4316.25,3.70855,0.00078788,0.418585,0.0832593,0.0,4706.998527694573,5.027486418934582,0.010464625,,,,,,,,,,,,,,,,,
09-01-2026,19.05,1152,4320.0,3.70882,0.000797291,0.468815,0.0880562,0.0,4651.7770801376155,5.324043054322126,0.011720375,,,,,,,,,,,,,,,,,
09-01-2026,19.05,1153,4323.75,3.70699,0.00076553,0.234408,0.0623588,0.0,4842.38370801928,3.759020378839875,0.0058602,,,,,,,,,,,,,,,,,
09-01-2026,19.05,1154,4327.5,3.70693,0.00079899,0.435329,0.0880562,0.0,4639.519893866006,4.943763187600646,0.010883225000000002,,,,,,,,,,,,,,,,,
09-01-2026,19.05,1155,4331.25,3.70816,0.000785462,0.318125,0.0726378,0.0,4720.99223132373,4.379606761217988,0.007953125,,,,,,,,,,,,,,,,,
09-01-2026,19.05,1156,4335.0,3.70787,0.000777489,0.385098,0.079833,0.0,4769.032102061894,4.823794671376499,0.00962745,,,,,,,,,,,,,,,,,
09-01-2026,19.05,1157,4338.75,3.70834,0.000802323,0.485559,0.0897693,0.0,4622.003856302263,5.408964980232663,0.012138975,,,,,,,,,,,,,,,,,
09-01-2026,19.05,1158,4342.5,3.70877,0.000818007,0.401842,0.0815462,0.0,4533.90985651712,4.927783268870898,0.010046049999999999,,,,,,,,,,,,,,,,,
09-01-2026,19.05,1159,4346.25,3.7081,0.000775528,0.385098,0.079833,0.0,4781.387648157126,4.823794671376499,0.00962745,,,,,,,,,,,,,,,,,
09-01-2026,19.05,1160,4350.0,3.70735,0.000790625,0.401842,0.0815462,0.0,4689.138339920949,4.927783268870898,0.010046049999999999,,,,,,,,,,,,,,,,,
09-01-2026,19.05,1161,4353.75,3.7069,0.000801146,0.301381,0.0709246,0.0,4626.996827045258,4.2493154702317675,0.007534525,,,,,,,,,,,,,,,,,
09-01-2026,19.05,1162,4357.5,3.70743,0.000791213,0.385098,0.079833,0.0,4685.754657721751,4.823794671376499,0.00962745,,,,,,,,,,,,,,,,,
09-01-2026,19.05,1163,4361.25,3.7078,0.000787422,0.368355,0.0781199,0.0,4708.783854146824,4.715251811638264,0.009208875,,,,,,,,,,,,,,,,,
09-01-2026,19.05,1164,4365.0,3.7078,0.000790886,0.318125,0.0726378,0.0,4688.159861218937,4.379606761217988,0.007953125,,,,,,,,,,,,,,,,,
09-01-2026,19.05,1165,4368.75,3.70733,0.000783175,0.334868,0.0746936,0.0,4733.718517572701,4.483222123448328,0.008371700000000001,,,,,,,,,,,,,,,,,
09-01-2026,19.05,1166,4372.5,3.70858,0.000788664,0.368355,0.0781199,0.0,4702.357404420641,4.715251811638264,0.009208875,,,,,,,,,,,,,,,,,
09-01-2026,19.05,1167,4376.25,3.70816,0.000760824,0.234408,0.0623588,0.0,4873.873589686971,3.759020378839875,0.0058602,,,,,,,,,,,,,,,,,
09-01-2026,19.05,1168,4380.0,3.70757,0.000792258,0.401842,0.0815462,0.0,4679.750788253322,4.927783268870898,0.010046049999999999,,,,,,,,,,,,,,,,,
09-01-2026,19.05,1169,4383.75,3.70891,0.00082232,0.435329,0.0849725,0.0,4510.300126471447,5.123175144899821,0.010883225000000002,,,,,,,,,,,,,,,,,
09-01-2026,19.05,1170,4387.5,3.70829,0.000777293,0.318125,0.0726378,0.0,4770.774984465317,4.379606761217988,0.007953125,,,,,,,,,,,,,,,,,
09-01-2026,19.05,1171,4391.25,3.70778,0.000781802,0.217664,0.0603031,0.0,4742.607463270751,3.6094993458047764,0.0054416,,,,,,,,,,,,,,,,,
09-01-2026,19.05,1172,4395.0,3.70821,0.000760694,0.351612,0.0764067,0.0,4874.772247447725,4.60184774371881,0.008790300000000001,,,,,,,,,,,,,,,,,
09-01-2026,19.05,1173,4398.75,3.70945,0.000801734,0.385098,0.079833,0.0,4626.783945797483,4.823794671376499,0.00962745,,,,,,,,,,,,,,,,,
09-01-2026,19.05,1174,4402.5,3.70829,0.000780495,0.334868,0.0746936,0.0,4751.202762349534,4.483222123448328,0.008371700000000001,,,,,,,,,,,,,,,,,
09-01-2026,19.05,1175,4406.25,3.70831,0.000774744,0.351612,0.0764067,0.0,4786.497217145276,4.60184774371881,0.008790300000000001,,,,,,,,,,,,,,,,,
09-01-2026,19.05,1176,4410.0,3.70902,0.000797421,0.418585,0.0832593,0.0,4651.269530147814,5.027486418934582,0.010464625,,,,,,,,,,,,,,,,,
09-01-2026,19.05,1177,4413.75,3.70947,0.000831665,0.334868,0.0746936,0.0,4460.2935076022195,4.483222123448328,0.008371700000000001,,,,,,,,,,,,,,,,,
09-01-2026,19.05,1178,4417.5,3.709,0.000778861,0.519046,0.0925104,0.0,4762.082065991236,5.610677286013248,0.01297615,,,,,,,,,,,,,,,,,
09-01-2026,19.05,1179,4421.25,3.70872,0.00078971,0.234408,0.0623588,0.0,4696.306238999126,3.759020378839875,0.0058602,,,,,,,,,,,,,,,,,
09-01-2026,19.05,1180,4425.0,3.70946,0.00076285,0.435329,0.0849725,0.0,4862.633545257914,5.123175144899821,0.010883225000000002,,,,,,,,,,,,,,,,,
09-01-2026,19.05,1181,4428.75,3.70905,0.000774875,0.334868,0.0746936,0.0,4786.643006936603,4.483222123448328,0.008371700000000001,,,,,,,,,,,,,,,,,
09-01-2026,19.05,1182,4432.5,3.70877,0.000793435,0.385098,0.079833,0.0,4674.321147920119,4.823794671376499,0.00962745,,,,,,,,,,,,,,,,,
09-01-2026,19.05,1183,4436.25,3.70859,0.000787422,0.318125,0.0726378,0.0,4709.787128121897,4.379606761217988,0.007953125,,,,,,,,,,,,,,,,,
09-01-2026,19.05,1184,4440.0,3.70807,0.000765464,0.234408,0.0623588,0.0,4844.212137997346,3.759020378839875,0.0058602,,,,,,,,,,,,,,,,,
09-01-2026,19.05,1185,4443.75,3.70924,0.000783632,0.418585,0.0866856,0.0,4733.395267166221,4.828772022112092,0.010464625,,,,,,,,,,,,,,,,,
09-01-2026,19.05,1186,4447.5,3.71009,0.00079252,0.502302,0.0911399,0.0,4681.383435118357,5.511329286075584,0.01255755,,,,,,,,,,,,,,,,,
09-01-2026,19.05,1187,4451.25,3.70963,0.00081023,0.552532,0.0955941,0.0,4578.490058378486,5.779980145218167,0.0138133,,,,,,,,,,,,,,,,,
09-01-2026,19.05,1188,4455.0,3.70857,0.000779253,0.452072,0.0866856,0.0,4759.134709779751,5.215076091069335,0.0113018,,,,,,,,,,,,,,,,,
09-01-2026,19.05,1189,4458.75,3.7095,0.000804937,0.401842,0.0815462,0.0,4608.4351943071315,4.927783268870898,0.010046049999999999,,,,,,,,,,,,,,,,,
09-01-2026,19.05,1190,4462.5,3.71016,0.000766641,0.385098,0.079833,0.0,4839.5011485167115,4.823794671376499,0.00962745,,,,,,,,,,,,,,,,,
09-01-2026,19.05,1191,4466.25,3.71059,0.000776574,0.334868,0.0746936,0.0,4778.153788306072,4.483222123448328,0.008371700000000001,,,,,,,,,,,,,,,,,
09-01-2026,19.05,1192,4470.0,3.70878,0.000777881,0.368355,0.0781199,0.0,4767.798673576035,4.715251811638264,0.009208875,,,,,,,,,,,,,,,,,
09-01-2026,19.05,1193,4473.75,3.70942,0.000773829,0.217664,0.0603031,0.0,4793.5913489931245,3.6094993458047764,0.0054416,,,,,,,,,,,,,,,,,
09-01-2026,19.05,1194,4477.5,3.70964,0.000774221,0.351612,0.0764067,0.0,4791.448436557521,4.60184774371881,0.008790300000000001,,,,,,,,,,,,,,,,,
09-01-2026,19.05,1195,4481.25,3.7096,0.000773176,0.318125,0.0726378,0.0,4797.872670646787,4.379606761217988,0.007953125,,,,,,,,,,,,,,,,,
09-01-2026,19.05,1196,4485.0,3.70988,0.000776901,0.284638,0.0688688,0.0,4775.228761450944,4.133047185372767,0.00711595,,,,,,,,,,,,,,,,,
09-01-2026,19.05,1197,4488.75,3.70992,0.000766902,0.334868,0.0746936,0.0,4837.541172144551,4.483222123448328,0.008371700000000001,,,,,,,,,,,,,,,,,
09-01-2026,19.05,1198,4492.5,3.7097,0.000786704,0.368355,0.0781199,0.0,4715.496552705973,4.715251811638264,0.009208875,,,,,,,,,,,,,,,,,
09-01-2026,19.05,1199,4496.25,3.71017,0.000787945,0.452072,0.0897693,0.0,4708.6662140124,5.035930991998378,0.0113018,,,,,,,,,,,,,,,,,
09-01-2026,19.05,1200,4500.0,3.7102,0.000794088,0.334868,0.0746936,0.0,4672.278135420759,4.483222123448328,0.008371700000000001,,,,,,,,,,,,,,,,,
09-01-2026,19.05,1201,4503.75,3.70972,0.000751152,0.334868,0.0746936,0.0,4938.707478646133,4.483222123448328,0.008371700000000001,,,,,,,,,,,,,,,,,
09-01-2026,19.05,1202,4507.5,3.7105,0.000760628,0.368355,0.0781199,0.0,4878.205903542862,4.715251811638264,0.009208875,,,,,,,,,,,,,,,,,
09-01-2026,19.05,1203,4511.25,3.71096,0.000803172,0.351612,0.0764067,0.0,4620.380192536592,4.60184774371881,0.008790300000000001,,,,,,,,,,,,,,,,,
09-01-2026,19.05,1204,4515.0,3.71029,0.000814935,0.485559,0.0897693,0.0,4552.866179511249,5.408964980232663,0.012138975,,,,,,,,,,,,,,,,,
09-01-2026,19.05,1205,4518.75,3.71112,0.000810622,0.485559,0.092853,0.0,4578.114090167797,5.22933023165649,0.012138975,,,,,,,,,,,,,,,,,
09-01-2026,19.05,1206,4522.5,3.71034,0.000790625,0.351612,0.0764067,0.0,4692.920158102766,4.60184774371881,0.008790300000000001,,,,,,,,,,,,,,,,,
09-01-2026,19.05,1207,4526.25,3.71057,0.000759583,0.385098,0.079833,0.0,4885.009274825793,4.823794671376499,0.00962745,,,,,,,,,,,,,,,,,
09-01-2026,19.05,1208,4530.0,3.71029,0.000757491,0.301381,0.0709246,0.0,4898.130802874226,4.2493154702317675,0.007534525,,,,,,,,,,,,,,,,,
09-01-2026,19.05,1209,4533.75,3.71065,0.000765203,0.251151,0.0647573,0.0,4849.236085065008,3.8783426733356703,0.006278775,,,,,,,,,,,,,,,,,
09-01-2026,19.05,1210,4537.5,3.71055,0.000776901,0.435329,0.0849725,0.0,4776.091162194411,5.123175144899821,0.010883225000000002,,,,,,,,,,,,,,,,,
09-01-2026,19.05,1211,4541.25,3.71067,0.000762327,0.318125,0.0726378,0.0,4867.556835846034,4.379606761217988,0.007953125,,,,,,,,,,,,,,,,,
09-01-2026,19.05,1212,4545.0,3.71067,0.00075919,0.267895,0.066813,0.0,4887.669753289691,4.009623875593073,0.006697375,,,,,,,,,,,,,,,,,
09-01-2026,19.05,1213,4548.75,3.71085,0.000786965,0.418585,0.0832593,0.0,4715.393950175675,5.027486418934582,0.010464625,,,,,,,,,,,,,,,,,
09-01-2026,19.05,1214,4552.5,3.71046,0.00078788,0.318125,0.0726378,0.0,4709.422754734223,4.379606761217988,0.007953125,,,,,,,,,,,,,,,,,
09-01-2026,19.05,1215,4556.25,3.70982,0.000784089,0.385098,0.079833,0.0,4731.376157553544,4.823794671376499,0.00962745,,,,,,,,,,,,,,,,,
09-01-2026,19.05,1216,4560.0,3.7102,0.000762981,0.351612,0.0764067,0.0,4862.768535520543,4.60184774371881,0.008790300000000001,,,,,,,,,,,,,,,,,
09-01-2026,19.05,1217,4563.75,3.71133,0.000806636,0.485559,0.0897693,0.0,4600.997227993791,5.408964980232663,0.012138975,,,,,,,,,,,,,,,,,
09-01-2026,19.05,1218,4567.5,3.71135,0.0007935,0.334868,0.0746936,0.0,4677.189666036546,4.483222123448328,0.008371700000000001,,,,,,,,,,,,,,,,,
09-01-2026,19.05,1219,4571.25,3.71047,0.000782325,0.334868,0.0746936,0.0,4742.87540344486,4.483222123448328,0.008371700000000001,,,,,,,,,,,,,,,,,
09-01-2026,19.05,1220,4575.0,3.71107,0.000785658,0.334868,0.0781199,0.0,4723.518375680003,4.286590228610123,0.008371700000000001,,,,,,,,,,,,,,,,,
09-01-2026,19.05,1221,4578.75,3.71206,0.000791278,0.385098,0.079833,0.0,4691.221037359815,4.823794671376499,0.00962745,,,,,,,,,,,,,,,,,
09-01-2026,19.05,1222,4582.5,3.71055,0.000769647,0.234408,0.0623588,0.0,4821.106299381405,3.759020378839875,0.0058602,,,,,,,,,,,,,,,,,
09-01-2026,19.05,1223,4586.25,3.71184,0.000780626,0.351612,0.0764067,0.0,4754.95307612096,4.60184774371881,0.008790300000000001,,,,,,,,,,,,,,,,,
09-01-2026,19.05,1224,4590.0,3.71235,0.000811276,0.435329,0.0849725,0.0,4575.9396309024305,5.123175144899821,0.010883225000000002,,,,,,,,,,,,,,,,,
09-01-2026,19.05,1225,4593.75,3.71132,0.000762001,0.385098,0.079833,0.0,4870.492295941869,4.823794671376499,0.00962745,,,,,,,,,,,,,,,,,
09-01-2026,19.05,1226,4597.5,3.71177,0.000787684,0.452072,0.0866856,0.0,4712.257707405508,5.215076091069335,0.0113018,,,,,,,,,,,,,,,,,
09-01-2026,19.05,1227,4601.25,3.71301,0.000787292,0.351612,0.0764067,0.0,4716.1790034701235,4.60184774371881,0.008790300000000001,,,,,,,,,,,,,,,,,
09-01-2026,19.05,1228,4605.0,3.71206,0.000779188,0.318125,0.0726378,0.0,4764.010739385104,4.379606761217988,0.007953125,,,,,,,,,,,,,,,,,
09-01-2026,19.05,1229,4608.75,3.71136,0.000775921,0.334868,0.0746936,0.0,4783.167358532634,4.483222123448328,0.008371700000000001,,,,,,,,,,,,,,,,,
09-01-2026,19.05,1230,4612.5,3.71168,0.000765334,0.267895,0.066813,0.0,4849.751873038438,4.009623875593073,0.006697375,,,,,,,,,,,,,,,,,
09-01-2026,19.05,1231,4616.25,3.71119,0.000769843,0.452072,0.0866856,0.0,4820.710196754403,5.215076091069335,0.0113018,,,,,,,,,,,,,,,,,
09-01-2026,19.05,1232,4620.0,3.71143,0.000779057,0.267895,0.066813,0.0,4764.003147394863,4.009623875593073,0.006697375,,,,,,,,,,,,,,,,,
09-01-2026,19.05,1233,4623.75,3.71216,0.000804087,0.418585,0.0832593,0.0,4616.614868789074,5.027486418934582,0.010464625,,,,,,,,,,,,,,,,,
09-01-2026,19.05,1234,4627.5,3.71178,0.000781606,0.334868,0.0746936,0.0,4748.914414679519,4.483222123448328,0.008371700000000001,,,,,,,,,,,,,,,,,
09-01-2026,19.05,1235,4631.25,3.71227,0.000798924,0.301381,0.0709246,0.0,4646.5871597298365,4.2493154702317675,0.007534525,,,,,,,,,,,,,,,,,
09-01-2026,19.05,1236,4635.0,3.71199,0.000778861,0.301381,0.0709246,0.0,4765.921005160099,4.2493154702317675,0.007534525,,,,,,,,,,,,,,,,,
09-01-2026,19.05,1237,4638.75,3.71291,0.000803172,0.301381,0.0709246,0.0,4622.808066018238,4.2493154702317675,0.007534525,,,,,,,,,,,,,,,,,
09-01-2026,19.05,1238,4642.5,3.71233,0.000781868,0.301381,0.0709246,0.0,4748.026521100748,4.2493154702317675,0.007534525,,,,,,,,,,,,,,,,,
09-01-2026,19.05,1239,4646.25,3.7118,0.000776117,0.368355,0.0781199,0.0,4782.526345898879,4.715251811638264,0.009208875,,,,,,,,,,,,,,,,,
09-01-2026,19.05,1240,4650.0,3.713,0.000796441,0.334868,0.0746936,0.0,4661.990028137678,4.483222123448328,0.008371700000000001,,,,,,,,,,,,,,,,,
09-01-2026,19.05,1241,4653.75,3.7126,0.000782456,0.368355,0.0781199,0.0,4744.803541668797,4.715251811638264,0.009208875,,,,,,,,,,,,,,,,,
09-01-2026,19.05,1242,4657.5,3.71228,0.000819183,0.452072,0.0866856,0.0,4531.685838207091,5.215076091069335,0.0113018,,,,,,,,,,,,,,,,,
09-01-2026,19.05,1243,4661.25,3.71279,0.000796245,0.368355,0.0815462,0.0,4662.873864200089,4.51713261930047,0.009208875,,,,,,,,,,,,,,,,,
09-01-2026,19.05,1244,4665.0,3.71334,0.000811799,0.334868,0.0746936,0.0,4574.211103980173,4.483222123448328,0.008371700000000001,,,,,,,,,,,,,,,,,
09-01-2026,19.05,1245,4668.75,3.71261,0.000800493,0.401842,0.0849725,0.0,4637.904391418789,4.729082938597781,0.010046049999999999,,,,,,,,,,,,,,,,,
09-01-2026,19.05,1246,4672.5,3.71247,0.000801212,0.234408,0.0623588,0.0,4633.567645017798,3.759020378839875,0.0058602,,,,,,,,,,,,,,,,,
09-01-2026,19.05,1247,4676.25,3.71321,0.000790494,0.267895,0.066813,0.0,4697.328505972215,4.009623875593073,0.006697375,,,,,,,,,,,,,,,,,
09-01-2026,19.05,1248,4680.0,3.71327,0.000781933,0.401842,0.0849725,0.0,4748.833979381866,4.729082938597781,0.010046049999999999,,,,,,,,,,,,,,,,,
09-01-2026,19.05,1249,4683.75,3.71271,0.000778208,0.368355,0.0781199,0.0,4770.845326699289,4.715251811638264,0.009208875,,,,,,,,,,,,,,,,,
09-01-2026,19.05,1250,4687.5,3.71245,0.000768013,0.267895,0.066813,0.0,4833.8374480640305,4.009623875593073,0.006697375,,,,,,,,,,,,,,,,,
09-01-2026,19.05,1251,4691.25,3.71253,0.000770692,0.284638,0.0688688,0.0,4817.138363963814,4.133047185372767,0.00711595,,,,,,,,,,,,,,,,,
09-01-2026,19.05,1252,4695.0,3.71213,0.000745467,0.284638,0.0688688,0.0,4979.603389553126,4.133047185372767,0.00711595,,,,,,,,,,,,,,,,,
09-01-2026,19.05,1253,4698.75,3.71346,0.000774679,0.301381,0.0709246,0.0,4793.5467464588555,4.2493154702317675,0.007534525,,,,,,,,,,,,,,,,,
09-01-2026,19.05,1254,4702.5,3.71353,0.000814609,0.435329,0.0880562,0.0,4558.665568389252,4.943763187600646,0.010883225000000002,,,,,,,,,,,,,,,,,
09-01-2026,19.05,1255,4706.25,3.71316,0.000768601,0.318125,0.0764067,0.0,4831.063191434827,4.163574660337379,0.007953125,,,,,,,,,,,,,,,,,
09-01-2026,19.05,1256,4710.0,3.714,0.000792781,0.351612,0.0764067,0.0,4684.774231471239,4.60184774371881,0.008790300000000001,,,,,,,,,,,,,,,,,
09-01-2026,19.05,1257,4713.75,3.71354,0.000758406,0.301381,0.0709246,0.0,4896.506620464501,4.2493154702317675,0.007534525,,,,,,,,,,,,,,,,,
09-01-2026,19.05,1258,4717.5,3.71304,0.000764549,0.284638,0.0688688,0.0,4856.510177895727,4.133047185372767,0.00711595,,,,,,,,,,,,,,,,,
09-01-2026,19.05,1259,4721.25,3.71334,0.000744552,0.217664,0.0603031,0.0,4987.34809657351,3.6094993458047764,0.0054416,,,,,,,,,,,,,,,,,
09-01-2026,19.05,1260,4725.0,3.71438,0.000800035,0.318125,0.0726378,0.0,4642.771878730305,4.379606761217988,0.007953125,,,,,,,,,,,,,,,,,
09-01-2026,19.05,1261,4728.75,3.71351,0.000772195,0.351612,0.0764067,0.0,4809.031397509696,4.60184774371881,0.008790300000000001,,,,,,,,,,,,,,,,,
09-01-2026,19.05,1262,4732.5,3.71267,0.000746185,0.267895,0.066813,0.0,4975.535557536,4.009623875593073,0.006697375,,,,,,,,,,,,,,,,,
09-01-2026,19.05,1263,4736.25,3.71349,0.000789122,0.284638,0.0726378,0.0,4705.850299446727,3.9185933494681833,0.00711595,,,,,,,,,,,,,,,,,
09-01-2026,19.05,1264,4740.0,3.7128,0.000772718,0.284638,0.0688688,0.0,4804.8576582918995,4.133047185372767,0.00711595,,,,,,,,,,,,,,,,,
09-01-2026,19.05,1265,4743.75,3.71371,0.000772392,0.284638,0.0688688,0.0,4808.063781085252,4.133047185372767,0.00711595,,,,,,,,,,,,,,,,,
09-01-2026,19.05,1266,4747.5,3.71428,0.000771346,0.301381,0.0709246,0.0,4815.322825295004,4.2493154702317675,0.007534525,,,,,,,,,,,,,,,,,
09-01-2026,19.05,1267,4751.25,3.71507,0.000769777,0.234408,0.0623588,0.0,4826.163940985506,3.759020378839875,0.0058602,,,,,,,,,,,,,,,,,
09-01-2026,19.05,1268,4755.0,3.71343,0.000782325,0.267895,0.066813,0.0,4746.658997219825,4.009623875593073,0.006697375,,,,,,,,,,,,,,,,,
09-01-2026,19.05,1269,4758.75,3.71268,0.000769647,0.251151,0.0688688,0.0,4823.873801885799,3.646803777617732,0.006278775,,,,,,,,,,,,,,,,,
09-01-2026,19.05,1270,4762.5,3.71375,0.000780626,0.251151,0.0647573,0.0,4757.399830392532,3.8783426733356703,0.006278775,,,,,,,,,,,,,,,,,
09-01-2026,19.05,1271,4766.25,3.71486,0.000786115,0.318125,0.0764067,0.0,4725.593583635982,4.163574660337379,0.007953125,,,,,,,,,,,,,,,,,
09-01-2026,19.05,1272,4770.0,3.71373,0.000779972,0.267895,0.066813,0.0,4761.363228423585,4.009623875593073,0.006697375,,,,,,,,,,,,,,,,,
09-01-2026,19.05,1273,4773.75,3.71363,0.00074697,0.267895,0.066813,0.0,4971.591897934321,4.009623875593073,0.006697375,,,,,,,,,,,,,,,,,
09-01-2026,19.05,1274,4777.5,3.71339,0.000774548,0.318125,0.0726378,0.0,4794.267108042368,4.379606761217988,0.007953125,,,,,,,,,,,,,,,,,
09-01-2026,19.05,1275,4781.25,3.71365,0.000755661,0.217664,0.0603031,0.0,4914.439146654386,3.6094993458047764,0.0054416,,,,,,,,,,,,,,,,,
09-01-2026,19.05,1276,4785.0,3.71396,0.000767555,0.200921,0.0579046,0.0,4838.689084169864,3.4698624979708,0.0050230249999999995,,,,,,,,,,,,,,,,,
09-01-2026,19.05,1277,4788.75,3.71382,0.000745401,0.217664,0.0603031,0.0,4982.311534328503,3.6094993458047764,0.0054416,,,,,,,,,,,,,,,,,
09-01-2026,19.05,1278,4792.5,3.71501,0.000750891,0.301381,0.0709246,0.0,4947.469073407458,4.2493154702317675,0.007534525,,,,,,,,,,,,,,,,,
09-01-2026,19.05,1279,4796.25,3.71475,0.000775463,0.301381,0.0709246,0.0,4790.363950310975,4.2493154702317675,0.007534525,,,,,,,,,,,,,,,,,
09-01-2026,19.05,1280,4800.0,3.71505,0.000759779,0.334868,0.0746936,0.0,4889.645541664089,4.483222123448328,0.008371700000000001,,,,,,,,,,,,,,,,,
09-01-2026,19.05,1281,4803.75,3.7151,0.000758537,0.301381,0.0709246,0.0,4897.71758002576,4.2493154702317675,0.007534525,,,,,,,,,,,,,,,,,
09-01-2026,19.05,1282,4807.5,3.71582,0.000753766,0.351612,0.0764067,0.0,4929.6731346332945,4.60184774371881,0.008790300000000001,,,,,,,,,,,,,,,,,
09-01-2026,19.05,1283,4811.25,3.71495,0.000727691,0.184177,0.0555062,0.0,5105.1201677635145,3.318133830094656,0.004604425,,,,,,,,,,,,,,,,,
09-01-2026,19.05,1284,4815.0,3.71407,0.00073037,0.200921,0.0579046,0.0,5085.189698372058,3.4698624979708,0.0050230249999999995,,,,,,,,,,,,,,,,,
09-01-2026,19.05,1285,4818.75,3.71542,0.000765137,0.368355,0.0781199,0.0,4855.888553291763,4.715251811638264,0.009208875,,,,,,,,,,,,,,,,,
09-01-2026,19.05,1286,4822.5,3.71586,0.000751414,0.217664,0.0603031,0.0,4945.1567311761555,3.6094993458047764,0.0054416,,,,,,,,,,,,,,,,,
09-01-2026,19.05,1287,4826.25,3.71544,0.000795591,0.368355,0.0781199,0.0,4670.037745525025,4.715251811638264,0.009208875,,,,,,,,,,,,,,,,,
09-01-2026,19.05,1288,4830.0,3.71619,0.000782717,0.385098,0.079833,0.0,4747.807956132293,4.823794671376499,0.00962745,,,,,,,,,,,,,,,,,
09-01-2026,19.05,1289,4833.75,3.71513,0.000769974,0.301381,0.0709246,0.0,4825.00707816108,4.2493154702317675,0.007534525,,,,,,,,,,,,,,,,,
09-01-2026,19.05,1290,4837.5,3.71536,0.000784286,0.368355,0.0781199,0.0,4737.251461839176,4.715251811638264,0.009208875,,,,,,,,,,,,,,,,,
09-01-2026,19.05,1291,4841.25,3.71615,0.000767882,0.267895,0.066813,0.0,4839.480545187932,4.009623875593073,0.006697375,,,,,,,,,,,,,,,,,
09-01-2026,19.05,1292,4845.0,3.71565,0.000732919,0.184177,0.0555062,0.0,5069.659812339427,3.318133830094656,0.004604425,,,,,,,,,,,,,,,,,
09-01-2026,19.05,1293,4848.75,3.71521,0.000733769,0.251151,0.0647573,0.0,5063.187460903909,3.8783426733356703,0.006278775,,,,,,,,,,,,,,,,,
09-01-2026,19.05,1294,4852.5,3.71437,0.000758341,0.251151,0.0647573,0.0,4898.020811218173,3.8783426733356703,0.006278775,,,,,,,,,,,,,,,,,
09-01-2026,19.05,1295,4856.25,3.71536,0.000784286,0.334868,0.0746936,0.0,4737.251461839176,4.483222123448328,0.008371700000000001,,,,,,,,,,,,,,,,,
09-01-2026,19.05,1296,4860.0,3.71479,0.000755792,0.217664,0.0603031,0.0,4915.095687702436,3.6094993458047764,0.0054416,,,,,,,,,,,,,,,,,
09-01-2026,19.05,1297,4863.75,3.71502,0.000722528,0.167434,0.0527652,0.0,5141.696930776386,3.1731899054679977,0.0041858500000000005,,,,,,,,,,,,,,,,,
09-01-2026,19.05,1298,4867.5,3.71542,0.000736448,0.301381,0.0709246,0.0,5045.054097505866,4.2493154702317675,0.007534525,,,,,,,,,,,,,,,,,
09-01-2026,19.05,1299,4871.25,3.71579,0.0007637,0.167434,0.0527652,0.0,4865.510017022391,3.1731899054679977,0.0041858500000000005,,,,,,,,,,,,,,,,,
09-01-2026,19.05,1300,4875.0,3.71472,0.000767359,0.334868,0.0781199,0.0,4840.915399441461,4.286590228610123,0.008371700000000001,,,,,,,,,,,,,,,,,
09-01-2026,19.05,1301,4878.75,3.71557,0.000749518,0.217664,0.0603031,0.0,4957.279211439885,3.6094993458047764,0.0054416,,,,,,,,,,,,,,,,,
09-01-2026,19.05,1302,4882.5,3.71489,0.00076468,0.217664,0.0603031,0.0,4858.097504838625,3.6094993458047764,0.0054416,,,,,,,,,,,,,,,,,
09-01-2026,19.05,1303,4886.25,3.71598,0.000749257,0.217664,0.0603031,0.0,4959.553264100302,3.6094993458047764,0.0054416,,,,,,,,,,,,,,,,,
09-01-2026,19.05,1304,4890.0,3.71563,0.000730109,0.284638,0.0688688,0.0,5089.144223670712,4.133047185372767,0.00711595,,,,,,,,,,,,,,,,,
09-01-2026,19.05,1305,4893.75,3.71559,0.000737167,0.083717,0.0373468,0.0,5040.363988078685,2.241611061724164,0.0020929250000000003,,,,,,,,,,,,,,,,,
09-01-2026,19.05,1306,4897.5,3.7155,0.000747296,0.200921,0.0579046,0.0,4971.925448550507,3.4698624979708,0.0050230249999999995,,,,,,,,,,,,,,,,,
09-01-2026,19.05,1307,4901.25,3.71628,0.000794611,0.334868,0.0781199,0.0,4676.854460861981,4.286590228610123,0.008371700000000001,,,,,,,,,,,,,,,,,
09-01-2026,19.05,1308,4905.0,3.71707,0.000806113,0.401842,0.0815462,0.0,4611.102909889804,4.927783268870898,0.010046049999999999,,,,,,,,,,,,,,,,,
09-01-2026,19.05,1309,4908.75,3.71621,0.000771673,0.284638,0.0688688,0.0,4815.783369380553,4.133047185372767,0.00711595,,,,,,,,,,,,,,,,,
09-01-2026,19.05,1310,4912.5,3.71737,0.000772457,0.217664,0.0603031,0.0,4812.39732438181,3.6094993458047764,0.0054416,,,,,,,,,,,,,,,,,
09-01-2026,19.05,1311,4916.25,3.71776,0.000802649,0.368355,0.0781199,0.0,4631.862744487316,4.715251811638264,0.009208875,,,,,,,,,,,,,,,,,
09-01-2026,19.05,1312,4920.0,3.71652,0.000756315,0.150691,0.0500241,0.0,4913.984252593165,3.0123680386053917,0.0037672749999999996,,,,,,,,,,,,,,,,,
09-01-2026,19.05,1313,4923.75,3.71736,0.000775071,0.334868,0.0746936,0.0,4796.154158780293,4.483222123448328,0.008371700000000001,,,,,,,,,,,,,,,,,
09-01-2026,19.05,1314,4927.5,3.71749,0.000765334,0.200921,0.0579046,0.0,4857.343329840305,3.4698624979708,0.0050230249999999995,,,,,,,,,,,,,,,,,
09-01-2026,19.05,1315,4931.25,3.71645,0.000759517,0.301381,0.0709246,0.0,4893.175531291597,4.2493154702317675,0.007534525,,,,,,,,,,,,,,,,,
09-01-2026,19.05,1316,4935.0,3.7175,0.000752329,0.167434,0.0527652,0.0,4941.322214084529,3.1731899054679977,0.0041858500000000005,,,,,,,,,,,,,,,,,
09-01-2026,19.05,1317,4938.75,3.71711,0.000749584,0.200921,0.0579046,0.0,4958.897201647847,3.4698624979708,0.0050230249999999995,,,,,,,,,,,,,,,,,
09-01-2026,19.05,1318,4942.5,3.71632,0.000764811,0.334868,0.0746936,0.0,4859.135132732139,4.483222123448328,0.008371700000000001,,,,,,,,,,,,,,,,,
09-01-2026,19.05,1319,4946.25,3.71733,0.000741742,0.251151,0.0647573,0.0,5011.621291500279,3.8783426733356703,0.006278775,,,,,,,,,,,,,,,,,
09-01-2026,19.05,1320,4950.0,3.7174,0.000730959,0.351612,0.0764067,0.0,5085.647758629417,4.60184774371881,0.008790300000000001,,,,,,,,,,,,,,,,,
09-01-2026,19.05,1321,4953.75,3.7175,0.000738866,0.117204,0.0441994,0.0,5031.35886615435,2.651710204210917,0.0029301,,,,,,,,,,,,,,,,,
09-01-2026,19.05,1322,4957.5,3.717,0.000736448,0.200921,0.0579046,0.0,5047.1995307204315,3.4698624979708,0.0050230249999999995,,,,,,,,,,,,,,,,,
09-01-2026,19.05,1323,4961.25,3.71795,0.000766248,0.368355,0.0781199,0.0,4852.149695659891,4.715251811638264,0.009208875,,,,,,,,,,,,,,,,,
09-01-2026,19.05,1324,4965.0,3.71828,0.000788207,0.318125,0.0726378,0.0,4717.390228708956,4.379606761217988,0.007953125,,,,,,,,,,,,,,,,,
09-01-2026,19.05,1325,4968.75,3.71773,0.000777162,0.301381,0.0709246,0.0,4783.725915574874,4.2493154702317675,0.007534525,,,,,,,,,,,,,,,,,
09-01-2026,19.05,1326,4972.5,3.71794,0.000757491,0.351612,0.0764067,0.0,4908.229932764878,4.60184774371881,0.008790300000000001,,,,,,,,,,,,,,,,,
09-01-2026,19.05,1327,4976.25,3.71792,0.000758079,0.217664,0.0603031,0.0,4904.396507488005,3.6094993458047764,0.0054416,,,,,,,,,,,,,,,,,
09-01-2026,19.05,1328,4980.0,3.71783,0.000775594,0.334868,0.0746936,0.0,4793.525994270199,4.483222123448328,0.008371700000000001,,,,,,,,,,,,,,,,,
09-01-2026,19.05,1329,4983.75,3.71839,0.000768405,0.284638,0.0688688,0.0,4839.101775756274,4.133047185372767,0.00711595,,,,,,,,,,,,,,,,,
09-01-2026,19.05,1330,4987.5,3.71708,0.000771869,0.267895,0.066813,0.0,4815.687636114419,4.009623875593073,0.006697375,,,,,,,,,,,,,,,,,
09-01-2026,19.05,1331,4991.25,3.71768,0.000767555,0.284638,0.0688688,0.0,4843.535642396962,4.133047185372767,0.00711595,,,,,,,,,,,,,,,,,
09-01-2026,19.05,1332,4995.0,3.71895,0.000773764,0.251151,0.0688688,0.0,4806.310451248701,3.646803777617732,0.006278775,,,,,,,,,,,,,,,,,
09-01-2026,19.05,1333,4998.75,3.71847,0.000751871,0.234408,0.0623588,0.0,4945.622320850252,3.759020378839875,0.0058602,,,,,,,,,,,,,,,,,
09-01-2026,19.05,1334,5002.5,3.71792,0.000744813,0.234408,0.0623588,0.0,4991.749606948321,3.759020378839875,0.0058602,,,,,,,,,,,,,,,,,
09-01-2026,19.05,1335,5006.25,3.71923,0.000763896,0.284638,0.0688688,0.0,4868.764858043503,4.133047185372767,0.00711595,,,,,,,,,,,,,,,,,
09-01-2026,19.05,1336,5010.0,3.71933,0.000755073,0.301381,0.0709246,0.0,4925.788632357401,4.2493154702317675,0.007534525,,,,,,,,,,,,,,,,,
09-01-2026,19.05,1337,5013.75,3.71891,0.000768013,0.251151,0.0647573,0.0,4842.248764018317,3.8783426733356703,0.006278775,,,,,,,,,,,,,,,,,
09-01-2026,19.05,1338,5017.5,3.71869,0.00074795,0.184177,0.0555062,0.0,4971.843037636206,3.318133830094656,0.004604425,,,,,,,,,,,,,,,,,
09-01-2026,19.05,1339,5021.25,3.71831,0.00073586,0.150691,0.0500241,0.0,5053.012801348083,3.0123680386053917,0.0037672749999999996,,,,,,,,,,,,,,,,,
09-01-2026,19.05,1340,5025.0,3.71858,0.000770562,0.301381,0.0709246,0.0,4825.802466251905,4.2493154702317675,0.007534525,,,,,,,,,,,,,,,,,
09-01-2026,19.05,1341,5028.75,3.71686,0.000732331,0.167434,0.0527652,0.0,5075.38257973512,3.1731899054679977,0.0041858500000000005,,,,,,,,,,,,,,,,,
09-01-2026,19.05,1342,5032.5,3.71717,0.000724031,0.117204,0.0441994,0.0,5133.992881520267,2.651710204210917,0.0029301,,,,,,,,,,,,,,,,,
09-01-2026,19.05,1343,5036.25,3.71981,0.000756772,0.385098,0.079833,0.0,4915.364204806732,4.823794671376499,0.00962745,,,,,,,,,,,,,,,,,
09-01-2026,19.05,1344,5040.0,3.71932,0.000759125,0.150691,0.0500241,0.0,4899.482957352215,3.0123680386053917,0.0037672749999999996,,,,,,,,,,,,,,,,,
09-01-2026,19.05,1345,5043.75,3.71828,0.000730044,0.267895,0.066813,0.0,5093.227257535163,4.009623875593073,0.006697375,,,,,,,,,,,,,,,,,
09-01-2026,19.05,1346,5047.5,3.71898,0.000728933,0.267895,0.066813,0.0,5101.950385014809,4.009623875593073,0.006697375,,,,,,,,,,,,,,,,,
09-01-2026,19.05,1347,5051.25,3.71955,0.000735925,0.117204,0.0441994,0.0,5054.251452253966,2.651710204210917,0.0029301,,,,,,,,,,,,,,,,,
09-01-2026,19.05,1348,5055.0,3.71858,0.00073488,0.284638,0.0688688,0.0,5060.118658828653,4.133047185372767,0.00711595,,,,,,,,,,,,,,,,,
09-01-2026,19.05,1349,5058.75,3.71881,0.000725012,0.167434,0.0527652,0.0,5129.308204553855,3.1731899054679977,0.0041858500000000005,,,,,,,,,,,,,,,,,
09-01-2026,19.05,1350,5062.5,3.7203,0.000728606,0.200921,0.0579046,0.0,5106.051830481769,3.4698624979708,0.0050230249999999995,,,,,,,,,,,,,,,,,
09-01-2026,19.05,1351,5066.25,3.72006,0.000748604,0.200921,0.0579046,0.0,4969.329578789319,3.4698624979708,0.0050230249999999995,,,,,,,,,,,,,,,,,
09-01-2026,19.05,1352,5070.0,3.71827,0.000734161,0.200921,0.0579046,0.0,5064.652031366417,3.4698624979708,0.0050230249999999995,,,,,,,,,,,,,,,,,
09-01-2026,19.05,1353,5073.75,3.71941,0.000761151,0.200921,0.0579046,0.0,4886.5599598502795,3.4698624979708,0.0050230249999999995,,,,,,,,,,,,,,,,,
09-01-2026,19.05,1354,5077.5,3.72019,0.000755988,0.251151,0.0647573,0.0,4920.964353931544,3.8783426733356703,0.006278775,,,,,,,,,,,,,,,,,
09-01-2026,19.05,1355,5081.25,3.72071,0.000770758,0.368355,0.0781199,0.0,4827.338801543416,4.715251811638264,0.009208875,,,,,,,,,,,,,,,,,
09-01-2026,19.05,1356,5085.0,3.72032,0.000763242,0.184177,0.0555062,0.0,4874.364880339394,3.318133830094656,0.004604425,,,,,,,,,,,,,,,,,
09-01-2026,19.05,1357,5088.75,3.71978,0.000749322,0.234408,0.0623588,0.0,4964.194298312342,3.759020378839875,0.0058602,,,,,,,,,,,,,,,,,
09-01-2026,19.05,1358,5092.5,3.72063,0.000741219,0.200921,0.0579046,0.0,5019.6095890688175,3.4698624979708,0.0050230249999999995,,,,,,,,,,,,,,,,,
09-01-2026,19.05,1359,5096.25,3.71926,0.000736709,0.150691,0.0500241,0.0,5048.479114548621,3.0123680386053917,0.0037672749999999996,,,,,,,,,,,,,,,,,
09-01-2026,19.05,1360,5100.0,3.72011,0.000760628,0.284638,0.0688688,0.0,4890.840200465931,4.133047185372767,0.00711595,,,,,,,,,,,,,,,,,
09-01-2026,19.05,1361,5103.75,3.72132,0.000773895,0.334868,0.0746936,0.0,4808.559300680325,4.483222123448328,0.008371700000000001,,,,,,,,,,,,,,,,,
09-01-2026,19.05,1362,5107.5,3.72032,0.00074514,0.267895,0.066813,0.0,4992.779880290952,4.009623875593073,0.006697375,,,,,,,,,,,,,,,,,
09-01-2026,19.05,1363,5111.25,3.72002,0.000747754,0.251151,0.0647573,0.0,4974.924908459199,3.8783426733356703,0.006278775,,,,,,,,,,,,,,,,,
09-01-2026,19.05,1364,5115.0,3.72155,0.000762197,0.200921,0.0579046,0.0,4882.661569121894,3.4698624979708,0.0050230249999999995,,,,,,,,,,,,,,,,,
09-01-2026,19.05,1365,5118.75,3.7208,0.000790755,0.385098,0.079833,0.0,4705.376507262047,4.823794671376499,0.00962745,,,,,,,,,,,,,,,,,
09-01-2026,19.05,1366,5122.5,3.72098,0.000793173,0.251151,0.0647573,0.0,4691.259031762302,3.8783426733356703,0.006278775,,,,,,,,,,,,,,,,,
09-01-2026,19.05,1367,5126.25,3.72089,0.000745859,0.167434,0.0527652,0.0,4988.73111405775,3.1731899054679977,0.0041858500000000005,,,,,,,,,,,,,,,,,
09-01-2026,19.05,1368,5130.0,3.7192,0.000729913,0.251151,0.0647573,0.0,5095.401780760172,3.8783426733356703,0.006278775,,,,,,,,,,,,,,,,,
09-01-2026,19.05,1369,5133.75,3.72015,0.000738931,0.234408,0.0623588,0.0,5034.502544892554,3.759020378839875,0.0058602,,,,,,,,,,,,,,,,,
09-01-2026,19.05,1370,5137.5,3.72062,0.000758929,0.251151,0.0688688,0.0,4902.461231551304,3.646803777617732,0.006278775,,,,,,,,,,,,,,,,,
09-01-2026,19.05,1371,5141.25,3.72002,0.000761935,0.284638,0.0688688,0.0,4882.332482429603,4.133047185372767,0.00711595,,,,,,,,,,,,,,,,,
09-01-2026,19.05,1372,5145.0,3.72145,0.000763438,0.200921,0.0579046,0.0,4874.593614674669,3.4698624979708,0.0050230249999999995,,,,,,,,,,,,,,,,,
09-01-2026,19.05,1373,5148.75,3.72201,0.000762719,0.318125,0.0726378,0.0,4879.923012275818,4.379606761217988,0.007953125,,,,,,,,,,,,,,,,,
09-01-2026,19.05,1374,5152.5,3.721,0.000732266,0.200921,0.0579046,0.0,5081.486782125621,3.4698624979708,0.0050230249999999995,,,,,,,,,,,,,,,,,
09-01-2026,19.05,1375,5156.25,3.72165,0.000762523,0.234408,0.0623588,0.0,4880.7052377436485,3.759020378839875,0.0058602,,,,,,,,,,,,,,,,,
09-01-2026,19.05,1376,5160.0,3.7215,0.000735206,0.167434,0.0527652,0.0,5061.846611697946,3.1731899054679977,0.0041858500000000005,,,,,,,,,,,,,,,,,
09-01-2026,19.05,1377,5163.75,3.72136,0.000743245,0.267895,0.066813,0.0,5006.908892760798,4.009623875593073,0.006697375,,,,,,,,,,,,,,,,,
09-01-2026,19.05,1378,5167.5,3.72144,0.000761478,0.184177,0.0555062,0.0,4887.127402236178,3.318133830094656,0.004604425,,,,,,,,,,,,,,,,,
09-01-2026,19.05,1379,5171.25,3.72191,0.000733638,0.167434,0.0527652,0.0,5073.2241241593265,3.1731899054679977,0.0041858500000000005,,,,,,,,,,,,,,,,,
09-01-2026,19.05,1380,5175.0,3.72238,0.000743179,0.284638,0.0688688,0.0,5008.726026973313,4.133047185372767,0.00711595,,,,,,,,,,,,,,,,,
09-01-2026,19.05,1381,5178.75,3.72215,0.000744878,0.267895,0.066813,0.0,4996.9927961357425,4.009623875593073,0.006697375,,,,,,,,,,,,,,,,,
09-01-2026,19.05,1382,5182.5,3.72124,0.000754812,0.284638,0.0726378,0.0,4930.022310191147,3.9185933494681833,0.00711595,,,,,,,,,,,,,,,,,
09-01-2026,19.05,1383,5186.25,3.72191,0.000736775,0.234408,0.066813,0.0,5051.623630009161,3.50841902025055,0.0058602,,,,,,,,,,,,,,,,,
09-01-2026,19.05,1384,5190.0,3.72174,0.000727887,0.184177,0.0555062,0.0,5113.073869982566,3.318133830094656,0.004604425,,,,,,,,,,,,,,,,,
09-01-2026,19.05,1385,5193.75,3.72149,0.000744944,0.234408,0.0623588,0.0,4995.664103610473,3.759020378839875,0.0058602,,,,,,,,,,,,,,,,,
09-01-2026,19.05,1386,5197.5,3.72136,0.000724489,0.133947,0.0472831,0.0,5136.530713371769,2.8328726331395364,0.003348675,,,,,,,,,,,,,,,,,
09-01-2026,19.05,1387,5201.25,3.72128,0.000718019,0.184177,0.0555062,0.0,5182.704078861423,3.318133830094656,0.004604425,,,,,,,,,,,,,,,,,
09-01-2026,19.05,1388,5205.0,3.72114,0.00072756,0.150691,0.0500241,0.0,5114.547253834735,3.0123680386053917,0.0037672749999999996,,,,,,,,,,,,,,,,,
09-01-2026,19.05,1389,5208.75,3.72165,0.000736709,0.184177,0.0555062,0.0,5051.723272011065,3.318133830094656,0.004604425,,,,,,,,,,,,,,,,,
09-01-2026,19.05,1390,5212.5,3.72308,0.00072756,0.117204,0.0441994,0.0,5117.213700588267,2.651710204210917,0.0029301,,,,,,,,,,,,,,,,,
09-01-2026,19.05,1391,5216.25,3.72264,0.000775659,0.234408,0.0623588,0.0,4799.325476788124,3.759020378839875,0.0058602,,,,,,,,,,,,,,,,,
09-01-2026,19.05,1392,5220.0,3.72251,0.000775855,0.251151,0.0647573,0.0,4797.945492392264,3.8783426733356703,0.006278775,,,,,,,,,,,,,,,,,
09-01-2026,19.05,1393,5223.75,3.72349,0.000787684,0.452072,0.0866856,0.0,4727.136770583127,5.215076091069335,0.0113018,,,,,,,,,,,,,,,,,
09-01-2026,19.05,1394,5227.5,3.72301,0.000778861,0.267895,0.066813,0.0,4780.069871260725,4.009623875593073,0.006697375,,,,,,,,,,,,,,,,,
09-01-2026,19.05,1395,5231.25,3.722,0.000754943,0.217664,0.0603031,0.0,4930.173536280223,3.6094993458047764,0.0054416,,,,,,,,,,,,,,,,,
09-01-2026,19.05,1396,5235.0,3.72193,0.000751479,0.217664,0.0603031,0.0,4952.80639911428,3.6094993458047764,0.0054416,,,,,,,,,,,,,,,,,
09-01-2026,19.05,1397,5238.75,3.72185,0.000752851,0.217664,0.0603031,0.0,4943.674113469996,3.6094993458047764,0.0054416,,,,,,,,,,,,,,,,,
09-01-2026,19.05,1398,5242.5,3.72284,0.000780887,0.368355,0.0781199,0.0,4767.450348129755,4.715251811638264,0.009208875,,,,,,,,,,,,,,,,,
09-01-2026,19.05,1399,5246.25,3.72381,0.000760824,0.184177,0.0555062,0.0,4894.443392952903,3.318133830094656,0.004604425,,,,,,,,,,,,,,,,,
09-01-2026,19.05,1400,5250.0,3.72283,0.000714817,0.251151,0.0647573,0.0,5208.088223979004,3.8783426733356703,0.006278775,,,,,,,,,,,,,,,,,
09-01-2026,19.05,1401,5253.75,3.72274,0.000729325,0.184177,0.0555062,0.0,5104.363623898811,3.318133830094656,0.004604425,,,,,,,,,,,,,,,,,
09-01-2026,19.05,1402,5257.5,3.72281,0.000722528,0.267895,0.066813,0.0,5152.47851986359,4.009623875593073,0.006697375,,,,,,,,,,,,,,,,,
09-01-2026,19.05,1403,5261.25,3.72379,0.000742983,0.301381,0.0746936,0.0,5011.945091610441,4.034897233497917,0.007534525,,,,,,,,,,,,,,,,,
09-01-2026,19.05,1404,5265.0,3.72458,0.000758014,0.217664,0.0603031,0.0,4913.603178833108,3.6094993458047764,0.0054416,,,,,,,,,,,,,,,,,
09-01-2026,19.05,1405,5268.75,3.72396,0.000777228,0.267895,0.066813,0.0,4791.335361052355,4.009623875593073,0.006697375,,,,,,,,,,,,,,,,,
09-01-2026,19.05,1406,5272.5,3.72357,0.000762981,0.217664,0.0603031,0.0,4880.291907662183,3.6094993458047764,0.0054416,,,,,,,,,,,,,,,,,
09-01-2026,19.05,1407,5276.25,3.72386,0.000751022,0.234408,0.0623588,0.0,4958.390033847211,3.759020378839875,0.0058602,,,,,,,,,,,,,,,,,
09-01-2026,19.05,1408,5280.0,3.72572,0.000774744,0.284638,0.0688688,0.0,4808.969156263231,4.133047185372767,0.00711595,,,,,,,,,,,,,,,,,
09-01-2026,19.05,1409,5283.75,3.72647,0.000763046,0.200921,0.0579046,0.0,4883.676737706508,3.4698624979708,0.0050230249999999995,,,,,,,,,,,,,,,,,
09-01-2026,19.05,1410,5287.5,3.72482,0.000737232,0.200921,0.0579046,0.0,5052.439394925885,3.4698624979708,0.0050230249999999995,,,,,,,,,,,,,,,,,
09-01-2026,19.05,1411,5291.25,3.72371,0.000732723,0.251151,0.0647573,0.0,5082.015986941859,3.8783426733356703,0.006278775,,,,,,,,,,,,,,,,,
09-01-2026,19.05,1412,5295.0,3.72448,0.000739585,0.200921,0.0579046,0.0,5035.905271199389,3.4698624979708,0.0050230249999999995,,,,,,,,,,,,,,,,,
09-01-2026,19.05,1413,5298.75,3.72464,0.000748865,0.267895,0.066813,0.0,4973.713553177141,4.009623875593073,0.006697375,,,,,,,,,,,,,,,,,
09-01-2026,19.05,1414,5302.5,3.72475,0.000774483,0.334868,0.0746936,0.0,4809.337325674031,4.483222123448328,0.008371700000000001,,,,,,,,,,,,,,,,,
09-01-2026,19.05,1415,5306.25,3.72438,0.000738997,0.200921,0.0579046,0.0,5039.776886780325,3.4698624979708,0.0050230249999999995,,,,,,,,,,,,,,,,,
09-01-2026,19.05,1416,5310.0,3.72364,0.000751218,0.150691,0.0500241,0.0,4956.803484474547,3.0123680386053917,0.0037672749999999996,,,,,,,,,,,,,,,,,
09-01-2026,19.05,1417,5313.75,3.7237,0.000746251,0.167434,0.0527652,0.0,4989.876060467591,3.1731899054679977,0.0041858500000000005,,,,,,,,,,,,,,,,,
09-01-2026,19.05,1418,5317.5,3.72516,0.000757426,0.234408,0.0623588,0.0,4918.183426499751,3.759020378839875,0.0058602,,,,,,,,,,,,,,,,,
09-01-2026,19.05,1419,5321.25,3.72529,0.000780953,0.351612,0.0764067,0.0,4770.1846333902295,4.60184774371881,0.008790300000000001,,,,,,,,,,,,,,,,,
09-01-2026,19.05,1420,5325.0,3.72472,0.000776117,0.318125,0.0726378,0.0,4799.173320517396,4.379606761217988,0.007953125,,,,,,,,,,,,,,,,,
09-01-2026,19.05,1421,5328.75,3.72372,0.000762131,0.200921,0.0579046,0.0,4885.931683660683,3.4698624979708,0.0050230249999999995,,,,,,,,,,,,,,,,,
09-01-2026,19.05,1422,5332.5,3.72427,0.000725012,0.217664,0.0603031,0.0,5136.839114387072,3.6094993458047764,0.0054416,,,,,,,,,,,,,,,,,
09-01-2026,19.05,1423,5336.25,3.72475,0.000714294,0.251151,0.0647573,0.0,5214.589510761675,3.8783426733356703,0.006278775,,,,,,,,,,,,,,,,,
09-01-2026,19.05,1424,5340.0,3.72511,0.000731416,0.167434,0.0527652,0.0,5093.011364257823,3.1731899054679977,0.0041858500000000005,,,,,,,,,,,,,,,,,
09-01-2026,19.05,1425,5343.75,3.72461,0.000773372,0.251151,0.0647573,0.0,4816.065231221198,3.8783426733356703,0.006278775,,,,,,,,,,,,,,,,,
09-01-2026,19.05,1426,5347.5,3.7243,0.000751544,0.200921,0.0579046,0.0,4955.531545724535,3.4698624979708,0.0050230249999999995,,,,,,,,,,,,,,,,,
09-01-2026,19.05,1427,5351.25,3.72484,0.00073037,0.217664,0.0603031,0.0,5099.935649054589,3.6094993458047764,0.0054416,,,,,,,,,,,,,,,,,
09-01-2026,19.05,1428,5355.0,3.72414,0.000744486,0.200921,0.0579046,0.0,5002.296886711099,3.4698624979708,0.0050230249999999995,,,,,,,,,,,,,,,,,
09-01-2026,19.05,1429,5358.75,3.72397,0.000715732,0.200921,0.0579046,0.0,5203.022919193218,3.4698624979708,0.0050230249999999995,,,,,,,,,,,,,,,,,
09-01-2026,19.05,1430,5362.5,3.72455,0.000758733,0.167434,0.0579046,0.0,4908.907349489214,2.891549203344812,0.0041858500000000005,,,,,,,,,,,,,,,,,
09-01-2026,19.05,1431,5366.25,3.72552,0.000745532,0.217664,0.0603031,0.0,4997.12956653772,3.6094993458047764,0.0054416,,,,,,,,,,,,,,,,,
09-01-2026,19.05,1432,5370.0,3.72521,0.000750368,0.284638,0.0688688,0.0,4964.51074672694,4.133047185372767,0.00711595,,,,,,,,,,,,,,,,,
09-01-2026,19.05,1433,5373.75,3.72619,0.000774744,0.301381,0.0746936,0.0,4809.575808266989,4.034897233497917,0.007534525,,,,,,,,,,,,,,,,,
09-01-2026,19.05,1434,5377.5,3.72533,0.000746774,0.284638,0.0688688,0.0,4988.564143904314,4.133047185372767,0.00711595,,,,,,,,,,,,,,,,,
09-01-2026,19.05,1435,5381.25,3.72532,0.00073965,0.217664,0.0603031,0.0,5036.59839113094,3.6094993458047764,0.0054416,,,,,,,,,,,,,,,,,
09-01-2026,19.05,1436,5385.0,3.72609,0.000716843,0.167434,0.0579046,0.0,5197.916419634425,2.891549203344812,0.0041858500000000005,,,,,,,,,,,,,,,,,
09-01-2026,19.05,1437,5388.75,3.72643,0.000735664,0.184177,0.0555062,0.0,5065.396702842602,3.318133830094656,0.004604425,,,,,,,,,,,,,,,,,
09-01-2026,19.05,1438,5392.5,3.72552,0.000750041,0.217664,0.0603031,0.0,4967.088465830534,3.6094993458047764,0.0054416,,,,,,,,,,,,,,,,,
09-01-2026,19.05,1439,5396.25,3.7258,0.000738539,0.217664,0.0603031,0.0,5044.824985545787,3.6094993458047764,0.0054416,,,,,,,,,,,,,,,,,
09-01-2026,19.05,1440,5400.0,3.72725,0.000754289,0.351612,0.0764067,0.0,4941.408399167958,4.60184774371881,0.008790300000000001,,,,,,,,,,,,,,,,,
09-01-2026,19.05,1441,5403.75,3.72674,0.00076187,0.301381,0.0709246,0.0,4891.5694278551455,4.2493154702317675,0.007534525,,,,,,,,,,,,,,,,,
09-01-2026,19.05,1442,5407.5,3.72593,0.000753178,0.234408,0.0623588,0.0,4946.944812514439,3.759020378839875,0.0058602,,,,,,,,,,,,,,,,,
09-01-2026,19.05,1443,5411.25,3.7259,0.000744682,0.184177,0.0555062,0.0,5003.343709126849,3.318133830094656,0.004604425,,,,,,,,,,,,,,,,,
09-01-2026,19.05,1444,5415.0,3.72635,0.00075723,0.334868,0.0746936,0.0,4921.0279571596475,4.483222123448328,0.008371700000000001,,,,,,,,,,,,,,,,,
09-01-2026,19.05,1445,5418.75,3.7265,0.000742983,0.133947,0.0472831,0.0,5015.592550569798,2.8328726331395364,0.003348675,,,,,,,,,,,,,,,,,
09-01-2026,19.05,1446,5422.5,3.72698,0.000742264,0.368355,0.0781199,0.0,5021.097614864792,4.715251811638264,0.009208875,,,,,,,,,,,,,,,,,
09-01-2026,19.05,1447,5426.25,3.72708,0.000778142,0.251151,0.0647573,0.0,4789.717043932856,3.8783426733356703,0.006278775,,,,,,,,,,,,,,,,,
09-01-2026,19.05,1448,5430.0,3.72663,0.000738343,0.200921,0.0579046,0.0,5047.288319927188,3.4698624979708,0.0050230249999999995,,,,,,,,,,,,,,,,,
09-01-2026,19.05,1449,5433.75,3.72683,0.000728279,0.217664,0.0603031,0.0,5117.310810829366,3.6094993458047764,0.0054416,,,,,,,,,,,,,,,,,
09-01-2026,19.05,1450,5437.5,3.72761,0.000749388,0.200921,0.0579046,0.0,4974.205618451322,3.4698624979708,0.0050230249999999995,,,,,,,,,,,,,,,,,
09-01-2026,19.05,1451,5441.25,3.72745,0.000744421,0.217664,0.0603031,0.0,5007.180076865107,3.6094993458047764,0.0054416,,,,,,,,,,,,,,,,,
09-01-2026,19.05,1452,5445.0,3.72702,0.000735141,0.334868,0.0746936,0.0,5069.802935763343,4.483222123448328,0.008371700000000001,,,,,,,,,,,,,,,,,
09-01-2026,19.05,1453,5448.75,3.72657,0.000740304,0.200921,0.0579046,0.0,5033.837450560851,3.4698624979708,0.0050230249999999995,,,,,,,,,,,,,,,,,
09-01-2026,19.05,1454,5452.5,3.72738,0.000738278,0.184177,0.0555062,0.0,5048.748574385259,3.318133830094656,0.004604425,,,,,,,,,,,,,,,,,
09-01-2026,19.05,1455,5456.25,3.72647,0.000721548,0.234408,0.0623588,0.0,5164.548997433296,3.759020378839875,0.0058602,,,,,,,,,,,,,,,,,
09-01-2026,19.05,1456,5460.0,3.72598,0.000752525,0.200921,0.0579046,0.0,4951.303943390585,3.4698624979708,0.0050230249999999995,,,,,,,,,,,,,,,,,
09-01-2026,19.05,1457,5463.75,3.7272,0.000732919,0.200921,0.0579046,0.0,5085.4187161200625,3.4698624979708,0.0050230249999999995,,,,,,,,,,,,,,,,,
09-01-2026,19.05,1458,5467.5,3.72758,0.000730697,0.267895,0.066813,0.0,5101.4031807986075,4.009623875593073,0.006697375,,,,,,,,,,,,,,,,,
09-01-2026,19.05,1459,5471.25,3.72836,0.000737167,0.217664,0.0603031,0.0,5057.687064125224,3.6094993458047764,0.0054416,,,,,,,,,,,,,,,,,
09-01-2026,19.05,1460,5475.0,3.72847,0.000759125,0.351612,0.0764067,0.0,4911.53630824963,4.60184774371881,0.008790300000000001,,,,,,,,,,,,,,,,,
09-01-2026,19.05,1461,5478.75,3.72817,0.000758406,0.117204,0.0441994,0.0,4915.797079664454,2.651710204210917,0.0029301,,,,,,,,,,,,,,,,,
09-01-2026,19.05,1462,5482.5,3.72857,0.000781868,0.351612,0.0764067,0.0,4768.79729059125,4.60184774371881,0.008790300000000001,,,,,,,,,,,,,,,,,
09-01-2026,19.05,1463,5486.25,3.72921,0.000745793,0.318125,0.0726378,0.0,5000.328509385312,4.379606761217988,0.007953125,,,,,,,,,,,,,,,,,
09-01-2026,19.05,1464,5490.0,3.72858,0.000757753,0.251151,0.0647573,0.0,4920.57438241749,3.8783426733356703,0.006278775,,,,,,,,,,,,,,,,,
09-01-2026,19.05,1465,5493.75,3.72851,0.000757949,0.217664,0.0603031,0.0,4919.209603812394,3.6094993458047764,0.0054416,,,,,,,,,,,,,,,,,
09-01-2026,19.05,1466,5497.5,3.72838,0.000737167,0.301381,0.0746936,0.0,5057.714195019581,4.034897233497917,0.007534525,,,,,,,,,,,,,,,,,
09-01-2026,19.05,1467,5501.25,3.7285,0.000759583,0.167434,0.0579046,0.0,4908.614331811007,2.891549203344812,0.0041858500000000005,,,,,,,,,,,,,,,,,
09-01-2026,19.05,1468,5505.0,3.72877,0.000732135,0.301381,0.0709246,0.0,5093.008803021301,4.2493154702317675,0.007534525,,,,,,,,,,,,,,,,,
09-01-2026,19.05,1469,5508.75,3.72812,0.00074429,0.251151,0.0647573,0.0,5008.9615606819925,3.8783426733356703,0.006278775,,,,,,,,,,,,,,,,,
09-01-2026,19.05,1470,5512.5,3.72779,0.000736383,0.217664,0.0603031,0.0,5062.297744516101,3.6094993458047764,0.0054416,,,,,,,,,,,,,,,,,
09-01-2026,19.05,1471,5516.25,3.72837,0.000736121,0.217664,0.0603031,0.0,5064.887430191504,3.6094993458047764,0.0054416,,,,,,,,,,,,,,,,,
09-01-2026,19.05,1472,5520.0,3.72893,0.000743571,0.167434,0.0527652,0.0,5014.894340957353,3.1731899054679977,0.0041858500000000005,,,,,,,,,,,,,,,,,
09-01-2026,19.05,1473,5523.75,3.72852,0.000727234,0.167434,0.0527652,0.0,5126.988012111645,3.1731899054679977,0.0041858500000000005,,,,,,,,,,,,,,,,,
09-01-2026,19.05,1474,5527.5,3.72836,0.000739454,0.200921,0.0579046,0.0,5042.044535562726,3.4698624979708,0.0050230249999999995,,,,,,,,,,,,,,,,,
09-01-2026,19.05,1475,5531.25,3.7279,0.000726711,0.184177,0.0555062,0.0,5129.8246483127405,3.318133830094656,0.004604425,,,,,,,,,,,,,,,,,
09-01-2026,19.05,1476,5535.0,3.72843,0.000705275,0.150691,0.0500241,0.0,5286.491085037751,3.0123680386053917,0.0037672749999999996,,,,,,,,,,,,,,,,,
09-01-2026,19.05,1477,5538.75,3.72864,0.000708543,0.200921,0.0579046,0.0,5262.4046811555545,3.4698624979708,0.0050230249999999995,,,,,,,,,,,,,,,,,
09-01-2026,19.05,1478,5542.5,3.72809,0.000716124,0.200921,0.0579046,0.0,5205.928023638365,3.4698624979708,0.0050230249999999995,,,,,,,,,,,,,,,,,
09-01-2026,19.05,1479,5546.25,3.72905,0.000736709,0.267895,0.066813,0.0,5061.767943652107,4.009623875593073,0.006697375,,,,,,,,,,,,,,,,,
09-01-2026,19.05,1480,5550.0,3.72856,0.000737036,0.184177,0.0555062,0.0,5058.857369246549,3.318133830094656,0.004604425,,,,,,,,,,,,,,,,,
09-01-2026,19.05,1481,5553.75,3.7293,0.000740892,0.217664,0.0603031,0.0,5033.527153755203,3.6094993458047764,0.0054416,,,,,,,,,,,,,,,,,
09-01-2026,19.05,1482,5557.5,3.7296,0.000723443,0.10046,0.0411157,0.0,5155.347415069328,2.4433488910562144,0.0025115,,,,,,,,,,,,,,,,,
09-01-2026,19.05,1483,5561.25,3.73027,0.000724554,0.10046,0.0411157,0.0,5148.367133436569,2.4433488910562144,0.0025115,,,,,,,,,,,,,,,,,
09-01-2026,19.05,1484,5565.0,3.72973,0.000732592,0.200921,0.0579046,0.0,5091.142136414266,3.4698624979708,0.0050230249999999995,,,,,,,,,,,,,,,,,
09-01-2026,19.05,1485,5568.75,3.7299,0.00072109,0.167434,0.0527652,0.0,5172.585946275777,3.1731899054679977,0.0041858500000000005,,,,,,,,,,,,,,,,,
09-01-2026,19.05,1486,5572.5,3.72969,0.000723639,0.133947,0.0472831,0.0,5154.075443694992,2.8328726331395364,0.003348675,,,,,,,,,,,,,,,,,
09-01-2026,19.05,1487,5576.25,3.72959,0.000733573,0.184177,0.0555062,0.0,5084.142955097857,3.318133830094656,0.004604425,,,,,,,,,,,,,,,,,
09-01-2026,19.05,1488,5580.0,3.72948,0.000723247,0.150691,0.0500241,0.0,5156.578596247202,3.0123680386053917,0.0037672749999999996,,,,,,,,,,,,,,,,,
09-01-2026,19.05,1489,5583.75,3.73001,0.000707955,0.200921,0.0579046,0.0,5268.710581887267,3.4698624979708,0.0050230249999999995,,,,,,,,,,,,,,,,,
09-01-2026,19.05,1490,5587.5,3.72996,0.000712464,0.217664,0.0603031,0.0,5235.296099171327,3.6094993458047764,0.0054416,,,,,,,,,,,,,,,,,
09-01-2026,19.05,1491,5591.25,3.73091,0.000734553,0.234408,0.0623588,0.0,5079.15698390722,3.759020378839875,0.0058602,,,,,,,,,,,,,,,,,
09-01-2026,19.05,1492,5595.0,3.73054,0.000732592,0.234408,0.0623588,0.0,5092.247799593771,3.759020378839875,0.0058602,,,,,,,,,,,,,,,,,
09-01-2026,19.05,1493,5598.75,3.73007,0.000719653,0.200921,0.0579046,0.0,5183.150768495372,3.4698624979708,0.0050230249999999995,,,,,,,,,,,,,,,,,
09-01-2026,19.05,1494,5602.5,3.72999,0.000761412,0.200921,0.0579046,0.0,4898.780161069171,3.4698624979708,0.0050230249999999995,,,,,,,,,,,,,,,,,
09-01-2026,19.05,1495,5606.25,3.73103,0.000742983,0.318125,0.0726378,0.0,5021.68959451293,4.379606761217988,0.007953125,,,,,,,,,,,,,,,,,
09-01-2026,19.05,1496,5610.0,3.73084,0.000748473,0.150691,0.0500241,0.0,4984.601982970661,3.0123680386053917,0.0037672749999999996,,,,,,,,,,,,,,,,,
09-01-2026,19.05,1497,5613.75,3.73002,0.000727822,0.200921,0.0579046,0.0,5124.906914053161,3.4698624979708,0.0050230249999999995,,,,,,,,,,,,,,,,,
09-01-2026,19.05,1498,5617.5,3.72967,0.000722071,0.150691,0.0500241,0.0,5165.23998332574,3.0123680386053917,0.0037672749999999996,,,,,,,,,,,,,,,,,
09-01-2026,19.05,1499,5621.25,3.73007,0.000716189,0.150691,0.0500241,0.0,5208.220176517651,3.0123680386053917,0.0037672749999999996,,,,,,,,,,,,,,,,,
09-01-2026,19.05,1500,5625.0,3.72989,0.000704164,0.150691,0.0500241,0.0,5296.905266386808,3.0123680386053917,0.0037672749999999996,,,,,,,,,,,,,,,,,
09-01-2026,19.05,1501,5628.75,3.73068,0.000717365,0.200921,0.0579046,0.0,5200.532504373646,3.4698624979708,0.0050230249999999995,,,,,,,,,,,,,,,,,
09-01-2026,19.05,1502,5632.5,3.7321,0.000737494,0.251151,0.0647573,0.0,5060.515746568785,3.8783426733356703,0.006278775,,,,,,,,,,,,,,,,,
09-01-2026,19.05,1503,5636.25,3.73174,0.000742591,0.334868,0.0746936,0.0,5025.296562980159,4.483222123448328,0.008371700000000001,,,,,,,,,,,,,,,,,
09-01-2026,19.05,1504,5640.0,3.7328,0.000746578,0.267895,0.066813,0.0,4999.879449970398,4.009623875593073,0.006697375,,,,,,,,,,,,,,,,,
09-01-2026,19.05,1505,5643.75,3.7321,0.000743964,0.184177,0.0555062,0.0,5016.506175029975,3.318133830094656,0.004604425,,,,,,,,,,,,,,,,,
09-01-2026,19.05,1506,5647.5,3.7307,0.00071351,0.133947,0.0472831,0.0,5228.6583229387115,2.8328726331395364,0.003348675,,,,,,,,,,,,,,,,,
09-01-2026,19.05,1507,5651.25,3.73036,0.000710307,0.117204,0.0441994,0.0,5251.757338728184,2.651710204210917,0.0029301,,,,,,,,,,,,,,,,,
09-01-2026,19.05,1508,5655.0,3.73077,0.000736644,0.251151,0.0647573,0.0,5064.549497450601,3.8783426733356703,0.006278775,,,,,,,,,,,,,,,,,
09-01-2026,19.05,1509,5658.75,3.73218,0.000749845,0.217664,0.0603031,0.0,4977.268635518008,3.6094993458047764,0.0054416,,,,,,,,,,,,,,,,,
09-01-2026,19.05,1510,5662.5,3.73112,0.000700439,0.083717,0.0373468,0.0,5326.83074471867,2.241611061724164,0.0020929250000000003,,,,,,,,,,,,,,,,,
09-01-2026,19.05,1511,5666.25,3.73107,0.000718934,0.150691,0.0500241,0.0,5189.72534335558,3.0123680386053917,0.0037672749999999996,,,,,,,,,,,,,,,,,
09-01-2026,19.05,1512,5670.0,3.73174,0.000741153,0.150691,0.0500241,0.0,5035.046744734218,3.0123680386053917,0.0037672749999999996,,,,,,,,,,,,,,,,,
09-01-2026,19.05,1513,5673.75,3.73245,0.000721221,0.184177,0.0555062,0.0,5175.182087044055,3.318133830094656,0.004604425,,,,,,,,,,,,,,,,,
09-01-2026,19.05,1514,5677.5,3.73267,0.000735337,0.301381,0.0709246,0.0,5076.135159797481,4.2493154702317675,0.007534525,,,,,,,,,,,,,,,,,
09-01-2026,19.05,1515,5681.25,3.73245,0.000742787,0.167434,0.0527652,0.0,5024.926392088177,3.1731899054679977,0.0041858500000000005,,,,,,,,,,,,,,,,,
09-01-2026,19.05,1516,5685.0,3.73239,0.00072279,0.267895,0.066813,0.0,5163.865023035737,4.009623875593073,0.006697375,,,,,,,,,,,,,,,,,
09-01-2026,19.05,1517,5688.75,3.73208,0.00070423,0.083717,0.0373468,0.0,5299.518623177087,2.241611061724164,0.0020929250000000003,,,,,,,,,,,,,,,,,
09-01-2026,19.05,1518,5692.5,3.73248,0.000725077,0.334868,0.0746936,0.0,5147.701554455596,4.483222123448328,0.008371700000000001,,,,,,,,,,,,,,,,,
09-01-2026,19.05,1519,5696.25,3.73293,0.000707497,0.167434,0.0527652,0.0,5276.248521195143,3.1731899054679977,0.0041858500000000005,,,,,,,,,,,,,,,,,
09-01-2026,19.05,1520,5700.0,3.73203,0.000739062,0.200921,0.0579046,0.0,5049.684600209455,3.4698624979708,0.0050230249999999995,,,,,,,,,,,,,,,,,
09-01-2026,19.05,1521,5703.75,3.7324,0.000750433,0.267895,0.0709246,0.0,4973.661872545584,3.777180273135132,0.006697375,,,,,,,,,,,,,,,,,
09-01-2026,19.05,1522,5707.5,3.73348,0.000716843,0.150691,0.0500241,0.0,5208.225511025427,3.0123680386053917,0.0037672749999999996,,,,,,,,,,,,,,,,,
09-01-2026,19.05,1523,5711.25,3.73295,0.000728018,0.133947,0.0472831,0.0,5127.551791301864,2.8328726331395364,0.003348675,,,,,,,,,,,,,,,,,
09-01-2026,19.05,1524,5715.0,3.73253,0.000735272,0.184177,0.0555062,0.0,5076.393497916417,3.318133830094656,0.004604425,,,,,,,,,,,,,,,,,
09-01-2026,19.05,1525,5718.75,3.73316,0.000708543,0.150691,0.0500241,0.0,5268.783969356835,3.0123680386053917,0.0037672749999999996,,,,,,,,,,,,,,,,,
09-01-2026,19.05,1526,5722.5,3.73331,0.000729521,0.10046,0.0411157,0.0,5117.481196565966,2.4433488910562144,0.0025115,,,,,,,,,,,,,,,,,
09-01-2026,19.05,1527,5726.25,3.7333,0.000724423,0.234408,0.0623588,0.0,5153.480770212983,3.759020378839875,0.0058602,,,,,,,,,,,,,,,,,
09-01-2026,19.05,1528,5730.0,3.73368,0.000743179,0.150691,0.0500241,0.0,5023.930977597592,3.0123680386053917,0.0037672749999999996,,,,,,,,,,,,,,,,,
09-01-2026,19.05,1529,5733.75,3.73401,0.000738474,0.150691,0.0500241,0.0,5056.386548476994,3.0123680386053917,0.0037672749999999996,,,,,,,,,,,,,,,,,
09-01-2026,19.05,1530,5737.5,3.73269,0.00072011,0.167434,0.0527652,0.0,5183.499743094804,3.1731899054679977,0.0041858500000000005,,,,,,,,,,,,,,,,,
09-01-2026,19.05,1531,5741.25,3.73225,0.000715993,0.117204,0.0441994,0.0,5212.690626863671,2.651710204210917,0.0029301,,,,,,,,,,,,,,,,,
09-01-2026,19.05,1532,5745.0,3.73429,0.000755596,0.284638,0.0688688,0.0,4942.178095172553,4.133047185372767,0.00711595,,,,,,,,,,,,,,,,,
09-01-2026,19.05,1533,5748.75,3.73472,0.000726515,0.217664,0.0603031,0.0,5140.595858309876,3.6094993458047764,0.0054416,,,,,,,,,,,,,,,,,
09-01-2026,19.05,1534,5752.5,3.73267,0.000726188,0.200921,0.0623588,0.0,5140.087690790815,3.2220151766871714,0.0050230249999999995,,,,,,,,,,,,,,,,,
09-01-2026,19.05,1535,5756.25,3.7329,0.000724619,0.234408,0.0623588,0.0,5151.534806567313,3.759020378839875,0.0058602,,,,,,,,,,,,,,,,,
09-01-2026,19.05,1536,5760.0,3.73334,0.000717692,0.117204,0.0441994,0.0,5201.869325560268,2.651710204210917,0.0029301,,,,,,,,,,,,,,,,,
09-01-2026,19.05,1537,5763.75,3.7341,0.000722005,0.150691,0.0500241,0.0,5171.847840388918,3.0123680386053917,0.0037672749999999996,,,,,,,,,,,,,,,,,
09-01-2026,19.05,1538,5767.5,3.73397,0.000737363,0.267895,0.066813,0.0,5063.950862736535,4.009623875593073,0.006697375,,,,,,,,,,,,,,,,,
09-01-2026,19.05,1539,5771.25,3.7334,0.000709915,0.150691,0.0500241,0.0,5258.939450497595,3.0123680386053917,0.0037672749999999996,,,,,,,,,,,,,,,,,
09-01-2026,19.05,1540,5775.0,3.73461,0.000712595,0.167434,0.0527652,0.0,5240.859113521706,3.1731899054679977,0.0041858500000000005,,,,,,,,,,,,,,,,,
09-01-2026,19.05,1541,5778.75,3.73381,0.000703968,0.133947,0.0472831,0.0,5303.9484749306785,2.8328726331395364,0.003348675,,,,,,,,,,,,,,,,,
09-01-2026,19.05,1542,5782.5,3.73335,0.000697368,0.083717,0.0373468,0.0,5353.486251161511,2.241611061724164,0.0020929250000000003,,,,,,,,,,,,,,,,,
09-01-2026,19.05,1543,5786.25,3.73338,0.00070423,0.133947,0.0472831,0.0,5301.364610993567,2.8328726331395364,0.003348675,,,,,,,,,,,,,,,,,
09-01-2026,19.05,1544,5790.0,3.73475,0.000720372,0.167434,0.0527652,0.0,5184.4741328091595,3.1731899054679977,0.0041858500000000005,,,,,,,,,,,,,,,,,
09-01-2026,19.05,1545,5793.75,3.73463,0.00072194,0.133947,0.0472831,0.0,5173.0476216860125,2.8328726331395364,0.003348675,,,,,,,,,,,,,,,,,
09-01-2026,19.05,1546,5797.5,3.73519,0.000728998,0.267895,0.066813,0.0,5123.731478001311,4.009623875593073,0.006697375,,,,,,,,,,,,,,,,,
09-01-2026,19.05,1547,5801.25,3.73607,0.000721483,0.184177,0.0555062,0.0,5178.320209900995,3.318133830094656,0.004604425,,,,,,,,,,,,,,,,,
09-01-2026,19.05,1548,5805.0,3.73572,0.000749257,0.150691,0.0500241,0.0,4985.89936430357,3.0123680386053917,0.0037672749999999996,,,,,,,,,,,,,,,,,
09-01-2026,19.05,1549,5808.75,3.73447,0.000700505,0.10046,0.0411157,0.0,5331.111126972683,2.4433488910562144,0.0025115,,,,,,,,,,,,,,,,,
09-01-2026,19.05,1550,5812.5,3.73378,0.000732331,0.200921,0.0579046,0.0,5098.486886394267,3.4698624979708,0.0050230249999999995,,,,,,,,,,,,,,,,,
09-01-2026,19.05,1551,5816.25,3.73503,0.000724358,0.200921,0.0579046,0.0,5156.331537720298,3.4698624979708,0.0050230249999999995,,,,,,,,,,,,,,,,,
09-01-2026,19.05,1552,5820.0,3.73503,0.000700766,0.10046,0.0411157,0.0,5329.924682418953,2.4433488910562144,0.0025115,,,,,,,,,,,,,,,,,
09-01-2026,19.05,1553,5823.75,3.73459,0.000734749,0.200921,0.0579046,0.0,5082.810592460826,3.4698624979708,0.0050230249999999995,,,,,,,,,,,,,,,,,
09-01-2026,19.05,1554,5827.5,3.73554,0.000727626,0.217664,0.0603031,0.0,5133.873720840102,3.6094993458047764,0.0054416,,,,,,,,,,,,,,,,,
09-01-2026,19.05,1555,5831.25,3.73493,0.000738082,0.200921,0.0579046,0.0,5060.318501196343,3.4698624979708,0.0050230249999999995,,,,,,,,,,,,,,,,,
09-01-2026,19.05,1556,5835.0,3.73425,0.000710046,0.184177,0.0555062,0.0,5259.166307535004,3.318133830094656,0.004604425,,,,,,,,,,,,,,,,,
09-01-2026,19.05,1557,5838.75,3.73471,0.000714032,0.184177,0.0555062,0.0,5230.451856499429,3.318133830094656,0.004604425,,,,,,,,,,,,,,,,,
09-01-2026,19.05,1558,5842.5,3.73438,0.000736121,0.150691,0.0500241,0.0,5073.051848812899,3.0123680386053917,0.0037672749999999996,,,,,,,,,,,,,,,,,
09-01-2026,19.05,1559,5846.25,3.73462,0.000724162,0.200921,0.0579046,0.0,5157.16096674501,3.4698624979708,0.0050230249999999995,,,,,,,,,,,,,,,,,
09-01-2026,19.05,1560,5850.0,3.73473,0.000720306,0.167434,0.0527652,0.0,5184.921408401429,3.1731899054679977,0.0041858500000000005,,,,,,,,,,,,,,,,,
09-01-2026,19.05,1561,5853.75,3.7353,0.000725273,0.150691,0.0500241,0.0,5150.198614866402,3.0123680386053917,0.0037672749999999996,,,,,,,,,,,,,,,,,
09-01-2026,19.05,1562,5857.5,3.73521,0.000723966,0.133947,0.0472831,0.0,5159.3721252103,2.8328726331395364,0.003348675,,,,,,,,,,,,,,,,,
09-01-2026,19.05,1563,5861.25,3.73479,0.000725992,0.167434,0.0527652,0.0,5144.395530529262,3.1731899054679977,0.0041858500000000005,,,,,,,,,,,,,,,,,
09-01-2026,19.05,1564,5865.0,3.73577,0.000735402,0.184177,0.0555062,0.0,5079.901876796636,3.318133830094656,0.004604425,,,,,,,,,,,,,,,,,
09-01-2026,19.05,1565,5868.75,3.73589,0.000721744,0.167434,0.0527652,0.0,5176.19820878317,3.1731899054679977,0.0041858500000000005,,,,,,,,,,,,,,,,,
09-01-2026,19.05,1566,5872.5,3.73628,0.000721221,0.200921,0.0579046,0.0,5180.492525869325,3.4698624979708,0.0050230249999999995,,,,,,,,,,,,,,,,,
09-01-2026,19.05,1567,5876.25,3.73572,0.00075344,0.200921,0.0579046,0.0,4958.218305372691,3.4698624979708,0.0050230249999999995,,,,,,,,,,,,,,,,,
09-01-2026,19.05,1568,5880.0,3.7363,0.000735402,0.217664,0.0603031,0.0,5080.622571056374,3.6094993458047764,0.0054416,,,,,,,,,,,,,,,,,
09-01-2026,19.05,1569,5883.75,3.73655,0.000716581,0.150691,0.0500241,0.0,5214.414002045825,3.0123680386053917,0.0037672749999999996,,,,,,,,,,,,,,,,,
09-01-2026,19.05,1570,5887.5,3.73633,0.000723051,0.200921,0.0579046,0.0,5167.450152202265,3.4698624979708,0.0050230249999999995,,,,,,,,,,,,,,,,,
09-01-2026,19.05,1571,5891.25,3.73673,0.000717561,0.200921,0.0579046,0.0,5207.5433308108995,3.4698624979708,0.0050230249999999995,,,,,,,,,,,,,,,,,
09-01-2026,19.05,1572,5895.0,3.73705,0.000723574,0.117204,0.0441994,0.0,5164.710174771343,2.651710204210917,0.0029301,,,,,,,,,,,,,,,,,
09-01-2026,19.05,1573,5898.75,3.73652,0.000732462,0.167434,0.0527652,0.0,5101.315836179897,3.1731899054679977,0.0041858500000000005,,,,,,,,,,,,,,,,,
09-01-2026,19.05,1574,5902.5,3.73567,0.000709523,0.10046,0.0411157,0.0,5265.044262131038,2.4433488910562144,0.0025115,,,,,,,,,,,,,,,,,
09-01-2026,19.05,1575,5906.25,3.73713,0.000732592,0.150691,0.0500241,0.0,5101.243256819621,3.0123680386053917,0.0037672749999999996,,,,,,,,,,,,,,,,,
09-01-2026,19.05,1576,5910.0,3.73699,0.000718542,0.083717,0.0373468,0.0,5200.795499775935,2.241611061724164,0.0020929250000000003,,,,,,,,,,,,,,,,,
09-01-2026,19.05,1577,5913.75,3.73689,0.000714882,0.167434,0.0527652,0.0,5227.282264765374,3.1731899054679977,0.0041858500000000005,,,,,,,,,,,,,,,,,
09-01-2026,19.05,1578,5917.5,3.73668,0.000731939,0.150691,0.0500241,0.0,5105.179529988154,3.0123680386053917,0.0037672749999999996,,,,,,,,,,,,,,,,,
09-01-2026,19.05,1579,5921.25,3.73749,0.000726319,0.200921,0.0579046,0.0,5145.796819303915,3.4698624979708,0.0050230249999999995,,,,,,,,,,,,,,,,,
09-01-2026,19.05,1580,5925.0,3.73754,0.000711418,0.217664,0.0603031,0.0,5253.648347385081,3.6094993458047764,0.0054416,,,,,,,,,,,,,,,,,
09-01-2026,19.05,1581,5928.75,3.73801,0.000747885,0.117204,0.0441994,0.0,4998.107997887376,2.651710204210917,0.0029301,,,,,,,,,,,,,,,,,
09-01-2026,19.05,1582,5932.5,3.73774,0.000744356,0.251151,0.0647573,0.0,5021.4413533309325,3.8783426733356703,0.006278775,,,,,,,,,,,,,,,,,
09-01-2026,19.05,1583,5936.25,3.73762,0.000720894,0.200921,0.0579046,0.0,5184.701218209612,3.4698624979708,0.0050230249999999995,,,,,,,,,,,,,,,,,
09-01-2026,19.05,1584,5940.0,3.7372,0.000703315,0.200921,0.0579046,0.0,5313.693010955261,3.4698624979708,0.0050230249999999995,,,,,,,,,,,,,,,,,
09-01-2026,19.05,1585,5943.75,3.73785,0.000724227,0.284638,0.0688688,0.0,5161.158034704588,4.133047185372767,0.00711595,,,,,,,,,,,,,,,,,
09-01-2026,19.05,1586,5947.5,3.73904,0.000719979,0.267895,0.066813,0.0,5193.2625812697315,4.009623875593073,0.006697375,,,,,,,,,,,,,,,,,
09-01-2026,19.05,1587,5951.25,3.73833,0.000730109,0.117204,0.0441994,0.0,5120.2354716898435,2.651710204210917,0.0029301,,,,,,,,,,,,,,,,,
09-01-2026,19.05,1588,5955.0,3.73683,0.000742199,0.167434,0.0579046,0.0,5034.808723805879,2.891549203344812,0.0041858500000000005,,,,,,,,,,,,,,,,,
09-01-2026,19.05,1589,5958.75,3.73761,0.000702204,0.133947,0.0472831,0.0,5322.684006357127,2.8328726331395364,0.003348675,,,,,,,,,,,,,,,,,
09-01-2026,19.05,1590,5962.5,3.73706,0.000716647,0.083717,0.0373468,0.0,5214.645425153527,2.241611061724164,0.0020929250000000003,,,,,,,,,,,,,,,,,
09-01-2026,19.05,1591,5966.25,3.73781,0.000742657,0.184177,0.0603031,0.0,5033.023320321495,3.0541879273204864,0.004604425,,,,,,,,,,,,,,,,,
09-01-2026,19.05,1592,5970.0,3.7394,0.000738801,0.200921,0.0579046,0.0,5061.444150725297,3.4698624979708,0.0050230249999999995,,,,,,,,,,,,,,,,,
09-01-2026,19.05,1593,5973.75,3.73866,0.000726841,0.150691,0.0500241,0.0,5143.710935404029,3.0123680386053917,0.0037672749999999996,,,,,,,,,,,,,,,,,
09-01-2026,19.05,1594,5977.5,3.73704,0.000712399,0.10046,0.0411157,0.0,5245.712023739506,2.4433488910562144,0.0025115,,,,,,,,,,,,,,,,,
09-01-2026,19.05,1595,5981.25,3.73926,0.000717627,0.167434,0.0527652,0.0,5210.589902553834,3.1731899054679977,0.0041858500000000005,,,,,,,,,,,,,,,,,
09-01-2026,19.05,1596,5985.0,3.73918,0.000733442,0.184177,0.0555062,0.0,5098.126368547207,3.318133830094656,0.004604425,,,,,,,,,,,,,,,,,
09-01-2026,19.05,1597,5988.75,3.73808,0.000725142,0.133947,0.0472831,0.0,5154.962752123032,2.8328726331395364,0.003348675,,,,,,,,,,,,,,,,,
09-01-2026,19.05,1598,5992.5,3.73876,0.000735991,0.150691,0.0500241,0.0,5079.899074852818,3.0123680386053917,0.0037672749999999996,,,,,,,,,,,,,,,,,
09-01-2026,19.05,1599,5996.25,3.74005,0.000715601,0.133947,0.0472831,0.0,5226.446022294547,2.8328726331395364,0.003348675,,,,,,,,,,,,,,,,,
09-01-2026,19.05,1600,6000.0,0.0,0.0,0.0,0.0,0.0,,,0.0,,,,,,,,,,,,,,,,,
09-01-2026,19.05,1601,6003.75,0.0,0.0,0.0,0.0,0.0,,,0.0,,,,,,,,,,,,,,,,,
09-01-2026,19.05,1602,6007.5,0.0,0.0,0.0,0.0,0.0,,,0.0,,,,,,,,,,,,,,,,,
09-01-2026,19.05,1603,6011.25,0.0,0.0,0.0,0.0,0.0,,,0.0,,,,,,,,,,,,,,,,,
09-01-2026,19.05,1604,6015.0,0.0,0.0,0.0,0.0,0.0,,,0.0,,,,,,,,,,,,,,,,,
09-01-2026,19.05,1605,6018.75,0.0,0.0,0.0,0.0,0.0,,,0.0,,,,,,,,,,,,,,,,,
09-01-2026,19.05,1606,6022.5,0.0,0.0,0.0,0.0,0.0,,,0.0,,,,,,,,,,,,,,,,,
09-01-2026,19.05,1607,6026.25,0.0,0.0,0.0,0.0,0.0,,,0.0,,,,,,,,,,,,,,,,,
09-01-2026,19.05,1608,6030.0,0.0,0.0,0.0,0.0,0.0,,,0.0,,,,,,,,,,,,,,,,,
09-01-2026,19.05,1609,6033.75,0.0,0.0,0.0,0.0,0.0,,,0.0,,,,,,,,,,,,,,,,,
09-01-2026,19.05,1610,6037.5,0.0,0.0,0.0,0.0,0.0,,,0.0,,,,,,,,,,,,,,,,,
09-01-2026,19.05,1611,6041.25,0.0,0.0,0.0,0.0,0.0,,,0.0,,,,,,,,,,,,,,,,,
09-01-2026,19.05,1612,6045.0,0.0,0.0,0.0,0.0,0.0,,,0.0,,,,,,,,,,,,,,,,,
09-01-2026,19.05,1613,6048.75,0.0,0.0,0.0,0.0,0.0,,,0.0,,,,,,,,,,,,,,,,,
09-01-2026,19.05,1614,6052.5,0.0,0.0,0.0,0.0,0.0,,,0.0,,,,,,,,,,,,,,,,,
09-01-2026,19.05,1615,6056.25,0.0,0.0,0.0,0.0,0.0,,,0.0,,,,,,,,,,,,,,,,,
09-01-2026,19.05,1616,6060.0,0.0,0.0,0.0,0.0,0.0,,,0.0,,,,,,,,,,,,,,,,,
09-01-2026,19.05,1617,6063.75,0.0,0.0,0.0,0.0,0.0,,,0.0,,,,,,,,,,,,,,,,,
09-01-2026,19.05,1618,6067.5,0.0,0.0,0.0,0.0,0.0,,,0.0,,,,,,,,,,,,,,,,,
09-01-2026,19.05,1619,6071.25,0.0,0.0,0.0,0.0,0.0,,,0.0,,,,,,,,,,,,,,,,,
09-01-2026,19.05,1620,6075.0,0.0,0.0,0.0,0.0,0.0,,,0.0,,,,,,,,,,,,,,,,,
09-01-2026,19.05,1621,6078.75,0.0,0.0,0.0,0.0,0.0,,,0.0,,,,,,,,,,,,,,,,,
09-01-2026,19.05,1622,6082.5,0.0,0.0,0.0,0.0,0.0,,,0.0,,,,,,,,,,,,,,,,,
09-01-2026,19.05,1623,6086.25,0.0,0.0,0.0,0.0,0.0,,,0.0,,,,,,,,,,,,,,,,,
09-01-2026,19.05,1624,6090.0,0.0,0.0,0.0,0.0,0.0,,,0.0,,,,,,,,,,,,,,,,,
09-01-2026,19.05,1625,6093.75,0.0,0.0,0.0,0.0,0.0,,,0.0,,,,,,,,,,,,,,,,,
09-01-2026,19.05,1626,6097.5,0.0,0.0,0.0,0.0,0.0,,,0.0,,,,,,,,,,,,,,,,,
09-01-2026,19.05,1627,6101.25,0.0,0.0,0.0,0.0,0.0,,,0.0,,,,,,,,,,,,,,,,,
09-01-2026,19.05,1628,6105.0,0.0,0.0,0.0,0.0,0.0,,,0.0,,,,,,,,,,,,,,,,,
09-01-2026,19.05,1629,6108.75,0.0,0.0,0.0,0.0,0.0,,,0.0,,,,,,,,,,,,,,,,,
09-01-2026,19.05,1630,6112.5,0.0,0.0,0.0,0.0,0.0,,,0.0,,,,,,,,,,,,,,,,,
09-01-2026,19.05,1631,6116.25,0.0,0.0,0.0,0.0,0.0,,,0.0,,,,,,,,,,,,,,,,,
09-01-2026,19.05,1632,6120.0,0.0,0.0,0.0,0.0,0.0,,,0.0,,,,,,,,,,,,,,,,,
09-01-2026,19.05,1633,6123.75,0.0,0.0,0.0,0.0,0.0,,,0.0,,,,,,,,,,,,,,,,,
09-01-2026,19.05,1634,6127.5,0.0,0.0,0.0,0.0,0.0,,,0.0,,,,,,,,,,,,,,,,,
09-01-2026,19.05,1635,6131.25,0.0,0.0,0.0,0.0,0.0,,,0.0,,,,,,,,,,,,,,,,,
09-01-2026,19.05,1636,6135.0,0.0,0.0,0.0,0.0,0.0,,,0.0,,,,,,,,,,,,,,,,,
09-01-2026,19.05,1637,6138.75,0.0,0.0,0.0,0.0,0.0,,,0.0,,,,,,,,,,,,,,,,,
09-01-2026,19.05,1638,6142.5,0.0,0.0,0.0,0.0,0.0,,,0.0,,,,,,,,,,,,,,,,,
09-01-2026,19.05,1639,6146.25,0.0,0.0,0.0,0.0,0.0,,,0.0,,,,,,,,,,,,,,,,,
09-01-2026,19.05,1640,6150.0,0.0,0.0,0.0,0.0,0.0,,,0.0,,,,,,,,,,,,,,,,,
09-01-2026,19.05,1641,6153.75,0.0,0.0,0.0,0.0,0.0,,,0.0,,,,,,,,,,,,,,,,,
09-01-2026,19.05,1642,6157.5,0.0,0.0,0.0,0.0,0.0,,,0.0,,,,,,,,,,,,,,,,,
09-01-2026,19.05,1643,6161.25,0.0,0.0,0.0,0.0,0.0,,,0.0,,,,,,,,,,,,,,,,,
09-01-2026,19.05,1644,6165.0,0.0,0.0,0.0,0.0,0.0,,,0.0,,,,,,,,,,,,,,,,,
09-01-2026,19.05,1645,6168.75,0.0,0.0,0.0,0.0,0.0,,,0.0,,,,,,,,,,,,,,,,,
09-01-2026,19.05,1646,6172.5,0.0,0.0,0.0,0.0,0.0,,,0.0,,,,,,,,,,,,,,,,,
09-01-2026,19.05,1647,6176.25,0.0,0.0,0.0,0.0,0.0,,,0.0,,,,,,,,,,,,,,,,,
09-01-2026,19.05,1648,6180.0,0.0,0.0,0.0,0.0,0.0,,,0.0,,,,,,,,,,,,,,,,,
09-01-2026,19.05,1649,6183.75,0.0,0.0,0.0,0.0,0.0,,,0.0,,,,,,,,,,,,,,,,,
09-01-2026,19.05,1650,6187.5,0.0,0.0,0.0,0.0,0.0,,,0.0,,,,,,,,,,,,,,,,,
09-01-2026,19.05,1651,6191.25,0.0,0.0,0.0,0.0,0.0,,,0.0,,,,,,,,,,,,,,,,,
09-01-2026,19.05,1652,6195.0,0.0,0.0,0.0,0.0,0.0,,,0.0,,,,,,,,,,,,,,,,,
09-01-2026,19.05,1653,6198.75,0.0,0.0,0.0,0.0,0.0,,,0.0,,,,,,,,,,,,,,,,,
09-01-2026,19.05,1654,6202.5,0.0,0.0,0.0,0.0,0.0,,,0.0,,,,,,,,,,,,,,,,,
09-01-2026,19.05,1655,6206.25,0.0,0.0,0.0,0.0,0.0,,,0.0,,,,,,,,,,,,,,,,,
09-01-2026,19.05,1656,6210.0,0.0,0.0,0.0,0.0,0.0,,,0.0,,,,,,,,,,,,,,,,,
09-01-2026,19.05,1657,6213.75,0.0,0.0,0.0,0.0,0.0,,,0.0,,,,,,,,,,,,,,,,,
09-01-2026,19.05,1658,6217.5,0.0,0.0,0.0,0.0,0.0,,,0.0,,,,,,,,,,,,,,,,,
09-01-2026,19.05,1659,6221.25,0.0,0.0,0.0,0.0,0.0,,,0.0,,,,,,,,,,,,,,,,,
09-01-2026,19.05,1660,6225.0,0.0,0.0,0.0,0.0,0.0,,,0.0,,,,,,,,,,,,,,,,,
09-01-2026,19.05,1661,6228.75,0.0,0.0,0.0,0.0,0.0,,,0.0,,,,,,,,,,,,,,,,,
09-01-2026,19.05,1662,6232.5,0.0,0.0,0.0,0.0,0.0,,,0.0,,,,,,,,,,,,,,,,,
09-01-2026,19.05,1663,6236.25,0.0,0.0,0.0,0.0,0.0,,,0.0,,,,,,,,,,,,,,,,,
09-01-2026,19.05,1664,6240.0,0.0,0.0,0.0,0.0,0.0,,,0.0,,,,,,,,,,,,,,,,,
09-01-2026,19.05,1665,6243.75,0.0,0.0,0.0,0.0,0.0,,,0.0,,,,,,,,,,,,,,,,,
09-01-2026,19.05,1666,6247.5,0.0,0.0,0.0,0.0,0.0,,,0.0,,,,,,,,,,,,,,,,,
09-01-2026,19.05,1667,6251.25,0.0,0.0,0.0,0.0,0.0,,,0.0,,,,,,,,,,,,,,,,,
09-01-2026,19.05,1668,6255.0,0.0,0.0,0.0,0.0,0.0,,,0.0,,,,,,,,,,,,,,,,,
09-01-2026,19.05,1669,6258.75,0.0,0.0,0.0,0.0,0.0,,,0.0,,,,,,,,,,,,,,,,,
09-01-2026,19.05,1670,6262.5,0.0,0.0,0.0,0.0,0.0,,,0.0,,,,,,,,,,,,,,,,,
09-01-2026,19.05,1671,6266.25,0.0,0.0,0.0,0.0,0.0,,,0.0,,,,,,,,,,,,,,,,,
09-01-2026,19.05,1672,6270.0,0.0,0.0,0.0,0.0,0.0,,,0.0,,,,,,,,,,,,,,,,,
09-01-2026,19.05,1673,6273.75,0.0,0.0,0.0,0.0,0.0,,,0.0,,,,,,,,,,,,,,,,,
09-01-2026,19.05,1674,6277.5,0.0,0.0,0.0,0.0,0.0,,,0.0,,,,,,,,,,,,,,,,,
09-01-2026,19.05,1675,6281.25,0.0,0.0,0.0,0.0,0.0,,,0.0,,,,,,,,,,,,,,,,,
09-01-2026,19.05,1676,6285.0,0.0,0.0,0.0,0.0,0.0,,,0.0,,,,,,,,,,,,,,,,,
09-01-2026,19.05,1677,6288.75,0.0,0.0,0.0,0.0,0.0,,,0.0,,,,,,,,,,,,,,,,,
09-01-2026,19.05,1678,6292.5,0.0,0.0,0.0,0.0,0.0,,,0.0,,,,,,,,,,,,,,,,,
09-01-2026,19.05,1679,6296.25,0.0,0.0,0.0,0.0,0.0,,,0.0,,,,,,,,,,,,,,,,,
09-01-2026,19.05,1680,6300.0,0.0,0.0,0.0,0.0,0.0,,,0.0,,,,,,,,,,,,,,,,,
09-01-2026,19.05,1681,6303.75,0.0,0.0,0.0,0.0,0.0,,,0.0,,,,,,,,,,,,,,,,,
09-01-2026,19.05,1682,6307.5,0.0,0.0,0.0,0.0,0.0,,,0.0,,,,,,,,,,,,,,,,,
09-01-2026,19.05,1683,6311.25,0.0,0.0,0.0,0.0,0.0,,,0.0,,,,,,,,,,,,,,,,,
09-01-2026,19.05,1684,6315.0,0.0,0.0,0.0,0.0,0.0,,,0.0,,,,,,,,,,,,,,,,,
09-01-2026,19.05,1685,6318.75,0.0,0.0,0.0,0.0,0.0,,,0.0,,,,,,,,,,,,,,,,,
09-01-2026,19.05,1686,6322.5,0.0,0.0,0.0,0.0,0.0,,,0.0,,,,,,,,,,,,,,,,,
09-01-2026,19.05,1687,6326.25,0.0,0.0,0.0,0.0,0.0,,,0.0,,,,,,,,,,,,,,,,,
09-01-2026,19.05,1688,6330.0,0.0,0.0,0.0,0.0,0.0,,,0.0,,,,,,,,,,,,,,,,,
09-01-2026,19.05,1689,6333.75,0.0,0.0,0.0,0.0,0.0,,,0.0,,,,,,,,,,,,,,,,,
09-01-2026,19.05,1690,6337.5,0.0,0.0,0.0,0.0,0.0,,,0.0,,,,,,,,,,,,,,,,,
09-01-2026,19.05,1691,6341.25,0.0,0.0,0.0,0.0,0.0,,,0.0,,,,,,,,,,,,,,,,,
09-01-2026,19.05,1692,6345.0,0.0,0.0,0.0,0.0,0.0,,,0.0,,,,,,,,,,,,,,,,,
09-01-2026,19.05,1693,6348.75,0.0,0.0,0.0,0.0,0.0,,,0.0,,,,,,,,,,,,,,,,,
09-01-2026,19.05,1694,6352.5,0.0,0.0,0.0,0.0,0.0,,,0.0,,,,,,,,,,,,,,,,,
09-01-2026,19.05,1695,6356.25,0.0,0.0,0.0,0.0,0.0,,,0.0,,,,,,,,,,,,,,,,,
09-01-2026,19.05,1696,6360.0,0.0,0.0,0.0,0.0,0.0,,,0.0,,,,,,,,,,,,,,,,,
09-01-2026,19.05,1697,6363.75,0.0,0.0,0.0,0.0,0.0,,,0.0,,,,,,,,,,,,,,,,,
09-01-2026,19.05,1698,6367.5,0.0,0.0,0.0,0.0,0.0,,,0.0,,,,,,,,,,,,,,,,,
09-01-2026,19.05,1699,6371.25,0.0,0.0,0.0,0.0,0.0,,,0.0,,,,,,,,,,,,,,,,,
09-01-2026,19.05,1700,6375.0,0.0,0.0,0.0,0.0,0.0,,,0.0,,,,,,,,,,,,,,,,,
09-01-2026,19.05,1701,6378.75,0.0,0.0,0.0,0.0,0.0,,,0.0,,,,,,,,,,,,,,,,,
09-01-2026,19.05,1702,6382.5,0.0,0.0,0.0,0.0,0.0,,,0.0,,,,,,,,,,,,,,,,,
09-01-2026,19.05,1703,6386.25,0.0,0.0,0.0,0.0,0.0,,,0.0,,,,,,,,,,,,,,,,,
09-01-2026,19.05,1704,6390.0,0.0,0.0,0.0,0.0,0.0,,,0.0,,,,,,,,,,,,,,,,,
09-01-2026,19.05,1705,6393.75,0.0,0.0,0.0,0.0,0.0,,,0.0,,,,,,,,,,,,,,,,,
09-01-2026,19.05,1706,6397.5,0.0,0.0,0.0,0.0,0.0,,,0.0,,,,,,,,,,,,,,,,,
09-01-2026,19.05,1707,6401.25,0.0,0.0,0.0,0.0,0.0,,,0.0,,,,,,,,,,,,,,,,,
09-01-2026,19.05,1708,6405.0,0.0,0.0,0.0,0.0,0.0,,,0.0,,,,,,,,,,,,,,,,,
09-01-2026,19.05,1709,6408.75,0.0,0.0,0.0,0.0,0.0,,,0.0,,,,,,,,,,,,,,,,,
09-01-2026,19.05,1710,6412.5,0.0,0.0,0.0,0.0,0.0,,,0.0,,,,,,,,,,,,,,,,,
09-01-2026,19.05,1711,6416.25,0.0,0.0,0.0,0.0,0.0,,,0.0,,,,,,,,,,,,,,,,,
09-01-2026,19.05,1712,6420.0,0.0,0.0,0.0,0.0,0.0,,,0.0,,,,,,,,,,,,,,,,,
09-01-2026,19.05,1713,6423.75,0.0,0.0,0.0,0.0,0.0,,,0.0,,,,,,,,,,,,,,,,,
09-01-2026,19.05,1714,6427.5,0.0,0.0,0.0,0.0,0.0,,,0.0,,,,,,,,,,,,,,,,,
09-01-2026,19.05,1715,6431.25,0.0,0.0,0.0,0.0,0.0,,,0.0,,,,,,,,,,,,,,,,,
09-01-2026,19.05,1716,6435.0,0.0,0.0,0.0,0.0,0.0,,,0.0,,,,,,,,,,,,,,,,,
09-01-2026,19.05,1717,6438.75,0.0,0.0,0.0,0.0,0.0,,,0.0,,,,,,,,,,,,,,,,,
09-01-2026,19.05,1718,6442.5,0.0,0.0,0.0,0.0,0.0,,,0.0,,,,,,,,,,,,,,,,,
09-01-2026,19.05,1719,6446.25,0.0,0.0,0.0,0.0,0.0,,,0.0,,,,,,,,,,,,,,,,,
09-01-2026,19.05,1720,6450.0,0.0,0.0,0.0,0.0,0.0,,,0.0,,,,,,,,,,,,,,,,,
09-01-2026,19.05,1721,6453.75,0.0,0.0,0.0,0.0,0.0,,,0.0,,,,,,,,,,,,,,,,,
09-01-2026,19.05,1722,6457.5,0.0,0.0,0.0,0.0,0.0,,,0.0,,,,,,,,,,,,,,,,,
09-01-2026,19.05,1723,6461.25,0.0,0.0,0.0,0.0,0.0,,,0.0,,,,,,,,,,,,,,,,,
09-01-2026,19.05,1724,6465.0,0.0,0.0,0.0,0.0,0.0,,,0.0,,,,,,,,,,,,,,,,,
09-01-2026,19.05,1725,6468.75,0.0,0.0,0.0,0.0,0.0,,,0.0,,,,,,,,,,,,,,,,,
09-01-2026,19.05,1726,6472.5,0.0,0.0,0.0,0.0,0.0,,,0.0,,,,,,,,,,,,,,,,,
09-01-2026,19.05,1727,6476.25,0.0,0.0,0.0,0.0,0.0,,,0.0,,,,,,,,,,,,,,,,,
09-01-2026,19.05,1728,6480.0,0.0,0.0,0.0,0.0,0.0,,,0.0,,,,,,,,,,,,,,,,,
09-01-2026,19.05,1729,6483.75,0.0,0.0,0.0,0.0,0.0,,,0.0,,,,,,,,,,,,,,,,,
09-01-2026,19.05,1730,6487.5,0.0,0.0,0.0,0.0,0.0,,,0.0,,,,,,,,,,,,,,,,,
09-01-2026,19.05,1731,6491.25,0.0,0.0,0.0,0.0,0.0,,,0.0,,,,,,,,,,,,,,,,,
09-01-2026,19.05,1732,6495.0,0.0,0.0,0.0,0.0,0.0,,,0.0,,,,,,,,,,,,,,,,,
09-01-2026,19.05,1733,6498.75,0.0,0.0,0.0,0.0,0.0,,,0.0,,,,,,,,,,,,,,,,,
09-01-2026,19.05,1734,6502.5,0.0,0.0,0.0,0.0,0.0,,,0.0,,,,,,,,,,,,,,,,,
09-01-2026,19.05,1735,6506.25,0.0,0.0,0.0,0.0,0.0,,,0.0,,,,,,,,,,,,,,,,,
09-01-2026,19.05,1736,6510.0,0.0,0.0,0.0,0.0,0.0,,,0.0,,,,,,,,,,,,,,,,,
09-01-2026,19.05,1737,6513.75,0.0,0.0,0.0,0.0,0.0,,,0.0,,,,,,,,,,,,,,,,,
09-01-2026,19.05,1738,6517.5,0.0,0.0,0.0,0.0,0.0,,,0.0,,,,,,,,,,,,,,,,,
09-01-2026,19.05,1739,6521.25,0.0,0.0,0.0,0.0,0.0,,,0.0,,,,,,,,,,,,,,,,,
09-01-2026,19.05,1740,6525.0,0.0,0.0,0.0,0.0,0.0,,,0.0,,,,,,,,,,,,,,,,,
09-01-2026,19.05,1741,6528.75,0.0,0.0,0.0,0.0,0.0,,,0.0,,,,,,,,,,,,,,,,,
09-01-2026,19.05,1742,6532.5,0.0,0.0,0.0,0.0,0.0,,,0.0,,,,,,,,,,,,,,,,,
09-01-2026,19.05,1743,6536.25,0.0,0.0,0.0,0.0,0.0,,,0.0,,,,,,,,,,,,,,,,,
09-01-2026,19.05,1744,6540.0,0.0,0.0,0.0,0.0,0.0,,,0.0,,,,,,,,,,,,,,,,,
09-01-2026,19.05,1745,6543.75,0.0,0.0,0.0,0.0,0.0,,,0.0,,,,,,,,,,,,,,,,,
09-01-2026,19.05,1746,6547.5,0.0,0.0,0.0,0.0,0.0,,,0.0,,,,,,,,,,,,,,,,,
09-01-2026,19.05,1747,6551.25,0.0,0.0,0.0,0.0,0.0,,,0.0,,,,,,,,,,,,,,,,,
09-01-2026,19.05,1748,6555.0,0.0,0.0,0.0,0.0,0.0,,,0.0,,,,,,,,,,,,,,,,,
09-01-2026,19.05,1749,6558.75,0.0,0.0,0.0,0.0,0.0,,,0.0,,,,,,,,,,,,,,,,,
09-01-2026,19.05,1750,6562.5,0.0,0.0,0.0,0.0,0.0,,,0.0,,,,,,,,,,,,,,,,,
09-01-2026,19.05,1751,6566.25,0.0,0.0,0.0,0.0,0.0,,,0.0,,,,,,,,,,,,,,,,,
09-01-2026,19.05,1752,6570.0,0.0,0.0,0.0,0.0,0.0,,,0.0,,,,,,,,,,,,,,,,,
09-01-2026,19.05,1753,6573.75,0.0,0.0,0.0,0.0,0.0,,,0.0,,,,,,,,,,,,,,,,,
09-01-2026,19.05,1754,6577.5,0.0,0.0,0.0,0.0,0.0,,,0.0,,,,,,,,,,,,,,,,,
09-01-2026,19.05,1755,6581.25,0.0,0.0,0.0,0.0,0.0,,,0.0,,,,,,,,,,,,,,,,,
09-01-2026,19.05,1756,6585.0,0.0,0.0,0.0,0.0,0.0,,,0.0,,,,,,,,,,,,,,,,,
09-01-2026,19.05,1757,6588.75,0.0,0.0,0.0,0.0,0.0,,,0.0,,,,,,,,,,,,,,,,,
09-01-2026,19.05,1758,6592.5,0.0,0.0,0.0,0.0,0.0,,,0.0,,,,,,,,,,,,,,,,,
09-01-2026,19.05,1759,6596.25,0.0,0.0,0.0,0.0,0.0,,,0.0,,,,,,,,,,,,,,,,,
09-01-2026,19.05,1760,6600.0,0.0,0.0,0.0,0.0,0.0,,,0.0,,,,,,,,,,,,,,,,,
09-01-2026,19.05,1761,6603.75,0.0,0.0,0.0,0.0,0.0,,,0.0,,,,,,,,,,,,,,,,,
09-01-2026,19.05,1762,6607.5,0.0,0.0,0.0,0.0,0.0,,,0.0,,,,,,,,,,,,,,,,,
09-01-2026,19.05,1763,6611.25,0.0,0.0,0.0,0.0,0.0,,,0.0,,,,,,,,,,,,,,,,,
09-01-2026,19.05,1764,6615.0,0.0,0.0,0.0,0.0,0.0,,,0.0,,,,,,,,,,,,,,,,,
09-01-2026,19.05,1765,6618.75,0.0,0.0,0.0,0.0,0.0,,,0.0,,,,,,,,,,,,,,,,,
09-01-2026,19.05,1766,6622.5,0.0,0.0,0.0,0.0,0.0,,,0.0,,,,,,,,,,,,,,,,,
09-01-2026,19.05,1767,6626.25,0.0,0.0,0.0,0.0,0.0,,,0.0,,,,,,,,,,,,,,,,,
09-01-2026,19.05,1768,6630.0,0.0,0.0,0.0,0.0,0.0,,,0.0,,,,,,,,,,,,,,,,,
09-01-2026,19.05,1769,6633.75,0.0,0.0,0.0,0.0,0.0,,,0.0,,,,,,,,,,,,,,,,,
09-01-2026,19.05,1770,6637.5,0.0,0.0,0.0,0.0,0.0,,,0.0,,,,,,,,,,,,,,,,,
09-01-2026,19.05,1771,6641.25,0.0,0.0,0.0,0.0,0.0,,,0.0,,,,,,,,,,,,,,,,,
09-01-2026,19.05,1772,6645.0,0.0,0.0,0.0,0.0,0.0,,,0.0,,,,,,,,,,,,,,,,,
09-01-2026,19.05,1773,6648.75,0.0,0.0,0.0,0.0,0.0,,,0.0,,,,,,,,,,,,,,,,,
09-01-2026,19.05,1774,6652.5,0.0,0.0,0.0,0.0,0.0,,,0.0,,,,,,,,,,,,,,,,,
09-01-2026,19.05,1775,6656.25,0.0,0.0,0.0,0.0,0.0,,,0.0,,,,,,,,,,,,,,,,,
09-01-2026,19.05,1776,6660.0,0.0,0.0,0.0,0.0,0.0,,,0.0,,,,,,,,,,,,,,,,,
09-01-2026,19.05,1777,6663.75,0.0,0.0,0.0,0.0,0.0,,,0.0,,,,,,,,,,,,,,,,,
09-01-2026,19.05,1778,6667.5,0.0,0.0,0.0,0.0,0.0,,,0.0,,,,,,,,,,,,,,,,,
09-01-2026,19.05,1779,6671.25,0.0,0.0,0.0,0.0,0.0,,,0.0,,,,,,,,,,,,,,,,,
09-01-2026,19.05,1780,6675.0,0.0,0.0,0.0,0.0,0.0,,,0.0,,,,,,,,,,,,,,,,,
09-01-2026,19.05,1781,6678.75,0.0,0.0,0.0,0.0,0.0,,,0.0,,,,,,,,,,,,,,,,,
09-01-2026,19.05,1782,6682.5,0.0,0.0,0.0,0.0,0.0,,,0.0,,,,,,,,,,,,,,,,,
09-01-2026,19.05,1783,6686.25,0.0,0.0,0.0,0.0,0.0,,,0.0,,,,,,,,,,,,,,,,,
09-01-2026,19.05,1784,6690.0,0.0,0.0,0.0,0.0,0.0,,,0.0,,,,,,,,,,,,,,,,,
09-01-2026,19.05,1785,6693.75,0.0,0.0,0.0,0.0,0.0,,,0.0,,,,,,,,,,,,,,,,,
09-01-2026,19.05,1786,6697.5,0.0,0.0,0.0,0.0,0.0,,,0.0,,,,,,,,,,,,,,,,,
09-01-2026,19.05,1787,6701.25,0.0,0.0,0.0,0.0,0.0,,,0.0,,,,,,,,,,,,,,,,,
09-01-2026,19.05,1788,6705.0,0.0,0.0,0.0,0.0,0.0,,,0.0,,,,,,,,,,,,,,,,,
09-01-2026,19.05,1789,6708.75,0.0,0.0,0.0,0.0,0.0,,,0.0,,,,,,,,,,,,,,,,,
09-01-2026,19.05,1790,6712.5,0.0,0.0,0.0,0.0,0.0,,,0.0,,,,,,,,,,,,,,,,,
09-01-2026,19.05,1791,6716.25,0.0,0.0,0.0,0.0,0.0,,,0.0,,,,,,,,,,,,,,,,,
09-01-2026,19.05,1792,6720.0,0.0,0.0,0.0,0.0,0.0,,,0.0,,,,,,,,,,,,,,,,,
09-01-2026,19.05,1793,6723.75,0.0,0.0,0.0,0.0,0.0,,,0.0,,,,,,,,,,,,,,,,,
09-01-2026,19.05,1794,6727.5,0.0,0.0,0.0,0.0,0.0,,,0.0,,,,,,,,,,,,,,,,,
09-01-2026,19.05,1795,6731.25,0.0,0.0,0.0,0.0,0.0,,,0.0,,,,,,,,,,,,,,,,,
09-01-2026,19.05,1796,6735.0,0.0,0.0,0.0,0.0,0.0,,,0.0,,,,,,,,,,,,,,,,,
09-01-2026,19.05,1797,6738.75,0.0,0.0,0.0,0.0,0.0,,,0.0,,,,,,,,,,,,,,,,,
09-01-2026,19.05,1798,6742.5,0.0,0.0,0.0,0.0,0.0,,,0.0,,,,,,,,,,,,,,,,,
09-01-2026,19.05,1799,6746.25,0.0,0.0,0.0,0.0,0.0,,,0.0,,,,,,,,,,,,,,,,,
09-01-2026,19.05,1800,6750.0,0.0,0.0,0.0,0.0,0.0,,,0.0,,,,,,,,,,,,,,,,,
09-01-2026,19.05,1801,6753.75,0.0,0.0,0.0,0.0,0.0,,,0.0,,,,,,,,,,,,,,,,,
09-01-2026,19.05,1802,6757.5,0.0,0.0,0.0,0.0,0.0,,,0.0,,,,,,,,,,,,,,,,,
09-01-2026,19.05,1803,6761.25,0.0,0.0,0.0,0.0,0.0,,,0.0,,,,,,,,,,,,,,,,,
09-01-2026,19.05,1804,6765.0,0.0,0.0,0.0,0.0,0.0,,,0.0,,,,,,,,,,,,,,,,,
09-01-2026,19.05,1805,6768.75,0.0,0.0,0.0,0.0,0.0,,,0.0,,,,,,,,,,,,,,,,,
09-01-2026,19.05,1806,6772.5,0.0,0.0,0.0,0.0,0.0,,,0.0,,,,,,,,,,,,,,,,,
09-01-2026,19.05,1807,6776.25,0.0,0.0,0.0,0.0,0.0,,,0.0,,,,,,,,,,,,,,,,,
09-01-2026,19.05,1808,6780.0,0.0,0.0,0.0,0.0,0.0,,,0.0,,,,,,,,,,,,,,,,,
09-01-2026,19.05,1809,6783.75,0.0,0.0,0.0,0.0,0.0,,,0.0,,,,,,,,,,,,,,,,,
09-01-2026,19.05,1810,6787.5,0.0,0.0,0.0,0.0,0.0,,,0.0,,,,,,,,,,,,,,,,,
09-01-2026,19.05,1811,6791.25,0.0,0.0,0.0,0.0,0.0,,,0.0,,,,,,,,,,,,,,,,,
09-01-2026,19.05,1812,6795.0,0.0,0.0,0.0,0.0,0.0,,,0.0,,,,,,,,,,,,,,,,,
09-01-2026,19.05,1813,6798.75,0.0,0.0,0.0,0.0,0.0,,,0.0,,,,,,,,,,,,,,,,,
09-01-2026,19.05,1814,6802.5,0.0,0.0,0.0,0.0,0.0,,,0.0,,,,,,,,,,,,,,,,,
09-01-2026,19.05,1815,6806.25,0.0,0.0,0.0,0.0,0.0,,,0.0,,,,,,,,,,,,,,,,,
09-01-2026,19.05,1816,6810.0,0.0,0.0,0.0,0.0,0.0,,,0.0,,,,,,,,,,,,,,,,,
09-01-2026,19.05,1817,6813.75,0.0,0.0,0.0,0.0,0.0,,,0.0,,,,,,,,,,,,,,,,,
09-01-2026,19.05,1818,6817.5,0.0,0.0,0.0,0.0,0.0,,,0.0,,,,,,,,,,,,,,,,,
09-01-2026,19.05,1819,6821.25,0.0,0.0,0.0,0.0,0.0,,,0.0,,,,,,,,,,,,,,,,,
09-01-2026,19.05,1820,6825.0,0.0,0.0,0.0,0.0,0.0,,,0.0,,,,,,,,,,,,,,,,,
09-01-2026,19.05,1821,6828.75,0.0,0.0,0.0,0.0,0.0,,,0.0,,,,,,,,,,,,,,,,,
09-01-2026,19.05,1822,6832.5,0.0,0.0,0.0,0.0,0.0,,,0.0,,,,,,,,,,,,,,,,,
09-01-2026,19.05,1823,6836.25,0.0,0.0,0.0,0.0,0.0,,,0.0,,,,,,,,,,,,,,,,,
09-01-2026,19.05,1824,6840.0,0.0,0.0,0.0,0.0,0.0,,,0.0,,,,,,,,,,,,,,,,,
09-01-2026,19.05,1825,6843.75,0.0,0.0,0.0,0.0,0.0,,,0.0,,,,,,,,,,,,,,,,,
09-01-2026,19.05,1826,6847.5,0.0,0.0,0.0,0.0,0.0,,,0.0,,,,,,,,,,,,,,,,,
09-01-2026,19.05,1827,6851.25,0.0,0.0,0.0,0.0,0.0,,,0.0,,,,,,,,,,,,,,,,,
09-01-2026,19.05,1828,6855.0,0.0,0.0,0.0,0.0,0.0,,,0.0,,,,,,,,,,,,,,,,,
09-01-2026,19.05,1829,6858.75,0.0,0.0,0.0,0.0,0.0,,,0.0,,,,,,,,,,,,,,,,,
09-01-2026,19.05,1830,6862.5,0.0,0.0,0.0,0.0,0.0,,,0.0,,,,,,,,,,,,,,,,,
09-01-2026,19.05,1831,6866.25,0.0,0.0,0.0,0.0,0.0,,,0.0,,,,,,,,,,,,,,,,,
09-01-2026,19.05,1832,6870.0,0.0,0.0,0.0,0.0,0.0,,,0.0,,,,,,,,,,,,,,,,,
09-01-2026,19.05,1833,6873.75,0.0,0.0,0.0,0.0,0.0,,,0.0,,,,,,,,,,,,,,,,,
09-01-2026,19.05,1834,6877.5,0.0,0.0,0.0,0.0,0.0,,,0.0,,,,,,,,,,,,,,,,,
09-01-2026,19.05,1835,6881.25,0.0,0.0,0.0,0.0,0.0,,,0.0,,,,,,,,,,,,,,,,,
09-01-2026,19.05,1836,6885.0,0.0,0.0,0.0,0.0,0.0,,,0.0,,,,,,,,,,,,,,,,,
09-01-2026,19.05,1837,6888.75,0.0,0.0,0.0,0.0,0.0,,,0.0,,,,,,,,,,,,,,,,,
09-01-2026,19.05,1838,6892.5,0.0,0.0,0.0,0.0,0.0,,,0.0,,,,,,,,,,,,,,,,,
09-01-2026,19.05,1839,6896.25,0.0,0.0,0.0,0.0,0.0,,,0.0,,,,,,,,,,,,,,,,,
09-01-2026,19.05,1840,6900.0,0.0,0.0,0.0,0.0,0.0,,,0.0,,,,,,,,,,,,,,,,,
09-01-2026,19.05,1841,6903.75,0.0,0.0,0.0,0.0,0.0,,,0.0,,,,,,,,,,,,,,,,,
09-01-2026,19.05,1842,6907.5,0.0,0.0,0.0,0.0,0.0,,,0.0,,,,,,,,,,,,,,,,,
09-01-2026,19.05,1843,6911.25,0.0,0.0,0.0,0.0,0.0,,,0.0,,,,,,,,,,,,,,,,,
09-01-2026,19.05,1844,6915.0,0.0,0.0,0.0,0.0,0.0,,,0.0,,,,,,,,,,,,,,,,,
09-01-2026,19.05,1845,6918.75,0.0,0.0,0.0,0.0,0.0,,,0.0,,,,,,,,,,,,,,,,,
09-01-2026,19.05,1846,6922.5,0.0,0.0,0.0,0.0,0.0,,,0.0,,,,,,,,,,,,,,,,,
09-01-2026,19.05,1847,6926.25,0.0,0.0,0.0,0.0,0.0,,,0.0,,,,,,,,,,,,,,,,,
09-01-2026,19.05,1848,6930.0,0.0,0.0,0.0,0.0,0.0,,,0.0,,,,,,,,,,,,,,,,,
09-01-2026,19.05,1849,6933.75,0.0,0.0,0.0,0.0,0.0,,,0.0,,,,,,,,,,,,,,,,,
09-01-2026,19.05,1850,6937.5,0.0,0.0,0.0,0.0,0.0,,,0.0,,,,,,,,,,,,,,,,,
09-01-2026,19.05,1851,6941.25,0.0,0.0,0.0,0.0,0.0,,,0.0,,,,,,,,,,,,,,,,,
09-01-2026,19.05,1852,6945.0,0.0,0.0,0.0,0.0,0.0,,,0.0,,,,,,,,,,,,,,,,,
09-01-2026,19.05,1853,6948.75,0.0,0.0,0.0,0.0,0.0,,,0.0,,,,,,,,,,,,,,,,,
09-01-2026,19.05,1854,6952.5,0.0,0.0,0.0,0.0,0.0,,,0.0,,,,,,,,,,,,,,,,,
09-01-2026,19.05,1855,6956.25,0.0,0.0,0.0,0.0,0.0,,,0.0,,,,,,,,,,,,,,,,,
09-01-2026,19.05,1856,6960.0,0.0,0.0,0.0,0.0,0.0,,,0.0,,,,,,,,,,,,,,,,,
09-01-2026,19.05,1857,6963.75,0.0,0.0,0.0,0.0,0.0,,,0.0,,,,,,,,,,,,,,,,,
09-01-2026,19.05,1858,6967.5,0.0,0.0,0.0,0.0,0.0,,,0.0,,,,,,,,,,,,,,,,,
09-01-2026,19.05,1859,6971.25,0.0,0.0,0.0,0.0,0.0,,,0.0,,,,,,,,,,,,,,,,,
09-01-2026,19.05,1860,6975.0,0.0,0.0,0.0,0.0,0.0,,,0.0,,,,,,,,,,,,,,,,,
09-01-2026,19.05,1861,6978.75,0.0,0.0,0.0,0.0,0.0,,,0.0,,,,,,,,,,,,,,,,,
09-01-2026,19.05,1862,6982.5,0.0,0.0,0.0,0.0,0.0,,,0.0,,,,,,,,,,,,,,,,,
09-01-2026,19.05,1863,6986.25,0.0,0.0,0.0,0.0,0.0,,,0.0,,,,,,,,,,,,,,,,,
09-01-2026,19.05,1864,6990.0,0.0,0.0,0.0,0.0,0.0,,,0.0,,,,,,,,,,,,,,,,,
09-01-2026,19.05,1865,6993.75,0.0,0.0,0.0,0.0,0.0,,,0.0,,,,,,,,,,,,,,,,,
09-01-2026,19.05,1866,6997.5,0.0,0.0,0.0,0.0,0.0,,,0.0,,,,,,,,,,,,,,,,,
09-01-2026,19.05,1867,7001.25,0.0,0.0,0.0,0.0,0.0,,,0.0,,,,,,,,,,,,,,,,,
09-01-2026,19.05,1868,7005.0,0.0,0.0,0.0,0.0,0.0,,,0.0,,,,,,,,,,,,,,,,,
09-01-2026,19.05,1869,7008.75,0.0,0.0,0.0,0.0,0.0,,,0.0,,,,,,,,,,,,,,,,,
09-01-2026,19.05,1870,7012.5,0.0,0.0,0.0,0.0,0.0,,,0.0,,,,,,,,,,,,,,,,,
09-01-2026,19.05,1871,7016.25,0.0,0.0,0.0,0.0,0.0,,,0.0,,,,,,,,,,,,,,,,,
09-01-2026,19.05,1872,7020.0,0.0,0.0,0.0,0.0,0.0,,,0.0,,,,,,,,,,,,,,,,,
09-01-2026,19.05,1873,7023.75,0.0,0.0,0.0,0.0,0.0,,,0.0,,,,,,,,,,,,,,,,,
09-01-2026,19.05,1874,7027.5,0.0,0.0,0.0,0.0,0.0,,,0.0,,,,,,,,,,,,,,,,,
09-01-2026,19.05,1875,7031.25,0.0,0.0,0.0,0.0,0.0,,,0.0,,,,,,,,,,,,,,,,,
09-01-2026,19.05,1876,7035.0,0.0,0.0,0.0,0.0,0.0,,,0.0,,,,,,,,,,,,,,,,,
09-01-2026,19.05,1877,7038.75,0.0,0.0,0.0,0.0,0.0,,,0.0,,,,,,,,,,,,,,,,,
09-01-2026,19.05,1878,7042.5,0.0,0.0,0.0,0.0,0.0,,,0.0,,,,,,,,,,,,,,,,,
09-01-2026,19.05,1879,7046.25,0.0,0.0,0.0,0.0,0.0,,,0.0,,,,,,,,,,,,,,,,,
09-01-2026,19.05,1880,7050.0,0.0,0.0,0.0,0.0,0.0,,,0.0,,,,,,,,,,,,,,,,,
09-01-2026,19.05,1881,7053.75,0.0,0.0,0.0,0.0,0.0,,,0.0,,,,,,,,,,,,,,,,,
09-01-2026,19.05,1882,7057.5,0.0,0.0,0.0,0.0,0.0,,,0.0,,,,,,,,,,,,,,,,,
09-01-2026,19.05,1883,7061.25,0.0,0.0,0.0,0.0,0.0,,,0.0,,,,,,,,,,,,,,,,,
09-01-2026,19.05,1884,7065.0,0.0,0.0,0.0,0.0,0.0,,,0.0,,,,,,,,,,,,,,,,,
09-01-2026,19.05,1885,7068.75,0.0,0.0,0.0,0.0,0.0,,,0.0,,,,,,,,,,,,,,,,,
09-01-2026,19.05,1886,7072.5,0.0,0.0,0.0,0.0,0.0,,,0.0,,,,,,,,,,,,,,,,,
09-01-2026,19.05,1887,7076.25,0.0,0.0,0.0,0.0,0.0,,,0.0,,,,,,,,,,,,,,,,,
09-01-2026,19.05,1888,7080.0,0.0,0.0,0.0,0.0,0.0,,,0.0,,,,,,,,,,,,,,,,,
09-01-2026,19.05,1889,7083.75,0.0,0.0,0.0,0.0,0.0,,,0.0,,,,,,,,,,,,,,,,,
09-01-2026,19.05,1890,7087.5,0.0,0.0,0.0,0.0,0.0,,,0.0,,,,,,,,,,,,,,,,,
09-01-2026,19.05,1891,7091.25,0.0,0.0,0.0,0.0,0.0,,,0.0,,,,,,,,,,,,,,,,,
09-01-2026,19.05,1892,7095.0,0.0,0.0,0.0,0.0,0.0,,,0.0,,,,,,,,,,,,,,,,,
09-01-2026,19.05,1893,7098.75,0.0,0.0,0.0,0.0,0.0,,,0.0,,,,,,,,,,,,,,,,,
09-01-2026,19.05,1894,7102.5,0.0,0.0,0.0,0.0,0.0,,,0.0,,,,,,,,,,,,,,,,,
09-01-2026,19.05,1895,7106.25,0.0,0.0,0.0,0.0,0.0,,,0.0,,,,,,,,,,,,,,,,,
09-01-2026,19.05,1896,7110.0,0.0,0.0,0.0,0.0,0.0,,,0.0,,,,,,,,,,,,,,,,,
09-01-2026,19.05,1897,7113.75,0.0,0.0,0.0,0.0,0.0,,,0.0,,,,,,,,,,,,,,,,,
09-01-2026,19.05,1898,7117.5,0.0,0.0,0.0,0.0,0.0,,,0.0,,,,,,,,,,,,,,,,,
09-01-2026,19.05,1899,7121.25,0.0,0.0,0.0,0.0,0.0,,,0.0,,,,,,,,,,,,,,,,,
09-01-2026,19.05,1900,7125.0,0.0,0.0,0.0,0.0,0.0,,,0.0,,,,,,,,,,,,,,,,,
09-01-2026,19.05,1901,7128.75,0.0,0.0,0.0,0.0,0.0,,,0.0,,,,,,,,,,,,,,,,,
09-01-2026,19.05,1902,7132.5,0.0,0.0,0.0,0.0,0.0,,,0.0,,,,,,,,,,,,,,,,,
09-01-2026,19.05,1903,7136.25,0.0,0.0,0.0,0.0,0.0,,,0.0,,,,,,,,,,,,,,,,,
09-01-2026,19.05,1904,7140.0,0.0,0.0,0.0,0.0,0.0,,,0.0,,,,,,,,,,,,,,,,,
09-01-2026,19.05,1905,7143.75,0.0,0.0,0.0,0.0,0.0,,,0.0,,,,,,,,,,,,,,,,,
09-01-2026,19.05,1906,7147.5,0.0,0.0,0.0,0.0,0.0,,,0.0,,,,,,,,,,,,,,,,,
09-01-2026,19.05,1907,7151.25,0.0,0.0,0.0,0.0,0.0,,,0.0,,,,,,,,,,,,,,,,,
09-01-2026,19.05,1908,7155.0,0.0,0.0,0.0,0.0,0.0,,,0.0,,,,,,,,,,,,,,,,,
09-01-2026,19.05,1909,7158.75,0.0,0.0,0.0,0.0,0.0,,,0.0,,,,,,,,,,,,,,,,,
09-01-2026,19.05,1910,7162.5,0.0,0.0,0.0,0.0,0.0,,,0.0,,,,,,,,,,,,,,,,,
09-01-2026,19.05,1911,7166.25,0.0,0.0,0.0,0.0,0.0,,,0.0,,,,,,,,,,,,,,,,,
09-01-2026,19.05,1912,7170.0,0.0,0.0,0.0,0.0,0.0,,,0.0,,,,,,,,,,,,,,,,,
09-01-2026,19.05,1913,7173.75,0.0,0.0,0.0,0.0,0.0,,,0.0,,,,,,,,,,,,,,,,,
09-01-2026,19.05,1914,7177.5,0.0,0.0,0.0,0.0,0.0,,,0.0,,,,,,,,,,,,,,,,,
09-01-2026,19.05,1915,7181.25,0.0,0.0,0.0,0.0,0.0,,,0.0,,,,,,,,,,,,,,,,,
09-01-2026,19.05,1916,7185.0,0.0,0.0,0.0,0.0,0.0,,,0.0,,,,,,,,,,,,,,,,,
09-01-2026,19.05,1917,7188.75,0.0,0.0,0.0,0.0,0.0,,,0.0,,,,,,,,,,,,,,,,,
09-01-2026,19.05,1918,7192.5,0.0,0.0,0.0,0.0,0.0,,,0.0,,,,,,,,,,,,,,,,,
09-01-2026,19.05,1919,7196.25,0.0,0.0,0.0,0.0,0.0,,,0.0,,,,,,,,,,,,,,,,,
09-01-2026,19.05,1920,7200.0,0.0,0.0,0.0,0.0,0.0,,,0.0,,,,,,,,,,,,,,,,,
09-01-2026,19.05,1921,7203.75,0.0,0.0,0.0,0.0,0.0,,,0.0,,,,,,,,,,,,,,,,,
09-01-2026,19.05,1922,7207.5,0.0,0.0,0.0,0.0,0.0,,,0.0,,,,,,,,,,,,,,,,,
09-01-2026,19.05,1923,7211.25,0.0,0.0,0.0,0.0,0.0,,,0.0,,,,,,,,,,,,,,,,,
09-01-2026,19.05,1924,7215.0,0.0,0.0,0.0,0.0,0.0,,,0.0,,,,,,,,,,,,,,,,,
09-01-2026,19.05,1925,7218.75,0.0,0.0,0.0,0.0,0.0,,,0.0,,,,,,,,,,,,,,,,,
09-01-2026,19.05,1926,7222.5,0.0,0.0,0.0,0.0,0.0,,,0.0,,,,,,,,,,,,,,,,,
09-01-2026,19.05,1927,7226.25,0.0,0.0,0.0,0.0,0.0,,,0.0,,,,,,,,,,,,,,,,,
09-01-2026,19.05,1928,7230.0,0.0,0.0,0.0,0.0,0.0,,,0.0,,,,,,,,,,,,,,,,,
09-01-2026,19.05,1929,7233.75,0.0,0.0,0.0,0.0,0.0,,,0.0,,,,,,,,,,,,,,,,,
09-01-2026,19.05,1930,7237.5,0.0,0.0,0.0,0.0,0.0,,,0.0,,,,,,,,,,,,,,,,,
09-01-2026,19.05,1931,7241.25,0.0,0.0,0.0,0.0,0.0,,,0.0,,,,,,,,,,,,,,,,,
09-01-2026,19.05,1932,7245.0,0.0,0.0,0.0,0.0,0.0,,,0.0,,,,,,,,,,,,,,,,,
09-01-2026,19.05,1933,7248.75,0.0,0.0,0.0,0.0,0.0,,,0.0,,,,,,,,,,,,,,,,,
09-01-2026,19.05,1934,7252.5,0.0,0.0,0.0,0.0,0.0,,,0.0,,,,,,,,,,,,,,,,,
09-01-2026,19.05,1935,7256.25,0.0,0.0,0.0,0.0,0.0,,,0.0,,,,,,,,,,,,,,,,,
09-01-2026,19.05,1936,7260.0,0.0,0.0,0.0,0.0,0.0,,,0.0,,,,,,,,,,,,,,,,,
09-01-2026,19.05,1937,7263.75,0.0,0.0,0.0,0.0,0.0,,,0.0,,,,,,,,,,,,,,,,,
09-01-2026,19.05,1938,7267.5,0.0,0.0,0.0,0.0,0.0,,,0.0,,,,,,,,,,,,,,,,,
09-01-2026,19.05,1939,7271.25,0.0,0.0,0.0,0.0,0.0,,,0.0,,,,,,,,,,,,,,,,,
09-01-2026,19.05,1940,7275.0,0.0,0.0,0.0,0.0,0.0,,,0.0,,,,,,,,,,,,,,,,,
09-01-2026,19.05,1941,7278.75,0.0,0.0,0.0,0.0,0.0,,,0.0,,,,,,,,,,,,,,,,,
09-01-2026,19.05,1942,7282.5,0.0,0.0,0.0,0.0,0.0,,,0.0,,,,,,,,,,,,,,,,,
09-01-2026,19.05,1943,7286.25,0.0,0.0,0.0,0.0,0.0,,,0.0,,,,,,,,,,,,,,,,,
09-01-2026,19.05,1944,7290.0,0.0,0.0,0.0,0.0,0.0,,,0.0,,,,,,,,,,,,,,,,,
09-01-2026,19.05,1945,7293.75,0.0,0.0,0.0,0.0,0.0,,,0.0,,,,,,,,,,,,,,,,,
09-01-2026,19.05,1946,7297.5,0.0,0.0,0.0,0.0,0.0,,,0.0,,,,,,,,,,,,,,,,,
09-01-2026,19.05,1947,7301.25,0.0,0.0,0.0,0.0,0.0,,,0.0,,,,,,,,,,,,,,,,,
09-01-2026,19.05,1948,7305.0,0.0,0.0,0.0,0.0,0.0,,,0.0,,,,,,,,,,,,,,,,,
09-01-2026,19.05,1949,7308.75,0.0,0.0,0.0,0.0,0.0,,,0.0,,,,,,,,,,,,,,,,,
09-01-2026,19.05,1950,7312.5,0.0,0.0,0.0,0.0,0.0,,,0.0,,,,,,,,,,,,,,,,,
09-01-2026,19.05,1951,7316.25,0.0,0.0,0.0,0.0,0.0,,,0.0,,,,,,,,,,,,,,,,,
09-01-2026,19.05,1952,7320.0,0.0,0.0,0.0,0.0,0.0,,,0.0,,,,,,,,,,,,,,,,,
09-01-2026,19.05,1953,7323.75,0.0,0.0,0.0,0.0,0.0,,,0.0,,,,,,,,,,,,,,,,,
09-01-2026,19.05,1954,7327.5,0.0,0.0,0.0,0.0,0.0,,,0.0,,,,,,,,,,,,,,,,,
09-01-2026,19.05,1955,7331.25,0.0,0.0,0.0,0.0,0.0,,,0.0,,,,,,,,,,,,,,,,,
09-01-2026,19.05,1956,7335.0,0.0,0.0,0.0,0.0,0.0,,,0.0,,,,,,,,,,,,,,,,,
09-01-2026,19.05,1957,7338.75,0.0,0.0,0.0,0.0,0.0,,,0.0,,,,,,,,,,,,,,,,,
09-01-2026,19.05,1958,7342.5,0.0,0.0,0.0,0.0,0.0,,,0.0,,,,,,,,,,,,,,,,,
09-01-2026,19.05,1959,7346.25,0.0,0.0,0.0,0.0,0.0,,,0.0,,,,,,,,,,,,,,,,,
09-01-2026,19.05,1960,7350.0,0.0,0.0,0.0,0.0,0.0,,,0.0,,,,,,,,,,,,,,,,,
09-01-2026,19.05,1961,7353.75,0.0,0.0,0.0,0.0,0.0,,,0.0,,,,,,,,,,,,,,,,,
09-01-2026,19.05,1962,7357.5,0.0,0.0,0.0,0.0,0.0,,,0.0,,,,,,,,,,,,,,,,,
09-01-2026,19.05,1963,7361.25,0.0,0.0,0.0,0.0,0.0,,,0.0,,,,,,,,,,,,,,,,,
09-01-2026,19.05,1964,7365.0,0.0,0.0,0.0,0.0,0.0,,,0.0,,,,,,,,,,,,,,,,,
09-01-2026,19.05,1965,7368.75,0.0,0.0,0.0,0.0,0.0,,,0.0,,,,,,,,,,,,,,,,,
09-01-2026,19.05,1966,7372.5,0.0,0.0,0.0,0.0,0.0,,,0.0,,,,,,,,,,,,,,,,,
09-01-2026,19.05,1967,7376.25,0.0,0.0,0.0,0.0,0.0,,,0.0,,,,,,,,,,,,,,,,,
09-01-2026,19.05,1968,7380.0,0.0,0.0,0.0,0.0,0.0,,,0.0,,,,,,,,,,,,,,,,,
09-01-2026,19.05,1969,7383.75,0.0,0.0,0.0,0.0,0.0,,,0.0,,,,,,,,,,,,,,,,,
09-01-2026,19.05,1970,7387.5,0.0,0.0,0.0,0.0,0.0,,,0.0,,,,,,,,,,,,,,,,,
09-01-2026,19.05,1971,7391.25,0.0,0.0,0.0,0.0,0.0,,,0.0,,,,,,,,,,,,,,,,,
09-01-2026,19.05,1972,7395.0,0.0,0.0,0.0,0.0,0.0,,,0.0,,,,,,,,,,,,,,,,,
09-01-2026,19.05,1973,7398.75,0.0,0.0,0.0,0.0,0.0,,,0.0,,,,,,,,,,,,,,,,,
09-01-2026,19.05,1974,7402.5,0.0,0.0,0.0,0.0,0.0,,,0.0,,,,,,,,,,,,,,,,,
09-01-2026,19.05,1975,7406.25,0.0,0.0,0.0,0.0,0.0,,,0.0,,,,,,,,,,,,,,,,,
09-01-2026,19.05,1976,7410.0,0.0,0.0,0.0,0.0,0.0,,,0.0,,,,,,,,,,,,,,,,,
09-01-2026,19.05,1977,7413.75,0.0,0.0,0.0,0.0,0.0,,,0.0,,,,,,,,,,,,,,,,,
09-01-2026,19.05,1978,7417.5,0.0,0.0,0.0,0.0,0.0,,,0.0,,,,,,,,,,,,,,,,,
09-01-2026,19.05,1979,7421.25,0.0,0.0,0.0,0.0,0.0,,,0.0,,,,,,,,,,,,,,,,,
09-01-2026,19.05,1980,7425.0,0.0,0.0,0.0,0.0,0.0,,,0.0,,,,,,,,,,,,,,,,,
09-01-2026,19.05,1981,7428.75,0.0,0.0,0.0,0.0,0.0,,,0.0,,,,,,,,,,,,,,,,,
09-01-2026,19.05,1982,7432.5,0.0,0.0,0.0,0.0,0.0,,,0.0,,,,,,,,,,,,,,,,,
09-01-2026,19.05,1983,7436.25,0.0,0.0,0.0,0.0,0.0,,,0.0,,,,,,,,,,,,,,,,,
09-01-2026,19.05,1984,7440.0,0.0,0.0,0.0,0.0,0.0,,,0.0,,,,,,,,,,,,,,,,,
09-01-2026,19.05,1985,7443.75,0.0,0.0,0.0,0.0,0.0,,,0.0,,,,,,,,,,,,,,,,,
09-01-2026,19.05,1986,7447.5,0.0,0.0,0.0,0.0,0.0,,,0.0,,,,,,,,,,,,,,,,,
09-01-2026,19.05,1987,7451.25,0.0,0.0,0.0,0.0,0.0,,,0.0,,,,,,,,,,,,,,,,,
09-01-2026,19.05,1988,7455.0,0.0,0.0,0.0,0.0,0.0,,,0.0,,,,,,,,,,,,,,,,,
09-01-2026,19.05,1989,7458.75,0.0,0.0,0.0,0.0,0.0,,,0.0,,,,,,,,,,,,,,,,,
09-01-2026,19.05,1990,7462.5,0.0,0.0,0.0,0.0,0.0,,,0.0,,,,,,,,,,,,,,,,,
09-01-2026,19.05,1991,7466.25,0.0,0.0,0.0,0.0,0.0,,,0.0,,,,,,,,,,,,,,,,,
09-01-2026,19.05,1992,7470.0,0.0,0.0,0.0,0.0,0.0,,,0.0,,,,,,,,,,,,,,,,,
09-01-2026,19.05,1993,7473.75,0.0,0.0,0.0,0.0,0.0,,,0.0,,,,,,,,,,,,,,,,,
09-01-2026,19.05,1994,7477.5,0.0,0.0,0.0,0.0,0.0,,,0.0,,,,,,,,,,,,,,,,,
09-01-2026,19.05,1995,7481.25,0.0,0.0,0.0,0.0,0.0,,,0.0,,,,,,,,,,,,,,,,,
09-01-2026,19.05,1996,7485.0,0.0,0.0,0.0,0.0,0.0,,,0.0,,,,,,,,,,,,,,,,,
09-01-2026,19.05,1997,7488.75,0.0,0.0,0.0,0.0,0.0,,,0.0,,,,,,,,,,,,,,,,,
09-01-2026,19.05,1998,7492.5,0.0,0.0,0.0,0.0,0.0,,,0.0,,,,,,,,,,,,,,,,,
09-01-2026,19.05,1999,7496.25,0.0,0.0,0.0,0.0,0.0,,,0.0,,,,,,,,,,,,,,,,,
