time,range_raw,copol_raw,time,range_raw,crosspol_raw,time,weather_inside_temperature,time,weather_outside_temperature,time,weather_inside_humidity,time,weather_outside_humidity,time,weather_wind_speed,time,weather_wind_direction,time,weather_barometric_pressure,time,weather_dew_point,time,weather_rain_rate,time,elevation_angle,time,azimuth_angle,time,copol_background,time,crosspol_background,time,telescope_temperature,time,detector_temperature,time,laser_temperature,time,date_yyyyMMdd,time,time_hhmmss,time,year,time,month,time,day,time,hour,time,minute,time,second,time,aod_age_secs,time,latitude,time,longitude,time,altitude,time,laser_energy,time,syncpulse,time,range_raw,copol_snr,time,range_raw,crosspol_snr,time,aeronet_aod,time,sda_aod_totals,time,sda_aod_fines,time,sda_aod_coarses,time,sda_ae_totals,time,sda_ae_fines,time,sda_dae_totals,time,sda_dae_fines,time,range_nrb,copol_nrb,time,range_nrb,crosspol_nrb,time,range_radiometer,radiometer_temperature,time,range_radiometer,radiometer_vaporDensity,time,range_radiometer,radiometer_liquid,time,range_radiometer,radiometer_relativeHumidity,time,number_of_clouds,number_of_cloud_outlines,clouds,time,number_of_clouds,pbls,time,range_vbp,extinction_coefficient,time,range_vbp,mass_concentration,time,range_vbp,VBP,time,range_nrb,depolarization_ratio,time,range_nrb,particle_type,time,number_of_particle_type,particle_type_mapping,time,lidar_ratio,time,aod
49.952084,0.029979246,25.164968,49.952084,0.029979246,18.112196,49.952084,29.265432,49.952084,21.592594,49.952084,52.555557,49.952084,93.77778,49.952084,0.0,49.952084,263.44446,49.952084,973.0331,49.952084,20.546612,49.952084,0.0,49.952084,0.0,49.952084,0.0,49.952084,0.0006834355,49.952084,0.000655096,49.952084,27.426666,49.952084,27.495554,49.952084,27.221111,49.952084,20260218,49.952084,225100,49.952084,2026.0,49.952084,2.0,49.952084,18.0,49.952084,22.0,49.952084,51.0,49.952084,0.0,49.952084,-1.0,49.952084,-999.0,49.952084,-999.0,49.952084,-999.0,49.952084,4.457,49.952084,2500.0,49.952084,0.029979246,84041.3,49.952084,0.029979246,59394.547,49.952084,,49.952084,,49.952084,,49.952084,,49.952084,,49.952084,,49.952084,,49.952084,,49.952084,0.11991698,0.2828796,49.952084,0.11991698,0.012194471,,,,,,,,,,,,,49.952084,0.0,0.0,2.308402,49.952084,0.0,2.7281115,49.952084,0.11991698,0.10929804,49.952084,0.11991698,27.980911,49.952084,0.11991698,0.003643268,49.952084,0.11991698,0.04131811,49.952084,0.11991698,6.0,49.952084,0.0,WaterCloud,49.952084,30.0,49.952084,
49.952084,0.05995849,13.388473,49.952084,0.05995849,1.2505578,,,,,,,,,,,,,,,,,,,,,,,,,,,,,,,,,,,,,,,,,,,,,,,,,,,,,,,,,,,,,49.952084,0.05995849,44711.19,49.952084,0.05995849,4100.371,,,,,,,,,,,,,,,,,49.952084,0.14989623,0.27698958,49.952084,0.14989623,0.012580855,,,,,,,,,,,,,49.952084,0.0,1.0,2.4882774,49.952084,1.0,,49.952084,0.14989623,0.107296914,49.952084,0.14989623,27.972105,49.952084,0.14989623,0.0035765634,49.952084,0.14989623,0.04344608,49.952084,0.14989623,6.0,49.952084,1.0,MixedCloud,,,,
49.952084,0.08993774,12.153503,49.952084,0.08993774,0.8638406,,,,,,,,,,,,,,,,,,,,,,,,,,,,,,,,,,,,,,,,,,,,,,,,,,,,,,,,,,,,,49.952084,0.08993774,40579.652,49.952084,0.08993774,2832.4675,,,,,,,,,,,,,,,,,49.952084,0.17987548,0.27346107,49.952084,0.17987548,0.012577201,,,,,,,,,,,,,49.952084,0.0,2.0,2.8180492,49.952084,2.0,,49.952084,0.17987548,0.106569335,49.952084,0.17987548,27.968904,49.952084,0.17987548,0.0035523113,49.952084,0.17987548,0.043968435,49.952084,0.17987548,6.0,49.952084,2.0,Ice/dust/ash,,,,
49.952084,0.11991698,11.0433,49.952084,0.11991698,0.65339875,,,,,,,,,,,,,,,,,,,,,,,,,,,,,,,,,,,,,,,,,,,,,,,,,,,,,,,,,,,,,49.952084,0.11991698,36875.703,49.952084,0.11991698,2141.64,,,,,,,,,,,,,,,,,49.952084,0.20985472,0.27885827,49.952084,0.20985472,0.013102012,,,,,,,,,,,,,49.952084,1.0,0.0,,49.952084,3.0,,49.952084,0.20985472,0.110800415,49.952084,0.20985472,27.987522,49.952084,0.20985472,0.003693347,49.952084,0.20985472,0.04487081,49.952084,0.20985472,6.0,49.952084,3.0,Rain/Dust,,,,
49.952084,0.14989623,10.3757105,49.952084,0.14989623,0.58197236,,,,,,,,,,,,,,,,,,,,,,,,,,,,,,,,,,,,,,,,,,,,,,,,,,,,,,,,,,,,,49.952084,0.14989623,34649.633,49.952084,0.14989623,1905.9054,,,,,,,,,,,,,,,,,49.952084,0.23983397,0.27993274,49.952084,0.23983397,0.013355856,,,,,,,,,,,,,49.952084,1.0,1.0,,49.952084,4.0,,49.952084,0.23983397,0.1126876,49.952084,0.23983397,27.995827,49.952084,0.23983397,0.0037562533,49.952084,0.23983397,0.04553823,49.952084,0.23983397,6.0,49.952084,4.0,Molecular,,,,
49.952084,0.17987548,9.81956,49.952084,0.17987548,0.5238286,,,,,,,,,,,,,,,,,,,,,,,,,,,,,,,,,,,,,,,,,,,,,,,,,,,,,,,,,,,,,49.952084,0.17987548,32797.395,49.952084,0.17987548,1715.6049,,,,,,,,,,,,,,,,,49.952084,0.2698132,0.2809242,49.952084,0.2698132,0.013321997,,,,,,,,,,,,,49.952084,1.0,2.0,,49.952084,5.0,,49.952084,0.2698132,0.11455765,49.952084,0.2698132,28.004053,49.952084,0.2698132,0.003818588,49.952084,0.2698132,0.045275424,49.952084,0.2698132,6.0,49.952084,5.0,CleanAerosol,,,,
49.952084,0.20985472,9.5639,49.952084,0.20985472,0.49845308,,,,,,,,,,,,,,,,,,,,,,,,,,,,,,,,,,,,,,,,,,,,,,,,,,,,,,,,,,,,,49.952084,0.20985472,31943.133,49.952084,0.20985472,1633.1752,,,,,,,,,,,,,,,,,49.952084,0.29979247,0.2807456,49.952084,0.29979247,0.013262838,,,,,,,,,,,,,49.952084,2.0,0.0,,49.952084,6.0,,49.952084,0.29979247,0.11579749,49.952084,0.29979247,28.009508,49.952084,0.29979247,0.003859916,49.952084,0.29979247,0.045113973,49.952084,0.29979247,6.0,49.952084,6.0,PollutedAerosol,,,,
49.952084,0.23983397,9.136442,49.952084,0.23983397,0.4698795,,,,,,,,,,,,,,,,,,,,,,,,,,,,,,,,,,,,,,,,,,,,,,,,,,,,,,,,,,,,,49.952084,0.23983397,30514.684,49.952084,0.23983397,1539.3419,,,,,,,,,,,,,,,,,49.952084,0.3297717,0.28403807,49.952084,0.3297717,0.013137546,,,,,,,,,,,,,49.952084,2.0,1.0,,49.952084,7.0,,49.952084,0.3297717,0.11905442,49.952084,0.3297717,28.02384,49.952084,0.3297717,0.0039684805,49.952084,0.3297717,0.04420409,49.952084,0.3297717,6.0,49.952084,7.0,Undetected,,,,
49.952084,0.2698132,8.555318,49.952084,0.2698132,0.43065596,,,,,,,,,,,,,,,,,,,,,,,,,,,,,,,,,,,,,,,,,,,,,,,,,,,,,,,,,,,,,49.952084,0.2698132,28576.271,49.952084,0.2698132,1409.9579,,,,,,,,,,,,,,,,,49.952084,0.35975096,0.27155265,49.952084,0.35975096,0.011722591,,,,,,,,,,,,,49.952084,2.0,2.0,,49.952084,8.0,,49.952084,0.35975096,0.11320615,49.952084,0.35975096,27.998106,49.952084,0.35975096,0.0037735382,49.952084,0.35975096,0.041387722,49.952084,0.35975096,6.0,,,,,,,
49.952084,0.29979247,7.9410086,49.952084,0.29979247,0.39397588,,,,,,,,,,,,,,,,,,,,,,,,,,,,,,,,,,,,,,,,,,,,,,,,,,,,,,,,,,,,,49.952084,0.29979247,26525.135,49.952084,0.29979247,1289.8794,,,,,,,,,,,,,,,,,49.952084,0.3897302,0.2777036,49.952084,0.3897302,0.012491498,,,,,,,,,,,,,49.952084,3.0,0.0,,49.952084,9.0,,49.952084,0.3897302,0.11813806,49.952084,0.3897302,28.019808,49.952084,0.3897302,0.0039379355,49.952084,0.3897302,0.043049615,49.952084,0.3897302,6.0,,,,,,,
49.952084,0.3297717,7.3653584,49.952084,0.3297717,0.35528782,,,,,,,,,,,,,,,,,,,,,,,,,,,,,,,,,,,,,,,,,,,,,,,,,,,,,,,,,,,,,49.952084,0.3297717,24598.746,49.952084,0.3297717,1162.13,,,,,,,,,,,,,,,,,49.952084,0.41970944,0.2898085,49.952084,0.41970944,0.012715969,,,,,,,,,,,,,49.952084,3.0,1.0,,,,,49.952084,0.41970944,0.1266769,49.952084,0.41970944,28.05738,49.952084,0.41970944,0.004222564,49.952084,0.41970944,0.042037472,49.952084,0.41970944,6.0,,,,,,,
49.952084,0.35975096,6.3517027,49.952084,0.35975096,0.28624126,,,,,,,,,,,,,,,,,,,,,,,,,,,,,,,,,,,,,,,,,,,,,,,,,,,,,,,,,,,,,49.952084,0.35975096,21213.82,49.952084,0.35975096,936.3415,,,,,,,,,,,,,,,,,49.952084,0.4496887,0.30145237,49.952084,0.4496887,0.012785532,,,,,,,,,,,,,49.952084,3.0,2.0,,,,,49.952084,0.4496887,0.13517171,49.952084,0.4496887,28.094757,49.952084,0.4496887,0.004505724,49.952084,0.4496887,0.04068332,49.952084,0.4496887,6.0,,,,,,,
49.952084,0.3897302,5.874446,49.952084,0.3897302,0.27399972,,,,,,,,,,,,,,,,,,,,,,,,,,,,,,,,,,,,,,,,,,,,,,,,,,,,,,,,,,,,,49.952084,0.3897302,19621.271,49.952084,0.3897302,896.57153,,,,,,,,,,,,,,,,,49.952084,0.47966793,0.3111781,49.952084,0.47966793,0.013136806,,,,,,,,,,,,,49.952084,4.0,0.0,,,,,49.952084,0.47966793,0.14277135,49.952084,0.47966793,28.128195,49.952084,0.47966793,0.0047590453,49.952084,0.47966793,0.04050367,49.952084,0.47966793,6.0,,,,,,,
49.952084,0.41970944,5.5298076,49.952084,0.41970944,0.2504983,,,,,,,,,,,,,,,,,,,,,,,,,,,,,,,,,,,,,,,,,,,,,,,,,,,,,,,,,,,,,49.952084,0.41970944,18469.488,49.952084,0.41970944,819.3619,,,,,,,,,,,,,,,,,49.952084,0.5096472,0.31896538,49.952084,0.5096472,0.013070019,,,,,,,,,,,,,49.952084,4.0,1.0,,,,,49.952084,0.5096472,0.14936863,49.952084,0.5096472,28.157223,49.952084,0.5096472,0.004978954,49.952084,0.5096472,0.039364297,49.952084,0.5096472,6.0,,,,,,,
49.952084,0.44968867,5.1553326,49.952084,0.44968867,0.22605981,,,,,,,,,,,,,,,,,,,,,,,,,,,,,,,,,,,,,,,,,,,,,,,,,,,,,,,,,,,,,49.952084,0.44968867,17215.414,49.952084,0.44968867,738.6384,,,,,,,,,,,,,,,,,49.952084,0.5396264,0.30377176,49.952084,0.5396264,0.012626809,,,,,,,,,,,,,49.952084,4.0,2.0,,,,,49.952084,0.5396264,0.14205575,49.952084,0.5396264,28.125048,49.952084,0.5396264,0.004735191,49.952084,0.5396264,0.03989738,49.952084,0.5396264,6.0,,,,,,,
49.952084,0.47966793,4.796847,49.952084,0.47966793,0.2093262,,,,,,,,,,,,,,,,,,,,,,,,,,,,,,,,,,,,,,,,,,,,,,,,,,,,,,,,,,,,,49.952084,0.47966793,16020.342,49.952084,0.47966793,683.94824,,,,,,,,,,,,,,,,,49.952084,0.56960565,0.2884699,49.952084,0.56960565,0.011700279,,,,,,,,,,,,,49.952084,5.0,0.0,,,,,49.952084,0.56960565,0.1344335,49.952084,0.56960565,28.091505,49.952084,0.56960565,0.004481117,49.952084,0.56960565,0.03900555,49.952084,0.56960565,6.0,,,,,,,
49.952084,0.5096472,4.4073477,49.952084,0.5096472,0.18692547,,,,,,,,,,,,,,,,,,,,,,,,,,,,,,,,,,,,,,,,,,,,,,,,,,,,,,,,,,,,,49.952084,0.5096472,14719.355,49.952084,0.5096472,610.78534,,,,,,,,,,,,,,,,,49.952084,0.59958494,0.2732102,49.952084,0.59958494,0.011355709,,,,,,,,,,,,,49.952084,5.0,1.0,,,,,49.952084,0.59958494,0.12659417,49.952084,0.59958494,28.057014,49.952084,0.59958494,0.004219806,49.952084,0.59958494,0.0399075,49.952084,0.59958494,6.0,,,,,,,
49.952084,0.5396264,3.7807078,49.952084,0.5396264,0.1627101,,,,,,,,,,,,,,,,,,,,,,,,,,,,,,,,,,,,,,,,,,,,,,,,,,,,,,,,,,,,,49.952084,0.5396264,12632.497,49.952084,0.5396264,532.0074,,,,,,,,,,,,,,,,,49.952084,0.62956417,0.27464387,49.952084,0.62956417,0.011291865,,,,,,,,,,,,,49.952084,5.0,2.0,,,,,49.952084,0.62956417,0.12905169,49.952084,0.62956417,28.06783,49.952084,0.62956417,0.0043017226,49.952084,0.62956417,0.039489526,49.952084,0.62956417,6.0,,,,,,,
49.952084,0.56960565,3.2597501,49.952084,0.56960565,0.13782538,,,,,,,,,,,,,,,,,,,,,,,,,,,,,,,,,,,,,,,,,,,,,,,,,,,,,,,,,,,,,49.952084,0.56960565,10901.717,49.952084,0.56960565,450.07104,,,,,,,,,,,,,,,,,49.952084,0.6595434,0.27603805,49.952084,0.6595434,0.011414425,,,,,,,,,,,,,49.952084,6.0,0.0,,,,,49.952084,0.6595434,0.13152948,49.952084,0.6595434,28.078728,49.952084,0.6595434,0.004384316,49.952084,0.6595434,0.039718635,49.952084,0.6595434,6.0,,,,,,,
49.952084,0.59958494,2.8074965,49.952084,0.59958494,0.12195448,,,,,,,,,,,,,,,,,,,,,,,,,,,,,,,,,,,,,,,,,,,,,,,,,,,,,,,,,,,,,49.952084,0.59958494,9374.676,49.952084,0.59958494,397.95953,,,,,,,,,,,,,,,,,49.952084,0.6895227,0.27251884,49.952084,0.6895227,0.011030863,,,,,,,,,,,,,49.952084,6.0,1.0,,,,,49.952084,0.6895227,0.13088956,49.952084,0.6895227,28.075914,49.952084,0.6895227,0.0043629855,49.952084,0.6895227,0.038900845,49.952084,0.6895227,6.0,,,,,,,
49.952084,0.62956417,2.5740888,49.952084,0.62956417,0.110843375,,,,,,,,,,,,,,,,,,,,,,,,,,,,,,,,,,,,,,,,,,,,,,,,,,,,,,,,,,,,,49.952084,0.62956417,8594.745,49.952084,0.62956417,361.1944,,,,,,,,,,,,,,,,,49.952084,0.7195019,0.26644194,49.952084,0.7195019,0.010720016,,,,,,,,,,,,,49.952084,6.0,2.0,,,,,49.952084,0.7195019,0.12860641,49.952084,0.7195019,28.065866,49.952084,0.7195019,0.0042868806,49.952084,0.7195019,0.03868448,49.952084,0.7195019,6.0,,,,,,,
49.952084,0.6595434,2.381913,49.952084,0.6595434,0.10333184,,,,,,,,,,,,,,,,,,,,,,,,,,,,,,,,,,,,,,,,,,,,,,,,,,,,,,,,,,,,,49.952084,0.6595434,7955.9165,49.952084,0.6595434,336.4549,,,,,,,,,,,,,,,,,49.952084,0.74948114,0.25659573,49.952084,0.74948114,0.010485461,,,,,,,,,,,,,49.952084,7.0,0.0,,,,,49.952084,0.74948114,0.12379558,49.952084,0.74948114,28.0447,49.952084,0.74948114,0.0041265194,49.952084,0.74948114,0.03930296,49.952084,0.74948114,6.0,,,,,,,
49.952084,0.6895226,2.1651945,49.952084,0.6895226,0.09239923,,,,,,,,,,,,,,,,,,,,,,,,,,,,,,,,,,,,,,,,,,,,,,,,,,,,,,,,,,,,,49.952084,0.6895226,7230.488,49.952084,0.6895226,300.93478,,,,,,,,,,,,,,,,,49.952084,0.7794604,0.2405484,49.952084,0.7794604,0.009641713,,,,,,,,,,,,,49.952084,7.0,1.0,,,,,49.952084,0.7794604,0.114752755,49.952084,0.7794604,28.004911,49.952084,0.7794604,0.0038250918,49.952084,0.7794604,0.038571477,49.952084,0.7794604,6.0,,,,,,,
49.952084,0.7195019,1.9548268,49.952084,0.7195019,0.08308791,,,,,,,,,,,,,,,,,,,,,,,,,,,,,,,,,,,,,,,,,,,,,,,,,,,,,,,,,,,,,49.952084,0.7195019,6528.341,49.952084,0.7195019,270.05447,,,,,,,,,,,,,,,,,49.952084,0.80943966,0.22473301,49.952084,0.80943966,0.008955423,,,,,,,,,,,,,49.952084,7.0,2.0,,,,,49.952084,0.80943966,0.10562708,49.952084,0.80943966,27.96476,49.952084,0.80943966,0.0035209022,49.952084,0.80943966,0.038315494,49.952084,0.80943966,6.0,,,,,,,
49.952084,0.74948114,1.738569,49.952084,0.74948114,0.07535327,,,,,,,,,,,,,,,,,,,,,,,,,,,,,,,,,,,,,,,,,,,,,,,,,,,,,,,,,,,,,49.952084,0.74948114,5806.584,49.952084,0.74948114,244.95197,,,,,,,,,,,,,,,,,49.952084,0.8394189,0.21294318,49.952084,0.8394189,0.008623159,,,,,,,,,,,,,49.952084,8.0,0.0,,,,,49.952084,0.8394189,0.09886442,49.952084,0.8394189,27.935003,49.952084,0.8394189,0.003295481,49.952084,0.8394189,0.03894097,49.952084,0.8394189,6.0,,,,,,,
49.952084,0.7794604,1.5224453,49.952084,0.7794604,0.06528336,,,,,,,,,,,,,,,,,,,,,,,,,,,,,,,,,,,,,,,,,,,,,,,,,,,,,,,,,,,,,49.952084,0.7794604,5083.4536,49.952084,0.7794604,212.10144,,,,,,,,,,,,,,,,,49.952084,0.8693981,0.21017084,49.952084,0.8693981,0.008281659,,,,,,,,,,,,,49.952084,8.0,1.0,,,,,49.952084,0.8693981,0.0980948,49.952084,0.8693981,27.931618,49.952084,0.8693981,0.0032698265,49.952084,0.8693981,0.037911907,49.952084,0.8693981,6.0,,,,,,,
49.952084,0.80943966,1.3356091,49.952084,0.80943966,0.057548717,,,,,,,,,,,,,,,,,,,,,,,,,,,,,,,,,,,,,,,,,,,,,,,,,,,,,,,,,,,,,49.952084,0.80943966,4459.08,49.952084,0.80943966,186.3912,,,,,,,,,,,,,,,,,49.952084,0.8993774,0.20818907,49.952084,0.8993774,0.008454235,,,,,,,,,,,,,49.952084,8.0,2.0,,,,,49.952084,0.8993774,0.09780188,49.952084,0.8993774,27.930328,49.952084,0.8993774,0.0032600623,49.952084,0.8993774,0.039026693,49.952084,0.8993774,6.0,,,,,,,
49.952084,0.8394189,1.1838168,49.952084,0.8394189,0.05207496,,,,,,,,,,,,,,,,,,,,,,,,,,,,,,,,,,,,,,,,,,,,,,,,,,,,,,,,,,,,,49.952084,0.8394189,3950.384,49.952084,0.8394189,168.34622,,,,,,,,,,,,,,,,,49.952084,0.92935663,0.20353252,49.952084,0.92935663,0.008165906,,,,,,,,,,,,,49.952084,9.0,0.0,,,,,49.952084,0.92935663,0.09568723,49.952084,0.92935663,27.921024,49.952084,0.92935663,0.0031895742,49.952084,0.92935663,0.03858024,49.952084,0.92935663,6.0,,,,,,,
49.952084,0.8693981,1.0993009,49.952084,0.8693981,0.047151573,,,,,,,,,,,,,,,,,,,,,,,,,,,,,,,,,,,,,,,,,,,,,,,,,,,,,,,,,,,,,49.952084,0.8693981,3667.3342,49.952084,0.8693981,152.37494,,,,,,,,,,,,,,,,,49.952084,0.95933586,0.19927682,49.952084,0.95933586,0.0074612168,,,,,,,,,,,,,49.952084,9.0,1.0,,,,,49.952084,0.95933586,0.09381141,49.952084,0.95933586,27.912771,49.952084,0.95933586,0.003127047,49.952084,0.95933586,0.036092002,49.952084,0.95933586,6.0,,,,,,,
49.952084,0.89937735,1.0176408,49.952084,0.89937735,0.045217905,,,,,,,,,,,,,,,,,,,,,,,,,,,,,,,,,,,,,,,,,,,,,,,,,,,,,,,,,,,,,49.952084,0.89937735,3397.3638,49.952084,0.89937735,146.2568,,,,,,,,,,,,,,,,,49.952084,0.98931515,0.19813412,49.952084,0.98931515,0.007519291,,,,,,,,,,,,,49.952084,9.0,2.0,,,,,49.952084,0.98931515,0.093998596,49.952084,0.98931515,27.913595,49.952084,0.98931515,0.0031332867,49.952084,0.98931515,0.0365733,49.952084,0.98931515,6.0,,,,,,,
49.952084,0.92935663,0.9366206,49.952084,0.92935663,0.041335717,,,,,,,,,,,,,,,,,,,,,,,,,,,,,,,,,,,,,,,,,,,,,,,,,,,,,,,,,,,,,49.952084,0.92935663,3125.033,49.952084,0.92935663,133.43373,,,,,,,,,,,,,,,,,49.952084,1.0192944,0.19863142,49.952084,1.0192944,0.0077727116,,,,,,,,,,,,,,,,,,,,49.952084,1.0192944,0.09532924,49.952084,1.0192944,27.919447,49.952084,1.0192944,0.0031776407,49.952084,1.0192944,0.037680928,49.952084,1.0192944,6.0,,,,,,,
49.952084,0.95933586,0.86708313,49.952084,0.95933586,0.036085084,,,,,,,,,,,,,,,,,,,,,,,,,,,,,,,,,,,,,,,,,,,,,,,,,,,,,,,,,,,,,49.952084,0.95933586,2893.6477,49.952084,0.95933586,116.235,,,,,,,,,,,,,,,,,49.952084,1.0492736,0.19792847,49.952084,1.0492736,0.0073734703,,,,,,,,,,,,,,,,,,,,49.952084,1.0492736,0.09582091,49.952084,1.0492736,27.921612,49.952084,1.0492736,0.0031940306,49.952084,1.0492736,0.03591219,49.952084,1.0492736,6.0,,,,,,,
49.952084,0.9893151,0.8113788,49.952084,0.9893151,0.034166295,,,,,,,,,,,,,,,,,,,,,,,,,,,,,,,,,,,,,,,,,,,,,,,,,,,,,,,,,,,,,49.952084,0.9893151,2706.409,49.952084,0.9893151,109.87032,,,,,,,,,,,,,,,,,49.952084,1.0792528,0.19870053,49.952084,1.0792528,0.0072696125,,,,,,,,,,,,,,,,,,,,49.952084,1.0792528,0.09737588,49.952084,1.0792528,27.928453,49.952084,1.0792528,0.0032458627,49.952084,1.0792528,0.035294075,49.952084,1.0792528,6.0,,,,,,,
49.952084,1.0192944,0.7757102,49.952084,1.0192944,0.03377956,,,,,,,,,,,,,,,,,,,,,,,,,,,,,,,,,,,,,,,,,,,,,,,,,,,,,,,,,,,,,49.952084,1.0192944,2589.1377,49.952084,1.0192944,108.7638,,,,,,,,,,,,,,,,,49.952084,1.1092321,0.19577801,49.952084,1.1092321,0.006992696,,,,,,,,,,,,,,,,,,,,49.952084,1.1092321,0.09635304,49.952084,1.1092321,27.923954,49.952084,1.1092321,0.0032117679,49.952084,1.1092321,0.034475192,49.952084,1.1092321,6.0,,,,,,,
49.952084,1.0492736,0.73471665,49.952084,1.0492736,0.03083445,,,,,,,,,,,,,,,,,,,,,,,,,,,,,,,,,,,,,,,,,,,,,,,,,,,,,,,,,,,,,49.952084,1.0492736,2449.9573,49.952084,1.0492736,99.12343,,,,,,,,,,,,,,,,,49.952084,1.1392113,0.1920442,49.952084,1.1392113,0.0071429918,,,,,,,,,,,,,,,,,,,,49.952084,1.1392113,0.09469484,49.952084,1.1392113,27.916656,49.952084,1.1392113,0.003156495,49.952084,1.1392113,0.035865232,49.952084,1.1392113,6.0,,,,,,,
49.952084,1.0792528,0.69666815,49.952084,1.0792528,0.029094152,,,,,,,,,,,,,,,,,,,,,,,,,,,,,,,,,,,,,,,,,,,,,,,,,,,,,,,,,,,,,49.952084,1.0792528,2324.0781,49.952084,1.0792528,93.32973,,,,,,,,,,,,,,,,,49.952084,1.1691906,0.19929041,49.952084,1.1691906,0.006984948,,,,,,,,,,,,,,,,,,,,49.952084,1.1691906,0.100883044,49.952084,1.1691906,27.943886,49.952084,1.1691906,0.0033627683,49.952084,1.1691906,0.033860013,49.952084,1.1691906,6.0,,,,,,,
49.952084,1.1092321,0.6545143,49.952084,1.1092321,0.026758887,,,,,,,,,,,,,,,,,,,,,,,,,,,,,,,,,,,,,,,,,,,,,,,,,,,,,,,,,,,,,49.952084,1.1092321,2183.013,49.952084,1.1092321,85.487045,,,,,,,,,,,,,,,,,49.952084,1.1991699,0.19470274,49.952084,1.1991699,0.0064797252,,,,,,,,,,,,,,,,,,,,49.952084,1.1991699,0.098695405,49.952084,1.1991699,27.93426,49.952084,1.1991699,0.003289847,49.952084,1.1991699,0.03219972,49.952084,1.1991699,6.0,,,,,,,
49.952084,1.1392113,0.61053103,49.952084,1.1392113,0.02591105,,,,,,,,,,,,,,,,,,,,,,,,,,,,,,,,,,,,,,,,,,,,,,,,,,,,,,,,,,,,,49.952084,1.1392113,2035.5365,49.952084,1.1392113,82.79652,,,,,,,,,,,,,,,,,49.952084,1.2291491,0.19546102,49.952084,1.2291491,0.006768251,,,,,,,,,,,,,,,,,,,,49.952084,1.2291491,0.10031769,49.952084,1.2291491,27.941399,49.952084,1.2291491,0.0033439228,49.952084,1.2291491,0.033450857,49.952084,1.2291491,6.0,,,,,,,
49.952084,1.1691905,0.60239476,49.952084,1.1691905,0.02424513,,,,,,,,,,,,,,,,,,,,,,,,,,,,,,,,,,,,,,,,,,,,,,,,,,,,,,,,,,,,,49.952084,1.1691905,2010.1024,49.952084,1.1691905,77.49719,,,,,,,,,,,,,,,,,49.952084,1.2591283,0.19912738,49.952084,1.2591283,0.006616059,,,,,,,,,,,,,,,,,,,,49.952084,1.2591283,0.10398526,49.952084,1.2591283,27.957537,49.952084,1.2591283,0.0034661752,49.952084,1.2591283,0.032154873,49.952084,1.2591283,6.0,,,,,,,
49.952084,1.1991699,0.56461406,49.952084,1.1991699,0.021820614,,,,,,,,,,,,,,,,,,,,,,,,,,,,,,,,,,,,,,,,,,,,,,,,,,,,,,,,,,,,,49.952084,1.1991699,1883.1616,49.952084,1.1991699,69.24944,,,,,,,,,,,,,,,,,49.952084,1.2891076,0.20072618,49.952084,1.2891076,0.006455225,,,,,,,,,,,,,,,,,,,,49.952084,1.2891076,0.106293105,49.952084,1.2891076,27.967688,49.952084,1.2891076,0.0035431033,49.952084,1.2891076,0.031161305,49.952084,1.2891076,6.0,,,,,,,
49.952084,1.2291491,0.53708166,49.952084,1.2291491,0.021716496,,,,,,,,,,,,,,,,,,,,,,,,,,,,,,,,,,,,,,,,,,,,,,,,,,,,,,,,,,,,,49.952084,1.2291491,1790.5935,49.952084,1.2291491,69.22574,,,,,,,,,,,,,,,,,49.952084,1.3190868,0.20259432,49.952084,1.3190868,0.006902215,,,,,,,,,,,,,,,,,,,,49.952084,1.3190868,0.10886563,49.952084,1.3190868,27.979012,49.952084,1.3190868,0.0036288542,49.952084,1.3190868,0.03293744,49.952084,1.3190868,6.0,,,,,,,
49.952084,1.2591283,0.52696717,49.952084,1.2591283,0.0205563,,,,,,,,,,,,,,,,,,,,,,,,,,,,,,,,,,,,,,,,,,,,,,,,,,,,,,,,,,,,,49.952084,1.2591283,1756.9626,49.952084,1.2591283,65.155914,,,,,,,,,,,,,,,,,49.952084,1.349066,0.20465833,49.952084,1.349066,0.0066697053,,,,,,,,,,,,,,,,,,,,49.952084,1.349066,0.111586705,49.952084,1.349066,27.990982,49.952084,1.349066,0.0037195566,49.952084,1.349066,0.03155937,49.952084,1.349066,6.0,,,,,,,
49.952084,1.2891076,0.5080619,49.952084,1.2891076,0.019291984,,,,,,,,,,,,,,,,,,,,,,,,,,,,,,,,,,,,,,,,,,,,,,,,,,,,,,,,,,,,,49.952084,1.2891076,1693.8474,49.952084,1.2891076,61.112106,,,,,,,,,,,,,,,,,49.952084,1.3790454,0.2024907,49.952084,1.3790454,0.0062570744,,,,,,,,,,,,,,,,,,,,49.952084,1.3790454,0.11122014,49.952084,1.3790454,27.989368,49.952084,1.3790454,0.0037073377,49.952084,1.3790454,0.029956682,49.952084,1.3790454,5.0,,,,,,,
49.952084,1.3190868,0.49061435,49.952084,1.3190868,0.019604344,,,,,,,,,,,,,,,,,,,,,,,,,,,,,,,,,,,,,,,,,,,,,,,,,,,,,,,,,,,,,49.952084,1.3190868,1635.6737,49.952084,1.3190868,62.148994,,,,,,,,,,,,,,,,,49.952084,1.4090246,0.20392103,49.952084,1.4090246,0.006536983,,,,,,,,,,,,,,,,,,,,49.952084,1.4090246,0.1135462,49.952084,1.4090246,27.999603,49.952084,1.4090246,0.0037848735,49.952084,1.4090246,0.031094931,49.952084,1.4090246,6.0,,,,,,,
49.952084,1.349066,0.47582927,49.952084,1.349066,0.018369773,,,,,,,,,,,,,,,,,,,,,,,,,,,,,,,,,,,,,,,,,,,,,,,,,,,,,,,,,,,,,49.952084,1.349066,1587.6056,49.952084,1.349066,58.162918,,,,,,,,,,,,,,,,,49.952084,1.4390038,0.20229125,49.952084,1.4390038,0.0058506876,,,,,,,,,,,,,,,,,,,,49.952084,1.4390038,0.11360126,49.952084,1.4390038,27.999846,49.952084,1.4390038,0.0037867087,49.952084,1.4390038,0.028138796,49.952084,1.4390038,5.0,,,,,,,
49.952084,1.3790452,0.45317566,49.952084,1.3790452,0.016748477,,,,,,,,,,,,,,,,,,,,,,,,,,,,,,,,,,,,,,,,,,,,,,,,,,,,,,,,,,,,,49.952084,1.3790452,1511.0289,49.952084,1.3790452,52.688187,,,,,,,,,,,,,,,,,49.952084,1.468983,0.19562738,49.952084,1.468983,0.005793261,,,,,,,,,,,,,,,,,,,,49.952084,1.468983,0.109694935,49.952084,1.468983,27.982658,49.952084,1.468983,0.0036564982,49.952084,1.468983,0.02876797,49.952084,1.468983,5.0,,,,,,,
49.952084,1.4090246,0.4380039,49.952084,1.4090246,0.016807973,,,,,,,,,,,,,,,,,,,,,,,,,,,,,,,,,,,,,,,,,,,,,,,,,,,,,,,,,,,,,49.952084,1.4090246,1460.8168,49.952084,1.4090246,53.008766,,,,,,,,,,,,,,,,,49.952084,1.4989623,0.18581274,49.952084,1.4989623,0.005443951,,,,,,,,,,,,,,,,,,,,49.952084,1.4989623,0.10332935,49.952084,1.4989623,27.954649,49.952084,1.4989623,0.0034443121,49.952084,1.4989623,0.028473444,49.952084,1.4989623,5.0,,,,,,,
49.952084,1.4390038,0.418697,49.952084,1.4390038,0.0151271755,,,,,,,,,,,,,,,,,,,,,,,,,,,,,,,,,,,,,,,,,,,,,,,,,,,,,,,,,,,,,49.952084,1.4390038,1396.3279,49.952084,1.4390038,47.412476,,,,,,,,,,,,,,,,,49.952084,1.5289415,0.1687885,49.952084,1.5289415,0.0050104684,,,,,,,,,,,,,,,,,,,,49.952084,1.5289415,0.091157526,49.952084,1.5289415,27.901093,49.952084,1.5289415,0.003038584,49.952084,1.5289415,0.028837565,49.952084,1.5289415,5.0,,,,,,,
49.952084,1.468983,0.38493234,49.952084,1.468983,0.014130597,,,,,,,,,,,,,,,,,,,,,,,,,,,,,,,,,,,,,,,,,,,,,,,,,,,,,,,,,,,,,49.952084,1.468983,1282.1655,49.952084,1.468983,44.142883,,,,,,,,,,,,,,,,,49.952084,1.5589207,0.16985363,49.952084,1.5589207,0.0050415974,,,,,,,,,,,,,,,,,,,,49.952084,1.5589207,0.09297233,49.952084,1.5589207,27.909079,49.952084,1.5589207,0.0030990776,49.952084,1.5589207,0.028807083,49.952084,1.5589207,5.0,,,,,,,
49.952084,1.4989623,0.35464823,49.952084,1.4989623,0.013134017,,,,,,,,,,,,,,,,,,,,,,,,,,,,,,,,,,,,,,,,,,,,,,,,,,,,,,,,,,,,,49.952084,1.4989623,1181.1857,49.952084,1.4989623,41.008766,,,,,,,,,,,,,,,,,49.952084,1.5889001,0.18862808,49.952084,1.5889001,0.005601335,,,,,,,,,,,,,,,,,,,,49.952084,1.5889001,0.10871653,49.952084,1.5889001,27.978355,49.952084,1.5889001,0.0036238842,49.952084,1.5889001,0.028806252,49.952084,1.5889001,5.0,,,,,,,
49.952084,1.5289415,0.31073922,49.952084,1.5289415,0.011854827,,,,,,,,,,,,,,,,,,,,,,,,,,,,,,,,,,,,,,,,,,,,,,,,,,,,,,,,,,,,,49.952084,1.5289415,1034.0773,49.952084,1.5289415,36.764942,,,,,,,,,,,,,,,,,49.952084,1.6188793,0.20090319,49.952084,1.6188793,0.0055459663,,,,,,,,,,,,,,,,,,,,49.952084,1.6188793,0.11962374,49.952084,1.6188793,28.026346,49.952084,1.6188793,0.003987458,49.952084,1.6188793,0.026798306,49.952084,1.6188793,5.0,,,,,,,
49.952084,1.5589207,0.30409038,49.952084,1.5589207,0.011825078,,,,,,,,,,,,,,,,,,,,,,,,,,,,,,,,,,,,,,,,,,,,,,,,,,,,,,,,,,,,,49.952084,1.5589207,1012.963,49.952084,1.5589207,36.48734,,,,,,,,,,,,,,,,,49.952084,1.6488585,0.18646584,49.952084,1.6488585,0.0052311127,,,,,,,,,,,,,,,,,,,,49.952084,1.6488585,0.10942256,49.952084,1.6488585,27.981462,49.952084,1.6488585,0.0036474185,49.952084,1.6488585,0.027346598,49.952084,1.6488585,5.0,,,,,,,
49.952084,1.5889,0.32555407,49.952084,1.5889,0.0122861825,,,,,,,,,,,,,,,,,,,,,,,,,,,,,,,,,,,,,,,,,,,,,,,,,,,,,,,,,,,,,49.952084,1.5889,1085.7972,49.952084,1.5889,38.089687,,,,,,,,,,,,,,,,,49.952084,1.6788378,0.1764965,49.952084,1.6788378,0.005734273,,,,,,,,,,,,,,,,,,,,49.952084,1.6788378,0.102576345,49.952084,1.6788378,27.951334,49.952084,1.6788378,0.0034192118,49.952084,1.6788378,0.031489875,49.952084,1.6788378,6.0,,,,,,,
49.952084,1.6188793,0.33305073,49.952084,1.6188793,0.011944074,,,,,,,,,,,,,,,,,,,,,,,,,,,,,,,,,,,,,,,,,,,,,,,,,,,,,,,,,,,,,49.952084,1.6188793,1109.3324,49.952084,1.6188793,37.01765,,,,,,,,,,,,,,,,,49.952084,1.708817,0.17384312,49.952084,1.708817,0.006042051,,,,,,,,,,,,,,,,,,,,49.952084,1.708817,0.10155508,49.952084,1.708817,27.946846,49.952084,1.708817,0.0033851692,49.952084,1.708817,0.033619102,49.952084,1.708817,6.0,,,,,,,
49.952084,1.6488585,0.29785812,49.952084,1.6488585,0.010887996,,,,,,,,,,,,,,,,,,,,,,,,,,,,,,,,,,,,,,,,,,,,,,,,,,,,,,,,,,,,,49.952084,1.6488585,991.3507,49.952084,1.6488585,33.53133,,,,,,,,,,,,,,,,,49.952084,1.7387962,0.17369932,49.952084,1.7387962,0.005959922,,,,,,,,,,,,,,,,,,,,49.952084,1.7387962,0.10246822,49.952084,1.7387962,27.950863,49.952084,1.7387962,0.0034156074,49.952084,1.7387962,0.03315924,49.952084,1.7387962,6.0,,,,,,,
49.952084,1.6788378,0.27310723,49.952084,1.6788378,0.011378849,,,,,,,,,,,,,,,,,,,,,,,,,,,,,,,,,,,,,,,,,,,,,,,,,,,,,,,,,,,,,49.952084,1.6788378,909.2616,49.952084,1.6788378,35.191902,,,,,,,,,,,,,,,,,49.952084,1.7687756,0.18077378,49.952084,1.7687756,0.0057521816,,,,,,,,,,,,,,,,,,,,49.952084,1.7687756,0.10941988,49.952084,1.7687756,27.98145,49.952084,1.7687756,0.003647329,49.952084,1.7687756,0.030825555,49.952084,1.7687756,6.0,,,,,,,
49.952084,1.708817,0.26153502,49.952084,1.708817,0.011542466,,,,,,,,,,,,,,,,,,,,,,,,,,,,,,,,,,,,,,,,,,,,,,,,,,,,,,,,,,,,,49.952084,1.708817,871.60205,49.952084,1.708817,35.70374,,,,,,,,,,,,,,,,,49.952084,1.7987548,0.19157368,49.952084,1.7987548,0.006026229,,,,,,,,,,,,,,,,,,,,49.952084,1.7987548,0.11958262,49.952084,1.7987548,28.026161,49.952084,1.7987548,0.0039860876,49.952084,1.7987548,0.030560736,49.952084,1.7987548,6.0,,,,,,,
49.952084,1.7387962,0.24935296,49.952084,1.7387962,0.01093262,,,,,,,,,,,,,,,,,,,,,,,,,,,,,,,,,,,,,,,,,,,,,,,,,,,,,,,,,,,,,49.952084,1.7387962,831.2329,49.952084,1.7387962,33.762108,,,,,,,,,,,,,,,,,49.952084,1.828734,0.22985111,49.952084,1.828734,0.0070368177,,,,,,,,,,,,,,,,,,,,49.952084,1.828734,0.15292281,49.952084,1.828734,28.172861,49.952084,1.828734,0.005097427,49.952084,1.828734,0.029734062,49.952084,1.828734,5.0,,,,,,,
49.952084,1.7687755,0.2550796,49.952084,1.7687755,0.010456641,,,,,,,,,,,,,,,,,,,,,,,,,,,,,,,,,,,,,,,,,,,,,,,,,,,,,,,,,,,,,49.952084,1.7687755,849.9588,49.952084,1.7687755,32.166832,,,,,,,,,,,,,,,,,49.952084,1.8587133,0.24440736,49.952084,1.8587133,0.0066507626,,,,,,,,,,,,,,,,,,,,49.952084,1.8587133,0.16710107,49.952084,1.8587133,28.235243,49.952084,1.8587133,0.0055700354,49.952084,1.8587133,0.026460394,49.952084,1.8587133,5.0,,,,,,,
49.952084,1.7987547,0.26459917,49.952084,1.7987547,0.0107987495,,,,,,,,,,,,,,,,,,,,,,,,,,,,,,,,,,,,,,,,,,,,,,,,,,,,,,,,,,,,,49.952084,1.7987547,882.8729,49.952084,1.7987547,33.23601,,,,,,,,,,,,,,,,,49.952084,1.8886925,0.22947863,49.952084,1.8886925,0.0059285443,,,,,,,,,,,,,,,,,,,,49.952084,1.8886925,0.15680812,49.952084,1.8886925,28.189955,49.952084,1.8886925,0.0052269376,49.952084,1.8886925,0.025223626,49.952084,1.8886925,5.0,,,,,,,
49.952084,1.828734,0.3001041,49.952084,1.828734,0.011393723,,,,,,,,,,,,,,,,,,,,,,,,,,,,,,,,,,,,,,,,,,,,,,,,,,,,,,,,,,,,,49.952084,1.828734,1000.49097,49.952084,1.828734,35.290726,,,,,,,,,,,,,,,,,49.952084,1.9186717,0.22650473,49.952084,1.9186717,0.0058940435,,,,,,,,,,,,,,,,,,,,49.952084,1.9186717,0.15633754,49.952084,1.9186717,28.187883,49.952084,1.9186717,0.005211251,49.952084,1.9186717,0.02534905,49.952084,1.9186717,5.0,,,,,,,
49.952084,1.8587133,0.31407106,49.952084,1.8587133,0.010754128,,,,,,,,,,,,,,,,,,,,,,,,,,,,,,,,,,,,,,,,,,,,,,,,,,,,,,,,,,,,,49.952084,1.8587133,1046.661,49.952084,1.8587133,33.09994,,,,,,,,,,,,,,,,,49.952084,1.948651,0.22496946,49.952084,1.948651,0.0059123123,,,,,,,,,,,,,,,,,,,,49.952084,1.948651,0.1571214,49.952084,1.948651,28.191336,49.952084,1.948651,0.00523738,49.952084,1.948651,0.02561176,49.952084,1.948651,5.0,,,,,,,
49.952084,1.8886925,0.28433734,49.952084,1.8886925,0.0097426735,,,,,,,,,,,,,,,,,,,,,,,,,,,,,,,,,,,,,,,,,,,,,,,,,,,,,,,,,,,,,49.952084,1.8886925,946.6201,49.952084,1.8886925,29.764427,,,,,,,,,,,,,,,,,49.952084,1.9786303,0.2236306,49.952084,1.9786303,0.0060728635,,,,,,,,,,,,,,,,,,,,49.952084,1.9786303,0.15792167,49.952084,1.9786303,28.194855,49.952084,1.9786303,0.0052640554,49.952084,1.9786303,0.026381424,49.952084,1.9786303,5.0,,,,,,,
49.952084,1.9186717,0.27074224,49.952084,1.9186717,0.009296444,,,,,,,,,,,,,,,,,,,,,,,,,,,,,,,,,,,,,,,,,,,,,,,,,,,,,,,,,,,,,49.952084,1.9186717,902.761,49.952084,1.9186717,28.31541,,,,,,,,,,,,,,,,,49.952084,2.0086095,0.22057104,49.952084,2.0086095,0.0063440236,,,,,,,,,,,,,,,,,,,,49.952084,2.0086095,0.15718551,49.952084,2.0086095,28.191616,49.952084,2.0086095,0.0052395174,49.952084,2.0086095,0.027926752,49.952084,2.0086095,5.0,,,,,,,
49.952084,1.948651,0.26180276,49.952084,1.948651,0.009117953,,,,,,,,,,,,,,,,,,,,,,,,,,,,,,,,,,,,,,,,,,,,,,,,,,,,,,,,,,,,,49.952084,1.948651,871.5279,49.952084,1.948651,27.761528,,,,,,,,,,,,,,,,,49.952084,2.0385888,0.22220767,49.952084,2.0385888,0.0054901447,,,,,,,,,,,,,,,,,,,,49.952084,2.0385888,0.16097644,49.952084,2.0385888,28.208298,49.952084,2.0385888,0.005365881,49.952084,2.0385888,0.024130158,49.952084,2.0385888,5.0,,,,,,,
49.952084,1.9786302,0.2534434,49.952084,1.9786302,0.0091179535,,,,,,,,,,,,,,,,,,,,,,,,,,,,,,,,,,,,,,,,,,,,,,,,,,,,,,,,,,,,,49.952084,1.9786302,843.5965,49.952084,1.9786302,27.755962,,,,,,,,,,,,,,,,,49.952084,2.068568,0.22952837,49.952084,2.068568,0.005419868,,,,,,,,,,,,,,,,,,,,49.952084,2.068568,0.16981852,49.952084,2.068568,28.2472,49.952084,2.068568,0.0056606177,49.952084,2.068568,0.023049079,49.952084,2.068568,5.0,,,,,,,
49.952084,2.0086095,0.24323961,49.952084,2.0086095,0.009147702,,,,,,,,,,,,,,,,,,,,,,,,,,,,,,,,,,,,,,,,,,,,,,,,,,,,,,,,,,,,,49.952084,2.0086095,809.4343,49.952084,2.0086095,27.920021,,,,,,,,,,,,,,,,,49.952084,2.0985472,0.23143294,49.952084,2.0985472,0.005494872,,,,,,,,,,,,,,,,,,,,49.952084,2.0985472,0.17372188,49.952084,2.0985472,28.264376,49.952084,2.0985472,0.00579073,49.952084,2.0985472,0.023208506,49.952084,2.0985472,5.0,,,,,,,
49.952084,2.0385888,0.2376023,49.952084,2.0385888,0.008136248,,,,,,,,,,,,,,,,,,,,,,,,,,,,,,,,,,,,,,,,,,,,,,,,,,,,,,,,,,,,,49.952084,2.0385888,790.6741,49.952084,2.0385888,24.512283,,,,,,,,,,,,,,,,,49.952084,2.1285264,0.23189889,49.952084,2.1285264,0.0060176942,,,,,,,,,,,,,,,,,,,,49.952084,2.1285264,0.17673467,49.952084,2.1285264,28.277636,49.952084,2.1285264,0.0058911564,49.952084,2.1285264,0.025306156,49.952084,2.1285264,5.0,,,,,,,
49.952084,2.068568,0.23598096,49.952084,2.068568,0.0076156473,,,,,,,,,,,,,,,,,,,,,,,,,,,,,,,,,,,,,,,,,,,,,,,,,,,,,,,,,,,,,49.952084,2.068568,786.4795,49.952084,2.068568,22.721634,,,,,,,,,,,,,,,,,49.952084,2.1585057,0.22253312,49.952084,2.1585057,0.0042513716,,,,,,,,,,,,,,,,,,,,49.952084,2.1585057,0.17054766,49.952084,2.1585057,28.25041,49.952084,2.1585057,0.005684922,49.952084,2.1585057,0.018797284,49.952084,2.1585057,5.0,,,,,,,
49.952084,2.0985472,0.23217314,49.952084,2.0985472,0.0076453965,,,,,,,,,,,,,,,,,,,,,,,,,,,,,,,,,,,,,,,,,,,,,,,,,,,,,,,,,,,,,49.952084,2.0985472,773.17773,49.952084,2.0985472,22.9202,,,,,,,,,,,,,,,,,49.952084,2.188485,0.20704898,49.952084,2.188485,0.0049818456,,,,,,,,,,,,,,,,,,,,49.952084,2.188485,0.15823033,49.952084,2.188485,28.196213,49.952084,2.188485,0.005274345,49.952084,2.188485,0.023481725,49.952084,2.188485,5.0,,,,,,,
49.952084,2.1285264,0.22555406,49.952084,2.1285264,0.007928009,,,,,,,,,,,,,,,,,,,,,,,,,,,,,,,,,,,,,,,,,,,,,,,,,,,,,,,,,,,,,49.952084,2.1285264,750.6468,49.952084,2.1285264,23.818642,,,,,,,,,,,,,,,,,49.952084,2.2184641,0.19532403,49.952084,2.2184641,0.0041292,,,,,,,,,,,,,,,,,,,,49.952084,2.2184641,0.14916882,49.952084,2.2184641,28.156343,49.952084,2.2184641,0.0049722944,49.952084,2.2184641,0.020721564,49.952084,2.2184641,5.0,,,,,,,
49.952084,2.1585057,0.2111855,49.952084,2.1585057,0.0061282166,,,,,,,,,,,,,,,,,,,,,,,,,,,,,,,,,,,,,,,,,,,,,,,,,,,,,,,,,,,,,49.952084,2.1585057,702.5883,49.952084,2.1585057,17.91108,,,,,,,,,,,,,,,,,49.952084,2.2484434,0.18604882,49.952084,2.2484434,0.0048085153,,,,,,,,,,,,,,,,,,,,49.952084,2.2484434,0.14201018,49.952084,2.2484434,28.124846,49.952084,2.2484434,0.0047336733,49.952084,2.2484434,0.025135994,49.952084,2.2484434,5.0,,,,,,,
49.952084,2.188485,0.19232486,49.952084,2.188485,0.0065595713,,,,,,,,,,,,,,,,,,,,,,,,,,,,,,,,,,,,,,,,,,,,,,,,,,,,,,,,,,,,,49.952084,2.188485,639.54956,49.952084,2.188485,19.318142,,,,,,,,,,,,,,,,,49.952084,2.2784226,0.17546897,49.952084,2.2784226,0.0045458577,,,,,,,,,,,,,,,,,,,,49.952084,2.2784226,0.13356075,49.952084,2.2784226,28.087667,49.952084,2.2784226,0.004452025,49.952084,2.2784226,0.025234994,49.952084,2.2784226,5.0,,,,,,,
49.952084,2.2184641,0.17565075,49.952084,2.2184641,0.0058753537,,,,,,,,,,,,,,,,,,,,,,,,,,,,,,,,,,,,,,,,,,,,,,,,,,,,,,,,,,,,,49.952084,2.2184641,583.62726,49.952084,2.2184641,17.237701,,,,,,,,,,,,,,,,,49.952084,2.308402,0.16413285,49.952084,2.308402,0.004315315,,,,,,,,,,,,,,,,,,,,49.952084,2.308402,0.12396949,49.952084,2.308402,28.045464,49.952084,2.308402,0.004132316,49.952084,2.308402,0.025648244,49.952084,2.308402,0.0,,,,,,,
49.952084,2.2484434,0.1638108,49.952084,2.2484434,0.0063215825,,,,,,,,,,,,,,,,,,,,,,,,,,,,,,,,,,,,,,,,,,,,,,,,,,,,,,,,,,,,,49.952084,2.2484434,544.641,49.952084,2.2484434,18.623009,,,,,,,,,,,,,,,,,49.952084,2.3383813,0.15579525,49.952084,2.3383813,0.0045402143,,,,,,,,,,,,,,,,,,,,49.952084,2.3383813,0.11710754,49.952084,2.3383813,28.015274,49.952084,2.3383813,0.0039035843,49.952084,2.3383813,0.028319491,49.952084,2.3383813,0.0,,,,,,,
49.952084,2.2784226,0.15173286,49.952084,2.2784226,0.005934851,,,,,,,,,,,,,,,,,,,,,,,,,,,,,,,,,,,,,,,,,,,,,,,,,,,,,,,,,,,,,49.952084,2.2784226,504.9281,49.952084,2.2784226,17.275099,,,,,,,,,,,,,,,,,49.952084,2.3683605,0.16175051,49.952084,2.3683605,0.0040906547,,,,,,,,,,,,,,,,,,,,49.952084,2.3683605,0.12429432,49.952084,2.3683605,28.046896,49.952084,2.3683605,0.0041431435,49.952084,2.3683605,0.024547823,49.952084,2.3683605,0.0,,,,,,,
49.952084,2.3084018,0.13934256,49.952084,2.3084018,0.0057266103,,,,,,,,,,,,,,,,,,,,,,,,,,,,,,,,,,,,,,,,,,,,,,,,,,,,,,,,,,,,,49.952084,2.3084018,463.53174,49.952084,2.3084018,16.631365,,,,,,,,,,,,,,,,,49.952084,2.3983397,0.1891812,49.952084,2.3983397,0.0047747465,,,,,,,,,,,,,,,,,,,,49.952084,2.3983397,0.15317269,49.952084,2.3983397,28.173962,49.952084,2.3983397,0.0051057567,49.952084,2.3983397,0.024713004,49.952084,2.3983397,0.0,,,,,,,
49.952084,2.338381,0.12760672,49.952084,2.338381,0.0056076157,,,,,,,,,,,,,,,,,,,,,,,,,,,,,,,,,,,,,,,,,,,,,,,,,,,,,,,,,,,,,49.952084,2.338381,423.90372,49.952084,2.338381,16.25458,,,,,,,,,,,,,,,,,49.952084,2.428319,0.19863182,49.952084,2.428319,0.0046163816,,,,,,,,,,,,,,,,,,,,49.952084,2.428319,0.16504516,49.952084,2.428319,28.226196,49.952084,2.428319,0.005501505,49.952084,2.428319,0.022678206,49.952084,2.428319,0.0,,,,,,,
49.952084,2.3683605,0.12995686,49.952084,2.3683605,0.0052060094,,,,,,,,,,,,,,,,,,,,,,,,,,,,,,,,,,,,,,,,,,,,,,,,,,,,,,,,,,,,,49.952084,2.3683605,431.15222,49.952084,2.3683605,14.957975,,,,,,,,,,,,,,,,,49.952084,2.4582982,0.19782695,49.952084,2.4582982,0.004134411,,,,,,,,,,,,,,,,,,,,49.952084,2.4582982,0.16662425,49.952084,2.4582982,28.233147,49.952084,2.4582982,0.0055541424,49.952084,2.4582982,0.02040328,49.952084,2.4582982,0.0,,,,,,,
49.952084,2.3983397,0.14893648,49.952084,2.3983397,0.005667113,,,,,,,,,,,,,,,,,,,,,,,,,,,,,,,,,,,,,,,,,,,,,,,,,,,,,,,,,,,,,49.952084,2.3983397,494.55435,49.952084,2.3983397,16.50274,,,,,,,,,,,,,,,,,49.952084,2.4882774,0.21020032,49.952084,2.4882774,0.004855297,,,,,,,,,,,,,,,,,,,,49.952084,2.4882774,0.18195415,49.952084,2.4882774,28.300598,49.952084,2.4882774,0.0060651377,49.952084,2.4882774,0.022825193,49.952084,2.4882774,0.0,,,,,,,
49.952084,2.428319,0.15286332,49.952084,2.428319,0.0054886215,,,,,,,,,,,,,,,,,,,,,,,,,,,,,,,,,,,,,,,,,,,,,,,,,,,,,,,,,,,,,49.952084,2.428319,508.8236,49.952084,2.428319,15.89789,,,,,,,,,,,,,,,,,49.952084,2.5182567,0.18541327,49.952084,2.5182567,0.004197395,,,,,,,,,,,,,,,,,,,,49.952084,2.5182567,0.15836334,49.952084,2.5182567,28.196798,49.952084,2.5182567,0.0052787783,49.952084,2.5182567,0.022222769,49.952084,2.5182567,0.0,,,,,,,
49.952084,2.4582982,0.14377509,49.952084,2.4582982,0.0048639,,,,,,,,,,,,,,,,,,,,,,,,,,,,,,,,,,,,,,,,,,,,,,,,,,,,,,,,,,,,,49.952084,2.4582982,477.70374,49.952084,2.4582982,13.813892,,,,,,,,,,,,,,,,,49.952084,2.548236,0.16646531,49.952084,2.548236,0.003668406,,,,,,,,,,,,,,,,,,,,49.952084,2.548236,0.14036484,49.952084,2.548236,28.117605,49.952084,2.548236,0.004678828,49.952084,2.548236,0.018874528,49.952084,2.548236,0.0,,,,,,,
49.952084,2.4882774,0.15024544,49.952084,2.4882774,0.0053845015,,,,,,,,,,,,,,,,,,,,,,,,,,,,,,,,,,,,,,,,,,,,,,,,,,,,,,,,,,,,,49.952084,2.4882774,500.29694,49.952084,2.4882774,15.526564,,,,,,,,,,,,,,,,,49.952084,2.5782151,0.16394252,49.952084,2.5782151,0.0042714598,,,,,,,,,,,,,,,,,,,,49.952084,2.5782151,0.13908724,49.952084,2.5782151,28.111986,49.952084,2.5782151,0.004636241,49.952084,2.5782151,0.025278486,49.952084,2.5782151,0.0,,,,,,,
49.952084,2.5182567,0.13151866,49.952084,2.5182567,0.004834151,,,,,,,,,,,,,,,,,,,,,,,,,,,,,,,,,,,,,,,,,,,,,,,,,,,,,,,,,,,,,49.952084,2.5182567,438.65735,49.952084,2.5182567,13.734979,,,,,,,,,,,,,,,,,49.952084,2.6081944,0.17326418,49.952084,2.6081944,0.0034663975,,,,,,,,,,,,,,,,,,,,49.952084,2.6081944,0.15076369,49.952084,2.6081944,28.163357,49.952084,2.6081944,0.005025456,49.952084,2.6081944,0.018592535,49.952084,2.6081944,0.0,,,,,,,
49.952084,2.548236,0.11674848,49.952084,2.548236,0.004343299,,,,,,,,,,,,,,,,,,,,,,,,,,,,,,,,,,,,,,,,,,,,,,,,,,,,,,,,,,,,,49.952084,2.548236,387.5212,49.952084,2.548236,12.128351,,,,,,,,,,,,,,,,,49.952084,2.6381736,0.18465747,49.952084,2.6381736,0.0036290656,,,,,,,,,,,,,,,,,,,,49.952084,2.6381736,0.16538994,49.952084,2.6381736,28.227715,49.952084,2.6381736,0.0055129975,49.952084,2.6381736,0.016839586,49.952084,2.6381736,0.0,,,,,,,
49.952084,2.5782151,0.11240518,49.952084,2.5782151,0.0045812884,,,,,,,,,,,,,,,,,,,,,,,,,,,,,,,,,,,,,,,,,,,,,,,,,,,,,,,,,,,,,49.952084,2.5782151,373.1824,49.952084,2.5782151,12.817499,,,,,,,,,,,,,,,,,49.952084,2.6681528,0.1680004,49.952084,2.6681528,0.004472425,,,,,,,,,,,,,,,,,,,,49.952084,2.6681528,0.14957257,49.952084,2.6681528,28.15812,49.952084,2.6681528,0.004985752,49.952084,2.6681528,0.025469413,49.952084,2.6681528,0.0,,,,,,,
49.952084,2.6081944,0.11558828,49.952084,2.6081944,0.0042243046,,,,,,,,,,,,,,,,,,,,,,,,,,,,,,,,,,,,,,,,,,,,,,,,,,,,,,,,,,,,,49.952084,2.6081944,383.0929,49.952084,2.6081944,11.654365,,,,,,,,,,,,,,,,,49.952084,2.698132,0.120319195,49.952084,2.698132,0.0025195212,,,,,,,,,,,,,,,,,,,,49.952084,2.698132,0.098279096,49.952084,2.698132,27.932426,49.952084,2.698132,0.0032759698,49.952084,2.698132,0.015627112,49.952084,2.698132,0.0,,,,,,,
49.952084,2.6381736,0.118102044,49.952084,2.6381736,0.004149933,,,,,,,,,,,,,,,,,,,,,,,,,,,,,,,,,,,,,,,,,,,,,,,,,,,,,,,,,,,,,49.952084,2.6381736,392.01257,49.952084,2.6381736,11.459645,,,,,,,,,,,,,,,,,49.952084,2.7281115,0.08911831,49.952084,2.7281115,0.0021083364,,,,,,,,,,,,,,,,,,,,49.952084,2.7281115,0.06402853,49.952084,2.7281115,27.781727,49.952084,2.7281115,0.002134284,49.952084,2.7281115,0.010043996,49.952084,2.7281115,0.0,,,,,,,
49.952084,2.6681528,0.10684219,49.952084,2.6681528,0.004700283,,,,,,,,,,,,,,,,,,,,,,,,,,,,,,,,,,,,,,,,,,,,,,,,,,,,,,,,,,,,,49.952084,2.6681528,356.61926,49.952084,2.6681528,13.273552,,,,,,,,,,,,,,,,,49.952084,2.7580907,0.08680579,49.952084,2.7580907,0.0021118515,,,,,,,,,,,,,,,,,,,,49.952084,2.7580907,0.061847348,49.952084,2.7580907,27.77213,49.952084,2.7580907,0.0020615784,49.952084,2.7580907,0.0145652825,49.952084,2.7580907,0.0,,,,,,,
49.952084,2.698132,0.07733155,49.952084,2.698132,0.0035103373,,,,,,,,,,,,,,,,,,,,,,,,,,,,,,,,,,,,,,,,,,,,,,,,,,,,,,,,,,,,,49.952084,2.698132,257.4948,49.952084,2.698132,9.388669,,,,,,,,,,,,,,,,,49.952084,2.78807,0.08152371,49.952084,2.78807,0.002448996,,,,,,,,,,,,,,,,,,,,49.952084,2.78807,0.05659081,49.952084,2.78807,27.748999,49.952084,2.78807,0.0018863601,49.952084,2.78807,0.01732258,49.952084,2.78807,0.0,,,,,,,
49.952084,2.7281113,0.055838168,49.952084,2.7281113,0.0031979773,,,,,,,,,,,,,,,,,,,,,,,,,,,,,,,,,,,,,,,,,,,,,,,,,,,,,,,,,,,,,49.952084,2.7281113,184.08885,49.952084,2.7281113,8.31757,,,,,,,,,,,,,,,,,49.952084,2.8180492,0.081574306,49.952084,2.8180492,0.0023295304,,,,,,,,,,,,,,,,,,,,49.952084,2.8180492,0.057384834,49.952084,2.8180492,27.752495,49.952084,2.8180492,0.0019128277,49.952084,2.8180492,0.02135548,49.952084,2.8180492,0.0,,,,,,,
49.952084,2.7580905,0.05232783,49.952084,2.7580905,0.0030938569,,,,,,,,,,,,,,,,,,,,,,,,,,,,,,,,,,,,,,,,,,,,,,,,,,,,,,,,,,,,,49.952084,2.7580905,172.60042,49.952084,2.7580905,7.9235525,,,,,,,,,,,,,,,,,49.952084,2.8480284,0.07869561,49.952084,2.8480284,0.0021943753,,,,,,,,,,,,,,,,,,,,49.952084,2.8480284,0.054380443,49.952084,2.8480284,27.739275,49.952084,2.8480284,0.0018126816,49.952084,2.8480284,0.008296526,49.952084,2.8480284,4.0,,,,,,,
49.952084,2.78807,0.048237395,49.952084,2.78807,0.003197977,,,,,,,,,,,,,,,,,,,,,,,,,,,,,,,,,,,,,,,,,,,,,,,,,,,,,,,,,,,,,49.952084,2.78807,159.12286,49.952084,2.78807,8.356665,,,,,,,,,,,,,,,,,49.952084,2.8780077,0.07309405,49.952084,2.8780077,0.0022739368,,,,,,,,,,,,,,,,,,,,49.952084,2.8780077,0.048299417,49.952084,2.8780077,27.712517,49.952084,2.8780077,0.0016099807,49.952084,2.8780077,0.011370088,49.952084,2.8780077,5.0,,,,,,,
49.952084,2.8180492,0.046794582,49.952084,2.8180492,0.0030641083,,,,,,,,,,,,,,,,,,,,,,,,,,,,,,,,,,,,,,,,,,,,,,,,,,,,,,,,,,,,,49.952084,2.8180492,154.20554,49.952084,2.8180492,7.8859177,,,,,,,,,,,,,,,,,49.952084,2.9079869,0.06741284,49.952084,2.9079869,0.0013771425,,,,,,,,,,,,,,,,,,,,49.952084,2.9079869,0.042469084,49.952084,2.9079869,27.686863,49.952084,2.9079869,0.0014156362,49.952084,2.9079869,1.0000001e-07,49.952084,2.9079869,7.0,,,,,,,
49.952084,2.8480284,0.04483118,49.952084,2.8480284,0.0028409937,,,,,,,,,,,,,,,,,,,,,,,,,,,,,,,,,,,,,,,,,,,,,,,,,,,,,,,,,,,,,49.952084,2.8480284,147.24692,49.952084,2.8480284,7.14015,,,,,,,,,,,,,,,,,49.952084,2.937966,0.06530902,49.952084,2.937966,0.0018226709,,,,,,,,,,,,,,,,,,,,49.952084,2.937966,0.04036181,49.952084,2.937966,27.677595,49.952084,2.937966,0.0013453937,49.952084,2.937966,0.004841869,49.952084,2.937966,4.0,,,,,,,
49.952084,2.8780077,0.041692697,49.952084,2.8780077,0.0028409937,,,,,,,,,,,,,,,,,,,,,,,,,,,,,,,,,,,,,,,,,,,,,,,,,,,,,,,,,,,,,49.952084,2.8780077,136.96466,49.952084,2.8780077,7.1188946,,,,,,,,,,,,,,,,,49.952084,2.9679453,0.059046004,49.952084,2.9679453,0.001968144,,,,,,,,,,,,,,,,,,,,49.952084,2.9679453,0.033409577,49.952084,2.9679453,27.647003,49.952084,2.9679453,0.0011136526,49.952084,2.9679453,0.0053970334,49.952084,2.9679453,4.0,,,,,,,
49.952084,2.9079869,0.037780754,49.952084,2.9079869,0.0024988845,,,,,,,,,,,,,,,,,,,,,,,,,,,,,,,,,,,,,,,,,,,,,,,,,,,,,,,,,,,,,49.952084,2.9079869,123.959564,49.952084,2.9079869,6.069346,,,,,,,,,,,,,,,,,49.952084,2.9979246,0.056169458,49.952084,2.9979246,0.00097272475,,,,,,,,,,,,,,,,,,,,49.952084,2.9979246,0.030415727,49.952084,2.9979246,27.63383,49.952084,2.9979246,0.0010138577,49.952084,2.9979246,1.0000001e-07,49.952084,2.9979246,7.0,,,,,,,
49.952084,2.937966,0.035207495,49.952084,2.937966,0.0026773764,,,,,,,,,,,,,,,,,,,,,,,,,,,,,,,,,,,,,,,,,,,,,,,,,,,,,,,,,,,,,49.952084,2.937966,115.45274,49.952084,2.937966,6.625122,,,,,,,,,,,,,,,,,49.952084,3.0279038,0.05210609,49.952084,3.0279038,0.0017127261,,,,,,,,,,,,,,,,,,,,49.952084,3.0279038,0.026131094,49.952084,3.0279038,27.614977,49.952084,3.0279038,0.0008710365,49.952084,3.0279038,0.014135703,49.952084,3.0279038,5.0,,,,,,,
49.952084,2.9679453,0.031429425,49.952084,2.9679453,0.0026773761,,,,,,,,,,,,,,,,,,,,,,,,,,,,,,,,,,,,,,,,,,,,,,,,,,,,,,,,,,,,,49.952084,2.9679453,102.80213,49.952084,2.9679453,6.660304,,,,,,,,,,,,,,,,,49.952084,3.057883,0.054881003,49.952084,3.057883,0.0004454491,,,,,,,,,,,,,,,,,,,,49.952084,3.057883,0.029256403,49.952084,3.057883,27.62873,49.952084,3.057883,0.00097521354,49.952084,3.057883,1.0000001e-07,49.952084,3.057883,7.0,,,,,,,
49.952084,2.9979246,0.029287517,49.952084,2.9979246,0.002097278,,,,,,,,,,,,,,,,,,,,,,,,,,,,,,,,,,,,,,,,,,,,,,,,,,,,,,,,,,,,,49.952084,2.9979246,95.5186,49.952084,2.9979246,4.739075,,,,,,,,,,,,,,,,,49.952084,3.0878623,0.050861623,49.952084,3.0878623,0.0011360802,,,,,,,,,,,,,,,,,,,,49.952084,3.0878623,0.024705367,49.952084,3.0878623,27.608706,49.952084,3.0878623,0.00082351215,49.952084,3.0878623,1.0000001e-07,49.952084,3.0878623,7.0,,,,,,,
49.952084,3.0279038,0.027517477,49.952084,3.0279038,0.0025435074,,,,,,,,,,,,,,,,,,,,,,,,,,,,,,,,,,,,,,,,,,,,,,,,,,,,,,,,,,,,,49.952084,3.0279038,89.50162,49.952084,3.0279038,6.199082,,,,,,,,,,,,,,,,,49.952084,3.1178415,0.04972567,49.952084,3.1178415,0.0010094676,,,,,,,,,,,,,,,,,,,,49.952084,3.1178415,0.023832325,49.952084,3.1178415,27.604862,49.952084,3.1178415,0.0007944108,49.952084,3.1178415,1.0000001e-07,49.952084,3.1178415,7.0,,,,,,,
49.952084,3.057883,0.027785216,49.952084,3.057883,0.0019634091,,,,,,,,,,,,,,,,,,,,,,,,,,,,,,,,,,,,,,,,,,,,,,,,,,,,,,,,,,,,,49.952084,3.057883,90.55899,49.952084,3.057883,4.3032374,,,,,,,,,,,,,,,,,49.952084,3.147821,0.043541506,49.952084,3.147821,0.0015962536,,,,,,,,,,,,,,,,,,,,49.952084,3.147821,0.016867695,49.952084,3.147821,27.57422,49.952084,3.147821,0.00056225655,49.952084,3.147821,1.0000001e-07,49.952084,3.147821,7.0,,,,,,,
49.952084,3.0878623,0.025152462,49.952084,3.0878623,0.0022311467,,,,,,,,,,,,,,,,,,,,,,,,,,,,,,,,,,,,,,,,,,,,,,,,,,,,,,,,,,,,,49.952084,3.0878623,81.654,49.952084,3.0878623,5.2031307,,,,,,,,,,,,,,,,,49.952084,3.1778002,0.044761907,49.952084,3.1778002,0.0018309777,,,,,,,,,,,,,,,,,,,,49.952084,3.1778002,0.018421974,49.952084,3.1778002,27.581055,49.952084,3.1778002,0.00061406585,49.952084,3.1778002,0.008315029,49.952084,3.1778002,4.0,,,,,,,
49.952084,3.1178415,0.024542615,49.952084,3.1178415,0.002112152,,,,,,,,,,,,,,,,,,,,,,,,,,,,,,,,,,,,,,,,,,,,,,,,,,,,,,,,,,,,,49.952084,3.1178415,79.59169,49.952084,3.1178415,4.7260075,,,,,,,,,,,,,,,,,49.952084,3.2077794,0.043633718,49.952084,3.2077794,0.0014698511,,,,,,,,,,,,,,,,,,,,49.952084,3.2077794,0.017323777,49.952084,3.2077794,27.576225,49.952084,3.2077794,0.00057745934,49.952084,3.2077794,1.0000001e-07,49.952084,3.2077794,7.0,,,,,,,
49.952084,3.1478207,0.021032277,49.952084,3.1478207,0.0023501413,,,,,,,,,,,,,,,,,,,,,,,,,,,,,,,,,,,,,,,,,,,,,,,,,,,,,,,,,,,,,49.952084,3.1478207,68.01519,49.952084,3.1478207,5.5778103,,,,,,,,,,,,,,,,,49.952084,3.2377586,0.04549373,49.952084,3.2377586,0.0008476851,,,,,,,,,,,,,,,,,,,,49.952084,3.2377586,0.019832976,49.952084,3.2377586,27.587265,49.952084,3.2377586,0.00066109915,49.952084,3.2377586,1.0000001e-07,49.952084,3.2377586,7.0,,,,,,,
49.952084,3.1778,0.021567753,49.952084,3.1778,0.0023501413,,,,,,,,,,,,,,,,,,,,,,,,,,,,,,,,,,,,,,,,,,,,,,,,,,,,,,,,,,,,,49.952084,3.1778,69.769745,49.952084,3.1778,5.5155387,,,,,,,,,,,,,,,,,49.952084,3.2677379,0.045322563,49.952084,3.2677379,0.0011877023,,,,,,,,,,,,,,,,,,,,49.952084,3.2677379,0.019778594,49.952084,3.2677379,27.587027,49.952084,3.2677379,0.0006592865,49.952084,3.2677379,1.0000001e-07,49.952084,3.2677379,7.0,,,,,,,
49.952084,3.2077794,0.021091776,49.952084,3.2077794,0.0022013981,,,,,,,,,,,,,,,,,,,,,,,,,,,,,,,,,,,,,,,,,,,,,,,,,,,,,,,,,,,,,49.952084,3.2077794,68.250374,49.952084,3.2077794,5.0399113,,,,,,,,,,,,,,,,,49.952084,3.297717,0.045867004,49.952084,3.297717,0.0008977073,,,,,,,,,,,,,,,,,,,,49.952084,3.297717,0.020557394,49.952084,3.297717,27.590454,49.952084,3.297717,0.0006852464,49.952084,3.297717,1.0000001e-07,49.952084,3.297717,7.0,,,,,,,
49.952084,3.2377586,0.021062024,49.952084,3.2377586,0.0020824037,,,,,,,,,,,,,,,,,,,,,,,,,,,,,,,,,,,,,,,,,,,,,,,,,,,,,,,,,,,,,49.952084,3.2377586,67.987854,49.952084,3.2377586,4.681514,,,,,,,,,,,,,,,,,49.952084,3.3276963,0.062088873,49.952084,3.3276963,0.0017293324,,,,,,,,,,,,,,,,,,,,49.952084,3.3276963,0.039754897,49.952084,3.3276963,27.674921,49.952084,3.3276963,0.0013251634,49.952084,3.3276963,1.0000001e-07,49.952084,3.3276963,7.0,,,,,,,
49.952084,3.2677379,0.02058605,49.952084,3.2677379,0.0021419008,,,,,,,,,,,,,,,,,,,,,,,,,,,,,,,,,,,,,,,,,,,,,,,,,,,,,,,,,,,,,49.952084,3.2677379,66.38258,49.952084,3.2677379,4.8668504,,,,,,,,,,,,,,,,,49.952084,3.3576756,0.06930886,49.952084,3.3576756,0.0018899167,,,,,,,,,,,,,,,,,,,,49.952084,3.3576756,0.048599787,49.952084,3.3576756,27.713839,49.952084,3.3576756,0.001619993,49.952084,3.3576756,0.012605741,49.952084,3.3576756,5.0,,,,,,,
49.952084,3.297717,0.020675294,49.952084,3.297717,0.0020229064,,,,,,,,,,,,,,,,,,,,,,,,,,,,,,,,,,,,,,,,,,,,,,,,,,,,,,,,,,,,,49.952084,3.297717,66.306404,49.952084,3.297717,4.481578,,,,,,,,,,,,,,,,,49.952084,3.3876548,0.07952328,49.952084,3.3876548,0.0017875532,,,,,,,,,,,,,,,,,,,,49.952084,3.3876548,0.061338875,49.952084,3.3876548,27.76989,49.952084,3.3876548,0.0020446293,49.952084,3.3876548,0.005166621,49.952084,3.3876548,4.0,,,,,,,
49.952084,3.3276963,0.027145617,49.952084,3.3276963,0.0023203928,,,,,,,,,,,,,,,,,,,,,,,,,,,,,,,,,,,,,,,,,,,,,,,,,,,,,,,,,,,,,49.952084,3.3276963,87.96506,49.952084,3.3276963,5.4382186,,,,,,,,,,,,,,,,,49.952084,3.417634,0.07764144,49.952084,3.417634,0.0018052004,,,,,,,,,,,,,,,,,,,,49.952084,3.417634,0.05946278,49.952084,3.417634,27.761639,49.952084,3.417634,0.0019820924,49.952084,3.417634,1.0000001e-07,49.952084,3.417634,7.0,,,,,,,
49.952084,3.3576756,0.029704,49.952084,3.3576756,0.002335267,,,,,,,,,,,,,,,,,,,,,,,,,,,,,,,,,,,,,,,,,,,,,,,,,,,,,,,,,,,,,49.952084,3.3576756,96.9137,49.952084,3.3576756,5.4780145,,,,,,,,,,,,,,,,,49.952084,3.4476132,0.07236277,49.952084,3.4476132,0.0018168677,,,,,,,,,,,,,,,,,,,,49.952084,3.4476132,0.053632148,49.952084,3.4476132,27.735981,49.952084,3.4476132,0.0017877383,49.952084,3.4476132,0.0063676215,49.952084,3.4476132,4.0,,,,,,,
49.952084,3.3876548,0.03221776,49.952084,3.3876548,0.0022608952,,,,,,,,,,,,,,,,,,,,,,,,,,,,,,,,,,,,,,,,,,,,,,,,,,,,,,,,,,,,,49.952084,3.3876548,105.39722,49.952084,3.3876548,5.286525,,,,,,,,,,,,,,,,,49.952084,3.4775925,0.07251755,49.952084,3.4775925,0.0011674953,,,,,,,,,,,,,,,,,,,,49.952084,3.4775925,0.05405434,49.952084,3.4775925,27.737839,49.952084,3.4775925,0.0018018112,49.952084,3.4775925,1.0000001e-07,49.952084,3.4775925,7.0,,,,,,,
49.952084,3.417634,0.031340174,49.952084,3.417634,0.002290644,,,,,,,,,,,,,,,,,,,,,,,,,,,,,,,,,,,,,,,,,,,,,,,,,,,,,,,,,,,,,49.952084,3.417634,102.38275,49.952084,3.417634,5.337148,,,,,,,,,,,,,,,,,49.952084,3.5075717,0.06813657,49.952084,3.5075717,0.0009678642,,,,,,,,,,,,,,,,,,,,49.952084,3.5075717,0.04939207,49.952084,3.5075717,27.717325,49.952084,3.5075717,0.0016464023,49.952084,3.5075717,1.0000001e-07,49.952084,3.5075717,7.0,,,,,,,
49.952084,3.4476132,0.029674252,49.952084,3.4476132,0.002231147,,,,,,,,,,,,,,,,,,,,,,,,,,,,,,,,,,,,,,,,,,,,,,,,,,,,,,,,,,,,,49.952084,3.4476132,96.92697,49.952084,3.4476132,5.207672,,,,,,,,,,,,,,,,,49.952084,3.5375512,0.06594262,49.952084,3.5375512,0.001691602,,,,,,,,,,,,,,,,,,,,49.952084,3.5375512,0.047175616,49.952084,3.5375512,27.707573,49.952084,3.5375512,0.0015725206,49.952084,3.5375512,1.0000001e-07,49.952084,3.5375512,7.0,,,,,,,
49.952084,3.4775925,0.02832069,49.952084,3.4775925,0.0020824035,,,,,,,,,,,,,,,,,,,,,,,,,,,,,,,,,,,,,,,,,,,,,,,,,,,,,,,,,,,,,49.952084,3.4775925,92.29417,49.952084,3.4775925,4.681044,,,,,,,,,,,,,,,,,49.952084,3.5675304,0.060497522,49.952084,3.5675304,0.0006974244,,,,,,,,,,,,,,,,,,,,49.952084,3.5675304,0.04088728,49.952084,3.5675304,27.679905,49.952084,3.5675304,0.0013629093,49.952084,3.5675304,1.0000001e-07,49.952084,3.5675304,7.0,,,,,,,
49.952084,3.5075717,0.026193663,49.952084,3.5075717,0.0018741632,,,,,,,,,,,,,,,,,,,,,,,,,,,,,,,,,,,,,,,,,,,,,,,,,,,,,,,,,,,,,49.952084,3.5075717,85.19309,49.952084,3.5075717,4.0515075,,,,,,,,,,,,,,,,,49.952084,3.5975096,0.0600475,49.952084,3.5975096,0.00090101734,,,,,,,,,,,,,,,,,,,,49.952084,3.5975096,0.040596254,49.952084,3.5975096,27.678621,49.952084,3.5975096,0.0013532083,49.952084,3.5975096,1.0000001e-07,49.952084,3.5975096,7.0,,,,,,,
49.952084,3.537551,0.025405325,49.952084,3.537551,0.0021121523,,,,,,,,,,,,,,,,,,,,,,,,,,,,,,,,,,,,,,,,,,,,,,,,,,,,,,,,,,,,,49.952084,3.537551,82.41991,49.952084,3.537551,4.714933,,,,,,,,,,,,,,,,,49.952084,3.6274889,0.058483586,49.952084,3.6274889,0.0018718583,,,,,,,,,,,,,,,,,,,,49.952084,3.6274889,0.03913068,49.952084,3.6274889,27.672173,49.952084,3.6274889,0.001304356,49.952084,3.6274889,0.008731882,49.952084,3.6274889,4.0,,,,,,,
49.952084,3.5675302,0.02304031,49.952084,3.5675302,0.0016956716,,,,,,,,,,,,,,,,,,,,,,,,,,,,,,,,,,,,,,,,,,,,,,,,,,,,,,,,,,,,,49.952084,3.5675302,74.64102,49.952084,3.5675302,3.430255,,,,,,,,,,,,,,,,,49.952084,3.657468,0.061313406,49.952084,3.657468,0.0013150796,,,,,,,,,,,,,,,,,,,,49.952084,3.657468,0.042647637,49.952084,3.657468,27.68765,49.952084,3.657468,0.0014215879,49.952084,3.657468,1.0000001e-07,49.952084,3.657468,7.0,,,,,,,
49.952084,3.5975094,0.022534583,49.952084,3.5975094,0.0018295404,,,,,,,,,,,,,,,,,,,,,,,,,,,,,,,,,,,,,,,,,,,,,,,,,,,,,,,,,,,,,49.952084,3.5975094,72.9624,49.952084,3.5975094,3.864232,,,,,,,,,,,,,,,,,49.952084,3.6874473,0.059208725,49.952084,3.6874473,0.0010394799,,,,,,,,,,,,,,,,,,,,49.952084,3.6874473,0.040702745,49.952084,3.6874473,27.679092,49.952084,3.6874473,0.0013567583,49.952084,3.6874473,1.0000001e-07,49.952084,3.6874473,7.0,,,,,,,
49.952084,3.6274889,0.021850364,49.952084,3.6274889,0.0020824037,,,,,,,,,,,,,,,,,,,,,,,,,,,,,,,,,,,,,,,,,,,,,,,,,,,,,,,,,,,,,49.952084,3.6274889,70.732315,49.952084,3.6274889,4.711068,,,,,,,,,,,,,,,,,49.952084,3.7174265,0.05230922,49.952084,3.7174265,0.0019777673,,,,,,,,,,,,,,,,,,,,49.952084,3.7174265,0.03232327,49.952084,3.7174265,27.642223,49.952084,3.7174265,0.0010774423,49.952084,3.7174265,0.010919659,49.952084,3.7174265,5.0,,,,,,,
49.952084,3.657468,0.021314887,49.952084,3.657468,0.0019485349,,,,,,,,,,,,,,,,,,,,,,,,,,,,,,,,,,,,,,,,,,,,,,,,,,,,,,,,,,,,,49.952084,3.657468,68.96845,49.952084,3.657468,4.2628884,,,,,,,,,,,,,,,,,49.952084,3.7474058,0.054217257,49.952084,3.7474058,0.001875016,,,,,,,,,,,,,,,,,,,,49.952084,3.7474058,0.03505127,49.952084,3.7474058,27.654224,49.952084,3.7474058,0.001168376,49.952084,3.7474058,0.011442981,49.952084,3.7474058,5.0,,,,,,,
49.952084,3.6874473,0.020645546,49.952084,3.6874473,0.0019336606,,,,,,,,,,,,,,,,,,,,,,,,,,,,,,,,,,,,,,,,,,,,,,,,,,,,,,,,,,,,,49.952084,3.6874473,66.479065,49.952084,3.6874473,4.253805,,,,,,,,,,,,,,,,,49.952084,3.777385,0.05284706,49.952084,3.777385,0.0011523723,,,,,,,,,,,,,,,,,,,,49.952084,3.777385,0.033677146,49.952084,3.777385,27.64818,49.952084,3.777385,0.0011225715,49.952084,3.777385,0.011772833,49.952084,3.777385,5.0,,,,,,,
49.952084,3.7174265,0.019098617,49.952084,3.7174265,0.0020229062,,,,,,,,,,,,,,,,,,,,,,,,,,,,,,,,,,,,,,,,,,,,,,,,,,,,,,,,,,,,,49.952084,3.7174265,61.406765,49.952084,3.7174265,4.529076,,,,,,,,,,,,,,,,,49.952084,3.8073642,0.049107857,49.952084,3.8073642,0.00056784955,,,,,,,,,,,,,,,,,,,,49.952084,3.8073642,0.029087208,49.952084,3.8073642,27.627983,49.952084,3.8073642,0.0009695736,49.952084,3.8073642,1.0000001e-07,49.952084,3.8073642,7.0,,,,,,,
49.952084,3.7474058,0.019158114,49.952084,3.7474058,0.001993158,,,,,,,,,,,,,,,,,,,,,,,,,,,,,,,,,,,,,,,,,,,,,,,,,,,,,,,,,,,,,49.952084,3.7474058,61.58232,49.952084,3.7474058,4.3570933,,,,,,,,,,,,,,,,,49.952084,3.8373435,0.04968821,49.952084,3.8373435,0.0014955031,,,,,,,,,,,,,,,,,,,,49.952084,3.8373435,0.030107448,49.952084,3.8373435,27.632471,49.952084,3.8373435,0.0010035816,49.952084,3.8373435,1.0000001e-07,49.952084,3.8373435,7.0,,,,,,,
49.952084,3.777385,0.017968168,49.952084,3.777385,0.0017700432,,,,,,,,,,,,,,,,,,,,,,,,,,,,,,,,,,,,,,,,,,,,,,,,,,,,,,,,,,,,,49.952084,3.777385,57.536236,49.952084,3.777385,3.6308649,,,,,,,,,,,,,,,,,49.952084,3.8673227,0.045717783,49.952084,3.8673227,0.0004262388,,,,,,,,,,,,,,,,,,,,49.952084,3.8673227,0.025393372,49.952084,3.8673227,27.611732,49.952084,3.8673227,0.00084644585,49.952084,3.8673227,1.0000001e-07,49.952084,3.8673227,7.0,,,,,,,
49.952084,3.8073642,0.016986465,49.952084,3.8073642,0.0016659229,,,,,,,,,,,,,,,,,,,,,,,,,,,,,,,,,,,,,,,,,,,,,,,,,,,,,,,,,,,,,49.952084,3.8073642,54.530262,49.952084,3.8073642,3.319026,,,,,,,,,,,,,,,,,49.952084,3.897302,0.04151258,49.952084,3.897302,0.0009824834,,,,,,,,,,,,,,,,,,,,49.952084,3.897302,0.020162808,49.952084,3.897302,27.588718,49.952084,3.897302,0.0006720936,49.952084,3.897302,1.0000001e-07,49.952084,3.897302,7.0,,,,,,,
49.952084,3.8373435,0.016376618,49.952084,3.8373435,0.0017997916,,,,,,,,,,,,,,,,,,,,,,,,,,,,,,,,,,,,,,,,,,,,,,,,,,,,,,,,,,,,,49.952084,3.8373435,52.42485,49.952084,3.8373435,3.7535477,,,,,,,,,,,,,,,,,49.952084,3.9272811,0.033041406,49.952084,3.9272811,0.0011796723,,,,,,,,,,,,,,,,,,,,49.952084,3.9272811,0.010083899,49.952084,3.9272811,27.544369,49.952084,3.9272811,0.00033612998,49.952084,3.9272811,1.0000001e-07,49.952084,3.9272811,7.0,,,,,,,
49.952084,3.8673227,0.015350291,49.952084,3.8673227,0.0015023055,,,,,,,,,,,,,,,,,,,,,,,,,,,,,,,,,,,,,,,,,,,,,,,,,,,,,,,,,,,,,49.952084,3.8673227,48.79329,49.952084,3.8673227,2.8009648,,,,,,,,,,,,,,,,,49.952084,3.9572606,0.032515924,49.952084,3.9572606,0.0010185157,,,,,,,,,,,,,,,,,,,,49.952084,3.9572606,0.009528481,49.952084,3.9572606,27.541925,49.952084,3.9572606,0.00031761604,49.952084,3.9572606,1.0000001e-07,49.952084,3.9572606,7.0,,,,,,,
49.952084,3.897302,0.013223264,49.952084,3.897302,0.0016510487,,,,,,,,,,,,,,,,,,,,,,,,,,,,,,,,,,,,,,,,,,,,,,,,,,,,,,,,,,,,,49.952084,3.897302,41.71605,49.952084,3.897302,3.2891355,,,,,,,,,,,,,,,,,49.952084,3.9872398,0.033315606,49.952084,3.9872398,0.00027657917,,,,,,,,,,,,,,,,,,,,49.952084,3.9872398,0.010633017,49.952084,3.9872398,27.546783,49.952084,3.9872398,0.00035443387,49.952084,3.9872398,1.0000001e-07,49.952084,3.9872398,7.0,,,,,,,
49.952084,3.9272811,0.010858247,49.952084,3.9272811,0.0017849174,,,,,,,,,,,,,,,,,,,,,,,,,,,,,,,,,,,,,,,,,,,,,,,,,,,,,,,,,,,,,49.952084,3.9272811,33.942303,49.952084,3.9272811,3.7066565,,,,,,,,,,,,,,,,,49.952084,4.017219,0.03291939,49.952084,4.017219,0.00039250145,,,,,,,,,,,,,,,,,,,,49.952084,4.017219,0.010173835,49.952084,4.017219,27.544764,49.952084,4.017219,0.00033912784,49.952084,4.017219,1.0000001e-07,49.952084,4.017219,7.0,,,,,,,
49.952084,3.9572604,0.010783876,49.952084,3.9572604,0.0016659229,,,,,,,,,,,,,,,,,,,,,,,,,,,,,,,,,,,,,,,,,,,,,,,,,,,,,,,,,,,,,49.952084,3.9572604,33.809196,49.952084,3.9572604,3.2896042,,,,,,,,,,,,,,,,,49.952084,4.0471983,0.030519621,49.952084,4.0471983,0.00010587333,,,,,,,,,,,,,,,,,,,,49.952084,4.0471983,0.007476943,49.952084,4.0471983,27.5329,49.952084,4.0471983,0.00024923147,49.952084,4.0471983,1.0000001e-07,49.952084,4.0471983,7.0,,,,,,,
49.952084,3.9872396,0.010769001,49.952084,3.9872396,0.0013981853,,,,,,,,,,,,,,,,,,,,,,,,,,,,,,,,,,,,,,,,,,,,,,,,,,,,,,,,,,,,,49.952084,3.9872396,33.633163,49.952084,3.9872396,2.4364007,,,,,,,,,,,,,,,,,49.952084,4.0771775,0.0336761,49.952084,4.0771775,-0.00032623266,,,,,,,,,,,,,,,,,,,,49.952084,4.0771775,0.011653844,49.952084,4.0771775,27.551277,49.952084,4.0771775,0.00038846149,49.952084,4.0771775,1.0000001e-07,49.952084,4.0771775,7.0,,,,,,,
49.952084,4.017219,0.010902871,49.952084,4.017219,0.0014130598,,,,,,,,,,,,,,,,,,,,,,,,,,,,,,,,,,,,,,,,,,,,,,,,,,,,,,,,,,,,,49.952084,4.017219,34.048515,49.952084,4.017219,2.466016,,,,,,,,,,,,,,,,,49.952084,4.1071568,0.033326212,49.952084,4.1071568,0.00092627254,,,,,,,,,,,,,,,,,,,,49.952084,4.1071568,0.011392209,49.952084,4.1071568,27.550129,49.952084,4.1071568,0.0003797403,49.952084,4.1071568,1.0000001e-07,49.952084,4.1071568,7.0,,,,,,,
49.952084,4.0471983,0.0096534295,49.952084,4.0471983,0.0016064257,,,,,,,,,,,,,,,,,,,,,,,,,,,,,,,,,,,,,,,,,,,,,,,,,,,,,,,,,,,,,49.952084,4.0471983,30.010363,49.952084,4.0471983,3.1788788,,,,,,,,,,,,,,,,,49.952084,4.137136,0.030557606,49.952084,4.137136,3.4321696e-05,,,,,,,,,,,,,,,,,,,,49.952084,4.137136,0.008081327,49.952084,4.137136,27.535559,49.952084,4.137136,0.00026937758,49.952084,4.137136,1.0000001e-07,49.952084,4.137136,7.0,,,,,,,
49.952084,4.0771775,0.010501265,49.952084,4.0771775,0.0013535623,,,,,,,,,,,,,,,,,,,,,,,,,,,,,,,,,,,,,,,,,,,,,,,,,,,,,,,,,,,,,49.952084,4.0771775,32.795624,49.952084,4.0771775,2.2730136,,,,,,,,,,,,,,,,,49.952084,4.167115,0.03012137,49.952084,4.167115,0.0008749697,,,,,,,,,,,,,,,,,,,,49.952084,4.167115,0.00767141,49.952084,4.167115,27.533754,49.952084,4.167115,0.00025571365,49.952084,4.167115,1.0000001e-07,49.952084,4.167115,7.0,,,,,,,
49.952084,4.1071568,0.01027815,49.952084,4.1071568,0.0016064257,,,,,,,,,,,,,,,,,,,,,,,,,,,,,,,,,,,,,,,,,,,,,,,,,,,,,,,,,,,,,49.952084,4.1071568,32.080994,49.952084,4.1071568,3.088131,,,,,,,,,,,,,,,,,49.952084,4.1970944,0.027200803,49.952084,4.1970944,0.0012336911,,,,,,,,,,,,,,,,,,,,49.952084,4.1970944,0.0039057424,49.952084,4.1970944,27.517185,49.952084,4.1970944,0.0001301914,49.952084,4.1970944,1.0000001e-07,49.952084,4.1970944,7.0,,,,,,,
49.952084,4.137136,0.009355942,49.952084,4.137136,0.0015023055,,,,,,,,,,,,,,,,,,,,,,,,,,,,,,,,,,,,,,,,,,,,,,,,,,,,,,,,,,,,,49.952084,4.137136,28.99261,49.952084,4.137136,2.7656631,,,,,,,,,,,,,,,,,49.952084,4.2270737,0.02437187,49.952084,4.2270737,0.00048078643,,,,,,,,,,,,,,,,,,,,49.952084,4.2270737,0.0005303084,49.952084,4.2270737,27.502333,49.952084,4.2270737,1.7676946e-05,49.952084,4.2270737,1.0000001e-07,49.952084,4.2270737,7.0,,,,,,,
49.952084,4.167115,0.009132828,49.952084,4.167115,0.0015618027,,,,,,,,,,,,,,,,,,,,,,,,,,,,,,,,,,,,,,,,,,,,,,,,,,,,,,,,,,,,,49.952084,4.167115,28.296106,49.952084,4.167115,2.9813933,,,,,,,,,,,,,,,,,49.952084,4.257053,0.02731101,49.952084,4.257053,0.00046105622,,,,,,,,,,,,,,,,,,,,49.952084,4.257053,0.0045702076,49.952084,4.257053,27.52011,49.952084,4.257053,0.00015234026,49.952084,4.257053,1.0000001e-07,49.952084,4.257053,7.0,,,,,,,
49.952084,4.1970944,0.008240369,49.952084,4.1970944,0.0015915514,,,,,,,,,,,,,,,,,,,,,,,,,,,,,,,,,,,,,,,,,,,,,,,,,,,,,,,,,,,,,49.952084,4.1970944,25.218363,49.952084,4.1970944,3.0122788,,,,,,,,,,,,,,,,,49.952084,4.287032,0.025392506,49.952084,4.287032,-0.00026311673,,,,,,,,,,,,,,,,,,,,49.952084,4.287032,0.0019662636,49.952084,4.287032,27.50865,49.952084,4.287032,6.5542125e-05,49.952084,4.287032,1.0000001e-07,49.952084,4.287032,7.0,,,,,,,
49.952084,4.2270737,0.0074371556,49.952084,4.2270737,0.0015320542,,,,,,,,,,,,,,,,,,,,,,,,,,,,,,,,,,,,,,,,,,,,,,,,,,,,,,,,,,,,,49.952084,4.2270737,22.575714,49.952084,4.2270737,2.9194927,,,,,,,,,,,,,,,,,49.952084,4.3170114,0.02389292,49.952084,4.3170114,-0.0005981532,,,,,,,,,,,,,,,,,,,,49.952084,4.3170114,0.0004767942,49.952084,4.3170114,27.502098,49.952084,4.3170114,1.5893143e-05,49.952084,4.3170114,1.0000001e-07,49.952084,4.3170114,7.0,,,,,,,
49.952084,4.257053,0.008225494,49.952084,4.257053,0.001472557,,,,,,,,,,,,,,,,,,,,,,,,,,,,,,,,,,,,,,,,,,,,,,,,,,,,,,,,,,,,,49.952084,4.257053,25.197365,49.952084,4.257053,2.6677523,,,,,,,,,,,,,,,,,49.952084,4.3469906,0.022730611,49.952084,4.3469906,0.00089452387,,,,,,,,,,,,,,,,,,,,49.952084,4.3469906,-0.001107445,49.952084,4.3469906,27.495127,49.952084,4.3469906,-3.6914837e-05,49.952084,4.3469906,1.0000001e-07,49.952084,4.3469906,7.0,,,,,,,
49.952084,4.287032,0.00745203,49.952084,4.287032,0.0012791908,,,,,,,,,,,,,,,,,,,,,,,,,,,,,,,,,,,,,,,,,,,,,,,,,,,,,,,,,,,,,49.952084,4.287032,22.522642,49.952084,4.287032,2.0560884,,,,,,,,,,,,,,,,,49.952084,4.37697,0.021813344,49.952084,4.37697,0.00040888542,,,,,,,,,,,,,,,,,,,,49.952084,4.37697,-0.0021273936,49.952084,4.37697,27.490639,49.952084,4.37697,-7.091312e-05,49.952084,4.37697,1.0000001e-07,49.952084,4.37697,7.0,,,,,,,
49.952084,4.3170114,0.007288413,49.952084,4.3170114,0.0011750706,,,,,,,,,,,,,,,,,,,,,,,,,,,,,,,,,,,,,,,,,,,,,,,,,,,,,,,,,,,,,49.952084,4.3170114,22.150734,49.952084,4.3170114,1.7090598,,,,,,,,,,,,,,,,,49.952084,4.406949,0.021040682,49.952084,4.406949,0.0008629372,,,,,,,,,,,,,,,,,,,,49.952084,4.406949,-0.0029514693,49.952084,4.406949,27.487013,49.952084,4.406949,-9.838231e-05,49.952084,4.406949,1.0000001e-07,49.952084,4.406949,7.0,,,,,,,
49.952084,4.3469906,0.00679756,49.952084,4.3469906,0.0015023055,,,,,,,,,,,,,,,,,,,,,,,,,,,,,,,,,,,,,,,,,,,,,,,,,,,,,,,,,,,,,49.952084,4.3469906,20.38089,49.952084,4.3469906,2.8056498,,,,,,,,,,,,,,,,,49.952084,4.4369283,0.020481817,49.952084,4.4369283,0.0012226764,,,,,,,,,,,,,,,,,,,,49.952084,4.4369283,-0.0037737426,49.952084,4.4369283,27.483395,49.952084,4.4369283,-0.00012579143,49.952084,4.4369283,1.0000001e-07,49.952084,4.4369283,7.0,,,,,,,
49.952084,4.37697,0.006425703,49.952084,4.37697,0.0013238139,,,,,,,,,,,,,,,,,,,,,,,,,,,,,,,,,,,,,,,,,,,,,,,,,,,,,,,,,,,,,49.952084,4.37697,19.179745,49.952084,4.37697,2.2278578,,,,,,,,,,,,,,,,,49.952084,4.4669075,0.024060467,49.952084,4.4669075,0.0009548037,,,,,,,,,,,,,,,,,,,,49.952084,4.4669075,0.0008884209,49.952084,4.4669075,27.50391,49.952084,4.4669075,2.961403e-05,49.952084,4.4669075,1.0000001e-07,49.952084,4.4669075,7.0,,,,,,,
49.952084,4.406949,0.0063364566,49.952084,4.406949,0.001532054,,,,,,,,,,,,,,,,,,,,,,,,,,,,,,,,,,,,,,,,,,,,,,,,,,,,,,,,,,,,,49.952084,4.406949,18.866184,49.952084,4.406949,2.8880715,,,,,,,,,,,,,,,,,49.952084,4.4968867,0.023337387,49.952084,4.4968867,0.00061060674,,,,,,,,,,,,,,,,,,,,49.952084,4.4968867,0.0001044664,49.952084,4.4968867,27.500462,49.952084,4.4968867,3.482212e-06,49.952084,4.4968867,1.0000001e-07,49.952084,4.4968867,7.0,,,,,,,
49.952084,4.4369283,0.0061133425,49.952084,4.4369283,0.0016659228,,,,,,,,,,,,,,,,,,,,,,,,,,,,,,,,,,,,,,,,,,,,,,,,,,,,,,,,,,,,,49.952084,4.4369283,18.149565,49.952084,4.4369283,3.2845635,,,,,,,,,,,,,,,,,49.952084,4.526866,0.022806833,49.952084,4.526866,4.486177e-05,,,,,,,,,,,,,,,,,,,,49.952084,4.526866,-0.00043249768,49.952084,4.526866,27.498098,49.952084,4.526866,-1.4416587e-05,49.952084,4.526866,1.0000001e-07,49.952084,4.526866,7.0,,,,,,,
49.952084,4.4669075,0.006723189,49.952084,4.4669075,0.0013535623,,,,,,,,,,,,,,,,,,,,,,,,,,,,,,,,,,,,,,,,,,,,,,,,,,,,,,,,,,,,,49.952084,4.4669075,20.129519,49.952084,4.4669075,2.3108664,,,,,,,,,,,,,,,,,49.952084,4.556845,0.021501811,49.952084,4.556845,0.0002737177,,,,,,,,,,,,,,,,,,,,49.952084,4.556845,-0.0016424074,49.952084,4.556845,27.492773,49.952084,4.556845,-5.4746917e-05,49.952084,4.556845,1.0000001e-07,49.952084,4.556845,7.0,,,,,,,
49.952084,4.4968867,0.0063959546,49.952084,4.4968867,0.0013386882,,,,,,,,,,,,,,,,,,,,,,,,,,,,,,,,,,,,,,,,,,,,,,,,,,,,,,,,,,,,,49.952084,4.4968867,19.093437,49.952084,4.4968867,2.2498674,,,,,,,,,,,,,,,,,49.952084,4.586825,0.021363297,49.952084,4.586825,0.00011574164,,,,,,,,,,,,,,,,,,,,49.952084,4.586825,-0.0018108431,49.952084,4.586825,27.492033,49.952084,4.586825,-6.0361435e-05,49.952084,4.586825,1.0000001e-07,49.952084,4.586825,7.0,,,,,,,
49.952084,4.526866,0.006291834,49.952084,4.526866,0.0013981853,,,,,,,,,,,,,,,,,,,,,,,,,,,,,,,,,,,,,,,,,,,,,,,,,,,,,,,,,,,,,49.952084,4.526866,18.752934,49.952084,4.526866,2.4693065,,,,,,,,,,,,,,,,,49.952084,4.616804,0.020086424,49.952084,4.616804,0.0010479209,,,,,,,,,,,,,,,,,,,,49.952084,4.616804,-0.0035741446,49.952084,4.616804,27.484276,49.952084,4.616804,-0.00011913816,49.952084,4.616804,1.0000001e-07,49.952084,4.616804,7.0,,,,,,,
49.952084,4.556845,0.0059348503,49.952084,4.556845,0.001234568,,,,,,,,,,,,,,,,,,,,,,,,,,,,,,,,,,,,,,,,,,,,,,,,,,,,,,,,,,,,,49.952084,4.556845,17.576195,49.952084,4.556845,1.8779861,,,,,,,,,,,,,,,,,49.952084,4.6467834,0.024135731,49.952084,4.6467834,-0.00033725638,,,,,,,,,,,,,,,,,,,,49.952084,4.6467834,0.0019444347,49.952084,4.6467834,27.508556,49.952084,4.6467834,6.481449e-05,49.952084,4.6467834,1.0000001e-07,49.952084,4.6467834,7.0,,,,,,,
49.952084,4.5868244,0.0057414845,49.952084,4.5868244,0.0012643165,,,,,,,,,,,,,,,,,,,,,,,,,,,,,,,,,,,,,,,,,,,,,,,,,,,,,,,,,,,,,49.952084,4.5868244,16.926842,49.952084,4.5868244,2.0019693,,,,,,,,,,,,,,,,,49.952084,4.6767626,0.024867773,49.952084,4.6767626,0.00025774294,,,,,,,,,,,,,,,,,,,,49.952084,4.6767626,0.0027417406,49.952084,4.6767626,27.512062,49.952084,4.6767626,9.139135e-05,49.952084,4.6767626,1.0000001e-07,49.952084,4.6767626,7.0,,,,,,,
49.952084,4.6168036,0.0056522386,49.952084,4.6168036,0.0013833109,,,,,,,,,,,,,,,,,,,,,,,,,,,,,,,,,,,,,,,,,,,,,,,,,,,,,,,,,,,,,49.952084,4.6168036,16.686626,49.952084,4.6168036,2.4168622,,,,,,,,,,,,,,,,,49.952084,4.706742,0.021711819,49.952084,4.706742,0.00043633228,,,,,,,,,,,,,,,,,,,,49.952084,4.706742,-0.0009944199,49.952084,4.706742,27.495625,49.952084,4.706742,-3.3147327e-05,49.952084,4.706742,1.0000001e-07,49.952084,4.706742,7.0,,,,,,,
49.952084,4.646783,0.0063513312,49.952084,4.646783,0.0011601964,,,,,,,,,,,,,,,,,,,,,,,,,,,,,,,,,,,,,,,,,,,,,,,,,,,,,,,,,,,,,49.952084,4.646783,18.974907,49.952084,4.646783,1.682318,,,,,,,,,,,,,,,,,49.952084,4.736721,0.024892598,49.952084,4.736721,-6.209865e-05,,,,,,,,,,,,,,,,,,,,49.952084,4.736721,0.0031115254,49.952084,4.736721,27.513693,49.952084,4.736721,0.00010371751,49.952084,4.736721,1.0000001e-07,49.952084,4.736721,7.0,,,,,,,
49.952084,4.676762,0.0063067083,49.952084,4.676762,0.0013238137,,,,,,,,,,,,,,,,,,,,,,,,,,,,,,,,,,,,,,,,,,,,,,,,,,,,,,,,,,,,,49.952084,4.676762,18.677238,49.952084,4.676762,2.1817389,,,,,,,,,,,,,,,,,49.952084,4.7667003,0.023682162,49.952084,4.7667003,0.0012795542,,,,,,,,,,,,,,,,,,,,49.952084,4.7667003,0.0013655634,49.952084,4.7667003,27.506008,49.952084,4.7667003,4.5518776e-05,49.952084,4.7667003,1.0000001e-07,49.952084,4.7667003,7.0,,,,,,,
49.952084,4.706742,0.0056819874,49.952084,4.706742,0.001383311,,,,,,,,,,,,,,,,,,,,,,,,,,,,,,,,,,,,,,,,,,,,,,,,,,,,,,,,,,,,,49.952084,4.706742,16.628664,49.952084,4.706742,2.4050913,,,,,,,,,,,,,,,,,49.952084,4.7966795,0.02256195,49.952084,4.7966795,-2.7009228e-05,,,,,,,,,,,,,,,,,,,,49.952084,4.7966795,0.00040251695,49.952084,4.7966795,27.501772,49.952084,4.7966795,1.3417236e-05,49.952084,4.7966795,1.0000001e-07,49.952084,4.7966795,7.0,,,,,,,
49.952084,4.736721,0.0061728396,49.952084,4.736721,0.0012345678,,,,,,,,,,,,,,,,,,,,,,,,,,,,,,,,,,,,,,,,,,,,,,,,,,,,,,,,,,,,,49.952084,4.736721,18.365757,49.952084,4.736721,1.8850754,,,,,,,,,,,,,,,,,49.952084,4.8266587,0.022022175,49.952084,4.8266587,0.002391972,,,,,,,,,,,,,,,,,,,,49.952084,4.8266587,-0.00038779926,49.952084,4.8266587,27.498295,49.952084,4.8266587,-1.2926641e-05,49.952084,4.8266587,1.0000001e-07,49.952084,4.8266587,7.0,,,,,,,
49.952084,4.7667003,0.005964599,49.952084,4.7667003,0.0014576825,,,,,,,,,,,,,,,,,,,,,,,,,,,,,,,,,,,,,,,,,,,,,,,,,,,,,,,,,,,,,49.952084,4.7667003,17.711718,49.952084,4.7667003,2.6556206,,,,,,,,,,,,,,,,,49.952084,4.856638,0.019040074,49.952084,4.856638,-0.00058481307,,,,,,,,,,,,,,,,,,,,49.952084,4.856638,-0.004103573,49.952084,4.856638,27.481943,49.952084,4.856638,-0.00013678578,49.952084,4.856638,1.0000001e-07,49.952084,4.856638,7.0,,,,,,,
49.952084,4.7966795,0.0056968615,49.952084,4.7966795,0.0012345678,,,,,,,,,,,,,,,,,,,,,,,,,,,,,,,,,,,,,,,,,,,,,,,,,,,,,,,,,,,,,49.952084,4.7966795,16.747864,49.952084,4.7966795,1.9309502,,,,,,,,,,,,,,,,,49.952084,4.886617,0.021739863,49.952084,4.886617,7.716716e-05,,,,,,,,,,,,,,,,,,,,49.952084,4.886617,-0.0004503856,49.952084,4.886617,27.49802,49.952084,4.886617,-1.50128535e-05,49.952084,4.886617,1.0000001e-07,49.952084,4.886617,7.0,,,,,,,
49.952084,4.8266587,0.0055034957,49.952084,4.8266587,0.0016807972,,,,,,,,,,,,,,,,,,,,,,,,,,,,,,,,,,,,,,,,,,,,,,,,,,,,,,,,,,,,,49.952084,4.8266587,16.037825,49.952084,4.8266587,3.375001,,,,,,,,,,,,,,,,,49.952084,4.9165964,0.021394404,49.952084,4.9165964,0.000550147,,,,,,,,,,,,,,,,,,,,49.952084,4.9165964,-0.0009787487,49.952084,4.9165964,27.495693,49.952084,4.9165964,-3.2624957e-05,49.952084,4.9165964,1.0000001e-07,49.952084,4.9165964,7.0,,,,,,,
49.952084,4.856638,0.005012643,49.952084,4.856638,0.0011899448,,,,,,,,,,,,,,,,,,,,,,,,,,,,,,,,,,,,,,,,,,,,,,,,,,,,,,,,,,,,,49.952084,4.856638,14.487067,49.952084,4.856638,1.7691717,,,,,,,,,,,,,,,,,49.952084,4.9465756,0.020195348,49.952084,4.9465756,0.00042052945,,,,,,,,,,,,,,,,,,,,49.952084,4.9465756,-0.0021456566,49.952084,4.9465756,27.490559,49.952084,4.9465756,-7.152189e-05,49.952084,4.9465756,1.0000001e-07,49.952084,4.9465756,7.0,,,,,,,
49.952084,4.886617,0.0053845015,49.952084,4.886617,0.0013386881,,,,,,,,,,,,,,,,,,,,,,,,,,,,,,,,,,,,,,,,,,,,,,,,,,,,,,,,,,,,,49.952084,4.886617,15.707119,49.952084,4.886617,2.2579527,,,,,,,,,,,,,,,,,49.952084,4.976555,0.019669266,49.952084,4.976555,-0.00026939518,,,,,,,,,,,,,,,,,,,,49.952084,4.976555,-0.0027704635,49.952084,4.976555,27.48781,49.952084,4.976555,-9.2348775e-05,49.952084,4.976555,1.0000001e-07,49.952084,4.976555,7.0,,,,,,,
49.952084,4.9165964,0.0052506328,49.952084,4.9165964,0.0013089393,,,,,,,,,,,,,,,,,,,,,,,,,,,,,,,,,,,,,,,,,,,,,,,,,,,,,,,,,,,,,49.952084,4.9165964,15.235103,49.952084,4.9165964,2.1295953,,,,,,,,,,,,,,,,,49.952084,5.006534,0.02300172,49.952084,5.006534,0.00032569992,,,,,,,,,,,,,,,,,,,,49.952084,5.006534,0.0018510787,49.952084,5.006534,27.508142,49.952084,5.006534,6.1702616e-05,49.952084,5.006534,1.0000001e-07,49.952084,5.006534,7.0,,,,,,,
49.952084,4.9465756,0.0049680197,49.952084,4.9465756,0.0013238137,,,,,,,,,,,,,,,,,,,,,,,,,,,,,,,,,,,,,,,,,,,,,,,,,,,,,,,,,,,,,49.952084,4.9465756,14.2471075,49.952084,4.9465756,2.2350352,,,,,,,,,,,,,,,,,49.952084,5.0365133,0.018967113,49.952084,5.0365133,3.5091893e-05,,,,,,,,,,,,,,,,,,,,49.952084,5.0365133,-0.003213427,49.952084,5.0365133,27.48586,49.952084,5.0365133,-0.00010711424,49.952084,5.0365133,1.0000001e-07,49.952084,5.0365133,7.0,,,,,,,
49.952084,4.976555,0.0047746543,49.952084,4.976555,0.0011601964,,,,,,,,,,,,,,,,,,,,,,,,,,,,,,,,,,,,,,,,,,,,,,,,,,,,,,,,,,,,,49.952084,4.976555,13.62077,49.952084,4.976555,1.6451954,,,,,,,,,,,,,,,,,49.952084,5.0664926,0.01839601,49.952084,5.0664926,0.0013975754,,,,,,,,,,,,,,,,,,,,49.952084,5.0664926,-0.004338157,49.952084,5.0664926,27.480913,49.952084,5.0664926,-0.00014460523,49.952084,5.0664926,1.0000001e-07,49.952084,5.0664926,7.0,,,,,,,
49.952084,5.006534,0.00531013,49.952084,5.006534,0.0012196937,,,,,,,,,,,,,,,,,,,,,,,,,,,,,,,,,,,,,,,,,,,,,,,,,,,,,,,,,,,,,49.952084,5.006534,15.49449,49.952084,5.006534,1.8351434,,,,,,,,,,,,,,,,,49.952084,5.096472,0.019824943,49.952084,5.096472,0.00075464963,,,,,,,,,,,,,,,,,,,,49.952084,5.096472,-0.0018432798,49.952084,5.096472,27.49189,49.952084,5.096472,-6.1442646e-05,49.952084,5.096472,1.0000001e-07,49.952084,5.096472,7.0,,,,,,,
49.952084,5.0365133,0.0045366646,49.952084,5.0365133,0.0011899448,,,,,,,,,,,,,,,,,,,,,,,,,,,,,,,,,,,,,,,,,,,,,,,,,,,,,,,,,,,,,49.952084,5.0365133,12.864417,49.952084,5.0365133,1.758987,,,,,,,,,,,,,,,,,49.952084,5.126451,0.02071553,49.952084,5.126451,0.0003392504,,,,,,,,,,,,,,,,,,,,49.952084,5.126451,-0.0010139969,49.952084,5.126451,27.495539,49.952084,5.126451,-3.3799894e-05,49.952084,5.126451,1.0000001e-07,49.952084,5.126451,7.0,,,,,,,
49.952084,5.0664926,0.0044622933,49.952084,5.0664926,0.0013089395,,,,,,,,,,,,,,,,,,,,,,,,,,,,,,,,,,,,,,,,,,,,,,,,,,,,,,,,,,,,,49.952084,5.0664926,12.620098,49.952084,5.0664926,2.1826906,,,,,,,,,,,,,,,,,49.952084,5.1564302,0.018872797,49.952084,5.1564302,0.00055353675,,,,,,,,,,,,,,,,,,,,49.952084,5.1564302,-0.003565255,49.952084,5.1564302,27.484314,49.952084,5.1564302,-0.000118841854,49.952084,5.1564302,1.0000001e-07,49.952084,5.1564302,7.0,,,,,,,
49.952084,5.096472,0.0046407855,49.952084,5.096472,0.0013089393,,,,,,,,,,,,,,,,,,,,,,,,,,,,,,,,,,,,,,,,,,,,,,,,,,,,,,,,,,,,,49.952084,5.096472,13.276138,49.952084,5.096472,2.145547,,,,,,,,,,,,,,,,,49.952084,5.1864095,0.022294141,49.952084,5.1864095,-0.0021957043,,,,,,,,,,,,,,,,,,,,49.952084,5.1864095,0.0013988786,49.952084,5.1864095,27.506155,49.952084,5.1864095,4.6629306e-05,49.952084,5.1864095,1.0000001e-07,49.952084,5.1864095,7.0,,,,,,,
49.952084,5.126451,0.004730031,49.952084,5.126451,0.0012196936,,,,,,,,,,,,,,,,,,,,,,,,,,,,,,,,,,,,,,,,,,,,,,,,,,,,,,,,,,,,,49.952084,5.126451,13.543773,49.952084,5.126451,1.8453276,,,,,,,,,,,,,,,,,49.952084,5.2163887,0.01900962,49.952084,5.2163887,0.000856092,,,,,,,,,,,,,,,,,,,,49.952084,5.2163887,-0.003032628,49.952084,5.2163887,27.486656,49.952084,5.2163887,-0.0001010876,49.952084,5.2163887,1.0000001e-07,49.952084,5.2163887,7.0,,,,,,,
49.952084,5.1564302,0.0044325455,49.952084,5.1564302,0.0012791909,,,,,,,,,,,,,,,,,,,,,,,,,,,,,,,,,,,,,,,,,,,,,,,,,,,,,,,,,,,,,49.952084,5.1564302,12.4770355,49.952084,5.1564302,2.0231435,,,,,,,,,,,,,,,,,49.952084,5.246368,0.024555592,49.952084,5.246368,0.000562771,,,,,,,,,,,,,,,,,,,,49.952084,5.246368,0.004253086,49.952084,5.246368,27.518711,49.952084,5.246368,0.00014176955,49.952084,5.246368,1.0000001e-07,49.952084,5.246368,7.0,,,,,,,
49.952084,5.1864095,0.0048639,49.952084,5.1864095,0.0010263275,,,,,,,,,,,,,,,,,,,,,,,,,,,,,,,,,,,,,,,,,,,,,,,,,,,,,,,,,,,,,49.952084,5.1864095,14.012444,49.952084,5.1864095,1.2286214,,,,,,,,,,,,,,,,,49.952084,5.276347,0.019890653,49.952084,5.276347,0.0020124102,,,,,,,,,,,,,,,,,,,,49.952084,5.276347,-0.0014031598,49.952084,5.276347,27.493826,49.952084,5.276347,-4.677199e-05,49.952084,5.276347,1.0000001e-07,49.952084,5.276347,7.0,,,,,,,
49.952084,5.2163887,0.004477168,49.952084,5.2163887,0.0013684367,,,,,,,,,,,,,,,,,,,,,,,,,,,,,,,,,,,,,,,,,,,,,,,,,,,,,,,,,,,,,49.952084,5.2163887,12.679019,49.952084,5.2163887,2.3170364,,,,,,,,,,,,,,,,,49.952084,5.3063264,0.018118344,49.952084,5.3063264,-0.0013499792,,,,,,,,,,,,,,,,,,,,49.952084,5.3063264,-0.0035996723,49.952084,5.3063264,27.484163,49.952084,5.3063264,-0.00011998907,49.952084,5.3063264,1.0000001e-07,49.952084,5.3063264,7.0,,,,,,,
49.952084,5.246368,0.0052357577,49.952084,5.246368,0.0013089394,,,,,,,,,,,,,,,,,,,,,,,,,,,,,,,,,,,,,,,,,,,,,,,,,,,,,,,,,,,,,49.952084,5.246368,15.185776,49.952084,5.246368,2.1469698,,,,,,,,,,,,,,,,,49.952084,5.3363056,0.021044524,49.952084,5.3363056,-0.00079214753,,,,,,,,,,,,,,,,,,,,49.952084,5.3363056,0.00011431576,49.952084,5.3363056,27.500504,49.952084,5.3363056,3.810529e-06,49.952084,5.3363056,1.0000001e-07,49.952084,5.3363056,7.0,,,,,,,
49.952084,5.276347,0.004477168,49.952084,5.276347,0.0014576825,,,,,,,,,,,,,,,,,,,,,,,,,,,,,,,,,,,,,,,,,,,,,,,,,,,,,,,,,,,,,49.952084,5.276347,12.617254,49.952084,5.276347,2.616342,,,,,,,,,,,,,,,,,49.952084,5.366285,0.020776704,49.952084,5.366285,0.0007209807,,,,,,,,,,,,,,,,,,,,49.952084,5.366285,-0.00023320054,49.952084,5.366285,27.498972,49.952084,5.366285,-7.77335e-06,49.952084,5.366285,1.0000001e-07,49.952084,5.366285,7.0,,,,,,,
49.952084,5.3063264,0.0041350587,49.952084,5.3063264,0.0011155733,,,,,,,,,,,,,,,,,,,,,,,,,,,,,,,,,,,,,,,,,,,,,,,,,,,,,,,,,,,,,49.952084,5.3063264,11.465086,49.952084,5.3063264,1.4903468,,,,,,,,,,,,,,,,,49.952084,5.396264,0.017210588,49.952084,5.396264,-0.0010682166,,,,,,,,,,,,,,,,,,,,49.952084,5.396264,-0.0047581564,49.952084,5.396264,27.479063,49.952084,5.396264,-0.00015860522,49.952084,5.396264,1.0000001e-07,49.952084,5.396264,7.0,,,,,,,
49.952084,5.3363056,0.0045366655,49.952084,5.3363056,0.0010114531,,,,,,,,,,,,,,,,,,,,,,,,,,,,,,,,,,,,,,,,,,,,,,,,,,,,,,,,,,,,,49.952084,5.3363056,12.822124,49.952084,5.3363056,1.2058065,,,,,,,,,,,,,,,,,49.952084,5.426244,0.021157814,49.952084,5.426244,0.0016749939,,,,,,,,,,,,,,,,,,,,49.952084,5.426244,0.00051104586,49.952084,5.426244,27.502249,49.952084,5.426244,1.7034863e-05,49.952084,5.426244,1.0000001e-07,49.952084,5.426244,7.0,,,,,,,
49.952084,5.366285,0.004387922,49.952084,5.366285,0.0011750706,,,,,,,,,,,,,,,,,,,,,,,,,,,,,,,,,,,,,,,,,,,,,,,,,,,,,,,,,,,,,49.952084,5.366285,12.379536,49.952084,5.366285,1.687916,,,,,,,,,,,,,,,,,49.952084,5.456223,0.019857684,49.952084,5.456223,0.0009288794,,,,,,,,,,,,,,,,,,,,49.952084,5.456223,-0.0010130773,49.952084,5.456223,27.495543,49.952084,5.456223,-3.3769247e-05,49.952084,5.456223,0.055919483,49.952084,5.456223,6.0,,,,,,,
49.952084,5.396264,0.0038821953,49.952084,5.396264,0.0011155733,,,,,,,,,,,,,,,,,,,,,,,,,,,,,,,,,,,,,,,,,,,,,,,,,,,,,,,,,,,,,49.952084,5.396264,10.667365,49.952084,5.396264,1.4928167,,,,,,,,,,,,,,,,,49.952084,5.4862022,0.020152505,49.952084,5.4862022,0.00036673786,,,,,,,,,,,,,,,,,,,,49.952084,5.4862022,-0.00056454114,49.952084,5.4862022,27.497515,49.952084,5.4862022,-1.881804e-05,49.952084,5.4862022,1.0000001e-07,49.952084,5.4862022,7.0,,,,,,,
49.952084,5.4262433,0.004447419,49.952084,5.4262433,0.0014428082,,,,,,,,,,,,,,,,,,,,,,,,,,,,,,,,,,,,,,,,,,,,,,,,,,,,,,,,,,,,,49.952084,5.4262433,12.542182,49.952084,5.4262433,2.6236055,,,,,,,,,,,,,,,,,49.952084,5.5161815,0.020468006,49.952084,5.5161815,-0.0003145415,,,,,,,,,,,,,,,,,,,,49.952084,5.5161815,5.1059244e-05,49.952084,5.5161815,27.500225,49.952084,5.5161815,1.7019743e-06,49.952084,5.5161815,1.0000001e-07,49.952084,5.5161815,7.0,,,,,,,
49.952084,5.4562225,0.00410531,49.952084,5.4562225,0.0012791909,,,,,,,,,,,,,,,,,,,,,,,,,,,,,,,,,,,,,,,,,,,,,,,,,,,,,,,,,,,,,49.952084,5.4562225,11.440282,49.952084,5.4562225,2.0909834,,,,,,,,,,,,,,,,,49.952084,5.5461607,0.021240018,49.952084,5.5461607,0.00051516265,,,,,,,,,,,,,,,,,,,,49.952084,5.5461607,0.00080758944,49.952084,5.5461607,27.503553,49.952084,5.5461607,2.691965e-05,49.952084,5.5461607,1.0000001e-07,49.952084,5.5461607,7.0,,,,,,,
49.952084,5.486202,0.0043135504,49.952084,5.486202,0.0012196935,,,,,,,,,,,,,,,,,,,,,,,,,,,,,,,,,,,,,,,,,,,,,,,,,,,,,,,,,,,,,49.952084,5.486202,12.1204,49.952084,5.486202,1.8745335,,,,,,,,,,,,,,,,,49.952084,5.57614,0.018800305,49.952084,5.57614,-7.8060664e-05,,,,,,,,,,,,,,,,,,,,49.952084,5.57614,-0.0018986058,49.952084,5.57614,27.491646,49.952084,5.57614,-6.328686e-05,49.952084,5.57614,1.0000001e-07,49.952084,5.57614,7.0,,,,,,,
49.952084,5.516181,0.004313551,49.952084,5.516181,0.0010709505,,,,,,,,,,,,,,,,,,,,,,,,,,,,,,,,,,,,,,,,,,,,,,,,,,,,,,,,,,,,,49.952084,5.516181,12.14298,49.952084,5.516181,1.3660291,,,,,,,,,,,,,,,,,49.952084,5.606119,0.020946944,49.952084,5.606119,0.000112792215,,,,,,,,,,,,,,,,,,,,49.952084,5.606119,0.0010488351,49.952084,5.606119,27.504616,49.952084,5.606119,3.4961173e-05,49.952084,5.606119,1.0000001e-07,49.952084,5.606119,7.0,,,,,,,
49.952084,5.5461607,0.00420943,49.952084,5.5461607,0.0012791908,,,,,,,,,,,,,,,,,,,,,,,,,,,,,,,,,,,,,,,,,,,,,,,,,,,,,,,,,,,,,49.952084,5.5461607,11.846119,49.952084,5.5461607,2.0712652,,,,,,,,,,,,,,,,,49.952084,5.6360984,0.020551404,49.952084,5.6360984,0.00024884657,,,,,,,,,,,,,,,,,,,,49.952084,5.6360984,0.00051312335,49.952084,5.6360984,27.502258,49.952084,5.6360984,1.7104121e-05,49.952084,5.6360984,1.0000001e-07,49.952084,5.6360984,7.0,,,,,,,
49.952084,5.57614,0.0039416924,49.952084,5.57614,0.0011304476,,,,,,,,,,,,,,,,,,,,,,,,,,,,,,,,,,,,,,,,,,,,,,,,,,,,,,,,,,,,,49.952084,5.57614,10.939336,49.952084,5.57614,1.5427059,,,,,,,,,,,,,,,,,49.952084,5.6660776,0.019938644,49.952084,5.6660776,-0.0005336143,,,,,,,,,,,,,,,,,,,,49.952084,5.6660776,-0.00030184106,49.952084,5.6660776,27.49867,49.952084,5.6660776,-1.0061372e-05,49.952084,5.6660776,1.0000001e-07,49.952084,5.6660776,7.0,,,,,,,
49.952084,5.606119,0.0042689275,49.952084,5.606119,0.0011155733,,,,,,,,,,,,,,,,,,,,,,,,,,,,,,,,,,,,,,,,,,,,,,,,,,,,,,,,,,,,,49.952084,5.606119,11.948588,49.952084,5.606119,1.4948784,,,,,,,,,,,,,,,,,49.952084,5.696057,0.019063288,49.952084,5.696057,-0.00044875534,,,,,,,,,,,,,,,,,,,,49.952084,5.696057,-0.0012890473,49.952084,5.696057,27.494328,49.952084,5.696057,-4.2968244e-05,49.952084,5.696057,1.0000001e-07,49.952084,5.696057,7.0,,,,,,,
49.952084,5.6360984,0.0041796817,49.952084,5.6360984,0.0010560761,,,,,,,,,,,,,,,,,,,,,,,,,,,,,,,,,,,,,,,,,,,,,,,,,,,,,,,,,,,,,49.952084,5.6360984,11.689941,49.952084,5.6360984,1.2786208,,,,,,,,,,,,,,,,,49.952084,5.726036,0.022673259,49.952084,5.726036,-0.0023466717,,,,,,,,,,,,,,,,,,,,49.952084,5.726036,0.0034471888,49.952084,5.726036,27.51517,49.952084,5.726036,0.000114906295,49.952084,5.726036,1.0000001e-07,49.952084,5.726036,7.0,,,,,,,
49.952084,5.6660776,0.0040011904,49.952084,5.6660776,0.000996579,,,,,,,,,,,,,,,,,,,,,,,,,,,,,,,,,,,,,,,,,,,,,,,,,,,,,,,,,,,,,49.952084,5.6660776,11.059054,49.952084,5.6660776,1.0747733,,,,,,,,,,,,,,,,,49.952084,5.7560153,0.018646015,49.952084,5.7560153,0.0003778268,,,,,,,,,,,,,,,,,,,,49.952084,5.7560153,-0.0015776155,49.952084,5.7560153,27.493057,49.952084,5.7560153,-5.2587187e-05,49.952084,5.7560153,1.0000001e-07,49.952084,5.7560153,7.0,,,,,,,
49.952084,5.696057,0.0038673207,49.952084,5.696057,0.0010412019,,,,,,,,,,,,,,,,,,,,,,,,,,,,,,,,,,,,,,,,,,,,,,,,,,,,,,,,,,,,,49.952084,5.696057,10.573998,49.952084,5.696057,1.247581,,,,,,,,,,,,,,,,,49.952084,5.7859945,0.017715447,49.952084,5.7859945,0.0025536,,,,,,,,,,,,,,,,,,,,49.952084,5.7859945,-0.0027887828,49.952084,5.7859945,27.487726,49.952084,5.7859945,-9.295943e-05,49.952084,5.7859945,1.0000001e-07,49.952084,5.7859945,7.0,,,,,,,
49.952084,5.726036,0.0042243046,49.952084,5.726036,0.00080321287,,,,,,,,,,,,,,,,,,,,,,,,,,,,,,,,,,,,,,,,,,,,,,,,,,,,,,,,,,,,,49.952084,5.726036,11.878089,49.952084,5.726036,0.46961248,,,,,,,,,,,,,,,,,49.952084,5.8159738,0.021642633,49.952084,5.8159738,0.0009434109,,,,,,,,,,,,,,,,,,,,49.952084,5.8159738,0.002297935,49.952084,5.8159738,27.510109,49.952084,5.8159738,7.659784e-05,49.952084,5.8159738,1.0000001e-07,49.952084,5.8159738,7.0,,,,,,,
49.952084,5.7560153,0.0036590807,49.952084,5.7560153,0.0012345678,,,,,,,,,,,,,,,,,,,,,,,,,,,,,,,,,,,,,,,,,,,,,,,,,,,,,,,,,,,,,49.952084,5.7560153,9.984471,49.952084,5.7560153,1.9492624,,,,,,,,,,,,,,,,,49.952084,5.845953,0.015674531,49.952084,5.845953,0.00074624707,,,,,,,,,,,,,,,,,,,,49.952084,5.845953,-0.0049485434,49.952084,5.845953,27.478224,49.952084,5.845953,-0.00016495146,49.952084,5.845953,1.0000001e-07,49.952084,5.845953,7.0,,,,,,,
49.952084,5.7859945,0.0035698349,49.952084,5.7859945,0.0013386881,,,,,,,,,,,,,,,,,,,,,,,,,,,,,,,,,,,,,,,,,,,,,,,,,,,,,,,,,,,,,49.952084,5.7859945,9.673054,49.952084,5.7859945,2.2481182,,,,,,,,,,,,,,,,,49.952084,5.875932,0.020373562,49.952084,5.875932,0.0032496615,,,,,,,,,,,,,,,,,,,,49.952084,5.875932,0.0007952904,49.952084,5.875932,27.503502,49.952084,5.875932,2.6509679e-05,49.952084,5.875932,0.0387235,49.952084,5.875932,6.0,,,,,,,
49.952084,5.8159738,0.003986316,49.952084,5.8159738,0.0012048192,,,,,,,,,,,,,,,,,,,,,,,,,,,,,,,,,,,,,,,,,,,,,,,,,,,,,,,,,,,,,49.952084,5.8159738,10.965545,49.952084,5.8159738,1.759666,,,,,,,,,,,,,,,,,49.952084,5.9059114,0.018885322,49.952084,5.9059114,0.00012775236,,,,,,,,,,,,,,,,,,,,49.952084,5.9059114,-0.0005884027,49.952084,5.9059114,27.49741,49.952084,5.9059114,-1.9613424e-05,49.952084,5.9059114,1.0000001e-07,49.952084,5.9059114,7.0,,,,,,,
49.952084,5.845953,0.0032426,49.952084,5.845953,0.001100699,,,,,,,,,,,,,,,,,,,,,,,,,,,,,,,,,,,,,,,,,,,,,,,,,,,,,,,,,,,,,49.952084,5.845953,8.476769,49.952084,5.845953,1.4455165,,,,,,,,,,,,,,,,,49.952084,5.9358907,0.02077336,49.952084,5.9358907,0.0013116854,,,,,,,,,,,,,,,,,,,,49.952084,5.9358907,0.0015652755,49.952084,5.9358907,27.506886,49.952084,5.9358907,5.217585e-05,49.952084,5.9358907,1.0000001e-07,49.952084,5.9358907,7.0,,,,,,,
49.952084,5.875932,0.0038078236,49.952084,5.875932,0.0014874312,,,,,,,,,,,,,,,,,,,,,,,,,,,,,,,,,,,,,,,,,,,,,,,,,,,,,,,,,,,,,49.952084,5.875932,10.46122,49.952084,5.875932,2.7694674,,,,,,,,,,,,,,,,,49.952084,5.96587,0.01780027,49.952084,5.96587,0.0001292291,,,,,,,,,,,,,,,,,,,,49.952084,5.96587,-0.0021062817,49.952084,5.96587,27.490732,49.952084,5.96587,-7.020938e-05,49.952084,5.96587,1.0000001e-07,49.952084,5.96587,7.0,,,,,,,
49.952084,5.9059114,0.0035847095,49.952084,5.9059114,0.0010412018,,,,,,,,,,,,,,,,,,,,,,,,,,,,,,,,,,,,,,,,,,,,,,,,,,,,,,,,,,,,,49.952084,5.9059114,9.725472,49.952084,5.9059114,1.2765526,,,,,,,,,,,,,,,,,49.952084,5.995849,0.019625386,49.952084,5.995849,0.00068996026,,,,,,,,,,,,,,,,,,,,49.952084,5.995849,0.0,49.952084,5.995849,27.5,49.952084,5.995849,0.0,49.952084,5.995849,1.0000001e-07,49.952084,5.995849,7.0,,,,,,,
49.952084,5.9358907,0.0038226983,49.952084,5.9358907,0.0012494422,,,,,,,,,,,,,,,,,,,,,,,,,,,,,,,,,,,,,,,,,,,,,,,,,,,,,,,,,,,,,49.952084,5.9358907,10.535088,49.952084,5.9358907,1.9691626,,,,,,,,,,,,,,,,,49.952084,6.0258284,0.021965437,49.952084,6.0258284,0.0015831379,,,,,,,,,,,,,,,,,,,,,,,,,,,,,49.952084,6.0258284,1.0000001e-07,49.952084,6.0258284,7.0,,,,,,,
49.952084,5.96587,0.0033913432,49.952084,5.96587,0.0011750706,,,,,,,,,,,,,,,,,,,,,,,,,,,,,,,,,,,,,,,,,,,,,,,,,,,,,,,,,,,,,49.952084,5.96587,8.998257,49.952084,5.96587,1.7128361,,,,,,,,,,,,,,,,,49.952084,6.0558076,0.0192633,49.952084,6.0558076,0.0006357643,,,,,,,,,,,,,,,,,,,,,,,,,,,,,49.952084,6.0558076,1.0000001e-07,49.952084,6.0558076,7.0,,,,,,,
49.952084,5.995849,0.0036293322,49.952084,5.995849,0.0010858248,,,,,,,,,,,,,,,,,,,,,,,,,,,,,,,,,,,,,,,,,,,,,,,,,,,,,,,,,,,,,49.952084,5.995849,9.848845,49.952084,5.995849,1.4288657,,,,,,,,,,,,,,,,,49.952084,6.085787,0.016572572,49.952084,6.085787,0.0013334223,,,,,,,,,,,,,,,,,,,,,,,,,,,,,49.952084,6.085787,1.0000001e-07,49.952084,6.085787,7.0,,,,,,,
49.952084,6.0258284,0.0038375726,49.952084,6.0258284,0.0012048191,,,,,,,,,,,,,,,,,,,,,,,,,,,,,,,,,,,,,,,,,,,,,,,,,,,,,,,,,,,,,49.952084,6.0258284,10.479997,49.952084,6.0258284,1.7709384,,,,,,,,,,,,,,,,,49.952084,6.115766,0.021587394,49.952084,6.115766,-0.0002842371,,,,,,,,,,,,,,,,,,,,,,,,,,,,,49.952084,6.115766,1.0000001e-07,49.952084,6.115766,7.0,,,,,,,
49.952084,6.0558076,0.003435966,49.952084,6.0558076,0.0011155733,,,,,,,,,,,,,,,,,,,,,,,,,,,,,,,,,,,,,,,,,,,,,,,,,,,,,,,,,,,,,49.952084,6.0558076,9.1801405,49.952084,6.0558076,1.5116453,,,,,,,,,,,,,,,,,49.952084,6.1457453,0.019380458,49.952084,6.1457453,-0.0014202058,,,,,,,,,,,,,,,,,,,,,,,,,,,,,49.952084,6.1457453,1.0000001e-07,49.952084,6.1457453,7.0,,,,,,,
49.952084,6.085787,0.0031682283,49.952084,6.085787,0.0012196936,,,,,,,,,,,,,,,,,,,,,,,,,,,,,,,,,,,,,,,,,,,,,,,,,,,,,,,,,,,,,49.952084,6.085787,8.284433,49.952084,6.085787,1.8262844,,,,,,,,,,,,,,,,,49.952084,6.1757245,0.02324029,49.952084,6.1757245,0.0011341963,,,,,,,,,,,,,,,,,,,,,,,,,,,,,49.952084,6.1757245,1.0000001e-07,49.952084,6.1757245,7.0,,,,,,,
49.952084,6.115766,0.0036442066,49.952084,6.115766,0.001100699,,,,,,,,,,,,,,,,,,,,,,,,,,,,,,,,,,,,,,,,,,,,,,,,,,,,,,,,,,,,,49.952084,6.115766,9.961563,49.952084,6.115766,1.4380919,,,,,,,,,,,,,,,,,49.952084,6.2057037,0.019093692,49.952084,6.2057037,0.0017772325,,,,,,,,,,,,,,,,,,,,,,,,,,,,,49.952084,6.2057037,1.0000001e-07,49.952084,6.2057037,7.0,,,,,,,
49.952084,6.1457453,0.003406217,49.952084,6.1457453,0.0009222073,,,,,,,,,,,,,,,,,,,,,,,,,,,,,,,,,,,,,,,,,,,,,,,,,,,,,,,,,,,,,49.952084,6.1457453,9.076499,49.952084,6.1457453,0.9014954,,,,,,,,,,,,,,,,,49.952084,6.235683,0.019607613,49.952084,6.235683,0.0022973719,,,,,,,,,,,,,,,,,,,,,,,,,,,,,49.952084,6.235683,1.0000001e-07,49.952084,6.235683,7.0,,,,,,,
49.952084,6.1757245,0.0038226983,49.952084,6.1757245,0.0012196937,,,,,,,,,,,,,,,,,,,,,,,,,,,,,,,,,,,,,,,,,,,,,,,,,,,,,,,,,,,,,49.952084,6.1757245,10.5191765,49.952084,6.1757245,1.8499037,,,,,,,,,,,,,,,,,49.952084,6.2656627,0.015356057,49.952084,6.2656627,7.863032e-05,,,,,,,,,,,,,,,,,,,,,,,,,,,,,49.952084,6.2656627,1.0000001e-07,49.952084,6.2656627,7.0,,,,,,,
49.952084,6.2057037,0.0032425998,49.952084,6.2057037,0.0013386881,,,,,,,,,,,,,,,,,,,,,,,,,,,,,,,,,,,,,,,,,,,,,,,,,,,,,,,,,,,,,49.952084,6.2057037,8.536182,49.952084,6.2057037,2.234567,,,,,,,,,,,,,,,,,49.952084,6.295642,0.019284753,49.952084,6.295642,-0.00019025034,,,,,,,,,,,,,,,,,,,,,,,,,,,,,49.952084,6.295642,1.0000001e-07,49.952084,6.295642,7.0,,,,,,,
49.952084,6.235683,0.0033318459,49.952084,6.235683,0.0012940652,,,,,,,,,,,,,,,,,,,,,,,,,,,,,,,,,,,,,,,,,,,,,,,,,,,,,,,,,,,,,49.952084,6.235683,8.869027,49.952084,6.235683,2.078105,,,,,,,,,,,,,,,,,49.952084,6.325621,0.018098023,49.952084,6.325621,-4.0793933e-05,,,,,,,,,,,,,,,,,,,,,,,,,,,,,49.952084,6.325621,1.0000001e-07,49.952084,6.325621,7.0,,,,,,,
49.952084,6.265662,0.003004611,49.952084,6.265662,0.0011750706,,,,,,,,,,,,,,,,,,,,,,,,,,,,,,,,,,,,,,,,,,,,,,,,,,,,,,,,,,,,,49.952084,6.265662,7.753539,49.952084,6.265662,1.7327193,,,,,,,,,,,,,,,,,49.952084,6.3556004,0.01856785,49.952084,6.3556004,0.0020168715,,,,,,,,,,,,,,,,,,,,,,,,,,,,,49.952084,6.3556004,1.0000001e-07,49.952084,6.3556004,7.0,,,,,,,
49.952084,6.2956414,0.0032425998,49.952084,6.2956414,0.0010560761,,,,,,,,,,,,,,,,,,,,,,,,,,,,,,,,,,,,,,,,,,,,,,,,,,,,,,,,,,,,,49.952084,6.2956414,8.596078,49.952084,6.2956414,1.2626873,,,,,,,,,,,,,,,,,49.952084,6.3855796,0.023585217,49.952084,6.3855796,-0.0008988528,,,,,,,,,,,,,,,,,,,,,,,,,,,,,49.952084,6.3855796,1.0000001e-07,49.952084,6.3855796,7.0,,,,,,,
49.952084,6.3256207,0.003197977,49.952084,6.3256207,0.0010560763,,,,,,,,,,,,,,,,,,,,,,,,,,,,,,,,,,,,,,,,,,,,,,,,,,,,,,,,,,,,,49.952084,6.3256207,8.285478,49.952084,6.3256207,1.3009267,,,,,,,,,,,,,,,,,49.952084,6.415559,0.017962597,49.952084,6.415559,0.0021970058,,,,,,,,,,,,,,,,,,,,,,,,,,,,,49.952084,6.415559,1.0000001e-07,49.952084,6.415559,7.0,,,,,,,
49.952084,6.3556,0.0031533542,49.952084,6.3556,0.0012494422,,,,,,,,,,,,,,,,,,,,,,,,,,,,,,,,,,,,,,,,,,,,,,,,,,,,,,,,,,,,,49.952084,6.3556,8.205102,49.952084,6.3556,1.9551722,,,,,,,,,,,,,,,,,49.952084,6.445538,0.019303955,49.952084,6.445538,-0.00028615742,,,,,,,,,,,,,,,,,,,,,,,,,,,,,49.952084,6.445538,1.0000001e-07,49.952084,6.445538,7.0,,,,,,,
49.952084,6.385579,0.0036888297,49.952084,6.385579,0.0010263275,,,,,,,,,,,,,,,,,,,,,,,,,,,,,,,,,,,,,,,,,,,,,,,,,,,,,,,,,,,,,49.952084,6.385579,10.0707035,49.952084,6.385579,1.2161405,,,,,,,,,,,,,,,,,49.952084,6.4755173,0.018555786,49.952084,6.4755173,0.0014675749,,,,,,,,,,,,,,,,,,,,,,,,,,,,,49.952084,6.4755173,1.0000001e-07,49.952084,6.4755173,7.0,,,,,,,
49.952084,6.415559,0.0032426,49.952084,6.415559,0.0012791908,,,,,,,,,,,,,,,,,,,,,,,,,,,,,,,,,,,,,,,,,,,,,,,,,,,,,,,,,,,,,49.952084,6.415559,8.546386,49.952084,6.415559,2.0120325,,,,,,,,,,,,,,,,,49.952084,6.5054965,0.01867244,49.952084,6.5054965,0.00021511834,,,,,,,,,,,,,,,,,,,,,,,,,,,,,49.952084,6.5054965,1.0000001e-07,49.952084,6.5054965,7.0,,,,,,,
49.952084,6.445538,0.0031087315,49.952084,6.445538,0.0009668303,,,,,,,,,,,,,,,,,,,,,,,,,,,,,,,,,,,,,,,,,,,,,,,,,,,,,,,,,,,,,49.952084,6.445538,8.062237,49.952084,6.445538,1.046398,,,,,,,,,,,,,,,,,49.952084,6.5354757,0.01933112,49.952084,6.5354757,-0.00024829287,,,,,,,,,,,,,,,,,,,,,,,,,,,,,49.952084,6.5354757,1.0000001e-07,49.952084,6.5354757,7.0,,,,,,,
49.952084,6.4755173,0.0029748622,49.952084,6.4755173,0.001145322,,,,,,,,,,,,,,,,,,,,,,,,,,,,,,,,,,,,,,,,,,,,,,,,,,,,,,,,,,,,,49.952084,6.4755173,7.6445913,49.952084,6.4755173,1.6283823,,,,,,,,,,,,,,,,,49.952084,6.565455,0.013844855,49.952084,6.565455,0.0011144753,,,,,,,,,,,,,,,,,,,,,,,,,,,,,49.952084,6.565455,1.0000001e-07,49.952084,6.565455,7.0,,,,,,,
49.952084,6.5054965,0.002855868,49.952084,6.5054965,0.001100699,,,,,,,,,,,,,,,,,,,,,,,,,,,,,,,,,,,,,,,,,,,,,,,,,,,,,,,,,,,,,49.952084,6.5054965,7.2769294,49.952084,6.5054965,1.456078,,,,,,,,,,,,,,,,,49.952084,6.595434,0.02202159,49.952084,6.595434,0.0007953991,,,,,,,,,,,,,,,,,,,,,,,,,,,,,49.952084,6.595434,1.0000001e-07,49.952084,6.595434,7.0,,,,,,,
49.952084,6.5354757,0.003004611,49.952084,6.5354757,0.0010560761,,,,,,,,,,,,,,,,,,,,,,,,,,,,,,,,,,,,,,,,,,,,,,,,,,,,,,,,,,,,,49.952084,6.5354757,7.760544,49.952084,6.5354757,1.3044738,,,,,,,,,,,,,,,,,49.952084,6.6254134,0.018532755,49.952084,6.6254134,-0.0009430741,,,,,,,,,,,,,,,,,,,,,,,,,,,,,49.952084,6.6254134,1.0000001e-07,49.952084,6.6254134,7.0,,,,,,,
49.952084,6.565455,0.002528633,49.952084,6.565455,0.0011750706,,,,,,,,,,,,,,,,,,,,,,,,,,,,,,,,,,,,,,,,,,,,,,,,,,,,,,,,,,,,,49.952084,6.565455,6.1212263,49.952084,6.565455,1.7174084,,,,,,,,,,,,,,,,,49.952084,6.6553926,0.019370116,49.952084,6.6553926,0.0011586872,,,,,,,,,,,,,,,,,,,,,,,,,,,,,49.952084,6.6553926,1.0000001e-07,49.952084,6.6553926,7.0,,,,,,,
49.952084,6.595434,0.0033764686,49.952084,6.595434,0.0010709505,,,,,,,,,,,,,,,,,,,,,,,,,,,,,,,,,,,,,,,,,,,,,,,,,,,,,,,,,,,,,49.952084,6.595434,8.973663,49.952084,6.595434,1.3500724,,,,,,,,,,,,,,,,,49.952084,6.685372,0.016671754,49.952084,6.685372,0.0006602263,,,,,,,,,,,,,,,,,,,,,,,,,,,,,49.952084,6.685372,1.0000001e-07,49.952084,6.685372,7.0,,,,,,,
49.952084,6.6254134,0.0029302395,49.952084,6.6254134,0.0010709504,,,,,,,,,,,,,,,,,,,,,,,,,,,,,,,,,,,,,,,,,,,,,,,,,,,,,,,,,,,,,49.952084,6.6254134,7.4785175,49.952084,6.6254134,1.3741199,,,,,,,,,,,,,,,,,49.952084,6.715351,0.018695524,49.952084,6.715351,-0.00016369687,,,,,,,,,,,,,,,,,,,,,,,,,,,,,49.952084,6.715351,1.0000001e-07,49.952084,6.715351,7.0,,,,,,,
49.952084,6.6553926,0.0030641085,49.952084,6.6553926,0.0010560763,,,,,,,,,,,,,,,,,,,,,,,,,,,,,,,,,,,,,,,,,,,,,,,,,,,,,,,,,,,,,49.952084,6.6553926,8.01887,49.952084,6.6553926,1.2921859,,,,,,,,,,,,,,,,,49.952084,6.7453303,0.016459376,49.952084,6.7453303,0.0017914674,,,,,,,,,,,,,,,,,,,,,,,,,,,,,49.952084,6.7453303,1.0000001e-07,49.952084,6.7453303,7.0,,,,,,,
49.952084,6.685372,0.0027963708,49.952084,6.685372,0.0010412018,,,,,,,,,,,,,,,,,,,,,,,,,,,,,,,,,,,,,,,,,,,,,,,,,,,,,,,,,,,,,49.952084,6.685372,7.021523,49.952084,6.685372,1.2557931,,,,,,,,,,,,,,,,,49.952084,6.7753096,0.019693427,49.952084,6.7753096,-3.6564277e-05,,,,,,,,,,,,,,,,,,,,,,,,,,,,,49.952084,6.7753096,1.0000001e-07,49.952084,6.7753096,7.0,,,,,,,
49.952084,6.715351,0.002915365,49.952084,6.715351,0.0010412019,,,,,,,,,,,,,,,,,,,,,,,,,,,,,,,,,,,,,,,,,,,,,,,,,,,,,,,,,,,,,49.952084,6.715351,7.4525857,49.952084,6.715351,1.2693405,,,,,,,,,,,,,,,,,49.952084,6.805289,0.019184401,49.952084,6.805289,-0.00052638387,,,,,,,,,,,,,,,,,,,,,,,,,,,,,49.952084,6.805289,1.0000001e-07,49.952084,6.805289,7.0,,,,,,,
49.952084,6.7453303,0.0026625018,49.952084,6.7453303,0.0011750706,,,,,,,,,,,,,,,,,,,,,,,,,,,,,,,,,,,,,,,,,,,,,,,,,,,,,,,,,,,,,49.952084,6.7453303,6.61882,49.952084,6.7453303,1.7381085,,,,,,,,,,,,,,,,,49.952084,6.835268,0.01791892,49.952084,6.835268,-6.322933e-05,,,,,,,,,,,,,,,,,,,,,,,,,,,,,49.952084,6.835268,1.0000001e-07,49.952084,6.835268,7.0,,,,,,,
49.952084,6.7753096,0.0029153652,49.952084,6.7753096,0.0010709504,,,,,,,,,,,,,,,,,,,,,,,,,,,,,,,,,,,,,,,,,,,,,,,,,,,,,,,,,,,,,49.952084,6.7753096,7.4782825,49.952084,6.7753096,1.367096,,,,,,,,,,,,,,,,,49.952084,6.8652472,0.016952194,49.952084,6.8652472,-0.0016856405,,,,,,,,,,,,,,,,,,,,,,,,,,,,,49.952084,6.8652472,1.0000001e-07,49.952084,6.8652472,7.0,,,,,,,
49.952084,6.805289,0.0029451137,49.952084,6.805289,0.0009817047,,,,,,,,,,,,,,,,,,,,,,,,,,,,,,,,,,,,,,,,,,,,,,,,,,,,,,,,,,,,,49.952084,6.805289,7.573799,49.952084,6.805289,1.0700423,,,,,,,,,,,,,,,,,49.952084,6.8952265,0.015203183,49.952084,6.8952265,-0.0013689882,,,,,,,,,,,,,,,,,,,,,,,,,,,,,49.952084,6.8952265,1.0000001e-07,49.952084,6.8952265,7.0,,,,,,,
49.952084,6.835268,0.0027666218,49.952084,6.835268,0.0010263275,,,,,,,,,,,,,,,,,,,,,,,,,,,,,,,,,,,,,,,,,,,,,,,,,,,,,,,,,,,,,49.952084,6.835268,6.993208,49.952084,6.835268,1.2173685,,,,,,,,,,,,,,,,,49.952084,6.9252057,0.020908942,49.952084,6.9252057,-0.0003556373,,,,,,,,,,,,,,,,,,,,,,,,,,,,,49.952084,6.9252057,1.0000001e-07,49.952084,6.9252057,7.0,,,,,,,
49.952084,6.8652472,0.0026922503,49.952084,6.8652472,0.00093708164,,,,,,,,,,,,,,,,,,,,,,,,,,,,,,,,,,,,,,,,,,,,,,,,,,,,,,,,,,,,,49.952084,6.8652472,6.714682,49.952084,6.8652472,0.9111631,,,,,,,,,,,,,,,,,49.952084,6.955185,0.016371392,49.952084,6.955185,0.0008792872,,,,,,,,,,,,,,,,,,,,,,,,,,,,,49.952084,6.955185,1.0000001e-07,49.952084,6.955185,7.0,,,,,,,
49.952084,6.8952265,0.002424513,49.952084,6.8952265,0.00086271,,,,,,,,,,,,,,,,,,,,,,,,,,,,,,,,,,,,,,,,,,,,,,,,,,,,,,,,,,,,,49.952084,6.8952265,5.8216176,49.952084,6.8952265,0.69914013,,,,,,,,,,,,,,,,,49.952084,6.985164,0.01769318,49.952084,6.985164,0.00051990355,,,,,,,,,,,,,,,,,,,,,,,,,,,,,49.952084,6.985164,1.0000001e-07,49.952084,6.985164,7.0,,,,,,,
49.952084,6.9252057,0.002945114,49.952084,6.9252057,0.00092220743,,,,,,,,,,,,,,,,,,,,,,,,,,,,,,,,,,,,,,,,,,,,,,,,,,,,,,,,,,,,,49.952084,6.9252057,7.5746307,49.952084,6.9252057,0.8962743,,,,,,,,,,,,,,,,,49.952084,7.0151434,0.020891652,49.952084,7.0151434,0.00082379114,,,,,,,,,,,,,,,,,,,,,,,,,,,,,49.952084,7.0151434,1.0000001e-07,49.952084,7.0151434,7.0,,,,,,,
49.952084,6.955185,0.0025881303,49.952084,6.955185,0.0010560761,,,,,,,,,,,,,,,,,,,,,,,,,,,,,,,,,,,,,,,,,,,,,,,,,,,,,,,,,,,,,49.952084,6.955185,6.3375483,49.952084,6.955185,1.3065753,,,,,,,,,,,,,,,,,49.952084,7.0451226,0.016791511,49.952084,7.0451226,0.00085291755,,,,,,,,,,,,,,,,,,,,,,,,,,,,,49.952084,7.0451226,1.0000001e-07,49.952084,7.0451226,7.0,,,,,,,
49.952084,6.985164,0.0027517478,49.952084,6.985164,0.0010263275,,,,,,,,,,,,,,,,,,,,,,,,,,,,,,,,,,,,,,,,,,,,,,,,,,,,,,,,,,,,,49.952084,6.985164,6.870437,49.952084,6.985164,1.1728189,,,,,,,,,,,,,,,,,49.952084,7.0751023,0.020125134,49.952084,7.0751023,0.0015880186,,,,,,,,,,,,,,,,,,,,,,,,,,,,,49.952084,7.0751023,1.0000001e-07,49.952084,7.0751023,7.0,,,,,,,
49.952084,7.0151434,0.0029897369,49.952084,7.0151434,0.0010709503,,,,,,,,,,,,,,,,,,,,,,,,,,,,,,,,,,,,,,,,,,,,,,,,,,,,,,,,,,,,,49.952084,7.0151434,7.731341,49.952084,7.0151434,1.3704855,,,,,,,,,,,,,,,,,49.952084,7.1050816,0.017398486,49.952084,7.1050816,0.00040348215,,,,,,,,,,,,,,,,,,,,,,,,,,,,,49.952084,7.1050816,1.0000001e-07,49.952084,7.1050816,7.0,,,,,,,
49.952084,7.0451226,0.002528633,49.952084,7.0451226,0.001056076,,,,,,,,,,,,,,,,,,,,,,,,,,,,,,,,,,,,,,,,,,,,,,,,,,,,,,,,,,,,,49.952084,7.0451226,6.1340017,49.952084,7.0451226,1.3271304,,,,,,,,,,,,,,,,,49.952084,7.135061,0.016041568,49.952084,7.135061,0.0041004186,,,,,,,,,,,,,,,,,,,,,,,,,,,,,49.952084,7.135061,1.0000001e-07,49.952084,7.135061,7.0,,,,,,,
49.952084,7.075102,0.0027814964,49.952084,7.075102,0.0012048193,,,,,,,,,,,,,,,,,,,,,,,,,,,,,,,,,,,,,,,,,,,,,,,,,,,,,,,,,,,,,49.952084,7.075102,7.0560822,49.952084,7.075102,1.8063422,,,,,,,,,,,,,,,,,49.952084,7.16504,0.021407414,49.952084,7.16504,0.0011241523,,,,,,,,,,,,,,,,,,,,,,,,,,,,,49.952084,7.16504,1.0000001e-07,49.952084,7.16504,7.0,,,,,,,
49.952084,7.105081,0.0026327532,49.952084,7.105081,0.00087758433,,,,,,,,,,,,,,,,,,,,,,,,,,,,,,,,,,,,,,,,,,,,,,,,,,,,,,,,,,,,,49.952084,7.105081,6.53712,49.952084,7.105081,0.681468,,,,,,,,,,,,,,,,,49.952084,7.1950192,0.0174064,49.952084,7.1950192,0.0006769229,,,,,,,,,,,,,,,,,,,,,,,,,,,,,49.952084,7.1950192,1.0000001e-07,49.952084,7.1950192,7.0,,,,,,,
49.952084,7.1350603,0.0024988847,49.952084,7.1350603,0.0012940652,,,,,,,,,,,,,,,,,,,,,,,,,,,,,,,,,,,,,,,,,,,,,,,,,,,,,,,,,,,,,49.952084,7.1350603,6.0239205,49.952084,7.1350603,2.1084795,,,,,,,,,,,,,,,,,49.952084,7.2249985,0.019069526,49.952084,7.2249985,0.0009454523,,,,,,,,,,,,,,,,,,,,,,,,,,,,,49.952084,7.2249985,1.0000001e-07,49.952084,7.2249985,7.0,,,,,,,
49.952084,7.1650395,0.0028261193,49.952084,7.1650395,0.0010412019,,,,,,,,,,,,,,,,,,,,,,,,,,,,,,,,,,,,,,,,,,,,,,,,,,,,,,,,,,,,,49.952084,7.1650395,7.1129727,49.952084,7.1650395,1.2623855,,,,,,,,,,,,,,,,,49.952084,7.2549777,0.014202859,49.952084,7.2549777,0.00019180095,,,,,,,,,,,,,,,,,,,,,,,,,,,,,49.952084,7.2549777,1.0000001e-07,49.952084,7.2549777,7.0,,,,,,,
49.952084,7.195019,0.002528633,49.952084,7.195019,0.0011006991,,,,,,,,,,,,,,,,,,,,,,,,,,,,,,,,,,,,,,,,,,,,,,,,,,,,,,,,,,,,,49.952084,7.195019,6.205218,49.952084,7.195019,1.4662168,,,,,,,,,,,,,,,,,49.952084,7.284957,0.01958839,49.952084,7.284957,0.0009288022,,,,,,,,,,,,,,,,,,,,,,,,,,,,,49.952084,7.284957,1.0000001e-07,49.952084,7.284957,7.0,,,,,,,
49.952084,7.224998,0.002632753,49.952084,7.224998,0.0010560761,,,,,,,,,,,,,,,,,,,,,,,,,,,,,,,,,,,,,,,,,,,,,,,,,,,,,,,,,,,,,49.952084,7.224998,6.5570965,49.952084,7.224998,1.3034625,,,,,,,,,,,,,,,,,49.952084,7.314936,0.018470641,49.952084,7.314936,0.0017774196,,,,,,,,,,,,,,,,,,,,,,,,,,,,,49.952084,7.314936,1.0000001e-07,49.952084,7.314936,7.0,,,,,,,
49.952084,7.2549777,0.0023650157,49.952084,7.2549777,0.0009817047,,,,,,,,,,,,,,,,,,,,,,,,,,,,,,,,,,,,,,,,,,,,,,,,,,,,,,,,,,,,,49.952084,7.2549777,5.5868464,49.952084,7.2549777,1.0636137,,,,,,,,,,,,,,,,,49.952084,7.3449154,0.016608585,49.952084,7.3449154,0.0017464904,,,,,,,,,,,,,,,,,,,,,,,,,,,,,49.952084,7.3449154,0.050587,49.952084,7.3449154,6.0,,,,,,,
49.952084,7.284957,0.0027517476,49.952084,7.284957,0.000996579,,,,,,,,,,,,,,,,,,,,,,,,,,,,,,,,,,,,,,,,,,,,,,,,,,,,,,,,,,,,,49.952084,7.284957,6.897296,49.952084,7.284957,1.1109962,,,,,,,,,,,,,,,,,49.952084,7.3748946,0.015776655,49.952084,7.3748946,0.001230637,,,,,,,,,,,,,,,,,,,,,,,,,,,,,49.952084,7.3748946,1.0000001e-07,49.952084,7.3748946,7.0,,,,,,,
49.952084,7.314936,0.0025583818,49.952084,7.314936,0.0010560761,,,,,,,,,,,,,,,,,,,,,,,,,,,,,,,,,,,,,,,,,,,,,,,,,,,,,,,,,,,,,49.952084,7.314936,6.2601604,49.952084,7.314936,1.3415059,,,,,,,,,,,,,,,,,49.952084,7.404874,0.01533421,49.952084,7.404874,-0.00048943254,,,,,,,,,,,,,,,,,,,,,,,,,,,,,49.952084,7.404874,1.0000001e-07,49.952084,7.404874,7.0,,,,,,,
49.952084,7.3449154,0.002469136,49.952084,7.3449154,0.0011304477,,,,,,,,,,,,,,,,,,,,,,,,,,,,,,,,,,,,,,,,,,,,,,,,,,,,,,,,,,,,,49.952084,7.3449154,5.999366,49.952084,7.3449154,1.5422173,,,,,,,,,,,,,,,,,49.952084,7.434853,0.017739493,49.952084,7.434853,-0.0010168855,,,,,,,,,,,,,,,,,,,,,,,,,,,,,49.952084,7.434853,1.0000001e-07,49.952084,7.434853,7.0,,,,,,,
49.952084,7.3748946,0.0023203928,49.952084,7.3748946,0.0010412019,,,,,,,,,,,,,,,,,,,,,,,,,,,,,,,,,,,,,,,,,,,,,,,,,,,,,,,,,,,,,49.952084,7.3748946,5.4290547,49.952084,7.3748946,1.2920458,,,,,,,,,,,,,,,,,49.952084,7.4648323,0.017547803,49.952084,7.4648323,0.0011763126,,,,,,,,,,,,,,,,,,,,,,,,,,,,,49.952084,7.4648323,1.0000001e-07,49.952084,7.4648323,7.0,,,,,,,
49.952084,7.404874,0.0022757696,49.952084,7.404874,0.0009222073,,,,,,,,,,,,,,,,,,,,,,,,,,,,,,,,,,,,,,,,,,,,,,,,,,,,,,,,,,,,,49.952084,7.404874,5.2951374,49.952084,7.404874,0.8583278,,,,,,,,,,,,,,,,,49.952084,7.4948115,0.018705782,49.952084,7.4948115,0.005070558,,,,,,,,,,,,,,,,,,,,,,,,,,,,,49.952084,7.4948115,1.0000001e-07,49.952084,7.4948115,7.0,,,,,,,
49.952084,7.434853,0.002528633,49.952084,7.434853,0.00086270995,,,,,,,,,,,,,,,,,,,,,,,,,,,,,,,,,,,,,,,,,,,,,,,,,,,,,,,,,,,,,49.952084,7.434853,6.0768795,49.952084,7.434853,0.6656543,,,,,,,,,,,,,,,,,49.952084,7.524791,0.018401649,49.952084,7.524791,0.0012395887,,,,,,,,,,,,,,,,,,,,,,,,,,,,,49.952084,7.524791,1.0000001e-07,49.952084,7.524791,7.0,,,,,,,
49.952084,7.4648323,0.0024840103,49.952084,7.4648323,0.0010412019,,,,,,,,,,,,,,,,,,,,,,,,,,,,,,,,,,,,,,,,,,,,,,,,,,,,,,,,,,,,,49.952084,7.4648323,5.977814,49.952084,7.4648323,1.2674288,,,,,,,,,,,,,,,,,49.952084,7.55477,0.013736693,49.952084,7.55477,0.00029166954,,,,,,,,,,,,,,,,,,,,,,,,,,,,,49.952084,7.55477,1.0000001e-07,49.952084,7.55477,7.0,,,,,,,
49.952084,7.4948115,0.0024096384,49.952084,7.4948115,0.001294065,,,,,,,,,,,,,,,,,,,,,,,,,,,,,,,,,,,,,,,,,,,,,,,,,,,,,,,,,,,,,49.952084,7.4948115,5.7005615,49.952084,7.4948115,2.0972455,,,,,,,,,,,,,,,,,49.952084,7.584749,0.011979206,49.952084,7.584749,0.00023368637,,,,,,,,,,,,,,,,,,,,,,,,,,,,,49.952084,7.584749,1.0000001e-07,49.952084,7.584749,7.0,,,,,,,
49.952084,7.524791,0.0024542613,49.952084,7.524791,0.0010412019,,,,,,,,,,,,,,,,,,,,,,,,,,,,,,,,,,,,,,,,,,,,,,,,,,,,,,,,,,,,,49.952084,7.524791,5.945378,49.952084,7.524791,1.2780166,,,,,,,,,,,,,,,,,49.952084,7.6147285,0.021129698,49.952084,7.6147285,0.00025682163,,,,,,,,,,,,,,,,,,,,,,,,,,,,,49.952084,7.6147285,1.0000001e-07,49.952084,7.6147285,7.0,,,,,,,
49.952084,7.55477,0.0021121525,49.952084,7.55477,0.0009668303,,,,,,,,,,,,,,,,,,,,,,,,,,,,,,,,,,,,,,,,,,,,,,,,,,,,,,,,,,,,,49.952084,7.55477,4.762638,49.952084,7.55477,1.0152164,,,,,,,,,,,,,,,,,49.952084,7.6447077,0.018371187,49.952084,7.6447077,0.0020720223,,,,,,,,,,,,,,,,,,,,,,,,,,,,,49.952084,7.6447077,1.0000001e-07,49.952084,7.6447077,7.0,,,,,,,
49.952084,7.584749,0.0018741633,49.952084,7.584749,0.0010114531,,,,,,,,,,,,,,,,,,,,,,,,,,,,,,,,,,,,,,,,,,,,,,,,,,,,,,,,,,,,,49.952084,7.584749,3.9882927,49.952084,7.584749,1.1642241,,,,,,,,,,,,,,,,,49.952084,7.674687,0.015195401,49.952084,7.674687,3.8422637e-05,,,,,,,,,,,,,,,,,,,,,,,,,,,,,49.952084,7.674687,1.0000001e-07,49.952084,7.674687,7.0,,,,,,,
49.952084,7.6147285,0.0027666218,49.952084,7.6147285,0.00090733304,,,,,,,,,,,,,,,,,,,,,,,,,,,,,,,,,,,,,,,,,,,,,,,,,,,,,,,,,,,,,49.952084,7.6147285,6.93449,49.952084,7.6147285,0.83398527,,,,,,,,,,,,,,,,,49.952084,7.704666,0.01005941,49.952084,7.704666,0.00063869194,,,,,,,,,,,,,,,,,,,,,,,,,,,,,49.952084,7.704666,1.0000001e-07,49.952084,7.704666,7.0,,,,,,,
49.952084,7.6447077,0.0023650157,49.952084,7.6447077,0.0010412019,,,,,,,,,,,,,,,,,,,,,,,,,,,,,,,,,,,,,,,,,,,,,,,,,,,,,,,,,,,,,49.952084,7.6447077,5.646688,49.952084,7.6447077,1.2551132,,,,,,,,,,,,,,,,,49.952084,7.7346454,0.019087926,49.952084,7.7346454,0.0014248799,,,,,,,,,,,,,,,,,,,,,,,,,,,,,49.952084,7.7346454,1.0000001e-07,49.952084,7.7346454,7.0,,,,,,,
49.952084,7.674687,0.0021567754,49.952084,7.674687,0.00086270995,,,,,,,,,,,,,,,,,,,,,,,,,,,,,,,,,,,,,,,,,,,,,,,,,,,,,,,,,,,,,49.952084,7.674687,4.926188,49.952084,7.674687,0.6797507,,,,,,,,,,,,,,,,,49.952084,7.7646246,0.014845882,49.952084,7.7646246,0.0024398125,,,,,,,,,,,,,,,,,,,,,,,,,,,,,49.952084,7.7646246,1.0000001e-07,49.952084,7.7646246,7.0,,,,,,,
49.952084,7.704666,0.0017402944,49.952084,7.704666,0.0010412019,,,,,,,,,,,,,,,,,,,,,,,,,,,,,,,,,,,,,,,,,,,,,,,,,,,,,,,,,,,,,49.952084,7.704666,3.5324802,49.952084,7.704666,1.2763329,,,,,,,,,,,,,,,,,49.952084,7.794604,0.01942924,49.952084,7.794604,0.00038911361,,,,,,,,,,,,,,,,,,,,,,,,,,,,,49.952084,7.794604,1.0000001e-07,49.952084,7.794604,7.0,,,,,,,
49.952084,7.7346454,0.002424513,49.952084,7.7346454,0.0011304477,,,,,,,,,,,,,,,,,,,,,,,,,,,,,,,,,,,,,,,,,,,,,,,,,,,,,,,,,,,,,49.952084,7.7346454,5.877981,49.952084,7.7346454,1.5475835,,,,,,,,,,,,,,,,,49.952084,7.824583,0.014421188,49.952084,7.824583,0.00059783575,,,,,,,,,,,,,,,,,,,,,,,,,,,,,49.952084,7.824583,1.0000001e-07,49.952084,7.824583,7.0,,,,,,,
49.952084,7.7646246,0.0021270267,49.952084,7.7646246,0.0010709505,,,,,,,,,,,,,,,,,,,,,,,,,,,,,,,,,,,,,,,,,,,,,,,,,,,,,,,,,,,,,49.952084,7.7646246,4.834215,49.952084,7.7646246,1.370708,,,,,,,,,,,,,,,,,49.952084,7.8545623,0.021246037,49.952084,7.8545623,2.8237057e-05,,,,,,,,,,,,,,,,,,,,,,,,,,,,,49.952084,7.8545623,1.0000001e-07,49.952084,7.8545623,7.0,,,,,,,
49.952084,7.794604,0.0023501413,49.952084,7.794604,0.00087758445,,,,,,,,,,,,,,,,,,,,,,,,,,,,,,,,,,,,,,,,,,,,,,,,,,,,,,,,,,,,,49.952084,7.794604,5.635042,49.952084,7.794604,0.7060972,,,,,,,,,,,,,,,,,49.952084,7.8845415,0.020420952,49.952084,7.8845415,0.0024839735,,,,,,,,,,,,,,,,,,,,,,,,,,,,,49.952084,7.8845415,1.0000001e-07,49.952084,7.8845415,7.0,,,,,,,
49.952084,7.824583,0.0020824035,49.952084,7.824583,0.0010114531,,,,,,,,,,,,,,,,,,,,,,,,,,,,,,,,,,,,,,,,,,,,,,,,,,,,,,,,,,,,,49.952084,7.824583,4.7231545,49.952084,7.824583,1.1634481,,,,,,,,,,,,,,,,,49.952084,7.914521,0.017275503,49.952084,7.914521,0.0008781941,,,,,,,,,,,,,,,,,,,,,,,,,,,,,49.952084,7.914521,1.0000001e-07,49.952084,7.914521,7.0,,,,,,,
49.952084,7.8545623,0.00248401,49.952084,7.8545623,0.0009222073,,,,,,,,,,,,,,,,,,,,,,,,,,,,,,,,,,,,,,,,,,,,,,,,,,,,,,,,,,,,,49.952084,7.8545623,5.99676,49.952084,7.8545623,0.85974956,,,,,,,,,,,,,,,,,49.952084,7.9445004,0.013539505,49.952084,7.9445004,0.0018780482,,,,,,,,,,,,,,,,,,,,,,,,,,,,,49.952084,7.9445004,1.0000001e-07,49.952084,7.9445004,7.0,,,,,,,
49.952084,7.8845415,0.0024096384,49.952084,7.8845415,0.0010263276,,,,,,,,,,,,,,,,,,,,,,,,,,,,,,,,,,,,,,,,,,,,,,,,,,,,,,,,,,,,,49.952084,7.8845415,5.826937,49.952084,7.8845415,1.2419416,,,,,,,,,,,,,,,,,49.952084,7.9744797,0.016366996,49.952084,7.9744797,-0.0026139542,,,,,,,,,,,,,,,,,,,,,,,,,,,,,49.952084,7.9744797,1.0000001e-07,49.952084,7.9744797,7.0,,,,,,,
49.952084,7.9145207,0.002201398,49.952084,7.9145207,0.0009817047,,,,,,,,,,,,,,,,,,,,,,,,,,,,,,,,,,,,,,,,,,,,,,,,,,,,,,,,,,,,,49.952084,7.9145207,5.1331725,49.952084,7.9145207,1.016551,,,,,,,,,,,,,,,,,49.952084,8.004458,0.01728716,49.952084,8.004458,0.00032128088,,,,,,,,,,,,,,,,,,,,,,,,,,,,,49.952084,8.004458,1.0000001e-07,49.952084,8.004458,7.0,,,,,,,
49.952084,7.9445,0.0019336606,49.952084,7.9445,0.0010263276,,,,,,,,,,,,,,,,,,,,,,,,,,,,,,,,,,,,,,,,,,,,,,,,,,,,,,,,,,,,,49.952084,7.9445,4.168706,49.952084,7.9445,1.1766295,,,,,,,,,,,,,,,,,49.952084,8.034438,0.016165912,49.952084,8.034438,-0.0006799672,,,,,,,,,,,,,,,,,,,,,,,,,,,,,49.952084,8.034438,1.0000001e-07,49.952084,8.034438,7.0,,,,,,,
49.952084,7.974479,0.0021270267,49.952084,7.974479,0.0007585898,,,,,,,,,,,,,,,,,,,,,,,,,,,,,,,,,,,,,,,,,,,,,,,,,,,,,,,,,,,,,49.952084,7.974479,4.862612,49.952084,7.974479,0.32560697,,,,,,,,,,,,,,,,,49.952084,8.064417,0.017812418,49.952084,8.064417,0.004762733,,,,,,,,,,,,,,,,,,,,,,,,,,,,,49.952084,8.064417,1.0000001e-07,49.952084,8.064417,7.0,,,,,,,
49.952084,8.004458,0.0022460213,49.952084,8.004458,0.0008924587,,,,,,,,,,,,,,,,,,,,,,,,,,,,,,,,,,,,,,,,,,,,,,,,,,,,,,,,,,,,,49.952084,8.004458,5.2098637,49.952084,8.004458,0.79180366,,,,,,,,,,,,,,,,,49.952084,8.094397,0.01976268,49.952084,8.094397,-0.00081998593,,,,,,,,,,,,,,,,,,,,,,,,,,,,,49.952084,8.094397,1.0000001e-07,49.952084,8.094397,7.0,,,,,,,
49.952084,8.034438,0.0020824035,49.952084,8.034438,0.0009222073,,,,,,,,,,,,,,,,,,,,,,,,,,,,,,,,,,,,,,,,,,,,,,,,,,,,,,,,,,,,,49.952084,8.034438,4.6299057,49.952084,8.034438,0.86961883,,,,,,,,,,,,,,,,,49.952084,8.124375,0.01782308,49.952084,8.124375,-1.6402026e-05,,,,,,,,,,,,,,,,,,,,,,,,,,,,,49.952084,8.124375,1.0000001e-07,49.952084,8.124375,7.0,,,,,,,
49.952084,8.064417,0.0022162725,49.952084,8.064417,0.001145322,,,,,,,,,,,,,,,,,,,,,,,,,,,,,,,,,,,,,,,,,,,,,,,,,,,,,,,,,,,,,49.952084,8.064417,5.157933,49.952084,8.064417,1.6216469,,,,,,,,,,,,,,,,,49.952084,8.154355,0.015771048,49.952084,8.154355,-0.0029439768,,,,,,,,,,,,,,,,,,,,,,,,,,,,,49.952084,8.154355,1.0000001e-07,49.952084,8.154355,7.0,,,,,,,
49.952084,8.094397,0.002231147,49.952084,8.094397,0.000951956,,,,,,,,,,,,,,,,,,,,,,,,,,,,,,,,,,,,,,,,,,,,,,,,,,,,,,,,,,,,,49.952084,8.094397,5.1333976,49.952084,8.094397,0.976516,,,,,,,,,,,,,,,,,49.952084,8.184334,0.01195192,49.952084,8.184334,8.3714076e-05,,,,,,,,,,,,,,,,,,,,,,,,,,,,,49.952084,8.184334,1.0000001e-07,49.952084,8.184334,7.0,,,,,,,
49.952084,8.124375,0.002052655,49.952084,8.124375,0.0009222073,,,,,,,,,,,,,,,,,,,,,,,,,,,,,,,,,,,,,,,,,,,,,,,,,,,,,,,,,,,,,49.952084,8.124375,4.6228824,49.952084,8.124375,0.86408865,,,,,,,,,,,,,,,,,49.952084,8.2143135,0.015495011,49.952084,8.2143135,0.0033822784,,,,,,,,,,,,,,,,,,,,,,,,,,,,,49.952084,8.2143135,1.0000001e-07,49.952084,8.2143135,7.0,,,,,,,
49.952084,8.154355,0.0020377808,49.952084,8.154355,0.00077346415,,,,,,,,,,,,,,,,,,,,,,,,,,,,,,,,,,,,,,,,,,,,,,,,,,,,,,,,,,,,,49.952084,8.154355,4.4879436,49.952084,8.154355,0.3804119,,,,,,,,,,,,,,,,,49.952084,8.244292,0.013255077,49.952084,8.244292,0.0023834198,,,,,,,,,,,,,,,,,,,,,,,,,,,,,49.952084,8.244292,1.0000001e-07,49.952084,8.244292,7.0,,,,,,,
49.952084,8.184334,0.0018444149,49.952084,8.184334,0.0009817046,,,,,,,,,,,,,,,,,,,,,,,,,,,,,,,,,,,,,,,,,,,,,,,,,,,,,,,,,,,,,49.952084,8.184334,3.926231,49.952084,8.184334,1.0799474,,,,,,,,,,,,,,,,,49.952084,8.274272,0.01488385,49.952084,8.274272,-0.0018452969,,,,,,,,,,,,,,,,,,,,,,,,,,,,,49.952084,8.274272,1.0000001e-07,49.952084,8.274272,7.0,,,,,,,
49.952084,8.2143135,0.0020080323,49.952084,8.2143135,0.0010709505,,,,,,,,,,,,,,,,,,,,,,,,,,,,,,,,,,,,,,,,,,,,,,,,,,,,,,,,,,,,,49.952084,8.2143135,4.419584,49.952084,8.2143135,1.3861617,,,,,,,,,,,,,,,,,49.952084,8.304251,0.018053772,49.952084,8.304251,-0.00020769329,,,,,,,,,,,,,,,,,,,,,,,,,,,,,49.952084,8.304251,1.0000001e-07,49.952084,8.304251,7.0,,,,,,,
49.952084,8.244292,0.0018890376,49.952084,8.244292,0.0010858248,,,,,,,,,,,,,,,,,,,,,,,,,,,,,,,,,,,,,,,,,,,,,,,,,,,,,,,,,,,,,49.952084,8.244292,4.0541763,49.952084,8.244292,1.4017332,,,,,,,,,,,,,,,,,49.952084,8.33423,0.016746143,49.952084,8.33423,0.0023800605,,,,,,,,,,,,,,,,,,,,,,,,,,,,,49.952084,8.33423,1.0000001e-07,49.952084,8.33423,7.0,,,,,,,
49.952084,8.274272,0.0019782835,49.952084,8.274272,0.0008180871,,,,,,,,,,,,,,,,,,,,,,,,,,,,,,,,,,,,,,,,,,,,,,,,,,,,,,,,,,,,,49.952084,8.274272,4.338103,49.952084,8.274272,0.5541099,,,,,,,,,,,,,,,,,49.952084,8.36421,0.01865372,49.952084,8.36421,-0.0023690707,,,,,,,,,,,,,,,,,,,,,,,,,,,,,49.952084,8.36421,1.0000001e-07,49.952084,8.36421,7.0,,,,,,,
49.952084,8.304251,0.0021567752,49.952084,8.304251,0.0008924588,,,,,,,,,,,,,,,,,,,,,,,,,,,,,,,,,,,,,,,,,,,,,,,,,,,,,,,,,,,,,49.952084,8.304251,4.868878,49.952084,8.304251,0.7995769,,,,,,,,,,,,,,,,,49.952084,8.394189,0.022612527,49.952084,8.394189,-0.0007725775,,,,,,,,,,,,,,,,,,,,,,,,,,,,,49.952084,8.394189,1.0000001e-07,49.952084,8.394189,7.0,,,,,,,
49.952084,8.33423,0.0021567752,49.952084,8.33423,0.0010114531,,,,,,,,,,,,,,,,,,,,,,,,,,,,,,,,,,,,,,,,,,,,,,,,,,,,,,,,,,,,,49.952084,8.33423,4.902922,49.952084,8.33423,1.1610837,,,,,,,,,,,,,,,,,49.952084,8.424169,0.016214512,49.952084,8.424169,0.0015005635,,,,,,,,,,,,,,,,,,,,,,,,,,,,,49.952084,8.424169,1.0000001e-07,49.952084,8.424169,7.0,,,,,,,
49.952084,8.364209,0.0021716496,49.952084,8.364209,0.00077346415,,,,,,,,,,,,,,,,,,,,,,,,,,,,,,,,,,,,,,,,,,,,,,,,,,,,,,,,,,,,,49.952084,8.364209,4.953768,49.952084,8.364209,0.3943369,,,,,,,,,,,,,,,,,49.952084,8.454147,0.018586867,49.952084,8.454147,0.00081058894,,,,,,,,,,,,,,,,,,,,,,,,,,,,,49.952084,8.454147,1.0000001e-07,49.952084,8.454147,7.0,,,,,,,
49.952084,8.394189,0.002335267,49.952084,8.394189,0.0008180871,,,,,,,,,,,,,,,,,,,,,,,,,,,,,,,,,,,,,,,,,,,,,,,,,,,,,,,,,,,,,49.952084,8.394189,5.4692564,49.952084,8.394189,0.50922954,,,,,,,,,,,,,,,,,49.952084,8.484127,0.016437404,49.952084,8.484127,0.00021397328,,,,,,,,,,,,,,,,,,,,,,,,,,,,,49.952084,8.484127,1.0000001e-07,49.952084,8.484127,7.0,,,,,,,
49.952084,8.424168,0.0019634094,49.952084,8.424168,0.0009222073,,,,,,,,,,,,,,,,,,,,,,,,,,,,,,,,,,,,,,,,,,,,,,,,,,,,,,,,,,,,,49.952084,8.424168,4.294423,49.952084,8.424168,0.9018897,,,,,,,,,,,,,,,,,49.952084,8.514106,0.01760944,49.952084,8.514106,-0.00046456105,,,,,,,,,,,,,,,,,,,,,,,,,,,,,49.952084,8.514106,1.0000001e-07,49.952084,8.514106,7.0,,,,,,,
49.952084,8.454147,0.0020229064,49.952084,8.454147,0.0010263274,,,,,,,,,,,,,,,,,,,,,,,,,,,,,,,,,,,,,,,,,,,,,,,,,,,,,,,,,,,,,49.952084,8.454147,4.4666653,49.952084,8.454147,1.2045307,,,,,,,,,,,,,,,,,49.952084,8.5440855,0.01960201,49.952084,8.5440855,0.0027260433,,,,,,,,,,,,,,,,,,,,,,,,,,,,,49.952084,8.5440855,1.0000001e-07,49.952084,8.5440855,7.0,,,,,,,
49.952084,8.484126,0.0019485349,49.952084,8.484126,0.0009817047,,,,,,,,,,,,,,,,,,,,,,,,,,,,,,,,,,,,,,,,,,,,,,,,,,,,,,,,,,,,,49.952084,8.484126,4.247446,49.952084,8.484126,1.0556157,,,,,,,,,,,,,,,,,49.952084,8.574064,0.019992078,49.952084,8.574064,0.00029673334,,,,,,,,,,,,,,,,,,,,,,,,,,,,,49.952084,8.574064,1.0000001e-07,49.952084,8.574064,7.0,,,,,,,
49.952084,8.514106,0.0021121523,49.952084,8.514106,0.00093708164,,,,,,,,,,,,,,,,,,,,,,,,,,,,,,,,,,,,,,,,,,,,,,,,,,,,,,,,,,,,,49.952084,8.514106,4.768995,49.952084,8.514106,0.9263986,,,,,,,,,,,,,,,,,49.952084,8.604044,0.011976392,49.952084,8.604044,-0.00096227013,,,,,,,,,,,,,,,,,,,,,,,,,,,,,49.952084,8.604044,1.0000001e-07,49.952084,8.604044,7.0,,,,,,,
49.952084,8.5440855,0.0020675296,49.952084,8.5440855,0.0011304477,,,,,,,,,,,,,,,,,,,,,,,,,,,,,,,,,,,,,,,,,,,,,,,,,,,,,,,,,,,,,49.952084,8.5440855,4.669731,49.952084,8.5440855,1.5642722,,,,,,,,,,,,,,,,,49.952084,8.634023,0.014544396,49.952084,8.634023,3.7900936e-05,,,,,,,,,,,,,,,,,,,,,,,,,,,,,49.952084,8.634023,1.0000001e-07,49.952084,8.634023,7.0,,,,,,,
49.952084,8.574064,0.002141901,49.952084,8.574064,0.00087758445,,,,,,,,,,,,,,,,,,,,,,,,,,,,,,,,,,,,,,,,,,,,,,,,,,,,,,,,,,,,,49.952084,8.574064,4.8842697,49.952084,8.574064,0.752614,,,,,,,,,,,,,,,,,49.952084,8.664002,0.015386805,49.952084,8.664002,0.0016350845,,,,,,,,,,,,,,,,,,,,,,,,,,,,,49.952084,8.664002,1.0000001e-07,49.952084,8.664002,7.0,,,,,,,
49.952084,8.604044,0.0016510485,49.952084,8.604044,0.00084783573,,,,,,,,,,,,,,,,,,,,,,,,,,,,,,,,,,,,,,,,,,,,,,,,,,,,,,,,,,,,,49.952084,8.604044,3.2002192,49.952084,8.604044,0.5818501,,,,,,,,,,,,,,,,,49.952084,8.693981,0.021435378,49.952084,8.693981,-0.0012555132,,,,,,,,,,,,,,,,,,,,,,,,,,,,,49.952084,8.693981,1.0000001e-07,49.952084,8.693981,7.0,,,,,,,
49.952084,8.634023,0.0018444146,49.952084,8.634023,0.0009073329,,,,,,,,,,,,,,,,,,,,,,,,,,,,,,,,,,,,,,,,,,,,,,,,,,,,,,,,,,,,,49.952084,8.634023,3.8746533,49.952084,8.634023,0.8102268,,,,,,,,,,,,,,,,,49.952084,8.723961,0.00921573,49.952084,8.723961,-0.0006001307,,,,,,,,,,,,,,,,,,,,,,,,,,,,,49.952084,8.723961,1.0000001e-07,49.952084,8.723961,7.0,,,,,,,
49.952084,8.664002,0.0017997916,49.952084,8.664002,0.0010412019,,,,,,,,,,,,,,,,,,,,,,,,,,,,,,,,,,,,,,,,,,,,,,,,,,,,,,,,,,,,,49.952084,8.664002,3.7649395,49.952084,8.664002,1.2492777,,,,,,,,,,,,,,,,,49.952084,8.75394,0.019746201,49.952084,8.75394,0.00020984135,,,,,,,,,,,,,,,,,,,,,,,,,,,,,49.952084,8.75394,1.0000001e-07,49.952084,8.75394,7.0,,,,,,,
49.952084,8.693981,0.002141901,49.952084,8.693981,0.0008180872,,,,,,,,,,,,,,,,,,,,,,,,,,,,,,,,,,,,,,,,,,,,,,,,,,,,,,,,,,,,,49.952084,8.693981,4.841961,49.952084,8.693981,0.56633943,,,,,,,,,,,,,,,,,49.952084,8.783919,0.011103388,49.952084,8.783919,-0.003002212,,,,,,,,,,,,,,,,,,,,,,,,,,,,,49.952084,8.783919,1.0000001e-07,49.952084,8.783919,7.0,,,,,,,
49.952084,8.723961,0.0015171798,49.952084,8.723961,0.0008180871,,,,,,,,,,,,,,,,,,,,,,,,,,,,,,,,,,,,,,,,,,,,,,,,,,,,,,,,,,,,,49.952084,8.723961,2.7505577,49.952084,8.723961,0.54455525,,,,,,,,,,,,,,,,,49.952084,8.813898,0.016076196,49.952084,8.813898,0.0019460028,,,,,,,,,,,,,,,,,,,,,,,,,,,,,49.952084,8.813898,1.0000001e-07,49.952084,8.813898,7.0,,,,,,,
49.952084,8.75394,0.0020824037,49.952084,8.75394,0.0009668303,,,,,,,,,,,,,,,,,,,,,,,,,,,,,,,,,,,,,,,,,,,,,,,,,,,,,,,,,,,,,49.952084,8.75394,4.7023644,49.952084,8.75394,0.9948965,,,,,,,,,,,,,,,,,49.952084,8.843878,0.012433727,49.952084,8.843878,-0.0012559247,,,,,,,,,,,,,,,,,,,,,,,,,,,,,49.952084,8.843878,1.0000001e-07,49.952084,8.843878,7.0,,,,,,,
49.952084,8.783919,0.0016213,49.952084,8.783919,0.00074371556,,,,,,,,,,,,,,,,,,,,,,,,,,,,,,,,,,,,,,,,,,,,,,,,,,,,,,,,,,,,,49.952084,8.783919,3.1013677,49.952084,8.783919,0.24410094,,,,,,,,,,,,,,,,,49.952084,8.873857,0.015962496,49.952084,8.873857,0.00057531067,,,,,,,,,,,,,,,,,,,,,,,,,,,,,49.952084,8.873857,1.0000001e-07,49.952084,8.873857,7.0,,,,,,,
49.952084,8.813898,0.0019634094,49.952084,8.813898,0.0011006991,,,,,,,,,,,,,,,,,,,,,,,,,,,,,,,,,,,,,,,,,,,,,,,,,,,,,,,,,,,,,49.952084,8.813898,4.258275,49.952084,8.813898,1.4644661,,,,,,,,,,,,,,,,,49.952084,8.903836,0.014527149,49.952084,8.903836,-0.00037474593,,,,,,,,,,,,,,,,,,,,,,,,,,,,,49.952084,8.903836,1.0000001e-07,49.952084,8.903836,7.0,,,,,,,
49.952084,8.843878,0.0016064256,49.952084,8.843878,0.00080321287,,,,,,,,,,,,,,,,,,,,,,,,,,,,,,,,,,,,,,,,,,,,,,,,,,,,,,,,,,,,,49.952084,8.843878,3.1102114,49.952084,8.843878,0.50009507,,,,,,,,,,,,,,,,,49.952084,8.933815,0.013795127,49.952084,8.933815,0.0013261408,,,,,,,,,,,,,,,,,,,,,,,,,,,,,49.952084,8.933815,1.0000001e-07,49.952084,8.933815,7.0,,,,,,,
49.952084,8.873857,0.0018146661,49.952084,8.873857,0.00087758433,,,,,,,,,,,,,,,,,,,,,,,,,,,,,,,,,,,,,,,,,,,,,,,,,,,,,,,,,,,,,49.952084,8.873857,3.7599318,49.952084,8.873857,0.707025,,,,,,,,,,,,,,,,,49.952084,8.963795,0.015924027,49.952084,8.963795,0.0009428541,,,,,,,,,,,,,,,,,,,,,,,,,,,,,49.952084,8.963795,1.0000001e-07,49.952084,8.963795,7.0,,,,,,,
49.952084,8.903836,0.0017105459,49.952084,8.903836,0.00087758445,,,,,,,,,,,,,,,,,,,,,,,,,,,,,,,,,,,,,,,,,,,,,,,,,,,,,,,,,,,,,49.952084,8.903836,3.447818,49.952084,8.903836,0.7336407,,,,,,,,,,,,,,,,,49.952084,8.993773,0.012938252,49.952084,8.993773,0.00064562017,,,,,,,,,,,,,,,,,,,,,,,,,,,,,49.952084,8.993773,1.0000001e-07,49.952084,8.993773,7.0,,,,,,,
49.952084,8.933815,0.0018444146,49.952084,8.933815,0.00093708164,,,,,,,,,,,,,,,,,,,,,,,,,,,,,,,,,,,,,,,,,,,,,,,,,,,,,,,,,,,,,49.952084,8.933815,3.8042178,49.952084,8.933815,0.8912168,,,,,,,,,,,,,,,,,49.952084,9.023753,0.018254098,49.952084,9.023753,0.0011711102,,,,,,,,,,,,,,,,,,,,,,,,,,,,,49.952084,9.023753,1.0000001e-07,49.952084,9.023753,7.0,,,,,,,
49.952084,8.963795,0.0017700433,49.952084,8.963795,0.0009222073,,,,,,,,,,,,,,,,,,,,,,,,,,,,,,,,,,,,,,,,,,,,,,,,,,,,,,,,,,,,,49.952084,8.963795,3.6198683,49.952084,8.963795,0.8529699,,,,,,,,,,,,,,,,,49.952084,9.053732,0.015702821,49.952084,9.053732,-0.0011348907,,,,,,,,,,,,,,,,,,,,,,,,,,,,,49.952084,9.053732,1.0000001e-07,49.952084,9.053732,7.0,,,,,,,
49.952084,8.993773,0.0016956715,49.952084,8.993773,0.00087758445,,,,,,,,,,,,,,,,,,,,,,,,,,,,,,,,,,,,,,,,,,,,,,,,,,,,,,,,,,,,,49.952084,8.993773,3.4006457,49.952084,8.993773,0.7306802,,,,,,,,,,,,,,,,,49.952084,9.083712,0.017360857,49.952084,9.083712,0.0003478902,,,,,,,,,,,,,,,,,,,,,,,,,,,,,49.952084,9.083712,1.0000001e-07,49.952084,9.083712,7.0,,,,,,,
49.952084,9.023753,0.0018741633,49.952084,9.023753,0.0009519559,,,,,,,,,,,,,,,,,,,,,,,,,,,,,,,,,,,,,,,,,,,,,,,,,,,,,,,,,,,,,49.952084,9.023753,3.9638753,49.952084,9.023753,0.97524136,,,,,,,,,,,,,,,,,49.952084,9.11369,0.015574927,49.952084,9.11369,-0.001185691,,,,,,,,,,,,,,,,,,,,,,,,,,,,,49.952084,9.11369,1.0000001e-07,49.952084,9.11369,7.0,,,,,,,
49.952084,9.053732,0.0018146661,49.952084,9.053732,0.0008478358,,,,,,,,,,,,,,,,,,,,,,,,,,,,,,,,,,,,,,,,,,,,,,,,,,,,,,,,,,,,,49.952084,9.053732,3.766971,49.952084,9.053732,0.63708353,,,,,,,,,,,,,,,,,49.952084,9.14367,0.012143452,49.952084,9.14367,-0.0032879857,,,,,,,,,,,,,,,,,,,,,,,,,,,,,49.952084,9.14367,1.0000001e-07,49.952084,9.14367,7.0,,,,,,,
49.952084,9.083712,0.0018592891,49.952084,9.083712,0.0008924587,,,,,,,,,,,,,,,,,,,,,,,,,,,,,,,,,,,,,,,,,,,,,,,,,,,,,,,,,,,,,49.952084,9.083712,3.966524,49.952084,9.083712,0.7783906,,,,,,,,,,,,,,,,,49.952084,9.17365,0.017680964,49.952084,9.17365,0.0024432708,,,,,,,,,,,,,,,,,,,,,,,,,,,,,49.952084,9.17365,1.0000001e-07,49.952084,9.17365,7.0,,,,,,,
49.952084,9.11369,0.0017402946,49.952084,9.11369,0.00087758445,,,,,,,,,,,,,,,,,,,,,,,,,,,,,,,,,,,,,,,,,,,,,,,,,,,,,,,,,,,,,49.952084,9.11369,3.5447335,49.952084,9.11369,0.71047133,,,,,,,,,,,,,,,,,49.952084,9.203629,0.0167782,49.952084,9.203629,-0.0013939075,,,,,,,,,,,,,,,,,,,,,,,,,,,,,49.952084,9.203629,1.0000001e-07,49.952084,9.203629,7.0,,,,,,,
49.952084,9.14367,0.0015915512,49.952084,9.14367,0.0007883385,,,,,,,,,,,,,,,,,,,,,,,,,,,,,,,,,,,,,,,,,,,,,,,,,,,,,,,,,,,,,49.952084,9.14367,3.068906,49.952084,9.14367,0.44537285,,,,,,,,,,,,,,,,,49.952084,9.233608,0.013514843,49.952084,9.233608,-0.00072417816,,,,,,,,,,,,,,,,,,,,,,,,,,,,,49.952084,9.233608,1.0000001e-07,49.952084,9.233608,7.0,,,,,,,
49.952084,9.173649,0.0018295404,49.952084,9.173649,0.0009668302,,,,,,,,,,,,,,,,,,,,,,,,,,,,,,,,,,,,,,,,,,,,,,,,,,,,,,,,,,,,,49.952084,9.173649,3.799831,49.952084,9.173649,1.0251592,,,,,,,,,,,,,,,,,49.952084,9.263587,0.013132368,49.952084,9.263587,-0.00048023195,,,,,,,,,,,,,,,,,,,,,,,,,,,,,49.952084,9.263587,1.0000001e-07,49.952084,9.263587,7.0,,,,,,,
49.952084,9.203629,0.0018295404,49.952084,9.203629,0.0008924587,,,,,,,,,,,,,,,,,,,,,,,,,,,,,,,,,,,,,,,,,,,,,,,,,,,,,,,,,,,,,49.952084,9.203629,3.8538153,49.952084,9.203629,0.76712227,,,,,,,,,,,,,,,,,49.952084,9.293567,0.016374683,49.952084,9.293567,0.001506335,,,,,,,,,,,,,,,,,,,,,,,,,,,,,49.952084,9.293567,1.0000001e-07,49.952084,9.293567,7.0,,,,,,,
49.952084,9.233607,0.0016361742,49.952084,9.233607,0.00083296146,,,,,,,,,,,,,,,,,,,,,,,,,,,,,,,,,,,,,,,,,,,,,,,,,,,,,,,,,,,,,49.952084,9.233607,3.1746964,49.952084,9.233607,0.60232615,,,,,,,,,,,,,,,,,49.952084,9.323545,0.011102606,49.952084,9.323545,0.0006208037,,,,,,,,,,,,,,,,,,,,,,,,,,,,,49.952084,9.323545,1.0000001e-07,49.952084,9.323545,7.0,,,,,,,
49.952084,9.263587,0.0016510485,49.952084,9.263587,0.0009370816,,,,,,,,,,,,,,,,,,,,,,,,,,,,,,,,,,,,,,,,,,,,,,,,,,,,,,,,,,,,,49.952084,9.263587,3.2203264,49.952084,9.263587,0.944422,,,,,,,,,,,,,,,,,49.952084,9.353525,0.014950855,49.952084,9.353525,0.004228856,,,,,,,,,,,,,,,,,,,,,,,,,,,,,49.952084,9.353525,1.0000001e-07,49.952084,9.353525,7.0,,,,,,,
49.952084,9.293566,0.0017105459,49.952084,9.293566,0.0009222073,,,,,,,,,,,,,,,,,,,,,,,,,,,,,,,,,,,,,,,,,,,,,,,,,,,,,,,,,,,,,49.952084,9.293566,3.4215908,49.952084,9.293566,0.8418753,,,,,,,,,,,,,,,,,49.952084,9.383504,0.012678212,49.952084,9.383504,8.610249e-05,,,,,,,,,,,,,,,,,,,,,,,,,,,,,49.952084,9.383504,1.0000001e-07,49.952084,9.383504,7.0,,,,,,,
49.952084,9.323545,0.0014725568,49.952084,9.323545,0.00087758445,,,,,,,,,,,,,,,,,,,,,,,,,,,,,,,,,,,,,,,,,,,,,,,,,,,,,,,,,,,,,49.952084,9.323545,2.6075923,49.952084,9.323545,0.70019025,,,,,,,,,,,,,,,,,49.952084,9.413484,0.0140687805,49.952084,9.413484,0.002125742,,,,,,,,,,,,,,,,,,,,,,,,,,,,,49.952084,9.413484,1.0000001e-07,49.952084,9.413484,7.0,,,,,,,
49.952084,9.353524,0.0016807972,49.952084,9.353524,0.0010560761,,,,,,,,,,,,,,,,,,,,,,,,,,,,,,,,,,,,,,,,,,,,,,,,,,,,,,,,,,,,,49.952084,9.353524,3.3774848,49.952084,9.353524,1.3196706,,,,,,,,,,,,,,,,,49.952084,9.443462,0.019930888,49.952084,9.443462,-0.00025903768,,,,,,,,,,,,,,,,,,,,,,,,,,,,,49.952084,9.443462,1.0000001e-07,49.952084,9.443462,7.0,,,,,,,
49.952084,9.383504,0.0016213,49.952084,9.383504,0.00083296146,,,,,,,,,,,,,,,,,,,,,,,,,,,,,,,,,,,,,,,,,,,,,,,,,,,,,,,,,,,,,49.952084,9.383504,3.1478899,49.952084,9.383504,0.59923476,,,,,,,,,,,,,,,,,49.952084,9.473442,0.014798497,49.952084,9.473442,-0.0022312673,,,,,,,,,,,,,,,,,,,,,,,,,,,,,49.952084,9.473442,1.0000001e-07,49.952084,9.473442,7.0,,,,,,,
49.952084,9.413484,0.0015915512,49.952084,9.413484,0.0009519559,,,,,,,,,,,,,,,,,,,,,,,,,,,,,,,,,,,,,,,,,,,,,,,,,,,,,,,,,,,,,49.952084,9.413484,3.0373752,49.952084,9.413484,0.97739506,,,,,,,,,,,,,,,,,49.952084,9.503421,0.017047092,49.952084,9.503421,-0.0021298297,,,,,,,,,,,,,,,,,,,,,,,,,,,,,49.952084,9.503421,1.0000001e-07,49.952084,9.503421,7.0,,,,,,,
49.952084,9.443462,0.0018295404,49.952084,9.443462,0.0008924587,,,,,,,,,,,,,,,,,,,,,,,,,,,,,,,,,,,,,,,,,,,,,,,,,,,,,,,,,,,,,49.952084,9.443462,3.8552377,49.952084,9.443462,0.7710583,,,,,,,,,,,,,,,,,49.952084,9.533401,0.010430628,49.952084,9.533401,-0.0024720216,,,,,,,,,,,,,,,,,,,,,,,,,,,,,49.952084,9.533401,1.0000001e-07,49.952084,9.533401,7.0,,,,,,,
49.952084,9.473442,0.0015766771,49.952084,9.473442,0.00072884123,,,,,,,,,,,,,,,,,,,,,,,,,,,,,,,,,,,,,,,,,,,,,,,,,,,,,,,,,,,,,49.952084,9.473442,2.957779,49.952084,9.473442,0.2548782,,,,,,,,,,,,,,,,,49.952084,9.563379,0.017495012,49.952084,9.563379,-0.0025420792,,,,,,,,,,,,,,,,,,,,,,,,,,,,,49.952084,9.563379,1.0000001e-07,49.952084,9.563379,7.0,,,,,,,
49.952084,9.503421,0.0017105459,49.952084,9.503421,0.00083296146,,,,,,,,,,,,,,,,,,,,,,,,,,,,,,,,,,,,,,,,,,,,,,,,,,,,,,,,,,,,,49.952084,9.503421,3.4069567,49.952084,9.503421,0.5721462,,,,,,,,,,,,,,,,,49.952084,9.593359,0.010710824,49.952084,9.593359,-0.0008366283,,,,,,,,,,,,,,,,,,,,,,,,,,,,,49.952084,9.593359,1.0000001e-07,49.952084,9.593359,7.0,,,,,,,
49.952084,9.533401,0.0015171799,49.952084,9.533401,0.00072884123,,,,,,,,,,,,,,,,,,,,,,,,,,,,,,,,,,,,,,,,,,,,,,,,,,,,,,,,,,,,,49.952084,9.533401,2.8055277,49.952084,9.533401,0.23768465,,,,,,,,,,,,,,,,,49.952084,9.623338,0.014556471,49.952084,9.623338,-0.0004947402,,,,,,,,,,,,,,,,,,,,,,,,,,,,,49.952084,9.623338,1.0000001e-07,49.952084,9.623338,7.0,,,,,,,
49.952084,9.563379,0.0017849174,49.952084,9.563379,0.00080321287,,,,,,,,,,,,,,,,,,,,,,,,,,,,,,,,,,,,,,,,,,,,,,,,,,,,,,,,,,,,,49.952084,9.563379,3.698556,49.952084,9.563379,0.4772433,,,,,,,,,,,,,,,,,49.952084,9.653317,0.011474538,49.952084,9.653317,-6.0512375e-05,,,,,,,,,,,,,,,,,,,,,,,,,,,,,49.952084,9.653317,1.0000001e-07,49.952084,9.653317,7.0,,,,,,,
49.952084,9.593359,0.0014576825,49.952084,9.593359,0.0008478358,,,,,,,,,,,,,,,,,,,,,,,,,,,,,,,,,,,,,,,,,,,,,,,,,,,,,,,,,,,,,49.952084,9.593359,2.579568,49.952084,9.593359,0.65097934,,,,,,,,,,,,,,,,,49.952084,9.683296,0.012653413,49.952084,9.683296,-0.002636171,,,,,,,,,,,,,,,,,,,,,,,,,,,,,49.952084,9.683296,1.0000001e-07,49.952084,9.683296,7.0,,,,,,,
49.952084,9.623338,0.0015915515,49.952084,9.623338,0.0007585899,,,,,,,,,,,,,,,,,,,,,,,,,,,,,,,,,,,,,,,,,,,,,,,,,,,,,,,,,,,,,49.952084,9.623338,3.0419936,49.952084,9.623338,0.31751558,,,,,,,,,,,,,,,,,49.952084,9.713276,0.013507606,49.952084,9.713276,0.001176064,,,,,,,,,,,,,,,,,,,,,,,,,,,,,49.952084,9.713276,1.0000001e-07,49.952084,9.713276,7.0,,,,,,,
49.952084,9.653317,0.0014725568,49.952084,9.653317,0.0008924587,,,,,,,,,,,,,,,,,,,,,,,,,,,,,,,,,,,,,,,,,,,,,,,,,,,,,,,,,,,,,49.952084,9.653317,2.675279,49.952084,9.653317,0.8060225,,,,,,,,,,,,,,,,,49.952084,9.743255,0.012155595,49.952084,9.743255,-0.0028014167,,,,,,,,,,,,,,,,,,,,,,,,,,,,,49.952084,9.743255,1.0000001e-07,49.952084,9.743255,7.0,,,,,,,
49.952084,9.683296,0.001532054,49.952084,9.683296,0.0008478358,,,,,,,,,,,,,,,,,,,,,,,,,,,,,,,,,,,,,,,,,,,,,,,,,,,,,,,,,,,,,49.952084,9.683296,2.8060167,49.952084,9.683296,0.6066348,,,,,,,,,,,,,,,,,49.952084,9.773234,0.01042068,49.952084,9.773234,0.00014879587,,,,,,,,,,,,,,,,,,,,,,,,,,,,,49.952084,9.773234,1.0000001e-07,49.952084,9.773234,7.0,,,,,,,
49.952084,9.713276,0.0016807973,49.952084,9.713276,0.0009817047,,,,,,,,,,,,,,,,,,,,,,,,,,,,,,,,,,,,,,,,,,,,,,,,,,,,,,,,,,,,,49.952084,9.713276,3.3381627,49.952084,9.713276,1.0432159,,,,,,,,,,,,,,,,,49.952084,9.803213,0.009505883,49.952084,9.803213,-0.0012748805,,,,,,,,,,,,,,,,,,,,,,,,,,,,,49.952084,9.803213,1.0000001e-07,49.952084,9.803213,7.0,,,,,,,
49.952084,9.743255,0.0014874313,49.952084,9.743255,0.00072884123,,,,,,,,,,,,,,,,,,,,,,,,,,,,,,,,,,,,,,,,,,,,,,,,,,,,,,,,,,,,,49.952084,9.743255,2.6575022,49.952084,9.743255,0.2445018,,,,,,,,,,,,,,,,,49.952084,9.833193,0.01256407,49.952084,9.833193,-0.00021371485,,,,,,,,,,,,,,,,,,,,,,,,,,,,,49.952084,9.833193,1.0000001e-07,49.952084,9.833193,7.0,,,,,,,
49.952084,9.773234,0.0013684366,49.952084,9.773234,0.00080321287,,,,,,,,,,,,,,,,,,,,,,,,,,,,,,,,,,,,,,,,,,,,,,,,,,,,,,,,,,,,,49.952084,9.773234,2.315197,49.952084,9.773234,0.49132407,,,,,,,,,,,,,,,,,49.952084,9.863172,0.017722907,49.952084,9.863172,-0.0022755414,,,,,,,,,,,,,,,,,,,,,,,,,,,,,49.952084,9.863172,1.0000001e-07,49.952084,9.863172,7.0,,,,,,,
49.952084,9.803213,0.001383311,49.952084,9.803213,0.0007734642,,,,,,,,,,,,,,,,,,,,,,,,,,,,,,,,,,,,,,,,,,,,,,,,,,,,,,,,,,,,,49.952084,9.803213,2.3398578,49.952084,9.803213,0.37107018,,,,,,,,,,,,,,,,,49.952084,9.893151,0.010921581,49.952084,9.893151,-0.00038329777,,,,,,,,,,,,,,,,,,,,,,,,,,,,,49.952084,9.893151,1.0000001e-07,49.952084,9.893151,7.0,,,,,,,
49.952084,9.833193,0.0015171798,49.952084,9.833193,0.0007585899,,,,,,,,,,,,,,,,,,,,,,,,,,,,,,,,,,,,,,,,,,,,,,,,,,,,,,,,,,,,,49.952084,9.833193,2.7491715,49.952084,9.833193,0.29634735,,,,,,,,,,,,,,,,,49.952084,9.92313,0.008356828,49.952084,9.92313,-0.00015421497,,,,,,,,,,,,,,,,,,,,,,,,,,,,,49.952084,9.92313,1.0000001e-07,49.952084,9.92313,7.0,,,,,,,
49.952084,9.863172,0.0017700432,49.952084,9.863172,0.0007883386,,,,,,,,,,,,,,,,,,,,,,,,,,,,,,,,,,,,,,,,,,,,,,,,,,,,,,,,,,,,,49.952084,9.863172,3.5621512,49.952084,9.863172,0.4447555,,,,,,,,,,,,,,,,,49.952084,9.95311,0.0030398073,49.952084,9.95311,0.0025328482,,,,,,,,,,,,,,,,,,,,,,,,,,,,,49.952084,9.95311,1.0000001e-07,49.952084,9.95311,7.0,,,,,,,
49.952084,9.893151,0.0014428083,49.952084,9.893151,0.00080321275,,,,,,,,,,,,,,,,,,,,,,,,,,,,,,,,,,,,,,,,,,,,,,,,,,,,,,,,,,,,,49.952084,9.893151,2.5277724,49.952084,9.893151,0.5003082,,,,,,,,,,,,,,,,,49.952084,9.9830885,0.00915794,49.952084,9.9830885,0.0042719226,,,,,,,,,,,,,,,,,,,,,,,,,,,,,49.952084,9.9830885,1.0000001e-07,49.952084,9.9830885,7.0,,,,,,,
49.952084,9.92313,0.0013386882,49.952084,9.92313,0.00087758445,,,,,,,,,,,,,,,,,,,,,,,,,,,,,,,,,,,,,,,,,,,,,,,,,,,,,,,,,,,,,49.952084,9.92313,2.1936224,49.952084,9.92313,0.7222622,,,,,,,,,,,,,,,,,49.952084,10.013068,0.018758707,49.952084,10.013068,0.00084247335,,,,,,,,,,,,,,,,,,,,,,,,,,,,,49.952084,10.013068,1.0000001e-07,49.952084,10.013068,7.0,,,,,,,
49.952084,9.95311,0.0010709505,49.952084,9.95311,0.0009519559,,,,,,,,,,,,,,,,,,,,,,,,,,,,,,,,,,,,,,,,,,,,,,,,,,,,,,,,,,,,,49.952084,9.95311,1.2794425,49.952084,9.95311,0.9932503,,,,,,,,,,,,,,,,,49.952084,10.043048,0.010625824,49.952084,10.043048,-0.0025015967,,,,,,,,,,,,,,,,,,,,,,,,,,,,,49.952084,10.043048,1.0000001e-07,49.952084,10.043048,7.0,,,,,,,
49.952084,9.9830885,0.001383311,49.952084,9.9830885,0.000996579,,,,,,,,,,,,,,,,,,,,,,,,,,,,,,,,,,,,,,,,,,,,,,,,,,,,,,,,,,,,,49.952084,9.9830885,2.3263078,49.952084,9.9830885,1.0890155,,,,,,,,,,,,,,,,,49.952084,10.073027,0.011492785,49.952084,10.073027,0.0036307084,,,,,,,,,,,,,,,,,,,,,,,,,,,,,49.952084,10.073027,1.0000001e-07,49.952084,10.073027,7.0,,,,,,,
49.952084,10.013068,0.0017105459,49.952084,10.013068,0.00090733304,,,,,,,,,,,,,,,,,,,,,,,,,,,,,,,,,,,,,,,,,,,,,,,,,,,,,,,,,,,,,49.952084,10.013068,3.4519117,49.952084,10.013068,0.7950135,,,,,,,,,,,,,,,,,49.952084,10.103006,0.014864081,49.952084,10.103006,-0.0034591486,,,,,,,,,,,,,,,,,,,,,,,,,,,,,49.952084,10.103006,1.0000001e-07,49.952084,10.103006,7.0,,,,,,,
49.952084,10.043047,0.0014576825,49.952084,10.043047,0.00072884123,,,,,,,,,,,,,,,,,,,,,,,,,,,,,,,,,,,,,,,,,,,,,,,,,,,,,,,,,,,,,49.952084,10.043047,2.5846097,49.952084,10.043047,0.22319327,,,,,,,,,,,,,,,,,49.952084,10.132985,0.01325705,49.952084,10.132985,-0.00015607443,,,,,,,,,,,,,,,,,,,,,,,,,,,,,49.952084,10.132985,1.0000001e-07,49.952084,10.132985,7.0,,,,,,,
49.952084,10.073027,0.0013386881,49.952084,10.073027,0.000996579,,,,,,,,,,,,,,,,,,,,,,,,,,,,,,,,,,,,,,,,,,,,,,,,,,,,,,,,,,,,,49.952084,10.073027,2.120439,49.952084,10.073027,1.1373719,,,,,,,,,,,,,,,,,49.952084,10.162965,0.007075742,49.952084,10.162965,0.003229645,,,,,,,,,,,,,,,,,,,,,,,,,,,,,49.952084,10.162965,1.0000001e-07,49.952084,10.162965,7.0,,,,,,,
49.952084,10.103005,0.0015618026,49.952084,10.103005,0.0006990926,,,,,,,,,,,,,,,,,,,,,,,,,,,,,,,,,,,,,,,,,,,,,,,,,,,,,,,,,,,,,49.952084,10.103005,2.909667,49.952084,10.103005,0.13460773,,,,,,,,,,,,,,,,,49.952084,10.192944,0.018018514,49.952084,10.192944,0.00076190196,,,,,,,,,,,,,,,,,,,,,,,,,,,,,49.952084,10.192944,1.0000001e-07,49.952084,10.192944,7.0,,,,,,,
49.952084,10.132985,0.0015023055,49.952084,10.132985,0.00081808714,,,,,,,,,,,,,,,,,,,,,,,,,,,,,,,,,,,,,,,,,,,,,,,,,,,,,,,,,,,,,49.952084,10.132985,2.7302594,49.952084,10.132985,0.531265,,,,,,,,,,,,,,,,,49.952084,10.222923,0.01562749,49.952084,10.222923,0.0041175806,,,,,,,,,,,,,,,,,,,,,,,,,,,,,49.952084,10.222923,1.0000001e-07,49.952084,10.222923,7.0,,,,,,,
49.952084,10.162964,0.0012345681,49.952084,10.162964,0.0009668303,,,,,,,,,,,,,,,,,,,,,,,,,,,,,,,,,,,,,,,,,,,,,,,,,,,,,,,,,,,,,49.952084,10.162964,1.7969041,49.952084,10.162964,1.0107911,,,,,,,,,,,,,,,,,49.952084,10.252902,0.009651198,49.952084,10.252902,0.0002427722,,,,,,,,,,,,,,,,,,,,,,,,,,,,,49.952084,10.252902,1.0000001e-07,49.952084,10.252902,7.0,,,,,,,
49.952084,10.192944,0.0016361744,49.952084,10.192944,0.0009519559,,,,,,,,,,,,,,,,,,,,,,,,,,,,,,,,,,,,,,,,,,,,,,,,,,,,,,,,,,,,,49.952084,10.192944,3.1928926,49.952084,10.192944,0.96553147,,,,,,,,,,,,,,,,,49.952084,10.282882,0.008931113,49.952084,10.282882,-0.0011962128,,,,,,,,,,,,,,,,,,,,,,,,,,,,,49.952084,10.282882,1.0000001e-07,49.952084,10.282882,7.0,,,,,,,
49.952084,10.222922,0.0015469284,49.952084,10.222922,0.0009817046,,,,,,,,,,,,,,,,,,,,,,,,,,,,,,,,,,,,,,,,,,,,,,,,,,,,,,,,,,,,,49.952084,10.222922,2.913402,49.952084,10.222922,1.0883772,,,,,,,,,,,,,,,,,49.952084,10.3128605,0.00795306,49.952084,10.3128605,0.0005143825,,,,,,,,,,,,,,,,,,,,,,,,,,,,,49.952084,10.3128605,1.0000001e-07,49.952084,10.3128605,7.0,,,,,,,
49.952084,10.252902,0.0013238138,49.952084,10.252902,0.0007883385,,,,,,,,,,,,,,,,,,,,,,,,,,,,,,,,,,,,,,,,,,,,,,,,,,,,,,,,,,,,,49.952084,10.252902,2.1213384,49.952084,10.252902,0.40178248,,,,,,,,,,,,,,,,,49.952084,10.34284,0.010451888,49.952084,10.34284,0.0008450726,,,,,,,,,,,,,,,,,,,,,,,,,,,,,49.952084,10.34284,1.0000001e-07,49.952084,10.34284,7.0,,,,,,,
49.952084,10.282882,0.001294065,49.952084,10.282882,0.00072884123,,,,,,,,,,,,,,,,,,,,,,,,,,,,,,,,,,,,,,,,,,,,,,,,,,,,,,,,,,,,,49.952084,10.282882,2.1385756,49.952084,10.282882,0.25935882,,,,,,,,,,,,,,,,,49.952084,10.372819,0.012455698,49.952084,10.372819,-0.004815339,,,,,,,,,,,,,,,,,,,,,,,,,,,,,49.952084,10.372819,1.0000001e-07,49.952084,10.372819,7.0,,,,,,,
49.952084,10.3128605,0.0012196936,49.952084,10.3128605,0.00087758433,,,,,,,,,,,,,,,,,,,,,,,,,,,,,,,,,,,,,,,,,,,,,,,,,,,,,,,,,,,,,49.952084,10.3128605,1.8054104,49.952084,10.3128605,0.7308961,,,,,,,,,,,,,,,,,49.952084,10.402799,0.017302481,49.952084,10.402799,-0.0011875104,,,,,,,,,,,,,,,,,,,,,,,,,,,,,49.952084,10.402799,1.0000001e-07,49.952084,10.402799,7.0,,,,,,,
49.952084,10.34284,0.0013535623,49.952084,10.34284,0.00080321287,,,,,,,,,,,,,,,,,,,,,,,,,,,,,,,,,,,,,,,,,,,,,,,,,,,,,,,,,,,,,49.952084,10.34284,2.241177,49.952084,10.34284,0.46619713,,,,,,,,,,,,,,,,,49.952084,10.432777,0.011732891,49.952084,10.432777,0.0021386817,,,,,,,,,,,,,,,,,,,,,,,,,,,,,49.952084,10.432777,1.0000001e-07,49.952084,10.432777,7.0,,,,,,,
49.952084,10.372819,0.0013981853,49.952084,10.372819,0.0006544697,,,,,,,,,,,,,,,,,,,,,,,,,,,,,,,,,,,,,,,,,,,,,,,,,,,,,,,,,,,,,49.952084,10.372819,2.3899224,49.952084,10.372819,-0.0055580535,,,,,,,,,,,,,,,,,49.952084,10.462757,0.010535891,49.952084,10.462757,-0.0011302154,,,,,,,,,,,,,,,,,,,,,,,,,,,,,49.952084,10.462757,1.0000001e-07,49.952084,10.462757,7.0,,,,,,,
49.952084,10.402799,0.0016064257,49.952084,10.402799,0.0008180871,,,,,,,,,,,,,,,,,,,,,,,,,,,,,,,,,,,,,,,,,,,,,,,,,,,,,,,,,,,,,49.952084,10.402799,3.0815926,49.952084,10.402799,0.51705605,,,,,,,,,,,,,,,,,49.952084,10.492736,0.010508408,49.952084,10.492736,0.0028613878,,,,,,,,,,,,,,,,,,,,,,,,,,,,,49.952084,10.492736,1.0000001e-07,49.952084,10.492736,7.0,,,,,,,
49.952084,10.432777,0.0013981853,49.952084,10.432777,0.0009222073,,,,,,,,,,,,,,,,,,,,,,,,,,,,,,,,,,,,,,,,,,,,,,,,,,,,,,,,,,,,,49.952084,10.432777,2.3739293,49.952084,10.432777,0.9002621,,,,,,,,,,,,,,,,,49.952084,10.522716,0.011713568,49.952084,10.522716,0.004623006,,,,,,,,,,,,,,,,,,,,,,,,,,,,,49.952084,10.522716,1.0000001e-07,49.952084,10.522716,7.0,,,,,,,
49.952084,10.462757,0.0013535623,49.952084,10.462757,0.00087758445,,,,,,,,,,,,,,,,,,,,,,,,,,,,,,,,,,,,,,,,,,,,,,,,,,,,,,,,,,,,,49.952084,10.462757,2.22864,49.952084,10.462757,0.71753746,,,,,,,,,,,,,,,,,49.952084,10.552694,0.017161934,49.952084,10.552694,-0.0008635213,,,,,,,,,,,,,,,,,,,,,,,,,,,,,49.952084,10.552694,1.0000001e-07,49.952084,10.552694,7.0,,,,,,,
49.952084,10.492736,0.0013535623,49.952084,10.492736,0.0009817046,,,,,,,,,,,,,,,,,,,,,,,,,,,,,,,,,,,,,,,,,,,,,,,,,,,,,,,,,,,,,49.952084,10.492736,2.226593,49.952084,10.492736,1.0756936,,,,,,,,,,,,,,,,,49.952084,10.582674,0.012453403,49.952084,10.582674,-0.0013802947,,,,,,,,,,,,,,,,,,,,,,,,,,,,,49.952084,10.582674,1.0000001e-07,49.952084,10.582674,7.0,,,,,,,
49.952084,10.522716,0.001294065,49.952084,10.522716,0.0009668302,,,,,,,,,,,,,,,,,,,,,,,,,,,,,,,,,,,,,,,,,,,,,,,,,,,,,,,,,,,,,49.952084,10.522716,2.0543149,49.952084,10.522716,0.991406,,,,,,,,,,,,,,,,,49.952084,10.612653,0.012022077,49.952084,10.612653,-0.0022363095,,,,,,,,,,,,,,,,,,,,,,,,,,,,,49.952084,10.612653,1.0000001e-07,49.952084,10.612653,7.0,,,,,,,
49.952084,10.552694,0.0016064257,49.952084,10.552694,0.0008180871,,,,,,,,,,,,,,,,,,,,,,,,,,,,,,,,,,,,,,,,,,,,,,,,,,,,,,,,,,,,,49.952084,10.552694,3.091033,49.952084,10.552694,0.5453062,,,,,,,,,,,,,,,,,49.952084,10.6426325,0.010646388,49.952084,10.6426325,-0.00022769347,,,,,,,,,,,,,,,,,,,,,,,,,,,,,49.952084,10.6426325,1.0000001e-07,49.952084,10.6426325,7.0,,,,,,,
49.952084,10.582674,0.0014130597,49.952084,10.582674,0.000713967,,,,,,,,,,,,,,,,,,,,,,,,,,,,,,,,,,,,,,,,,,,,,,,,,,,,,,,,,,,,,49.952084,10.582674,2.4249947,49.952084,10.582674,0.1964584,,,,,,,,,,,,,,,,,49.952084,10.672611,0.016233025,49.952084,10.672611,0.0018244984,,,,,,,,,,,,,,,,,,,,,,,,,,,,,49.952084,10.672611,1.0000001e-07,49.952084,10.672611,7.0,,,,,,,
49.952084,10.612653,0.0013684367,49.952084,10.612653,0.0007437155,,,,,,,,,,,,,,,,,,,,,,,,,,,,,,,,,,,,,,,,,,,,,,,,,,,,,,,,,,,,,49.952084,10.612653,2.2831006,49.952084,10.612653,0.2796492,,,,,,,,,,,,,,,,,49.952084,10.702591,0.014075067,49.952084,10.702591,-0.0017900647,,,,,,,,,,,,,,,,,,,,,,,,,,,,,49.952084,10.702591,1.0000001e-07,49.952084,10.702591,7.0,,,,,,,
49.952084,10.6426325,0.0012345678,49.952084,10.6426325,0.00083296146,,,,,,,,,,,,,,,,,,,,,,,,,,,,,,,,,,,,,,,,,,,,,,,,,,,,,,,,,,,,,49.952084,10.6426325,1.8406944,49.952084,10.6426325,0.55538416,,,,,,,,,,,,,,,,,49.952084,10.73257,0.013263675,49.952084,10.73257,0.0017608096,,,,,,,,,,,,,,,,,,,,,,,,,,,,,49.952084,10.73257,1.0000001e-07,49.952084,10.73257,7.0,,,,,,,
49.952084,10.672611,0.0015618027,49.952084,10.672611,0.0009519559,,,,,,,,,,,,,,,,,,,,,,,,,,,,,,,,,,,,,,,,,,,,,,,,,,,,,,,,,,,,,49.952084,10.672611,2.9547398,49.952084,10.672611,0.9653137,,,,,,,,,,,,,,,,,49.952084,10.762549,0.010192271,49.952084,10.762549,0.0003372752,,,,,,,,,,,,,,,,,,,,,,,,,,,,,49.952084,10.762549,1.0000001e-07,49.952084,10.762549,7.0,,,,,,,
49.952084,10.702591,0.0014428082,49.952084,10.702591,0.0007734642,,,,,,,,,,,,,,,,,,,,,,,,,,,,,,,,,,,,,,,,,,,,,,,,,,,,,,,,,,,,,49.952084,10.702591,2.5231466,49.952084,10.702591,0.39065966,,,,,,,,,,,,,,,,,49.952084,10.792528,0.021074837,49.952084,10.792528,0.00056835345,,,,,,,,,,,,,,,,,,,,,,,,,,,,,49.952084,10.792528,1.0000001e-07,49.952084,10.792528,7.0,,,,,,,
49.952084,10.73257,0.0013386881,49.952084,10.73257,0.00087758433,,,,,,,,,,,,,,,,,,,,,,,,,,,,,,,,,,,,,,,,,,,,,,,,,,,,,,,,,,,,,49.952084,10.73257,2.188058,49.952084,10.73257,0.69934773,,,,,,,,,,,,,,,,,49.952084,10.822508,0.015942374,49.952084,10.822508,0.0009966367,,,,,,,,,,,,,,,,,,,,,,,,,,,,,49.952084,10.822508,1.0000001e-07,49.952084,10.822508,7.0,,,,,,,
49.952084,10.762549,0.0011304476,49.952084,10.762549,0.0008478358,,,,,,,,,,,,,,,,,,,,,,,,,,,,,,,,,,,,,,,,,,,,,,,,,,,,,,,,,,,,,49.952084,10.762549,1.5185702,49.952084,10.762549,0.64118,,,,,,,,,,,,,,,,,49.952084,10.852488,0.022498755,49.952084,10.852488,0.0037093824,,,,,,,,,,,,,,,,,,,,,,,,,,,,,49.952084,10.852488,1.0000001e-07,49.952084,10.852488,7.0,,,,,,,
49.952084,10.792528,0.001576677,49.952084,10.792528,0.0008180872,,,,,,,,,,,,,,,,,,,,,,,,,,,,,,,,,,,,,,,,,,,,,,,,,,,,,,,,,,,,,49.952084,10.792528,3.0167108,49.952084,10.792528,0.52246195,,,,,,,,,,,,,,,,,49.952084,10.882466,0.01665437,49.952084,10.882466,-0.0032773728,,,,,,,,,,,,,,,,,,,,,,,,,,,,,49.952084,10.882466,1.0000001e-07,49.952084,10.882466,7.0,,,,,,,
49.952084,10.822508,0.0014874311,49.952084,10.822508,0.0007883385,,,,,,,,,,,,,,,,,,,,,,,,,,,,,,,,,,,,,,,,,,,,,,,,,,,,,,,,,,,,,49.952084,10.822508,2.6969883,49.952084,10.822508,0.43700734,,,,,,,,,,,,,,,,,49.952084,10.912446,0.009653833,49.952084,10.912446,-0.005285182,,,,,,,,,,,,,,,,,,,,,,,,,,,,,49.952084,10.912446,1.0000001e-07,49.952084,10.912446,7.0,,,,,,,
49.952084,10.852487,0.0016956716,49.952084,10.852487,0.00090733304,,,,,,,,,,,,,,,,,,,,,,,,,,,,,,,,,,,,,,,,,,,,,,,,,,,,,,,,,,,,,49.952084,10.852487,3.3616788,49.952084,10.852487,0.8009922,,,,,,,,,,,,,,,,,49.952084,10.942425,0.013305221,49.952084,10.942425,-0.0020046358,,,,,,,,,,,,,,,,,,,,,,,,,,,,,49.952084,10.942425,1.0000001e-07,49.952084,10.942425,7.0,,,,,,,
49.952084,10.882466,0.0014874311,49.952084,10.882466,0.00068421825,,,,,,,,,,,,,,,,,,,,,,,,,,,,,,,,,,,,,,,,,,,,,,,,,,,,,,,,,,,,,49.952084,10.882466,2.6396017,49.952084,10.882466,0.10511679,,,,,,,,,,,,,,,,,49.952084,10.9724045,0.010391957,49.952084,10.9724045,-0.004716476,,,,,,,,,,,,,,,,,,,,,,,,,,,,,49.952084,10.9724045,1.0000001e-07,49.952084,10.9724045,7.0,,,,,,,
49.952084,10.912445,0.0012940652,49.952084,10.912445,0.0006247212,,,,,,,,,,,,,,,,,,,,,,,,,,,,,,,,,,,,,,,,,,,,,,,,,,,,,,,,,,,,,49.952084,10.912445,2.066702,49.952084,10.912445,-0.101568356,,,,,,,,,,,,,,,,,49.952084,11.002383,0.015826318,49.952084,11.002383,0.0016269346,,,,,,,,,,,,,,,,,,,,,,,,,,,,,49.952084,11.002383,1.0000001e-07,49.952084,11.002383,7.0,,,,,,,
49.952084,10.942425,0.0013981854,49.952084,10.942425,0.0007437156,,,,,,,,,,,,,,,,,,,,,,,,,,,,,,,,,,,,,,,,,,,,,,,,,,,,,,,,,,,,,49.952084,10.942425,2.381011,49.952084,10.942425,0.2686366,,,,,,,,,,,,,,,,,49.952084,11.032363,0.009773413,49.952084,11.032363,0.0022613604,,,,,,,,,,,,,,,,,,,,,,,,,,,,,49.952084,11.032363,1.0000001e-07,49.952084,11.032363,7.0,,,,,,,
49.952084,10.972404,0.001189945,49.952084,10.972404,0.0007139669,,,,,,,,,,,,,,,,,,,,,,,,,,,,,,,,,,,,,,,,,,,,,,,,,,,,,,,,,,,,,49.952084,10.972404,1.7661712,49.952084,10.972404,0.1601134,,,,,,,,,,,,,,,,,49.952084,11.062342,0.008904765,49.952084,11.062342,0.00020570958,,,,,,,,,,,,,,,,,,,,,,,,,,,,,49.952084,11.062342,1.0000001e-07,49.952084,11.062342,7.0,,,,,,,
49.952084,11.002383,0.0014428082,49.952084,11.002383,0.0008627101,,,,,,,,,,,,,,,,,,,,,,,,,,,,,,,,,,,,,,,,,,,,,,,,,,,,,,,,,,,,,49.952084,11.002383,2.5170684,49.952084,11.002383,0.64870775,,,,,,,,,,,,,,,,,49.952084,11.092321,0.016567461,49.952084,11.092321,0.004136822,,,,,,,,,,,,,,,,,,,,,,,,,,,,,49.952084,11.092321,1.0000001e-07,49.952084,11.092321,7.0,,,,,,,
49.952084,11.032362,0.0012791908,49.952084,11.032362,0.00083296135,,,,,,,,,,,,,,,,,,,,,,,,,,,,,,,,,,,,,,,,,,,,,,,,,,,,,,,,,,,,,49.952084,11.032362,2.0057943,49.952084,11.032362,0.5887172,,,,,,,,,,,,,,,,,49.952084,11.1223,0.004688376,49.952084,11.1223,0.002804543,,,,,,,,,,,,,,,,,,,,,,,,,,,,,49.952084,11.1223,1.0000001e-07,49.952084,11.1223,7.0,,,,,,,
49.952084,11.062342,0.0012494423,49.952084,11.062342,0.00087758433,,,,,,,,,,,,,,,,,,,,,,,,,,,,,,,,,,,,,,,,,,,,,,,,,,,,,,,,,,,,,49.952084,11.062342,1.9260199,49.952084,11.062342,0.7101995,,,,,,,,,,,,,,,,,49.952084,11.15228,0.005112676,49.952084,11.15228,-0.006180643,,,,,,,,,,,,,,,,,,,,,,,,,,,,,49.952084,11.15228,1.0000001e-07,49.952084,11.15228,7.0,,,,,,,
49.952084,11.092321,0.0015766772,49.952084,11.092321,0.0010114531,,,,,,,,,,,,,,,,,,,,,,,,,,,,,,,,,,,,,,,,,,,,,,,,,,,,,,,,,,,,,49.952084,11.092321,2.99462,49.952084,11.092321,1.1718107,,,,,,,,,,,,,,,,,49.952084,11.182259,0.011619115,49.952084,11.182259,0.003994633,,,,,,,,,,,,,,,,,,,,,,,,,,,,,49.952084,11.182259,1.0000001e-07,49.952084,11.182259,7.0,,,,,,,
49.952084,11.1223,0.0011304477,49.952084,11.1223,0.00083296146,,,,,,,,,,,,,,,,,,,,,,,,,,,,,,,,,,,,,,,,,,,,,,,,,,,,,,,,,,,,,49.952084,11.1223,1.514689,49.952084,11.1223,0.5535177,,,,,,,,,,,,,,,,,49.952084,11.212238,0.011552606,49.952084,11.212238,-0.00037663215,,,,,,,,,,,,,,,,,,,,,,,,,,,,,49.952084,11.212238,1.0000001e-07,49.952084,11.212238,7.0,,,,,,,
49.952084,11.15228,0.0010709504,49.952084,11.15228,0.0006395953,,,,,,,,,,,,,,,,,,,,,,,,,,,,,,,,,,,,,,,,,,,,,,,,,,,,,,,,,,,,,49.952084,11.15228,1.2776095,49.952084,11.15228,-0.089369774,,,,,,,,,,,,,,,,,49.952084,11.242217,0.01550109,49.952084,11.242217,-0.001958427,,,,,,,,,,,,,,,,,,,,,,,,,,,,,49.952084,11.242217,1.0000001e-07,49.952084,11.242217,7.0,,,,,,,
49.952084,11.182259,0.0013386882,49.952084,11.182259,0.00087758445,,,,,,,,,,,,,,,,,,,,,,,,,,,,,,,,,,,,,,,,,,,,,,,,,,,,,,,,,,,,,49.952084,11.182259,2.1738858,49.952084,11.182259,0.72674507,,,,,,,,,,,,,,,,,49.952084,11.272197,0.010494308,49.952084,11.272197,0.0006675308,,,,,,,,,,,,,,,,,,,,,,,,,,,,,49.952084,11.272197,1.0000001e-07,49.952084,11.272197,7.0,,,,,,,
49.952084,11.212238,0.0012643165,49.952084,11.212238,0.0008180872,,,,,,,,,,,,,,,,,,,,,,,,,,,,,,,,,,,,,,,,,,,,,,,,,,,,,,,,,,,,,49.952084,11.212238,1.9442725,49.952084,11.212238,0.50864166,,,,,,,,,,,,,,,,,49.952084,11.3021755,0.0076962314,49.952084,11.3021755,-0.00255187,,,,,,,,,,,,,,,,,,,,,,,,,,,,,49.952084,11.3021755,1.0000001e-07,49.952084,11.3021755,7.0,,,,,,,
49.952084,11.242217,0.0013684366,49.952084,11.242217,0.00083296146,,,,,,,,,,,,,,,,,,,,,,,,,,,,,,,,,,,,,,,,,,,,,,,,,,,,,,,,,,,,,49.952084,11.242217,2.3572085,49.952084,11.242217,0.5741778,,,,,,,,,,,,,,,,,49.952084,11.332155,0.016787942,49.952084,11.332155,0.0041572494,,,,,,,,,,,,,,,,,,,,,,,,,,,,,49.952084,11.332155,1.0000001e-07,49.952084,11.332155,7.0,,,,,,,
49.952084,11.272197,0.0012048193,49.952084,11.272197,0.00090733304,,,,,,,,,,,,,,,,,,,,,,,,,,,,,,,,,,,,,,,,,,,,,,,,,,,,,,,,,,,,,49.952084,11.272197,1.755364,49.952084,11.272197,0.828296,,,,,,,,,,,,,,,,,49.952084,11.362134,0.0041813194,49.952084,11.362134,0.004031603,,,,,,,,,,,,,,,,,,,,,,,,,,,,,49.952084,11.362134,1.0000001e-07,49.952084,11.362134,7.0,,,,,,,
49.952084,11.3021755,0.0011453221,49.952084,11.3021755,0.00072884123,,,,,,,,,,,,,,,,,,,,,,,,,,,,,,,,,,,,,,,,,,,,,,,,,,,,,,,,,,,,,49.952084,11.3021755,1.5091398,49.952084,11.3021755,0.23772304,,,,,,,,,,,,,,,,,49.952084,11.392114,0.0046693184,49.952084,11.392114,-0.0058545195,,,,,,,,,,,,,,,,,,,,,,,,,,,,,49.952084,11.392114,1.0000001e-07,49.952084,11.392114,7.0,,,,,,,
49.952084,11.332155,0.001383311,49.952084,11.332155,0.0009222073,,,,,,,,,,,,,,,,,,,,,,,,,,,,,,,,,,,,,,,,,,,,,,,,,,,,,,,,,,,,,49.952084,11.332155,2.3117716,49.952084,11.332155,0.89337116,,,,,,,,,,,,,,,,,49.952084,11.422092,0.019562537,49.952084,11.422092,-0.0035388225,,,,,,,,,,,,,,,,,,,,,,,,,,,,,49.952084,11.422092,1.0000001e-07,49.952084,11.422092,7.0,,,,,,,
49.952084,11.362134,0.0010709505,49.952084,11.362134,0.0009519559,,,,,,,,,,,,,,,,,,,,,,,,,,,,,,,,,,,,,,,,,,,,,,,,,,,,,,,,,,,,,49.952084,11.362134,1.2883039,49.952084,11.362134,0.9716907,,,,,,,,,,,,,,,,,49.952084,11.452072,0.008949893,49.952084,11.452072,0.00067875814,,,,,,,,,,,,,,,,,,,,,,,,,,,,,49.952084,11.452072,1.0000001e-07,49.952084,11.452072,7.0,,,,,,,
49.952084,11.392114,0.0010412018,49.952084,11.392114,0.0006247211,,,,,,,,,,,,,,,,,,,,,,,,,,,,,,,,,,,,,,,,,,,,,,,,,,,,,,,,,,,,,49.952084,11.392114,1.161572,49.952084,11.392114,-0.07730732,,,,,,,,,,,,,,,,,49.952084,11.482051,0.0109946225,49.952084,11.482051,-0.002977147,,,,,,,,,,,,,,,,,,,,,,,,,,,,,49.952084,11.482051,1.0000001e-07,49.952084,11.482051,7.0,,,,,,,
49.952084,11.422092,0.001383311,49.952084,11.422092,0.00072884123,,,,,,,,,,,,,,,,,,,,,,,,,,,,,,,,,,,,,,,,,,,,,,,,,,,,,,,,,,,,,49.952084,11.422092,2.362247,49.952084,11.422092,0.22724527,,,,,,,,,,,,,,,,,49.952084,11.512031,0.009832439,49.952084,11.512031,-0.003119281,,,,,,,,,,,,,,,,,,,,,,,,,,,,,49.952084,11.512031,1.0000001e-07,49.952084,11.512031,7.0,,,,,,,
49.952084,11.452072,0.0012048193,49.952084,11.452072,0.00084783573,,,,,,,,,,,,,,,,,,,,,,,,,,,,,,,,,,,,,,,,,,,,,,,,,,,,,,,,,,,,,49.952084,11.452072,1.7683415,49.952084,11.452072,0.6690475,,,,,,,,,,,,,,,,,49.952084,11.542009,0.006819889,49.952084,11.542009,-0.0040641264,,,,,,,,,,,,,,,,,,,,,,,,,,,,,49.952084,11.542009,1.0000001e-07,49.952084,11.542009,7.0,,,,,,,
49.952084,11.482051,0.0012791909,49.952084,11.482051,0.0007139669,,,,,,,,,,,,,,,,,,,,,,,,,,,,,,,,,,,,,,,,,,,,,,,,,,,,,,,,,,,,,49.952084,11.482051,2.0154524,49.952084,11.482051,0.17973554,,,,,,,,,,,,,,,,,49.952084,11.571989,0.017752657,49.952084,11.571989,0.0020466526,,,,,,,,,,,,,,,,,,,,,,,,,,,,,49.952084,11.571989,1.0000001e-07,49.952084,11.571989,7.0,,,,,,,
49.952084,11.512031,0.0013089394,49.952084,11.512031,0.00069909263,,,,,,,,,,,,,,,,,,,,,,,,,,,,,,,,,,,,,,,,,,,,,,,,,,,,,,,,,,,,,49.952084,11.512031,2.1024053,49.952084,11.512031,0.14645134,,,,,,,,,,,,,,,,,49.952084,11.601968,0.010802023,49.952084,11.601968,-0.0010436676,,,,,,,,,,,,,,,,,,,,,,,,,,,,,49.952084,11.601968,1.0000001e-07,49.952084,11.601968,7.0,,,,,,,
49.952084,11.542009,0.0009817046,49.952084,11.542009,0.0007883386,,,,,,,,,,,,,,,,,,,,,,,,,,,,,,,,,,,,,,,,,,,,,,,,,,,,,,,,,,,,,49.952084,11.542009,0.993653,49.952084,11.542009,0.42810544,,,,,,,,,,,,,,,,,49.952084,11.6319475,0.017917475,49.952084,11.6319475,0.0031617691,,,,,,,,,,,,,,,,,,,,,,,,,,,,,49.952084,11.6319475,1.0000001e-07,49.952084,11.6319475,7.0,,,,,,,
49.952084,11.571989,0.0014725567,49.952084,11.571989,0.00081808714,,,,,,,,,,,,,,,,,,,,,,,,,,,,,,,,,,,,,,,,,,,,,,,,,,,,,,,,,,,,,49.952084,11.571989,2.6593928,49.952084,11.571989,0.5155753,,,,,,,,,,,,,,,,,49.952084,11.661927,0.021330573,49.952084,11.661927,0.0068077636,,,,,,,,,,,,,,,,,,,,,,,,,,,,,49.952084,11.661927,1.0000001e-07,49.952084,11.661927,7.0,,,,,,,
49.952084,11.601968,0.0012791909,49.952084,11.601968,0.000818087,,,,,,,,,,,,,,,,,,,,,,,,,,,,,,,,,,,,,,,,,,,,,,,,,,,,,,,,,,,,,49.952084,11.601968,2.0328069,49.952084,11.601968,0.5092131,,,,,,,,,,,,,,,,,49.952084,11.691906,0.01676503,49.952084,11.691906,0.0013721586,,,,,,,,,,,,,,,,,,,,,,,,,,,,,49.952084,11.691906,1.0000001e-07,49.952084,11.691906,7.0,,,,,,,
49.952084,11.6319475,0.0015171799,49.952084,11.6319475,0.0009668303,,,,,,,,,,,,,,,,,,,,,,,,,,,,,,,,,,,,,,,,,,,,,,,,,,,,,,,,,,,,,49.952084,11.6319475,2.7808816,49.952084,11.6319475,1.0021653,,,,,,,,,,,,,,,,,49.952084,11.721886,0.016893934,49.952084,11.721886,0.0020662008,,,,,,,,,,,,,,,,,,,,,,,,,,,,,49.952084,11.721886,1.0000001e-07,49.952084,11.721886,7.0,,,,,,,
49.952084,11.661926,0.0015618028,49.952084,11.661926,0.0010114531,,,,,,,,,,,,,,,,,,,,,,,,,,,,,,,,,,,,,,,,,,,,,,,,,,,,,,,,,,,,,49.952084,11.661926,2.9856193,49.952084,11.661926,1.1728973,,,,,,,,,,,,,,,,,49.952084,11.751864,0.006273033,49.952084,11.751864,-0.002860643,,,,,,,,,,,,,,,,,,,,,,,,,,,,,49.952084,11.751864,1.0000001e-07,49.952084,11.751864,7.0,,,,,,,
49.952084,11.691906,0.0013684366,49.952084,11.691906,0.0008478358,,,,,,,,,,,,,,,,,,,,,,,,,,,,,,,,,,,,,,,,,,,,,,,,,,,,,,,,,,,,,49.952084,11.691906,2.3307168,49.952084,11.691906,0.6420959,,,,,,,,,,,,,,,,,49.952084,11.781844,0.02219776,49.952084,11.781844,-0.00060809037,,,,,,,,,,,,,,,,,,,,,,,,,,,,,49.952084,11.781844,1.0000001e-07,49.952084,11.781844,7.0,,,,,,,
49.952084,11.721885,0.0013981853,49.952084,11.721885,0.00074371556,,,,,,,,,,,,,,,,,,,,,,,,,,,,,,,,,,,,,,,,,,,,,,,,,,,,,,,,,,,,,49.952084,11.721885,2.397022,49.952084,11.721885,0.30567273,,,,,,,,,,,,,,,,,49.952084,11.811823,0.012216283,49.952084,11.811823,0.001995059,,,,,,,,,,,,,,,,,,,,,,,,,,,,,49.952084,11.811823,1.0000001e-07,49.952084,11.811823,7.0,,,,,,,
49.952084,11.751864,0.0010412019,49.952084,11.751864,0.0007437156,,,,,,,,,,,,,,,,,,,,,,,,,,,,,,,,,,,,,,,,,,,,,,,,,,,,,,,,,,,,,49.952084,11.751864,1.1714613,49.952084,11.751864,0.27761462,,,,,,,,,,,,,,,,,49.952084,11.841803,0.012502397,49.952084,11.841803,-0.0102397585,,,,,,,,,,,,,,,,,,,,,,,,,,,,,49.952084,11.841803,1.0000001e-07,49.952084,11.841803,7.0,,,,,,,
49.952084,11.781843,0.0015023055,49.952084,11.781843,0.0007734641,,,,,,,,,,,,,,,,,,,,,,,,,,,,,,,,,,,,,,,,,,,,,,,,,,,,,,,,,,,,,49.952084,11.781843,2.7188492,49.952084,11.781843,0.3912969,,,,,,,,,,,,,,,,,49.952084,11.871781,0.018875279,49.952084,11.871781,5.1299525e-05,,,,,,,,,,,,,,,,,,,,,,,,,,,,,49.952084,11.871781,1.0000001e-07,49.952084,11.871781,7.0,,,,,,,
49.952084,11.811823,0.001234568,49.952084,11.811823,0.0008032128,,,,,,,,,,,,,,,,,,,,,,,,,,,,,,,,,,,,,,,,,,,,,,,,,,,,,,,,,,,,,49.952084,11.811823,1.820624,49.952084,11.811823,0.4689853,,,,,,,,,,,,,,,,,49.952084,11.901761,0.01470467,49.952084,11.901761,-0.0053238636,,,,,,,,,,,,,,,,,,,,,,,,,,,,,49.952084,11.901761,1.0000001e-07,49.952084,11.901761,7.0,,,,,,,
49.952084,11.841802,0.0011750706,49.952084,11.841802,0.00055034953,,,,,,,,,,,,,,,,,,,,,,,,,,,,,,,,,,,,,,,,,,,,,,,,,,,,,,,,,,,,,49.952084,11.841802,1.6687449,49.952084,11.841802,-0.36195314,,,,,,,,,,,,,,,,,49.952084,11.93174,0.010944969,49.952084,11.93174,0.00333744,,,,,,,,,,,,,,,,,,,,,,,,,,,,,49.952084,11.93174,1.0000001e-07,49.952084,11.93174,7.0,,,,,,,
49.952084,11.871781,0.0015171798,49.952084,11.871781,0.0007734642,,,,,,,,,,,,,,,,,,,,,,,,,,,,,,,,,,,,,,,,,,,,,,,,,,,,,,,,,,,,,49.952084,11.871781,2.7670786,49.952084,11.871781,0.39927012,,,,,,,,,,,,,,,,,49.952084,11.9617195,0.011243831,49.952084,11.9617195,-0.0038506864,,,,,,,,,,,,,,,,,,,,,,,,,,,,,49.952084,11.9617195,1.0000001e-07,49.952084,11.9617195,7.0,,,,,,,
49.952084,11.90176,0.0012643165,49.952084,11.90176,0.0005949724,,,,,,,,,,,,,,,,,,,,,,,,,,,,,,,,,,,,,,,,,,,,,,,,,,,,,,,,,,,,,49.952084,11.90176,1.9791764,49.952084,11.90176,-0.19755997,,,,,,,,,,,,,,,,,49.952084,11.991698,0.010382358,49.952084,11.991698,-0.00032320412,,,,,,,,,,,,,,,,,,,,,,,,,,,,,49.952084,11.991698,1.0000001e-07,49.952084,11.991698,7.0,,,,,,,
49.952084,11.93174,0.0012048192,49.952084,11.93174,0.0009668303,,,,,,,,,,,,,,,,,,,,,,,,,,,,,,,,,,,,,,,,,,,,,,,,,,,,,,,,,,,,,49.952084,11.93174,1.7189416,49.952084,11.93174,1.0474405,,,,,,,,,,,,,,,,,49.952084,12.021678,0.0071486738,49.952084,12.021678,-0.00072623166,,,,,,,,,,,,,,,,,,,,,,,,,,,,,49.952084,12.021678,1.0000001e-07,49.952084,12.021678,7.0,,,,,,,
49.952084,11.9617195,0.0011453221,49.952084,11.9617195,0.0007437155,,,,,,,,,,,,,,,,,,,,,,,,,,,,,,,,,,,,,,,,,,,,,,,,,,,,,,,,,,,,,49.952084,11.9617195,1.5721984,49.952084,11.9617195,0.26637962,,,,,,,,,,,,,,,,,49.952084,12.051657,0.014858644,49.952084,12.051657,0.0011194714,,,,,,,,,,,,,,,,,,,,,,,,,,,,,49.952084,12.051657,1.0000001e-07,49.952084,12.051657,7.0,,,,,,,
49.952084,11.991698,0.0012048193,49.952084,11.991698,0.00087758445,,,,,,,,,,,,,,,,,,,,,,,,,,,,,,,,,,,,,,,,,,,,,,,,,,,,,,,,,,,,,49.952084,11.991698,1.7441401,49.952084,11.991698,0.7150833,,,,,,,,,,,,,,,,,49.952084,12.081636,0.011041453,49.952084,12.081636,0.008035729,,,,,,,,,,,,,,,,,,,,,,,,,,,,,49.952084,12.081636,1.0000001e-07,49.952084,12.081636,7.0,,,,,,,
49.952084,12.021678,0.0011006991,49.952084,12.021678,0.0007288413,,,,,,,,,,,,,,,,,,,,,,,,,,,,,,,,,,,,,,,,,,,,,,,,,,,,,,,,,,,,,49.952084,12.021678,1.3730223,49.952084,12.021678,0.23407608,,,,,,,,,,,,,,,,,49.952084,12.111615,0.010751328,49.952084,12.111615,0.001893077,,,,,,,,,,,,,,,,,,,,,,,,,,,,,49.952084,12.111615,1.0000001e-07,49.952084,12.111615,7.0,,,,,,,
49.952084,12.051657,0.0013238137,49.952084,12.051657,0.00084783573,,,,,,,,,,,,,,,,,,,,,,,,,,,,,,,,,,,,,,,,,,,,,,,,,,,,,,,,,,,,,49.952084,12.051657,2.1566556,49.952084,12.051657,0.63468647,,,,,,,,,,,,,,,,,49.952084,12.141595,0.011209785,49.952084,12.141595,-0.008210347,,,,,,,,,,,,,,,,,,,,,,,,,,,,,49.952084,12.141595,1.0000001e-07,49.952084,12.141595,7.0,,,,,,,
49.952084,12.081636,0.001234568,49.952084,12.081636,0.000951956,,,,,,,,,,,,,,,,,,,,,,,,,,,,,,,,,,,,,,,,,,,,,,,,,,,,,,,,,,,,,49.952084,12.081636,1.8643458,49.952084,12.081636,0.94820756,,,,,,,,,,,,,,,,,49.952084,12.171574,0.008468822,49.952084,12.171574,-0.0028627263,,,,,,,,,,,,,,,,,,,,,,,,,,,,,49.952084,12.171574,1.0000001e-07,49.952084,12.171574,7.0,,,,,,,
49.952084,12.111615,0.001100699,49.952084,12.111615,0.0008180871,,,,,,,,,,,,,,,,,,,,,,,,,,,,,,,,,,,,,,,,,,,,,,,,,,,,,,,,,,,,,49.952084,12.111615,1.3931601,49.952084,12.111615,0.51241744,,,,,,,,,,,,,,,,,49.952084,12.201553,0.0051460154,49.952084,12.201553,0.0005128108,,,,,,,,,,,,,,,,,,,,,,,,,,,,,49.952084,12.201553,1.0000001e-07,49.952084,12.201553,7.0,,,,,,,
49.952084,12.141595,0.0010709505,49.952084,12.141595,0.00055034953,,,,,,,,,,,,,,,,,,,,,,,,,,,,,,,,,,,,,,,,,,,,,,,,,,,,,,,,,,,,,49.952084,12.141595,1.3051826,49.952084,12.141595,-0.34081447,,,,,,,,,,,,,,,,,49.952084,12.231532,0.010477255,49.952084,12.231532,0.008061643,,,,,,,,,,,,,,,,,,,,,,,,,,,,,49.952084,12.231532,1.0000001e-07,49.952084,12.231532,7.0,,,,,,,
49.952084,12.171574,0.0010858248,49.952084,12.171574,0.0007139669,,,,,,,,,,,,,,,,,,,,,,,,,,,,,,,,,,,,,,,,,,,,,,,,,,,,,,,,,,,,,49.952084,12.171574,1.349506,49.952084,12.171574,0.16889334,,,,,,,,,,,,,,,,,49.952084,12.261512,0.0075268843,49.952084,12.261512,-0.004975742,,,,,,,,,,,,,,,,,,,,,,,,,,,,,49.952084,12.261512,1.0000001e-07,49.952084,12.261512,7.0,,,,,,,
49.952084,12.201553,0.0010560761,49.952084,12.201553,0.00083296146,,,,,,,,,,,,,,,,,,,,,,,,,,,,,,,,,,,,,,,,,,,,,,,,,,,,,,,,,,,,,49.952084,12.201553,1.2517136,49.952084,12.201553,0.5990525,,,,,,,,,,,,,,,,,49.952084,12.291491,0.0059976056,49.952084,12.291491,0.0033173133,,,,,,,,,,,,,,,,,,,,,,,,,,,,,49.952084,12.291491,1.0000001e-07,49.952084,12.291491,7.0,,,,,,,
49.952084,12.231532,0.0011750706,49.952084,12.231532,0.0010560761,,,,,,,,,,,,,,,,,,,,,,,,,,,,,,,,,,,,,,,,,,,,,,,,,,,,,,,,,,,,,49.952084,12.231532,1.6136539,49.952084,12.231532,1.3182602,,,,,,,,,,,,,,,,,49.952084,12.32147,0.0006764841,49.952084,12.32147,-0.006910323,,,,,,,,,,,,,,,,,,,,,,,,,,,,,49.952084,12.32147,1.0000001e-07,49.952084,12.32147,7.0,,,,,,,
49.952084,12.261512,0.0011006991,49.952084,12.261512,0.0006395954,,,,,,,,,,,,,,,,,,,,,,,,,,,,,,,,,,,,,,,,,,,,,,,,,,,,,,,,,,,,,49.952084,12.261512,1.3832371,49.952084,12.261512,-0.08183339,,,,,,,,,,,,,,,,,49.952084,12.351449,0.007998066,49.952084,12.351449,0.00815044,,,,,,,,,,,,,,,,,,,,,,,,,,,,,49.952084,12.351449,1.0000001e-07,49.952084,12.351449,7.0,,,,,,,
49.952084,12.291491,0.0010858248,49.952084,12.291491,0.00084783573,,,,,,,,,,,,,,,,,,,,,,,,,,,,,,,,,,,,,,,,,,,,,,,,,,,,,,,,,,,,,49.952084,12.291491,1.3152155,49.952084,12.291491,0.6248153,,,,,,,,,,,,,,,,,49.952084,12.381429,0.01624404,49.952084,12.381429,-0.0016577351,,,,,,,,,,,,,,,,,,,,,,,,,,,,,49.952084,12.381429,1.0000001e-07,49.952084,12.381429,7.0,,,,,,,
49.952084,12.32147,0.0009222073,49.952084,12.32147,0.0005949724,,,,,,,,,,,,,,,,,,,,,,,,,,,,,,,,,,,,,,,,,,,,,,,,,,,,,,,,,,,,,49.952084,12.32147,0.8077402,49.952084,12.32147,-0.1890859,,,,,,,,,,,,,,,,,49.952084,12.411407,0.0074471217,49.952084,12.411407,-0.0032098761,,,,,,,,,,,,,,,,,,,,,,,,,,,,,49.952084,12.411407,1.0000001e-07,49.952084,12.411407,7.0,,,,,,,
49.952084,12.351449,0.0010858248,49.952084,12.351449,0.0009519559,,,,,,,,,,,,,,,,,,,,,,,,,,,,,,,,,,,,,,,,,,,,,,,,,,,,,,,,,,,,,49.952084,12.351449,1.3215605,49.952084,12.351449,0.9713124,,,,,,,,,,,,,,,,,49.952084,12.441387,0.0009377313,49.952084,12.441387,-0.0016880623,,,,,,,,,,,,,,,,,,,,,,,,,,,,,49.952084,12.441387,1.0000001e-07,49.952084,12.441387,7.0,,,,,,,
49.952084,12.381429,0.0012345678,49.952084,12.381429,0.0007734642,,,,,,,,,,,,,,,,,,,,,,,,,,,,,,,,,,,,,,,,,,,,,,,,,,,,,,,,,,,,,49.952084,12.381429,1.8232566,49.952084,12.381429,0.3770803,,,,,,,,,,,,,,,,,49.952084,12.471366,0.00506526,49.952084,12.471366,-0.0007150217,,,,,,,,,,,,,,,,,,,,,,,,,,,,,49.952084,12.471366,1.0000001e-07,49.952084,12.471366,7.0,,,,,,,
49.952084,12.411407,0.0010114532,49.952084,12.411407,0.00072884123,,,,,,,,,,,,,,,,,,,,,,,,,,,,,,,,,,,,,,,,,,,,,,,,,,,,,,,,,,,,,49.952084,12.411407,1.0855036,49.952084,12.411407,0.23433001,,,,,,,,,,,,,,,,,49.952084,12.501346,0.005381688,49.952084,12.501346,-0.0021793307,,,,,,,,,,,,,,,,,,,,,,,,,,,,,49.952084,12.501346,1.0000001e-07,49.952084,12.501346,7.0,,,,,,,
49.952084,12.441387,0.00086271,49.952084,12.441387,0.0007585899,,,,,,,,,,,,,,,,,,,,,,,,,,,,,,,,,,,,,,,,,,,,,,,,,,,,,,,,,,,,,49.952084,12.441387,0.6115329,49.952084,12.441387,0.33697402,,,,,,,,,,,,,,,,,49.952084,12.531325,0.0075171506,49.952084,12.531325,0.009176063,,,,,,,,,,,,,,,,,,,,,,,,,,,,,49.952084,12.531325,1.0000001e-07,49.952084,12.531325,7.0,,,,,,,
49.952084,12.471366,0.0011006991,49.952084,12.471366,0.0007585899,,,,,,,,,,,,,,,,,,,,,,,,,,,,,,,,,,,,,,,,,,,,,,,,,,,,,,,,,,,,,49.952084,12.471366,1.3715439,49.952084,12.471366,0.33204547,,,,,,,,,,,,,,,,,49.952084,12.561304,0.0042719706,49.952084,12.561304,0.004281223,,,,,,,,,,,,,,,,,,,,,,,,,,,,,49.952084,12.561304,1.0000001e-07,49.952084,12.561304,7.0,,,,,,,
49.952084,12.501346,0.0009817047,49.952084,12.501346,0.0006395953,,,,,,,,,,,,,,,,,,,,,,,,,,,,,,,,,,,,,,,,,,,,,,,,,,,,,,,,,,,,,49.952084,12.501346,1.0109401,49.952084,12.501346,-0.041213956,,,,,,,,,,,,,,,,,49.952084,12.591284,0.0008153578,49.952084,12.591284,0.0074993437,,,,,,,,,,,,,,,,,,,,,,,,,,,,,49.952084,12.591284,1.0000001e-07,49.952084,12.591284,7.0,,,,,,,
49.952084,12.531324,0.0010412018,49.952084,12.531324,0.0010412019,,,,,,,,,,,,,,,,,,,,,,,,,,,,,,,,,,,,,,,,,,,,,,,,,,,,,,,,,,,,,49.952084,12.531324,1.1425948,49.952084,12.531324,1.2606958,,,,,,,,,,,,,,,,,49.952084,12.621263,0.023753364,49.952084,12.621263,0.00087522465,,,,,,,,,,,,,,,,,,,,,,,,,,,,,49.952084,12.621263,1.0000001e-07,49.952084,12.621263,7.0,,,,,,,
49.952084,12.561304,0.0009668303,49.952084,12.561304,0.0008180872,,,,,,,,,,,,,,,,,,,,,,,,,,,,,,,,,,,,,,,,,,,,,,,,,,,,,,,,,,,,,49.952084,12.561304,0.9574446,49.952084,12.561304,0.5542255,,,,,,,,,,,,,,,,,49.952084,12.651242,0.011751496,49.952084,12.651242,0.002786836,,,,,,,,,,,,,,,,,,,,,,,,,,,,,49.952084,12.651242,1.0000001e-07,49.952084,12.651242,7.0,,,,,,,
49.952084,12.591283,0.00086271006,49.952084,12.591283,0.0009668303,,,,,,,,,,,,,,,,,,,,,,,,,,,,,,,,,,,,,,,,,,,,,,,,,,,,,,,,,,,,,49.952084,12.591283,0.59301907,49.952084,12.591283,1.0038457,,,,,,,,,,,,,,,,,49.952084,12.681221,0.009791862,49.952084,12.681221,0.009459251,,,,,,,,,,,,,,,,,,,,,,,,,,,,,49.952084,12.681221,1.0000001e-07,49.952084,12.681221,7.0,,,,,,,
49.952084,12.621263,0.0013981852,49.952084,12.621263,0.00086271006,,,,,,,,,,,,,,,,,,,,,,,,,,,,,,,,,,,,,,,,,,,,,,,,,,,,,,,,,,,,,49.952084,12.621263,2.3792574,49.952084,12.621263,0.6698515,,,,,,,,,,,,,,,,,49.952084,12.711201,0.0065597575,49.952084,12.711201,0.0076648574,,,,,,,,,,,,,,,,,,,,,,,,,,,,,49.952084,12.711201,1.0000001e-07,49.952084,12.711201,7.0,,,,,,,
49.952084,12.651241,0.0011155733,49.952084,12.651241,0.00086271006,,,,,,,,,,,,,,,,,,,,,,,,,,,,,,,,,,,,,,,,,,,,,,,,,,,,,,,,,,,,,49.952084,12.651241,1.4484869,49.952084,12.651241,0.6621178,,,,,,,,,,,,,,,,,49.952084,12.741179,0.005057147,49.952084,12.741179,0.0021830439,,,,,,,,,,,,,,,,,,,,,,,,,,,,,49.952084,12.741179,1.0000001e-07,49.952084,12.741179,7.0,,,,,,,
49.952084,12.681221,0.0010560761,49.952084,12.681221,0.0010114532,,,,,,,,,,,,,,,,,,,,,,,,,,,,,,,,,,,,,,,,,,,,,,,,,,,,,,,,,,,,,49.952084,12.681221,1.2776961,49.952084,12.681221,1.1614577,,,,,,,,,,,,,,,,,49.952084,12.771159,0.015492279,49.952084,12.771159,-0.0006926765,,,,,,,,,,,,,,,,,,,,,,,,,,,,,49.952084,12.771159,1.0000001e-07,49.952084,12.771159,7.0,,,,,,,
49.952084,12.7112,0.0011006991,49.952084,12.7112,0.0009817046,,,,,,,,,,,,,,,,,,,,,,,,,,,,,,,,,,,,,,,,,,,,,,,,,,,,,,,,,,,,,49.952084,12.7112,1.3964285,49.952084,12.7112,1.0654932,,,,,,,,,,,,,,,,,49.952084,12.801138,0.0063219895,49.952084,12.801138,0.003727912,,,,,,,,,,,,,,,,,,,,,,,,,,,,,49.952084,12.801138,1.0000001e-07,49.952084,12.801138,7.0,,,,,,,
49.952084,12.741179,0.0009817046,49.952084,12.741179,0.00086271006,,,,,,,,,,,,,,,,,,,,,,,,,,,,,,,,,,,,,,,,,,,,,,,,,,,,,,,,,,,,,49.952084,12.741179,1.0022492,49.952084,12.741179,0.6690737,,,,,,,,,,,,,,,,,49.952084,12.831118,0.010789343,49.952084,12.831118,0.0034803418,,,,,,,,,,,,,,,,,,,,,,,,,,,,,49.952084,12.831118,1.0000001e-07,49.952084,12.831118,7.0,,,,,,,
49.952084,12.771158,0.0012494421,49.952084,12.771158,0.00071396685,,,,,,,,,,,,,,,,,,,,,,,,,,,,,,,,,,,,,,,,,,,,,,,,,,,,,,,,,,,,,49.952084,12.771158,1.9001005,49.952084,12.771158,0.17618231,,,,,,,,,,,,,,,,,49.952084,12.861096,0.013306569,49.952084,12.861096,0.00025009358,,,,,,,,,,,,,,,,,,,,,,,,,,,,,49.952084,12.861096,1.0000001e-07,49.952084,12.861096,7.0,,,,,,,
49.952084,12.801138,0.000996579,49.952084,12.801138,0.00084783573,,,,,,,,,,,,,,,,,,,,,,,,,,,,,,,,,,,,,,,,,,,,,,,,,,,,,,,,,,,,,49.952084,12.801138,1.0448171,49.952084,12.801138,0.6354888,,,,,,,,,,,,,,,,,49.952084,12.891076,0.017094377,49.952084,12.891076,-0.0041559464,,,,,,,,,,,,,,,,,,,,,,,,,,,,,49.952084,12.891076,1.0000001e-07,49.952084,12.891076,7.0,,,,,,,
49.952084,12.831118,0.0011155733,49.952084,12.831118,0.0009073329,,,,,,,,,,,,,,,,,,,,,,,,,,,,,,,,,,,,,,,,,,,,,,,,,,,,,,,,,,,,,49.952084,12.831118,1.4711081,49.952084,12.831118,0.8135052,,,,,,,,,,,,,,,,,49.952084,12.921055,0.019299842,49.952084,12.921055,-0.004291607,,,,,,,,,,,,,,,,,,,,,,,,,,,,,49.952084,12.921055,1.0000001e-07,49.952084,12.921055,7.0,,,,,,,
49.952084,12.861096,0.001189945,49.952084,12.861096,0.00080321287,,,,,,,,,,,,,,,,,,,,,,,,,,,,,,,,,,,,,,,,,,,,,,,,,,,,,,,,,,,,,49.952084,12.861096,1.6486558,49.952084,12.861096,0.4601514,,,,,,,,,,,,,,,,,49.952084,12.951035,0.0038115743,49.952084,12.951035,0.0032047788,,,,,,,,,,,,,,,,,,,,,,,,,,,,,49.952084,12.951035,1.0000001e-07,49.952084,12.951035,7.0,,,,,,,
49.952084,12.891076,0.0011750706,49.952084,12.891076,0.0007139669,,,,,,,,,,,,,,,,,,,,,,,,,,,,,,,,,,,,,,,,,,,,,,,,,,,,,,,,,,,,,49.952084,12.891076,1.6097703,49.952084,12.891076,0.22359861,,,,,,,,,,,,,,,,,49.952084,12.981013,0.011248437,49.952084,12.981013,0.009330405,,,,,,,,,,,,,,,,,,,,,,,,,,,,,49.952084,12.981013,1.0000001e-07,49.952084,12.981013,7.0,,,,,,,
49.952084,12.921055,0.0013238139,49.952084,12.921055,0.00065446965,,,,,,,,,,,,,,,,,,,,,,,,,,,,,,,,,,,,,,,,,,,,,,,,,,,,,,,,,,,,,49.952084,12.921055,2.0828693,49.952084,12.921055,0.0062687364,,,,,,,,,,,,,,,,,49.952084,13.010993,0.0077775517,49.952084,13.010993,0.004092137,,,,,,,,,,,,,,,,,,,,,,,,,,,,,49.952084,13.010993,1.0000001e-07,49.952084,13.010993,7.0,,,,,,,
49.952084,12.951035,0.000996579,49.952084,12.951035,0.00080321275,,,,,,,,,,,,,,,,,,,,,,,,,,,,,,,,,,,,,,,,,,,,,,,,,,,,,,,,,,,,,49.952084,12.951035,1.0578125,49.952084,12.951035,0.46542773,,,,,,,,,,,,,,,,,49.952084,13.040972,0.014357435,49.952084,13.040972,-0.0061497847,,,,,,,,,,,,,,,,,,,,,,,,,,,,,49.952084,13.040972,1.0000001e-07,49.952084,13.040972,7.0,,,,,,,
49.952084,12.981013,0.0010858248,49.952084,12.981013,0.00092220743,,,,,,,,,,,,,,,,,,,,,,,,,,,,,,,,,,,,,,,,,,,,,,,,,,,,,,,,,,,,,49.952084,12.981013,1.3296638,49.952084,12.981013,0.8517303,,,,,,,,,,,,,,,,,49.952084,13.070951,0.006243966,49.952084,13.070951,0.0023397626,,,,,,,,,,,,,,,,,,,,,,,,,,,,,49.952084,13.070951,1.0000001e-07,49.952084,13.070951,7.0,,,,,,,
49.952084,13.010993,0.0010114531,49.952084,13.010993,0.0008329614,,,,,,,,,,,,,,,,,,,,,,,,,,,,,,,,,,,,,,,,,,,,,,,,,,,,,,,,,,,,,49.952084,13.010993,1.1035117,49.952084,13.010993,0.60104734,,,,,,,,,,,,,,,,,49.952084,13.10093,0.0049874536,49.952084,13.10093,0.0032142012,,,,,,,,,,,,,,,,,,,,,,,,,,,,,49.952084,13.10093,1.0000001e-07,49.952084,13.10093,7.0,,,,,,,
49.952084,13.040972,0.0011750706,49.952084,13.040972,0.00058009813,,,,,,,,,,,,,,,,,,,,,,,,,,,,,,,,,,,,,,,,,,,,,,,,,,,,,,,,,,,,,49.952084,13.040972,1.6482193,49.952084,13.040972,-0.25704157,,,,,,,,,,,,,,,,,49.952084,13.13091,0.009162947,49.952084,13.13091,0.0034961647,,,,,,,,,,,,,,,,,,,,,,,,,,,,,49.952084,13.13091,1.0000001e-07,49.952084,13.13091,7.0,,,,,,,
49.952084,13.070951,0.0010858248,49.952084,13.070951,0.00087758445,,,,,,,,,,,,,,,,,,,,,,,,,,,,,,,,,,,,,,,,,,,,,,,,,,,,,,,,,,,,,49.952084,13.070951,1.3275508,49.952084,13.070951,0.68277514,,,,,,,,,,,,,,,,,49.952084,13.160889,0.003753364,49.952084,13.160889,-0.0031577994,,,,,,,,,,,,,,,,,,,,,,,,,,,,,49.952084,13.160889,1.0000001e-07,49.952084,13.160889,7.0,,,,,,,
49.952084,13.10093,0.0009817046,49.952084,13.10093,0.0009222073,,,,,,,,,,,,,,,,,,,,,,,,,,,,,,,,,,,,,,,,,,,,,,,,,,,,,,,,,,,,,49.952084,13.10093,1.0538359,49.952084,13.10093,0.870871,,,,,,,,,,,,,,,,,49.952084,13.190868,0.008154427,49.952084,13.190868,0.0026713945,,,,,,,,,,,,,,,,,,,,,,,,,,,,,49.952084,13.190868,1.0000001e-07,49.952084,13.190868,7.0,,,,,,,
49.952084,13.13091,0.0009370816,49.952084,13.13091,0.0008329614,,,,,,,,,,,,,,,,,,,,,,,,,,,,,,,,,,,,,,,,,,,,,,,,,,,,,,,,,,,,,49.952084,13.13091,0.84459317,49.952084,13.13091,0.53844184,,,,,,,,,,,,,,,,,49.952084,13.220847,0.012008823,49.952084,13.220847,-0.00202014,,,,,,,,,,,,,,,,,,,,,,,,,,,,,49.952084,13.220847,1.0000001e-07,49.952084,13.220847,7.0,,,,,,,
49.952084,13.160889,0.00090733304,49.952084,13.160889,0.0006098467,,,,,,,,,,,,,,,,,,,,,,,,,,,,,,,,,,,,,,,,,,,,,,,,,,,,,,,,,,,,,49.952084,13.160889,0.7544024,49.952084,13.160889,-0.13019902,,,,,,,,,,,,,,,,,49.952084,13.250827,0.014298414,49.952084,13.250827,0.0012127546,,,,,,,,,,,,,,,,,,,,,,,,,,,,,49.952084,13.250827,1.0000001e-07,49.952084,13.250827,7.0,,,,,,,
49.952084,13.190868,0.0010858248,49.952084,13.190868,0.00083296146,,,,,,,,,,,,,,,,,,,,,,,,,,,,,,,,,,,,,,,,,,,,,,,,,,,,,,,,,,,,,49.952084,13.190868,1.3458568,49.952084,13.190868,0.59691215,,,,,,,,,,,,,,,,,49.952084,13.280806,0.011899685,49.952084,13.280806,0.00021905814,,,,,,,,,,,,,,,,,,,,,,,,,,,,,49.952084,13.280806,1.0000001e-07,49.952084,13.280806,7.0,,,,,,,
49.952084,13.220847,0.0011155735,49.952084,13.220847,0.0007734642,,,,,,,,,,,,,,,,,,,,,,,,,,,,,,,,,,,,,,,,,,,,,,,,,,,,,,,,,,,,,49.952084,13.220847,1.488014,49.952084,13.220847,0.3746233,,,,,,,,,,,,,,,,,49.952084,13.310785,0.002703652,49.952084,13.310785,0.002658776,,,,,,,,,,,,,,,,,,,,,,,,,,,,,49.952084,13.310785,1.0000001e-07,49.952084,13.310785,7.0,,,,,,,
49.952084,13.250827,0.0011899448,49.952084,13.250827,0.0009222073,,,,,,,,,,,,,,,,,,,,,,,,,,,,,,,,,,,,,,,,,,,,,,,,,,,,,,,,,,,,,49.952084,13.250827,1.6920236,49.952084,13.250827,0.86744297,,,,,,,,,,,,,,,,,49.952084,13.340765,0.015038151,49.952084,13.340765,-0.009464585,,,,,,,,,,,,,,,,,,,,,,,,,,,,,49.952084,13.340765,1.0000001e-07,49.952084,13.340765,7.0,,,,,,,
49.952084,13.280806,0.0010858248,49.952084,13.280806,0.0007883386,,,,,,,,,,,,,,,,,,,,,,,,,,,,,,,,,,,,,,,,,,,,,,,,,,,,,,,,,,,,,49.952084,13.280806,1.3369056,49.952084,13.280806,0.49100292,,,,,,,,,,,,,,,,,49.952084,13.370744,0.011693767,49.952084,13.370744,0.0071140337,,,,,,,,,,,,,,,,,,,,,,,,,,,,,49.952084,13.370744,1.0000001e-07,49.952084,13.370744,7.0,,,,,,,
49.952084,13.310785,0.00092220743,49.952084,13.310785,0.0008032128,,,,,,,,,,,,,,,,,,,,,,,,,,,,,,,,,,,,,,,,,,,,,,,,,,,,,,,,,,,,,49.952084,13.310785,0.73499084,49.952084,13.310785,0.49414173,,,,,,,,,,,,,,,,,49.952084,13.400723,0.0105553605,49.952084,13.400723,-0.0047989725,,,,,,,,,,,,,,,,,,,,,,,,,,,,,49.952084,13.400723,1.0000001e-07,49.952084,13.400723,7.0,,,,,,,
49.952084,13.340764,0.0011750706,49.952084,13.340764,0.0005503495,,,,,,,,,,,,,,,,,,,,,,,,,,,,,,,,,,,,,,,,,,,,,,,,,,,,,,,,,,,,,49.952084,13.340764,1.6806979,49.952084,13.340764,-0.36172667,,,,,,,,,,,,,,,,,49.952084,13.430702,0.011061852,49.952084,13.430702,-0.0028039329,,,,,,,,,,,,,,,,,,,,,,,,,,,,,49.952084,13.430702,1.0000001e-07,49.952084,13.430702,7.0,,,,,,,
49.952084,13.370744,0.0011006991,49.952084,13.370744,0.00087758445,,,,,,,,,,,,,,,,,,,,,,,,,,,,,,,,,,,,,,,,,,,,,,,,,,,,,,,,,,,,,49.952084,13.370744,1.3939682,49.952084,13.370744,0.7506089,,,,,,,,,,,,,,,,,49.952084,13.460682,0.011258428,49.952084,13.460682,0.0073502716,,,,,,,,,,,,,,,,,,,,,,,,,,,,,49.952084,13.460682,1.0000001e-07,49.952084,13.460682,7.0,,,,,,,
49.952084,13.4007225,0.0010858248,49.952084,13.4007225,0.0006395953,,,,,,,,,,,,,,,,,,,,,,,,,,,,,,,,,,,,,,,,,,,,,,,,,,,,,,,,,,,,,49.952084,13.4007225,1.3582902,49.952084,13.4007225,-0.026586877,,,,,,,,,,,,,,,,,49.952084,13.490661,0.0020704789,49.952084,13.490661,-0.005578583,,,,,,,,,,,,,,,,,,,,,,,,,,,,,49.952084,13.490661,1.0000001e-07,49.952084,13.490661,7.0,,,,,,,
49.952084,13.430702,0.0011601964,49.952084,13.430702,0.00069909263,,,,,,,,,,,,,,,,,,,,,,,,,,,,,,,,,,,,,,,,,,,,,,,,,,,,,,,,,,,,,49.952084,13.430702,1.6043444,49.952084,13.430702,0.12897544,,,,,,,,,,,,,,,,,49.952084,13.52064,0.013794488,49.952084,13.52064,0.0021410447,,,,,,,,,,,,,,,,,,,,,,,,,,,,,49.952084,13.52064,1.0000001e-07,49.952084,13.52064,7.0,,,,,,,
49.952084,13.460681,0.0011006991,49.952084,13.460681,0.0009370816,,,,,,,,,,,,,,,,,,,,,,,,,,,,,,,,,,,,,,,,,,,,,,,,,,,,,,,,,,,,,49.952084,13.460681,1.4501004,49.952084,13.460681,0.9280883,,,,,,,,,,,,,,,,,49.952084,13.550619,0.019956833,49.952084,13.550619,0.0024047103,,,,,,,,,,,,,,,,,,,,,,,,,,,,,49.952084,13.550619,1.0000001e-07,49.952084,13.550619,7.0,,,,,,,
49.952084,13.490661,0.00084783573,49.952084,13.490661,0.0006395953,,,,,,,,,,,,,,,,,,,,,,,,,,,,,,,,,,,,,,,,,,,,,,,,,,,,,,,,,,,,,49.952084,13.490661,0.5665419,49.952084,13.490661,-0.035636164,,,,,,,,,,,,,,,,,49.952084,13.580599,0.010650679,49.952084,13.580599,-0.00051687635,,,,,,,,,,,,,,,,,,,,,,,,,,,,,49.952084,13.580599,1.0000001e-07,49.952084,13.580599,7.0,,,,,,,
49.952084,13.520639,0.0011601964,49.952084,13.520639,0.0007883385,,,,,,,,,,,,,,,,,,,,,,,,,,,,,,,,,,,,,,,,,,,,,,,,,,,,,,,,,,,,,49.952084,13.520639,1.5651716,49.952084,13.520639,0.44595873,,,,,,,,,,,,,,,,,49.952084,13.610578,0.012000266,49.952084,13.610578,0.0015681636,,,,,,,,,,,,,,,,,,,,,,,,,,,,,49.952084,13.610578,1.0000001e-07,49.952084,13.610578,7.0,,,,,,,
49.952084,13.550619,0.0012048191,49.952084,13.550619,0.0008329614,,,,,,,,,,,,,,,,,,,,,,,,,,,,,,,,,,,,,,,,,,,,,,,,,,,,,,,,,,,,,49.952084,13.550619,1.7063414,49.952084,13.550619,0.53383523,,,,,,,,,,,,,,,,,49.952084,13.640557,0.013779442,49.952084,13.640557,-0.005086047,,,,,,,,,,,,,,,,,,,,,,,,,,,,,49.952084,13.640557,1.0000001e-07,49.952084,13.640557,7.0,,,,,,,
49.952084,13.580598,0.0010709505,49.952084,13.580598,0.000713967,,,,,,,,,,,,,,,,,,,,,,,,,,,,,,,,,,,,,,,,,,,,,,,,,,,,,,,,,,,,,49.952084,13.580598,1.3007904,49.952084,13.580598,0.19918758,,,,,,,,,,,,,,,,,49.952084,13.670536,0.003687763,49.952084,13.670536,-0.0001339507,,,,,,,,,,,,,,,,,,,,,,,,,,,,,49.952084,13.670536,1.0000001e-07,49.952084,13.670536,7.0,,,,,,,
49.952084,13.610578,0.0011155733,49.952084,13.610578,0.0007883385,,,,,,,,,,,,,,,,,,,,,,,,,,,,,,,,,,,,,,,,,,,,,,,,,,,,,,,,,,,,,49.952084,13.610578,1.4458215,49.952084,13.610578,0.42780134,,,,,,,,,,,,,,,,,49.952084,13.700516,0.012045617,49.952084,13.700516,0.009516849,,,,,,,,,,,,,,,,,,,,,,,,,,,,,49.952084,13.700516,1.0000001e-07,49.952084,13.700516,7.0,,,,,,,
49.952084,13.640556,0.0011601964,49.952084,13.640556,0.0006544697,,,,,,,,,,,,,,,,,,,,,,,,,,,,,,,,,,,,,,,,,,,,,,,,,,,,,,,,,,,,,49.952084,13.640556,1.6306871,49.952084,13.640556,-0.025042295,,,,,,,,,,,,,,,,,49.952084,13.7304945,0.019151328,49.952084,13.7304945,-0.0063582775,,,,,,,,,,,,,,,,,,,,,,,,,,,,,49.952084,13.7304945,1.0000001e-07,49.952084,13.7304945,7.0,,,,,,,
49.952084,13.670536,0.000951956,49.952084,13.670536,0.0008180871,,,,,,,,,,,,,,,,,,,,,,,,,,,,,,,,,,,,,,,,,,,,,,,,,,,,,,,,,,,,,49.952084,13.670536,0.91478324,49.952084,13.670536,0.55125415,,,,,,,,,,,,,,,,,49.952084,13.760474,0.0058863875,49.952084,13.760474,0.0026619728,,,,,,,,,,,,,,,,,,,,,,,,,,,,,49.952084,13.760474,1.0000001e-07,49.952084,13.760474,7.0,,,,,,,
49.952084,13.700516,0.0010709504,49.952084,13.700516,0.0009817047,,,,,,,,,,,,,,,,,,,,,,,,,,,,,,,,,,,,,,,,,,,,,,,,,,,,,,,,,,,,,49.952084,13.700516,1.2745851,49.952084,13.700516,1.0697665,,,,,,,,,,,,,,,,,49.952084,13.790453,0.0133868465,49.952084,13.790453,0.0042527225,,,,,,,,,,,,,,,,,,,,,,,,,,,,,49.952084,13.790453,1.0000001e-07,49.952084,13.790453,7.0,,,,,,,
49.952084,13.7304945,0.0013386881,49.952084,13.7304945,0.00058009813,,,,,,,,,,,,,,,,,,,,,,,,,,,,,,,,,,,,,,,,,,,,,,,,,,,,,,,,,,,,,49.952084,13.7304945,2.1748593,49.952084,13.7304945,-0.25554568,,,,,,,,,,,,,,,,,49.952084,13.820433,0.0134037975,49.952084,13.820433,-0.00378081,,,,,,,,,,,,,,,,,,,,,,,,,,,,,49.952084,13.820433,1.0000001e-07,49.952084,13.820433,7.0,,,,,,,
49.952084,13.760474,0.0009073329,49.952084,13.760474,0.00071396696,,,,,,,,,,,,,,,,,,,,,,,,,,,,,,,,,,,,,,,,,,,,,,,,,,,,,,,,,,,,,49.952084,13.760474,0.7329057,49.952084,13.760474,0.1280134,,,,,,,,,,,,,,,,,49.952084,13.850411,0.012750172,49.952084,13.850411,-0.0016850611,,,,,,,,,,,,,,,,,,,,,,,,,,,,,49.952084,13.850411,1.0000001e-07,49.952084,13.850411,7.0,,,,,,,
49.952084,13.790453,0.0010560763,49.952084,13.790453,0.00087758445,,,,,,,,,,,,,,,,,,,,,,,,,,,,,,,,,,,,,,,,,,,,,,,,,,,,,,,,,,,,,49.952084,13.790453,1.2746997,49.952084,13.790453,0.69633114,,,,,,,,,,,,,,,,,49.952084,13.880391,0.023689322,49.952084,13.880391,0.0003998045,,,,,,,,,,,,,,,,,,,,,,,,,,,,,49.952084,13.880391,1.0000001e-07,49.952084,13.880391,7.0,,,,,,,
49.952084,13.820433,0.0011750706,49.952084,13.820433,0.00068421825,,,,,,,,,,,,,,,,,,,,,,,,,,,,,,,,,,,,,,,,,,,,,,,,,,,,,,,,,,,,,49.952084,13.820433,1.6717799,49.952084,13.820433,0.08378434,,,,,,,,,,,,,,,,,49.952084,13.91037,0.0073335078,49.952084,13.91037,0.004654499,,,,,,,,,,,,,,,,,,,,,,,,,,,,,49.952084,13.91037,1.0000001e-07,49.952084,13.91037,7.0,,,,,,,
49.952084,13.850411,0.0010709505,49.952084,13.850411,0.0007437155,,,,,,,,,,,,,,,,,,,,,,,,,,,,,,,,,,,,,,,,,,,,,,,,,,,,,,,,,,,,,49.952084,13.850411,1.3286865,49.952084,13.850411,0.27992886,,,,,,,,,,,,,,,,,49.952084,13.94035,0.011358986,49.952084,13.94035,-0.0018221776,,,,,,,,,,,,,,,,,,,,,,,,,,,,,49.952084,13.94035,1.0000001e-07,49.952084,13.94035,7.0,,,,,,,
49.952084,13.880391,0.0013386881,49.952084,13.880391,0.00077346415,,,,,,,,,,,,,,,,,,,,,,,,,,,,,,,,,,,,,,,,,,,,,,,,,,,,,,,,,,,,,49.952084,13.880391,2.1643329,49.952084,13.880391,0.38435632,,,,,,,,,,,,,,,,,49.952084,13.970328,0.014911843,49.952084,13.970328,0.0010876427,,,,,,,,,,,,,,,,,,,,,,,,,,,,,49.952084,13.970328,1.0000001e-07,49.952084,13.970328,7.0,,,,,,,
49.952084,13.91037,0.0010114532,49.952084,13.91037,0.0008924587,,,,,,,,,,,,,,,,,,,,,,,,,,,,,,,,,,,,,,,,,,,,,,,,,,,,,,,,,,,,,49.952084,13.91037,1.0744927,49.952084,13.91037,0.7538841,,,,,,,,,,,,,,,,,49.952084,14.000308,-0.0001786285,49.952084,14.000308,-0.00028114044,,,,,,,,,,,,,,,,,,,,,,,,,,,,,49.952084,14.000308,1.0000001e-07,49.952084,14.000308,7.0,,,,,,,
49.952084,13.94035,0.0010709504,49.952084,13.94035,0.0008180871,,,,,,,,,,,,,,,,,,,,,,,,,,,,,,,,,,,,,,,,,,,,,,,,,,,,,,,,,,,,,49.952084,13.94035,1.3040022,49.952084,13.94035,0.5131312,,,,,,,,,,,,,,,,,49.952084,14.030287,0.005507628,49.952084,14.030287,0.0018570158,,,,,,,,,,,,,,,,,,,,,,,,,,,,,49.952084,14.030287,1.0000001e-07,49.952084,14.030287,7.0,,,,,,,
49.952084,13.970328,0.0010412018,49.952084,13.970328,0.00086271006,,,,,,,,,,,,,,,,,,,,,,,,,,,,,,,,,,,,,,,,,,,,,,,,,,,,,,,,,,,,,49.952084,13.970328,1.1746044,49.952084,13.970328,0.64858127,,,,,,,,,,,,,,,,,49.952084,14.0602665,0.0068240818,49.952084,14.0602665,-0.010801473,,,,,,,,,,,,,,,,,,,,,,,,,,,,,49.952084,14.0602665,1.0000001e-07,49.952084,14.0602665,7.0,,,,,,,
49.952084,14.000308,0.0008180872,49.952084,14.000308,0.00075858994,,,,,,,,,,,,,,,,,,,,,,,,,,,,,,,,,,,,,,,,,,,,,,,,,,,,,,,,,,,,,49.952084,14.000308,0.4501165,49.952084,14.000308,0.33399948,,,,,,,,,,,,,,,,,49.952084,14.090245,0.0058386954,49.952084,14.090245,-0.0068180105,,,,,,,,,,,,,,,,,,,,,,,,,,,,,49.952084,14.090245,1.0000001e-07,49.952084,14.090245,7.0,,,,,,,
49.952084,14.030287,0.0009668303,49.952084,14.030287,0.00080321287,,,,,,,,,,,,,,,,,,,,,,,,,,,,,,,,,,,,,,,,,,,,,,,,,,,,,,,,,,,,,49.952084,14.030287,0.9385718,49.952084,14.030287,0.505011,,,,,,,,,,,,,,,,,49.952084,14.120225,0.004959552,49.952084,14.120225,0.0039740396,,,,,,,,,,,,,,,,,,,,,,,,,,,,,49.952084,14.120225,1.0000001e-07,49.952084,14.120225,7.0,,,,,,,
49.952084,14.0602665,0.0009817047,49.952084,14.0602665,0.0005652238,,,,,,,,,,,,,,,,,,,,,,,,,,,,,,,,,,,,,,,,,,,,,,,,,,,,,,,,,,,,,49.952084,14.0602665,1.0212997,49.952084,14.0602665,-0.27391493,,,,,,,,,,,,,,,,,49.952084,14.150205,0.008991785,49.952084,14.150205,-0.009432158,,,,,,,,,,,,,,,,,,,,,,,,,,,,,49.952084,14.150205,1.0000001e-07,49.952084,14.150205,7.0,,,,,,,
49.952084,14.090245,0.0008924588,49.952084,14.090245,0.00066934404,,,,,,,,,,,,,,,,,,,,,,,,,,,,,,,,,,,,,,,,,,,,,,,,,,,,,,,,,,,,,49.952084,14.090245,0.71710515,49.952084,14.090245,0.039338052,,,,,,,,,,,,,,,,,49.952084,14.180183,0.016888332,49.952084,14.180183,-0.0067399945,,,,,,,,,,,,,,,,,,,,,,,,,,,,,49.952084,14.180183,1.0000001e-07,49.952084,14.180183,7.0,,,,,,,
49.952084,14.120225,0.0008478358,49.952084,14.120225,0.00081808714,,,,,,,,,,,,,,,,,,,,,,,,,,,,,,,,,,,,,,,,,,,,,,,,,,,,,,,,,,,,,49.952084,14.120225,0.55377847,49.952084,14.120225,0.5675763,,,,,,,,,,,,,,,,,49.952084,14.210163,0.0070366007,49.952084,14.210163,-0.0049835835,,,,,,,,,,,,,,,,,,,,,,,,,,,,,49.952084,14.210163,1.0000001e-07,49.952084,14.210163,7.0,,,,,,,
49.952084,14.150204,0.0010560761,49.952084,14.150204,0.00059497246,,,,,,,,,,,,,,,,,,,,,,,,,,,,,,,,,,,,,,,,,,,,,,,,,,,,,,,,,,,,,49.952084,14.150204,1.2989048,49.952084,14.150204,-0.2099201,,,,,,,,,,,,,,,,,49.952084,14.240142,0.005145313,49.952084,14.240142,-0.001083421,,,,,,,,,,,,,,,,,,,,,,,,,,,,,49.952084,14.240142,1.0000001e-07,49.952084,14.240142,7.0,,,,,,,
49.952084,14.180183,0.0010560763,49.952084,14.180183,0.0005949724,,,,,,,,,,,,,,,,,,,,,,,,,,,,,,,,,,,,,,,,,,,,,,,,,,,,,,,,,,,,,49.952084,14.180183,1.2527783,49.952084,14.180183,-0.21457751,,,,,,,,,,,,,,,,,49.952084,14.270122,0.0057684053,49.952084,14.270122,-0.0009286145,,,,,,,,,,,,,,,,,,,,,,,,,,,,,49.952084,14.270122,1.0000001e-07,49.952084,14.270122,7.0,,,,,,,
49.952084,14.210162,0.00087758445,49.952084,14.210162,0.00068421836,,,,,,,,,,,,,,,,,,,,,,,,,,,,,,,,,,,,,,,,,,,,,,,,,,,,,,,,,,,,,49.952084,14.210162,0.67992157,49.952084,14.210162,0.102627255,,,,,,,,,,,,,,,,,49.952084,14.3001,0.0066292924,49.952084,14.3001,0.0014862441,,,,,,,,,,,,,,,,,,,,,,,,,,,,,49.952084,14.3001,1.0000001e-07,49.952084,14.3001,7.0,,,,,,,
49.952084,14.240142,0.0009519559,49.952084,14.240142,0.00069909263,,,,,,,,,,,,,,,,,,,,,,,,,,,,,,,,,,,,,,,,,,,,,,,,,,,,,,,,,,,,,49.952084,14.240142,0.9168095,49.952084,14.240142,0.15697616,,,,,,,,,,,,,,,,,49.952084,14.33008,0.012499018,49.952084,14.33008,0.005710178,,,,,,,,,,,,,,,,,,,,,,,,,,,,,49.952084,14.33008,1.0000001e-07,49.952084,14.33008,7.0,,,,,,,
49.952084,14.270121,0.00086270995,49.952084,14.270121,0.0006990927,,,,,,,,,,,,,,,,,,,,,,,,,,,,,,,,,,,,,,,,,,,,,,,,,,,,,,,,,,,,,49.952084,14.270121,0.5877238,49.952084,14.270121,0.13826813,,,,,,,,,,,,,,,,,49.952084,14.360059,0.002399279,49.952084,14.360059,-0.00341878,,,,,,,,,,,,,,,,,,,,,,,,,,,,,49.952084,14.360059,1.0000001e-07,49.952084,14.360059,7.0,,,,,,,
49.952084,14.3001,0.00087758433,49.952084,14.3001,0.0008180871,,,,,,,,,,,,,,,,,,,,,,,,,,,,,,,,,,,,,,,,,,,,,,,,,,,,,,,,,,,,,49.952084,14.3001,0.6394634,49.952084,14.3001,0.4979757,,,,,,,,,,,,,,,,,49.952084,14.3900385,0.0023280866,49.952084,14.3900385,0.004425955,,,,,,,,,,,,,,,,,,,,,,,,,,,,,49.952084,14.3900385,1.0000001e-07,49.952084,14.3900385,7.0,,,,,,,
49.952084,14.330079,0.0011304477,49.952084,14.330079,0.00080321287,,,,,,,,,,,,,,,,,,,,,,,,,,,,,,,,,,,,,,,,,,,,,,,,,,,,,,,,,,,,,49.952084,14.330079,1.4910935,49.952084,14.330079,0.48887047,,,,,,,,,,,,,,,,,49.952084,14.420017,0.011209809,49.952084,14.420017,0.0064928727,,,,,,,,,,,,,,,,,,,,,,,,,,,,,49.952084,14.420017,1.0000001e-07,49.952084,14.420017,7.0,,,,,,,
49.952084,14.360059,0.00087758445,49.952084,14.360059,0.0007437156,,,,,,,,,,,,,,,,,,,,,,,,,,,,,,,,,,,,,,,,,,,,,,,,,,,,,,,,,,,,,49.952084,14.360059,0.6177265,49.952084,14.360059,0.28764617,,,,,,,,,,,,,,,,,49.952084,14.449997,0.007879718,49.952084,14.449997,0.0022359192,,,,,,,,,,,,,,,,,,,,,,,,,,,,,49.952084,14.449997,1.0000001e-07,49.952084,14.449997,7.0,,,,,,,
49.952084,14.390038,0.0009073329,49.952084,14.390038,0.00086271006,,,,,,,,,,,,,,,,,,,,,,,,,,,,,,,,,,,,,,,,,,,,,,,,,,,,,,,,,,,,,49.952084,14.390038,0.746312,49.952084,14.390038,0.6582221,,,,,,,,,,,,,,,,,49.952084,14.479976,0.0038714963,49.952084,14.479976,0.0087852245,,,,,,,,,,,,,,,,,,,,,,,,,,,,,49.952084,14.479976,1.0000001e-07,49.952084,14.479976,7.0,,,,,,,
49.952084,14.420017,0.0010114532,49.952084,14.420017,0.0009519559,,,,,,,,,,,,,,,,,,,,,,,,,,,,,,,,,,,,,,,,,,,,,,,,,,,,,,,,,,,,,49.952084,14.420017,1.0594716,49.952084,14.420017,0.96569866,,,,,,,,,,,,,,,,,49.952084,14.509955,-0.004695525,49.952084,14.509955,0.0023215965,,,,,,,,,,,,,,,,,,,,,,,,,,,,,49.952084,14.509955,1.0000001e-07,49.952084,14.509955,7.0,,,,,,,
49.952084,14.449996,0.00092220743,49.952084,14.449996,0.00083296146,,,,,,,,,,,,,,,,,,,,,,,,,,,,,,,,,,,,,,,,,,,,,,,,,,,,,,,,,,,,,49.952084,14.449996,0.7959458,49.952084,14.449996,0.5382407,,,,,,,,,,,,,,,,,49.952084,14.539934,0.014527285,49.952084,14.539934,-0.00090974546,,,,,,,,,,,,,,,,,,,,,,,,,,,,,49.952084,14.539934,1.0000001e-07,49.952084,14.539934,7.0,,,,,,,
49.952084,14.479976,0.00083296146,49.952084,14.479976,0.00084783573,,,,,,,,,,,,,,,,,,,,,,,,,,,,,,,,,,,,,,,,,,,,,,,,,,,,,,,,,,,,,49.952084,14.479976,0.5257069,49.952084,14.479976,0.600612,,,,,,,,,,,,,,,,,49.952084,14.569914,0.008206827,49.952084,14.569914,-0.0059656175,,,,,,,,,,,,,,,,,,,,,,,,,,,,,49.952084,14.569914,1.0000001e-07,49.952084,14.569914,7.0,,,,,,,
49.952084,14.509955,0.0008180871,49.952084,14.509955,0.00080321275,,,,,,,,,,,,,,,,,,,,,,,,,,,,,,,,,,,,,,,,,,,,,,,,,,,,,,,,,,,,,49.952084,14.509955,0.49224064,49.952084,14.509955,0.48326895,,,,,,,,,,,,,,,,,49.952084,14.599893,0.008231136,49.952084,14.599893,0.0030041323,,,,,,,,,,,,,,,,,,,,,,,,,,,,,49.952084,14.599893,1.0000001e-07,49.952084,14.599893,7.0,,,,,,,
49.952084,14.539934,0.0009817046,49.952084,14.539934,0.00065446965,,,,,,,,,,,,,,,,,,,,,,,,,,,,,,,,,,,,,,,,,,,,,,,,,,,,,,,,,,,,,49.952084,14.539934,1.0299705,49.952084,14.539934,-0.006854137,,,,,,,,,,,,,,,,,49.952084,14.629872,0.015680483,49.952084,14.629872,-0.0040792767,,,,,,,,,,,,,,,,,,,,,,,,,,,,,49.952084,14.629872,1.0000001e-07,49.952084,14.629872,7.0,,,,,,,
49.952084,14.569914,0.000996579,49.952084,14.569914,0.0007139669,,,,,,,,,,,,,,,,,,,,,,,,,,,,,,,,,,,,,,,,,,,,,,,,,,,,,,,,,,,,,49.952084,14.569914,1.0797124,49.952084,14.569914,0.20543215,,,,,,,,,,,,,,,,,49.952084,14.659851,0.0038432057,49.952084,14.659851,-3.947566e-06,,,,,,,,,,,,,,,,,,,,,,,,,,,,,49.952084,14.659851,1.0000001e-07,49.952084,14.659851,7.0,,,,,,,
49.952084,14.599893,0.00093708164,49.952084,14.599893,0.00072884123,,,,,,,,,,,,,,,,,,,,,,,,,,,,,,,,,,,,,,,,,,,,,,,,,,,,,,,,,,,,,49.952084,14.599893,0.8054171,49.952084,14.599893,0.2447798,,,,,,,,,,,,,,,,,49.952084,14.689831,0.01176005,49.952084,14.689831,-0.009309884,,,,,,,,,,,,,,,,,,,,,,,,,,,,,49.952084,14.689831,1.0000001e-07,49.952084,14.689831,7.0,,,,,,,
49.952084,14.629872,0.0010263275,49.952084,14.629872,0.0006842183,,,,,,,,,,,,,,,,,,,,,,,,,,,,,,,,,,,,,,,,,,,,,,,,,,,,,,,,,,,,,49.952084,14.629872,1.1375017,49.952084,14.629872,0.096531056,,,,,,,,,,,,,,,,,49.952084,14.71981,0.007195178,49.952084,14.71981,0.007609329,,,,,,,,,,,,,,,,,,,,,,,,,,,,,49.952084,14.71981,1.0000001e-07,49.952084,14.71981,7.0,,,,,,,
49.952084,14.659851,0.0009222073,49.952084,14.659851,0.00080321275,,,,,,,,,,,,,,,,,,,,,,,,,,,,,,,,,,,,,,,,,,,,,,,,,,,,,,,,,,,,,49.952084,14.659851,0.8053592,49.952084,14.659851,0.4662122,,,,,,,,,,,,,,,,,49.952084,14.749789,0.019994283,49.952084,14.749789,-0.0007778584,,,,,,,,,,,,,,,,,,,,,,,,,,,,,49.952084,14.749789,1.0000001e-07,49.952084,14.749789,7.0,,,,,,,
49.952084,14.689831,0.000996579,49.952084,14.689831,0.0005949724,,,,,,,,,,,,,,,,,,,,,,,,,,,,,,,,,,,,,,,,,,,,,,,,,,,,,,,,,,,,,49.952084,14.689831,1.061212,49.952084,14.689831,-0.2013533,,,,,,,,,,,,,,,,,49.952084,14.779768,0.011965782,49.952084,14.779768,-0.0050802343,,,,,,,,,,,,,,,,,,,,,,,,,,,,,49.952084,14.779768,1.0000001e-07,49.952084,14.779768,7.0,,,,,,,
49.952084,14.71981,0.0010114531,49.952084,14.71981,0.0009519559,,,,,,,,,,,,,,,,,,,,,,,,,,,,,,,,,,,,,,,,,,,,,,,,,,,,,,,,,,,,,49.952084,14.71981,1.0943724,49.952084,14.71981,0.9663429,,,,,,,,,,,,,,,,,49.952084,14.809748,-0.00324422,49.952084,14.809748,0.0042140726,,,,,,,,,,,,,,,,,,,,,,,,,,,,,49.952084,14.809748,1.0000001e-07,49.952084,14.809748,7.0,,,,,,,
49.952084,14.749789,0.0011899448,49.952084,14.749789,0.00083296146,,,,,,,,,,,,,,,,,,,,,,,,,,,,,,,,,,,,,,,,,,,,,,,,,,,,,,,,,,,,,49.952084,14.749789,1.6969136,49.952084,14.749789,0.53103113,,,,,,,,,,,,,,,,,49.952084,14.839726,0.0076910323,49.952084,14.839726,-0.00274319,,,,,,,,,,,,,,,,,,,,,,,,,,,,,49.952084,14.839726,1.0000001e-07,49.952084,14.839726,7.0,,,,,,,
49.952084,14.779768,0.0010858248,49.952084,14.779768,0.0005949724,,,,,,,,,,,,,,,,,,,,,,,,,,,,,,,,,,,,,,,,,,,,,,,,,,,,,,,,,,,,,49.952084,14.779768,1.3654177,49.952084,14.779768,-0.16915184,,,,,,,,,,,,,,,,,49.952084,14.869706,0.007896124,49.952084,14.869706,0.0029263052,,,,,,,,,,,,,,,,,,,,,,,,,,,,,49.952084,14.869706,1.0000001e-07,49.952084,14.869706,7.0,,,,,,,
49.952084,14.809748,0.0007883385,49.952084,14.809748,0.0008180871,,,,,,,,,,,,,,,,,,,,,,,,,,,,,,,,,,,,,,,,,,,,,,,,,,,,,,,,,,,,,49.952084,14.809748,0.35441175,49.952084,14.809748,0.5630025,,,,,,,,,,,,,,,,,49.952084,14.899685,0.011982378,49.952084,14.899685,0.00034909634,,,,,,,,,,,,,,,,,,,,,,,,,,,,,49.952084,14.899685,1.0000001e-07,49.952084,14.899685,7.0,,,,,,,
49.952084,14.839726,0.0009519559,49.952084,14.839726,0.00069909263,,,,,,,,,,,,,,,,,,,,,,,,,,,,,,,,,,,,,,,,,,,,,,,,,,,,,,,,,,,,,49.952084,14.839726,0.91249996,49.952084,14.839726,0.15873882,,,,,,,,,,,,,,,,,49.952084,14.929665,0.0069277454,49.952084,14.929665,0.014696323,,,,,,,,,,,,,,,,,,,,,,,,,,,,,49.952084,14.929665,1.0000001e-07,49.952084,14.929665,7.0,,,,,,,
49.952084,14.869706,0.0009519559,49.952084,14.869706,0.00078833854,,,,,,,,,,,,,,,,,,,,,,,,,,,,,,,,,,,,,,,,,,,,,,,,,,,,,,,,,,,,,49.952084,14.869706,0.92303455,49.952084,14.869706,0.44151962,,,,,,,,,,,,,,,,,49.952084,14.959643,0.008821968,49.952084,14.959643,-0.0018076724,,,,,,,,,,,,,,,,,,,,,,,,,,,,,49.952084,14.959643,1.0000001e-07,49.952084,14.959643,7.0,,,,,,,
49.952084,14.899685,0.0010114531,49.952084,14.899685,0.00074371556,,,,,,,,,,,,,,,,,,,,,,,,,,,,,,,,,,,,,,,,,,,,,,,,,,,,,,,,,,,,,49.952084,14.899685,1.1095273,49.952084,14.899685,0.28140712,,,,,,,,,,,,,,,,,49.952084,14.989623,0.017353004,49.952084,14.989623,0.0024389809,,,,,,,,,,,,,,,,,,,,,,,,,,,,,49.952084,14.989623,1.0000001e-07,49.952084,14.989623,7.0,,,,,,,
49.952084,14.929665,0.00090733304,49.952084,14.929665,0.0010114532,,,,,,,,,,,,,,,,,,,,,,,,,,,,,,,,,,,,,,,,,,,,,,,,,,,,,,,,,,,,,49.952084,14.929665,0.7644118,49.952084,14.929665,1.1772516,,,,,,,,,,,,,,,,,49.952084,15.019603,-0.0037527075,49.952084,15.019603,0.0027232205,,,,,,,,,,,,,,,,,,,,,,,,,,,,,49.952084,15.019603,1.0000001e-07,49.952084,15.019603,7.0,,,,,,,
49.952084,14.959643,0.0009965788,49.952084,14.959643,0.00078833854,,,,,,,,,,,,,,,,,,,,,,,,,,,,,,,,,,,,,,,,,,,,,,,,,,,,,,,,,,,,,49.952084,14.959643,1.0472922,49.952084,14.959643,0.40901026,,,,,,,,,,,,,,,,,49.952084,15.049582,0.0070502516,49.952084,15.049582,0.009793906,,,,,,,,,,,,,,,,,,,,,,,,,,,,,49.952084,15.049582,1.0000001e-07,49.952084,15.049582,7.0,,,,,,,
49.952084,14.989623,0.0011750706,49.952084,14.989623,0.00078833854,,,,,,,,,,,,,,,,,,,,,,,,,,,,,,,,,,,,,,,,,,,,,,,,,,,,,,,,,,,,,49.952084,14.989623,1.639362,49.952084,14.989623,0.42507184,,,,,,,,,,,,,,,,,49.952084,15.079561,0.013367134,49.952084,15.079561,-0.0007913891,,,,,,,,,,,,,,,,,,,,,,,,,,,,,49.952084,15.079561,1.0000001e-07,49.952084,15.079561,7.0,,,,,,,
49.952084,15.019602,0.0008329614,49.952084,15.019602,0.0007585898,,,,,,,,,,,,,,,,,,,,,,,,,,,,,,,,,,,,,,,,,,,,,,,,,,,,,,,,,,,,,49.952084,15.019602,0.5289972,49.952084,15.019602,0.35129535,,,,,,,,,,,,,,,,,49.952084,15.10954,-0.0014785331,49.952084,15.10954,0.003090246,,,,,,,,,,,,,,,,,,,,,,,,,,,,,49.952084,15.10954,1.0000001e-07,49.952084,15.10954,7.0,,,,,,,
49.952084,15.049582,0.0010412019,49.952084,15.049582,0.00083296146,,,,,,,,,,,,,,,,,,,,,,,,,,,,,,,,,,,,,,,,,,,,,,,,,,,,,,,,,,,,,49.952084,15.049582,1.1903744,49.952084,15.049582,0.5545808,,,,,,,,,,,,,,,,,49.952084,15.13952,0.01916655,49.952084,15.13952,0.0019761259,,,,,,,,,,,,,,,,,,,,,,,,,,,,,49.952084,15.13952,1.0000001e-07,49.952084,15.13952,7.0,,,,,,,
49.952084,15.07956,0.0010263276,49.952084,15.07956,0.000713967,,,,,,,,,,,,,,,,,,,,,,,,,,,,,,,,,,,,,,,,,,,,,,,,,,,,,,,,,,,,,49.952084,15.07956,1.1766467,49.952084,15.07956,0.15936624,,,,,,,,,,,,,,,,,49.952084,15.169498,0.0036576253,49.952084,15.169498,-0.010452486,,,,,,,,,,,,,,,,,,,,,,,,,,,,,49.952084,15.169498,1.0000001e-07,49.952084,15.169498,7.0,,,,,,,
49.952084,15.10954,0.00068421825,49.952084,15.10954,0.0008180871,,,,,,,,,,,,,,,,,,,,,,,,,,,,,,,,,,,,,,,,,,,,,,,,,,,,,,,,,,,,,49.952084,15.10954,-0.0033006668,49.952084,15.10954,0.5623858,,,,,,,,,,,,,,,,,49.952084,15.199478,0.017026762,49.952084,15.199478,0.0012262341,,,,,,,,,,,,,,,,,,,,,,,,,,,,,49.952084,15.199478,1.0000001e-07,49.952084,15.199478,7.0,,,,,,,
49.952084,15.139519,0.0011006991,49.952084,15.139519,0.0007288413,,,,,,,,,,,,,,,,,,,,,,,,,,,,,,,,,,,,,,,,,,,,,,,,,,,,,,,,,,,,,49.952084,15.139519,1.3862119,49.952084,15.139519,0.22005877,,,,,,,,,,,,,,,,,49.952084,15.229457,0.009129105,49.952084,15.229457,0.00012984333,,,,,,,,,,,,,,,,,,,,,,,,,,,,,49.952084,15.229457,1.0000001e-07,49.952084,15.229457,7.0,,,,,,,
49.952084,15.169498,0.0008924586,49.952084,15.169498,0.0005354752,,,,,,,,,,,,,,,,,,,,,,,,,,,,,,,,,,,,,,,,,,,,,,,,,,,,,,,,,,,,,49.952084,15.169498,0.68935215,49.952084,15.169498,-0.40478778,,,,,,,,,,,,,,,,,49.952084,15.259437,0.015728138,49.952084,15.259437,0.00037345363,,,,,,,,,,,,,,,,,,,,,,,,,,,,,49.952084,15.259437,1.0000001e-07,49.952084,15.259437,7.0,,,,,,,
49.952084,15.199477,0.0010709505,49.952084,15.199477,0.0009222073,,,,,,,,,,,,,,,,,,,,,,,,,,,,,,,,,,,,,,,,,,,,,,,,,,,,,,,,,,,,,49.952084,15.199477,1.3092961,49.952084,15.199477,0.88896877,,,,,,,,,,,,,,,,,49.952084,15.289415,0.008671174,49.952084,15.289415,-0.0028141316,,,,,,,,,,,,,,,,,,,,,,,,,,,,,49.952084,15.289415,1.0000001e-07,49.952084,15.289415,7.0,,,,,,,
49.952084,15.229457,0.0010560763,49.952084,15.229457,0.000713967,,,,,,,,,,,,,,,,,,,,,,,,,,,,,,,,,,,,,,,,,,,,,,,,,,,,,,,,,,,,,49.952084,15.229457,1.2763038,49.952084,15.229457,0.17178182,,,,,,,,,,,,,,,,,49.952084,15.319395,0.0046853037,49.952084,15.319395,0.0016339781,,,,,,,,,,,,,,,,,,,,,,,,,,,,,49.952084,15.319395,1.0000001e-07,49.952084,15.319395,7.0,,,,,,,
49.952084,15.259436,0.0010263275,49.952084,15.259436,0.00068421836,,,,,,,,,,,,,,,,,,,,,,,,,,,,,,,,,,,,,,,,,,,,,,,,,,,,,,,,,,,,,49.952084,15.259436,1.1641088,49.952084,15.259436,0.09607229,,,,,,,,,,,,,,,,,49.952084,15.349374,-0.0042155012,49.952084,15.349374,0.0025258826,,,,,,,,,,,,,,,,,,,,,,,,,,,,,49.952084,15.349374,1.0000001e-07,49.952084,15.349374,7.0,,,,,,,
49.952084,15.289415,0.00093708164,49.952084,15.289415,0.00066934404,,,,,,,,,,,,,,,,,,,,,,,,,,,,,,,,,,,,,,,,,,,,,,,,,,,,,,,,,,,,,49.952084,15.289415,0.89140064,49.952084,15.289415,0.037582997,,,,,,,,,,,,,,,,,49.952084,15.379354,0.0040086946,49.952084,15.379354,0.0003118281,,,,,,,,,,,,,,,,,,,,,,,,,,,,,49.952084,15.379354,1.0000001e-07,49.952084,15.379354,7.0,,,,,,,
49.952084,15.319394,0.0008329614,49.952084,15.319394,0.00072884123,,,,,,,,,,,,,,,,,,,,,,,,,,,,,,,,,,,,,,,,,,,,,,,,,,,,,,,,,,,,,49.952084,15.319394,0.4961428,49.952084,15.319394,0.2724439,,,,,,,,,,,,,,,,,49.952084,15.409332,0.008027014,49.952084,15.409332,0.010706577,,,,,,,,,,,,,,,,,,,,,,,,,,,,,49.952084,15.409332,1.0000001e-07,49.952084,15.409332,7.0,,,,,,,
49.952084,15.349374,0.00072884123,49.952084,15.349374,0.0007734642,,,,,,,,,,,,,,,,,,,,,,,,,,,,,,,,,,,,,,,,,,,,,,,,,,,,,,,,,,,,,49.952084,15.349374,0.16090168,49.952084,15.349374,0.38511214,,,,,,,,,,,,,,,,,49.952084,15.439312,0.014420707,49.952084,15.439312,0.0049080583,,,,,,,,,,,,,,,,,,,,,,,,,,,,,49.952084,15.439312,1.0000001e-07,49.952084,15.439312,7.0,,,,,,,
49.952084,15.379354,0.0008478358,49.952084,15.379354,0.00077346415,,,,,,,,,,,,,,,,,,,,,,,,,,,,,,,,,,,,,,,,,,,,,,,,,,,,,,,,,,,,,49.952084,15.379354,0.60766065,49.952084,15.379354,0.38321528,,,,,,,,,,,,,,,,,49.952084,15.469291,0.0026333327,49.952084,15.469291,0.0053094123,,,,,,,,,,,,,,,,,,,,,,,,,,,,,49.952084,15.469291,1.0000001e-07,49.952084,15.469291,7.0,,,,,,,
49.952084,15.409332,0.000996579,49.952084,15.409332,0.0008627101,,,,,,,,,,,,,,,,,,,,,,,,,,,,,,,,,,,,,,,,,,,,,,,,,,,,,,,,,,,,,49.952084,15.409332,1.0309825,49.952084,15.409332,0.7082447,,,,,,,,,,,,,,,,,49.952084,15.49927,0.01764605,49.952084,15.49927,-0.0012823684,,,,,,,,,,,,,,,,,,,,,,,,,,,,,49.952084,15.49927,1.0000001e-07,49.952084,15.49927,7.0,,,,,,,
49.952084,15.439312,0.0010263275,49.952084,15.439312,0.0008032128,,,,,,,,,,,,,,,,,,,,,,,,,,,,,,,,,,,,,,,,,,,,,,,,,,,,,,,,,,,,,49.952084,15.439312,1.1682237,49.952084,15.439312,0.4636054,,,,,,,,,,,,,,,,,49.952084,15.529249,0.013198768,49.952084,15.529249,0.001987894,,,,,,,,,,,,,,,,,,,,,,,,,,,,,49.952084,15.529249,1.0000001e-07,49.952084,15.529249,7.0,,,,,,,
49.952084,15.469291,0.0008180871,49.952084,15.469291,0.0008032128,,,,,,,,,,,,,,,,,,,,,,,,,,,,,,,,,,,,,,,,,,,,,,,,,,,,,,,,,,,,,49.952084,15.469291,0.4561498,49.952084,15.469291,0.47915187,,,,,,,,,,,,,,,,,49.952084,15.559229,0.002645636,49.952084,15.559229,-0.010845552,,,,,,,,,,,,,,,,,,,,,,,,,,,,,49.952084,15.559229,1.0000001e-07,49.952084,15.559229,7.0,,,,,,,
49.952084,15.49927,0.0011155733,49.952084,15.49927,0.0006990927,,,,,,,,,,,,,,,,,,,,,,,,,,,,,,,,,,,,,,,,,,,,,,,,,,,,,,,,,,,,,49.952084,15.49927,1.4249843,49.952084,15.49927,0.15721247,,,,,,,,,,,,,,,,,49.952084,15.589208,0.0070721605,49.952084,15.589208,-0.003400844,,,,,,,,,,,,,,,,,,,,,,,,,,,,,49.952084,15.589208,1.0000001e-07,49.952084,15.589208,7.0,,,,,,,
49.952084,15.529249,0.0010114531,49.952084,15.529249,0.00069909263,,,,,,,,,,,,,,,,,,,,,,,,,,,,,,,,,,,,,,,,,,,,,,,,,,,,,,,,,,,,,49.952084,15.529249,1.1357441,49.952084,15.529249,0.13547246,,,,,,,,,,,,,,,,,49.952084,15.619187,0.015847838,49.952084,15.619187,-0.0026085293,,,,,,,,,,,,,,,,,,,,,,,,,,,,,49.952084,15.619187,1.0000001e-07,49.952084,15.619187,7.0,,,,,,,
49.952084,15.559229,0.0009370816,49.952084,15.559229,0.0005206009,,,,,,,,,,,,,,,,,,,,,,,,,,,,,,,,,,,,,,,,,,,,,,,,,,,,,,,,,,,,,49.952084,15.559229,0.85293245,49.952084,15.559229,-0.45484823,,,,,,,,,,,,,,,,,49.952084,15.649166,0.00047935068,49.952084,15.649166,-0.0020598131,,,,,,,,,,,,,,,,,,,,,,,,,,,,,49.952084,15.649166,1.0000001e-07,49.952084,15.649166,7.0,,,,,,,
49.952084,15.589208,0.00086271,49.952084,15.589208,0.00069909263,,,,,,,,,,,,,,,,,,,,,,,,,,,,,,,,,,,,,,,,,,,,,,,,,,,,,,,,,,,,,49.952084,15.589208,0.6239737,49.952084,15.589208,0.12255347,,,,,,,,,,,,,,,,,49.952084,15.679146,-0.0077132466,49.952084,15.679146,-0.0036340686,,,,,,,,,,,,,,,,,,,,,,,,,,,,,49.952084,15.679146,1.0000001e-07,49.952084,15.679146,7.0,,,,,,,
49.952084,15.619187,0.000996579,49.952084,15.619187,0.00071396696,,,,,,,,,,,,,,,,,,,,,,,,,,,,,,,,,,,,,,,,,,,,,,,,,,,,,,,,,,,,,49.952084,15.619187,1.0752378,49.952084,15.619187,0.20465016,,,,,,,,,,,,,,,,,49.952084,15.709125,0.018902352,49.952084,15.709125,-0.008999904,,,,,,,,,,,,,,,,,,,,,,,,,,,,,49.952084,15.709125,1.0000001e-07,49.952084,15.709125,7.0,,,,,,,
49.952084,15.649166,0.00086270995,49.952084,15.649166,0.0006990926,,,,,,,,,,,,,,,,,,,,,,,,,,,,,,,,,,,,,,,,,,,,,,,,,,,,,,,,,,,,,49.952084,15.649166,0.58096015,49.952084,15.649166,0.14857915,,,,,,,,,,,,,,,,,49.952084,15.739104,0.013582852,49.952084,15.739104,-0.0016858024,,,,,,,,,,,,,,,,,,,,,,,,,,,,,49.952084,15.739104,1.0000001e-07,49.952084,15.739104,7.0,,,,,,,
49.952084,15.679146,0.00072884123,49.952084,15.679146,0.0006990927,,,,,,,,,,,,,,,,,,,,,,,,,,,,,,,,,,,,,,,,,,,,,,,,,,,,,,,,,,,,,49.952084,15.679146,0.16387163,49.952084,15.679146,0.14342342,,,,,,,,,,,,,,,,,49.952084,15.769083,0.008578662,49.952084,15.769083,-0.00061903975,,,,,,,,,,,,,,,,,,,,,,,,,,,,,49.952084,15.769083,1.0000001e-07,49.952084,15.769083,7.0,,,,,,,
49.952084,15.709125,0.0010412018,49.952084,15.709125,0.00055034953,,,,,,,,,,,,,,,,,,,,,,,,,,,,,,,,,,,,,,,,,,,,,,,,,,,,,,,,,,,,,49.952084,15.709125,1.2292581,49.952084,15.709125,-0.31697273,,,,,,,,,,,,,,,,,49.952084,15.799063,0.001769279,49.952084,15.799063,-0.002634938,,,,,,,,,,,,,,,,,,,,,,,,,,,,,49.952084,15.799063,1.0000001e-07,49.952084,15.799063,7.0,,,,,,,
49.952084,15.739104,0.0009519559,49.952084,15.739104,0.00077346415,,,,,,,,,,,,,,,,,,,,,,,,,,,,,,,,,,,,,,,,,,,,,,,,,,,,,,,,,,,,,49.952084,15.739104,0.9235795,49.952084,15.739104,0.3710941,,,,,,,,,,,,,,,,,49.952084,15.829042,0.010291764,49.952084,15.829042,-0.0033671458,,,,,,,,,,,,,,,,,,,,,,,,,,,,,49.952084,15.829042,1.0000001e-07,49.952084,15.829042,7.0,,,,,,,
49.952084,15.769083,0.00092220743,49.952084,15.769083,0.00066934404,,,,,,,,,,,,,,,,,,,,,,,,,,,,,,,,,,,,,,,,,,,,,,,,,,,,,,,,,,,,,49.952084,15.769083,0.7914367,49.952084,15.769083,0.062357478,,,,,,,,,,,,,,,,,49.952084,15.859021,0.017713692,49.952084,15.859021,0.0034830517,,,,,,,,,,,,,,,,,,,,,,,,,,,,,49.952084,15.859021,1.0000001e-07,49.952084,15.859021,7.0,,,,,,,
49.952084,15.799063,0.00075858994,49.952084,15.799063,0.00072884123,,,,,,,,,,,,,,,,,,,,,,,,,,,,,,,,,,,,,,,,,,,,,,,,,,,,,,,,,,,,,49.952084,15.799063,0.28108343,49.952084,15.799063,0.21585107,,,,,,,,,,,,,,,,,49.952084,15.889001,0.020466644,49.952084,15.889001,-0.0034275458,,,,,,,,,,,,,,,,,,,,,,,,,,,,,49.952084,15.889001,1.0000001e-07,49.952084,15.889001,7.0,,,,,,,
49.952084,15.8290415,0.0009370816,49.952084,15.8290415,0.0006842183,,,,,,,,,,,,,,,,,,,,,,,,,,,,,,,,,,,,,,,,,,,,,,,,,,,,,,,,,,,,,49.952084,15.8290415,0.82033885,49.952084,15.8290415,0.09542236,,,,,,,,,,,,,,,,,49.952084,15.91898,0.00082752295,49.952084,15.91898,-0.0027394216,,,,,,,,,,,,,,,,,,,,,,,,,,,,,49.952084,15.91898,1.0000001e-07,49.952084,15.91898,7.0,,,,,,,
49.952084,15.859021,0.000996579,49.952084,15.859021,0.00083296135,,,,,,,,,,,,,,,,,,,,,,,,,,,,,,,,,,,,,,,,,,,,,,,,,,,,,,,,,,,,,49.952084,15.859021,1.0823894,49.952084,15.859021,0.6072055,,,,,,,,,,,,,,,,,49.952084,15.948959,0.012139894,49.952084,15.948959,0.0024750193,,,,,,,,,,,,,,,,,,,,,,,,,,,,,49.952084,15.948959,1.0000001e-07,49.952084,15.948959,7.0,,,,,,,
49.952084,15.889,0.0010858248,49.952084,15.889,0.0006098468,,,,,,,,,,,,,,,,,,,,,,,,,,,,,,,,,,,,,,,,,,,,,,,,,,,,,,,,,,,,,49.952084,15.889,1.3824555,49.952084,15.889,-0.14585909,,,,,,,,,,,,,,,,,49.952084,15.978938,0.0136994375,49.952084,15.978938,0.0037475703,,,,,,,,,,,,,,,,,,,,,,,,,,,,,49.952084,15.978938,1.0000001e-07,49.952084,15.978938,7.0,,,,,,,
49.952084,15.91898,0.00083296135,49.952084,15.91898,0.00069909263,,,,,,,,,,,,,,,,,,,,,,,,,,,,,,,,,,,,,,,,,,,,,,,,,,,,,,,,,,,,,49.952084,15.91898,0.50344235,49.952084,15.91898,0.13234943,,,,,,,,,,,,,,,,,49.952084,16.008917,0.0047700945,49.952084,16.008917,-0.001183547,,,,,,,,,,,,,,,,,,,,,,,,,,,,,49.952084,16.008917,1.0000001e-07,49.952084,16.008917,7.0,,,,,,,
49.952084,15.948958,0.0010263274,49.952084,15.948958,0.0007585899,,,,,,,,,,,,,,,,,,,,,,,,,,,,,,,,,,,,,,,,,,,,,,,,,,,,,,,,,,,,,49.952084,15.948958,1.169794,49.952084,15.948958,0.33752167,,,,,,,,,,,,,,,,,49.952084,16.038897,0.0039373436,49.952084,16.038897,-0.0034816195,,,,,,,,,,,,,,,,,,,,,,,,,,,,,49.952084,16.038897,1.0000001e-07,49.952084,16.038897,7.0,,,,,,,
49.952084,15.978938,0.000996579,49.952084,15.978938,0.00083296146,,,,,,,,,,,,,,,,,,,,,,,,,,,,,,,,,,,,,,,,,,,,,,,,,,,,,,,,,,,,,49.952084,15.978938,1.0327102,49.952084,15.978938,0.5995541,,,,,,,,,,,,,,,,,49.952084,16.068876,0.007865989,49.952084,16.068876,0.0038199308,,,,,,,,,,,,,,,,,,,,,,,,,,,,,49.952084,16.068876,1.0000001e-07,49.952084,16.068876,7.0,,,,,,,
49.952084,16.008917,0.0008627101,49.952084,16.008917,0.0008180871,,,,,,,,,,,,,,,,,,,,,,,,,,,,,,,,,,,,,,,,,,,,,,,,,,,,,,,,,,,,,49.952084,16.008917,0.5897145,49.952084,16.008917,0.55691546,,,,,,,,,,,,,,,,,49.952084,16.098856,0.009862393,49.952084,16.098856,-0.00058477867,,,,,,,,,,,,,,,,,,,,,,,,,,,,,49.952084,16.098856,1.0000001e-07,49.952084,16.098856,7.0,,,,,,,
49.952084,16.038897,0.00084783573,49.952084,16.038897,0.000669344,,,,,,,,,,,,,,,,,,,,,,,,,,,,,,,,,,,,,,,,,,,,,,,,,,,,,,,,,,,,,49.952084,16.038897,0.5311674,49.952084,16.038897,0.047239814,,,,,,,,,,,,,,,,,49.952084,16.128834,0.007519977,49.952084,16.128834,0.002775198,,,,,,,,,,,,,,,,,,,,,,,,,,,,,49.952084,16.128834,1.0000001e-07,49.952084,16.128834,7.0,,,,,,,
49.952084,16.068876,0.00090733304,49.952084,16.068876,0.0007883386,,,,,,,,,,,,,,,,,,,,,,,,,,,,,,,,,,,,,,,,,,,,,,,,,,,,,,,,,,,,,49.952084,16.068876,0.7901794,49.952084,16.068876,0.42662853,,,,,,,,,,,,,,,,,49.952084,16.158813,0.012491992,49.952084,16.158813,0.0038289567,,,,,,,,,,,,,,,,,,,,,,,,,,,,,49.952084,16.158813,1.0000001e-07,49.952084,16.158813,7.0,,,,,,,
49.952084,16.098854,0.0009519559,49.952084,16.098854,0.0007437156,,,,,,,,,,,,,,,,,,,,,,,,,,,,,,,,,,,,,,,,,,,,,,,,,,,,,,,,,,,,,49.952084,16.098854,0.90610135,49.952084,16.098854,0.27815607,,,,,,,,,,,,,,,,,49.952084,16.188793,0.020081189,49.952084,16.188793,0.007867136,,,,,,,,,,,,,,,,,,,,,,,,,,,,,49.952084,16.188793,1.0000001e-07,49.952084,16.188793,7.0,,,,,,,
49.952084,16.128834,0.00084783573,49.952084,16.128834,0.0007734642,,,,,,,,,,,,,,,,,,,,,,,,,,,,,,,,,,,,,,,,,,,,,,,,,,,,,,,,,,,,,49.952084,16.128834,0.5354096,49.952084,16.128834,0.3788119,,,,,,,,,,,,,,,,,49.952084,16.218773,0.013003741,49.952084,16.218773,-0.0029898193,,,,,,,,,,,,,,,,,,,,,,,,,,,,,49.952084,16.218773,1.0000001e-07,49.952084,16.218773,7.0,,,,,,,
49.952084,16.158813,0.00090733304,49.952084,16.158813,0.00069909263,,,,,,,,,,,,,,,,,,,,,,,,,,,,,,,,,,,,,,,,,,,,,,,,,,,,,,,,,,,,,49.952084,16.158813,0.7686029,49.952084,16.158813,0.14502107,,,,,,,,,,,,,,,,,49.952084,16.24875,0.003188261,49.952084,16.24875,0.0018270784,,,,,,,,,,,,,,,,,,,,,,,,,,,,,49.952084,16.24875,1.0000001e-07,49.952084,16.24875,7.0,,,,,,,
49.952084,16.188793,0.0009817046,49.952084,16.188793,0.0008627101,,,,,,,,,,,,,,,,,,,,,,,,,,,,,,,,,,,,,,,,,,,,,,,,,,,,,,,,,,,,,49.952084,16.188793,0.9886322,49.952084,16.188793,0.69602984,,,,,,,,,,,,,,,,,49.952084,16.27873,0.0029758597,49.952084,16.27873,0.012874533,,,,,,,,,,,,,,,,,,,,,,,,,,,,,49.952084,16.27873,1.0000001e-07,49.952084,16.27873,7.0,,,,,,,
49.952084,16.218773,0.0009668303,49.952084,16.218773,0.00078833854,,,,,,,,,,,,,,,,,,,,,,,,,,,,,,,,,,,,,,,,,,,,,,,,,,,,,,,,,,,,,49.952084,16.218773,1.0121781,49.952084,16.218773,0.43856704,,,,,,,,,,,,,,,,,49.952084,16.30871,0.011748162,49.952084,16.30871,-0.0034963724,,,,,,,,,,,,,,,,,,,,,,,,,,,,,49.952084,16.30871,1.0000001e-07,49.952084,16.30871,7.0,,,,,,,
49.952084,16.24875,0.0008924587,49.952084,16.24875,0.00072884123,,,,,,,,,,,,,,,,,,,,,,,,,,,,,,,,,,,,,,,,,,,,,,,,,,,,,,,,,,,,,49.952084,16.24875,0.71911585,49.952084,16.24875,0.22873633,,,,,,,,,,,,,,,,,49.952084,16.33869,-0.001877045,49.952084,16.33869,0.008369103,,,,,,,,,,,,,,,,,,,,,,,,,,,,,49.952084,16.33869,1.0000001e-07,49.952084,16.33869,7.0,,,,,,,
49.952084,16.27873,0.0007734642,49.952084,16.27873,0.00087758433,,,,,,,,,,,,,,,,,,,,,,,,,,,,,,,,,,,,,,,,,,,,,,,,,,,,,,,,,,,,,49.952084,16.27873,0.3292089,49.952084,16.27873,0.7272472,,,,,,,,,,,,,,,,,49.952084,16.368668,0.010111964,49.952084,16.368668,0.0027758454,,,,,,,,,,,,,,,,,,,,,,,,,,,,,49.952084,16.368668,1.0000001e-07,49.952084,16.368668,7.0,,,,,,,
49.952084,16.30871,0.0009965788,49.952084,16.30871,0.000713967,,,,,,,,,,,,,,,,,,,,,,,,,,,,,,,,,,,,,,,,,,,,,,,,,,,,,,,,,,,,,49.952084,16.30871,1.0399195,49.952084,16.30871,0.20423831,,,,,,,,,,,,,,,,,49.952084,16.398647,0.011640856,49.952084,16.398647,0.0028770447,,,,,,,,,,,,,,,,,,,,,,,,,,,,,49.952084,16.398647,1.0000001e-07,49.952084,16.398647,7.0,,,,,,,
49.952084,16.33869,0.000713967,49.952084,16.33869,0.0008924587,,,,,,,,,,,,,,,,,,,,,,,,,,,,,,,,,,,,,,,,,,,,,,,,,,,,,,,,,,,,,49.952084,16.33869,0.0774616,49.952084,16.33869,0.7717653,,,,,,,,,,,,,,,,,49.952084,16.428627,0.01284151,49.952084,16.428627,-0.012550226,,,,,,,,,,,,,,,,,,,,,,,,,,,,,49.952084,16.428627,1.0000001e-07,49.952084,16.428627,7.0,,,,,,,
49.952084,16.368668,0.0009222073,49.952084,16.368668,0.0007437155,,,,,,,,,,,,,,,,,,,,,,,,,,,,,,,,,,,,,,,,,,,,,,,,,,,,,,,,,,,,,49.952084,16.368668,0.8148381,49.952084,16.368668,0.31416652,,,,,,,,,,,,,,,,,49.952084,16.458607,-0.0022045355,49.952084,16.458607,0.00075041613,,,,,,,,,,,,,,,,,,,,,,,,,,,,,49.952084,16.458607,1.0000001e-07,49.952084,16.458607,7.0,,,,,,,
49.952084,16.398647,0.0009222073,49.952084,16.398647,0.000713967,,,,,,,,,,,,,,,,,,,,,,,,,,,,,,,,,,,,,,,,,,,,,,,,,,,,,,,,,,,,,49.952084,16.398647,0.7929189,49.952084,16.398647,0.21064349,,,,,,,,,,,,,,,,,49.952084,16.488585,0.005161774,49.952084,16.488585,-0.0064498195,,,,,,,,,,,,,,,,,,,,,,,,,,,,,49.952084,16.488585,1.0000001e-07,49.952084,16.488585,7.0,,,,,,,
49.952084,16.428627,0.0008924587,49.952084,16.428627,0.00058009813,,,,,,,,,,,,,,,,,,,,,,,,,,,,,,,,,,,,,,,,,,,,,,,,,,,,,,,,,,,,,49.952084,16.428627,0.6652771,49.952084,16.428627,-0.22747615,,,,,,,,,,,,,,,,,49.952084,16.518564,0.018387165,49.952084,16.518564,-0.0077964747,,,,,,,,,,,,,,,,,,,,,,,,,,,,,49.952084,16.518564,1.0000001e-07,49.952084,16.518564,7.0,,,,,,,
49.952084,16.458607,0.0008032128,49.952084,16.458607,0.00071396696,,,,,,,,,,,,,,,,,,,,,,,,,,,,,,,,,,,,,,,,,,,,,,,,,,,,,,,,,,,,,49.952084,16.458607,0.42103344,49.952084,16.458607,0.20036095,,,,,,,,,,,,,,,,,49.952084,16.548544,0.00094903517,49.952084,16.548544,0.012223699,,,,,,,,,,,,,,,,,,,,,,,,,,,,,49.952084,16.548544,1.0000001e-07,49.952084,16.548544,7.0,,,,,,,
49.952084,16.488585,0.0008032128,49.952084,16.488585,0.00068421825,,,,,,,,,,,,,,,,,,,,,,,,,,,,,,,,,,,,,,,,,,,,,,,,,,,,,,,,,,,,,49.952084,16.488585,0.41388756,49.952084,16.488585,0.08238101,,,,,,,,,,,,,,,,,49.952084,16.578524,0.0001379015,49.952084,16.578524,-0.009573782,,,,,,,,,,,,,,,,,,,,,,,,,,,,,49.952084,16.578524,1.0000001e-07,49.952084,16.578524,7.0,,,,,,,
49.952084,16.518564,0.0010114531,49.952084,16.518564,0.00055034953,,,,,,,,,,,,,,,,,,,,,,,,,,,,,,,,,,,,,,,,,,,,,,,,,,,,,,,,,,,,,49.952084,16.518564,1.1328359,49.952084,16.518564,-0.33684766,,,,,,,,,,,,,,,,,49.952084,16.608501,0.005824332,49.952084,16.608501,0.008502481,,,,,,,,,,,,,,,,,,,,,,,,,,,,,49.952084,16.608501,1.0000001e-07,49.952084,16.608501,7.0,,,,,,,
49.952084,16.548544,0.0007883385,49.952084,16.548544,0.00087758445,,,,,,,,,,,,,,,,,,,,,,,,,,,,,,,,,,,,,,,,,,,,,,,,,,,,,,,,,,,,,49.952084,16.548544,0.39072597,49.952084,16.548544,0.6817465,,,,,,,,,,,,,,,,,49.952084,16.638481,0.0036613578,49.952084,16.638481,-1.063053e-05,,,,,,,,,,,,,,,,,,,,,,,,,,,,,49.952084,16.638481,1.0000001e-07,49.952084,16.638481,7.0,,,,,,,
49.952084,16.578524,0.0008032128,49.952084,16.578524,0.00068421825,,,,,,,,,,,,,,,,,,,,,,,,,,,,,,,,,,,,,,,,,,,,,,,,,,,,,,,,,,,,,49.952084,16.578524,0.4268087,49.952084,16.578524,0.08859316,,,,,,,,,,,,,,,,,49.952084,16.66846,0.01618128,49.952084,16.66846,0.0008089185,,,,,,,,,,,,,,,,,,,,,,,,,,,,,49.952084,16.66846,1.0000001e-07,49.952084,16.66846,7.0,,,,,,,
49.952084,16.608501,0.00086271006,49.952084,16.608501,0.0007883384,,,,,,,,,,,,,,,,,,,,,,,,,,,,,,,,,,,,,,,,,,,,,,,,,,,,,,,,,,,,,49.952084,16.608501,0.6685717,49.952084,16.608501,0.43175256,,,,,,,,,,,,,,,,,49.952084,16.69844,0.007665848,49.952084,16.69844,0.009282995,,,,,,,,,,,,,,,,,,,,,,,,,,,,,49.952084,16.69844,1.0000001e-07,49.952084,16.69844,7.0,,,,,,,
49.952084,16.638481,0.00080321275,49.952084,16.638481,0.0008032128,,,,,,,,,,,,,,,,,,,,,,,,,,,,,,,,,,,,,,,,,,,,,,,,,,,,,,,,,,,,,49.952084,16.638481,0.37470838,49.952084,16.638481,0.46567643,,,,,,,,,,,,,,,,,49.952084,16.72842,0.01503244,49.952084,16.72842,-0.007484384,,,,,,,,,,,,,,,,,,,,,,,,,,,,,49.952084,16.72842,1.0000001e-07,49.952084,16.72842,7.0,,,,,,,
49.952084,16.66846,0.0011006991,49.952084,16.66846,0.00065446965,,,,,,,,,,,,,,,,,,,,,,,,,,,,,,,,,,,,,,,,,,,,,,,,,,,,,,,,,,,,,49.952084,16.66846,1.4115751,49.952084,16.66846,-0.004687922,,,,,,,,,,,,,,,,,49.952084,16.758398,0.0012510145,49.952084,16.758398,0.0010655993,,,,,,,,,,,,,,,,,,,,,,,,,,,,,49.952084,16.758398,1.0000001e-07,49.952084,16.758398,7.0,,,,,,,
49.952084,16.69844,0.00086271,49.952084,16.69844,0.00080321287,,,,,,,,,,,,,,,,,,,,,,,,,,,,,,,,,,,,,,,,,,,,,,,,,,,,,,,,,,,,,49.952084,16.69844,0.5833654,49.952084,16.69844,0.48056322,,,,,,,,,,,,,,,,,49.952084,16.788378,8.587208e-06,49.952084,16.788378,-0.0039292495,,,,,,,,,,,,,,,,,,,,,,,,,,,,,49.952084,16.788378,1.0000001e-07,49.952084,16.788378,7.0,,,,,,,
49.952084,16.728418,0.000996579,49.952084,16.728418,0.0005652238,,,,,,,,,,,,,,,,,,,,,,,,,,,,,,,,,,,,,,,,,,,,,,,,,,,,,,,,,,,,,49.952084,16.728418,1.0303881,49.952084,16.728418,-0.31459638,,,,,,,,,,,,,,,,,49.952084,16.818357,0.019466069,49.952084,16.818357,-0.0064028483,,,,,,,,,,,,,,,,,,,,,,,,,,,,,49.952084,16.818357,1.0000001e-07,49.952084,16.818357,7.0,,,,,,,
49.952084,16.758398,0.00074371556,49.952084,16.758398,0.00072884135,,,,,,,,,,,,,,,,,,,,,,,,,,,,,,,,,,,,,,,,,,,,,,,,,,,,,,,,,,,,,49.952084,16.758398,0.20964386,49.952084,16.758398,0.23027489,,,,,,,,,,,,,,,,,49.952084,16.848337,0.010746088,49.952084,16.848337,0.0028821921,,,,,,,,,,,,,,,,,,,,,,,,,,,,,49.952084,16.848337,1.0000001e-07,49.952084,16.848337,7.0,,,,,,,
49.952084,16.788378,0.00083296146,49.952084,16.788378,0.0006395953,,,,,,,,,,,,,,,,,,,,,,,,,,,,,,,,,,,,,,,,,,,,,,,,,,,,,,,,,,,,,49.952084,16.788378,0.5004185,49.952084,16.788378,-0.0354938,,,,,,,,,,,,,,,,,49.952084,16.878315,0.013260694,49.952084,16.878315,0.007318818,,,,,,,,,,,,,,,,,,,,,,,,,,,,,49.952084,16.878315,1.0000001e-07,49.952084,16.878315,7.0,,,,,,,
49.952084,16.818357,0.000996579,49.952084,16.818357,0.00058009813,,,,,,,,,,,,,,,,,,,,,,,,,,,,,,,,,,,,,,,,,,,,,,,,,,,,,,,,,,,,,49.952084,16.818357,1.0596509,49.952084,16.818357,-0.23656948,,,,,,,,,,,,,,,,,49.952084,16.908295,0.0037280673,49.952084,16.908295,0.0003451115,,,,,,,,,,,,,,,,,,,,,,,,,,,,,49.952084,16.908295,1.0000001e-07,49.952084,16.908295,7.0,,,,,,,
49.952084,16.848335,0.00093708164,49.952084,16.848335,0.00072884123,,,,,,,,,,,,,,,,,,,,,,,,,,,,,,,,,,,,,,,,,,,,,,,,,,,,,,,,,,,,,49.952084,16.848335,0.8408654,49.952084,16.848335,0.2484391,,,,,,,,,,,,,,,,,49.952084,16.938274,0.011545497,49.952084,16.938274,-0.018296897,,,,,,,,,,,,,,,,,,,,,,,,,,,,,49.952084,16.938274,1.0000001e-07,49.952084,16.938274,7.0,,,,,,,
49.952084,16.878315,0.00093708164,49.952084,16.878315,0.0007734642,,,,,,,,,,,,,,,,,,,,,,,,,,,,,,,,,,,,,,,,,,,,,,,,,,,,,,,,,,,,,49.952084,16.878315,0.8953394,49.952084,16.878315,0.41203913,,,,,,,,,,,,,,,,,49.952084,16.968254,-0.0030853814,49.952084,16.968254,-0.0010492348,,,,,,,,,,,,,,,,,,,,,,,,,,,,,49.952084,16.968254,1.0000001e-07,49.952084,16.968254,7.0,,,,,,,
49.952084,16.908295,0.0009222073,49.952084,16.908295,0.0007139669,,,,,,,,,,,,,,,,,,,,,,,,,,,,,,,,,,,,,,,,,,,,,,,,,,,,,,,,,,,,,49.952084,16.908295,0.78652346,49.952084,16.908295,0.17738825,,,,,,,,,,,,,,,,,49.952084,16.998232,-0.0052659074,49.952084,16.998232,-0.00085333944,,,,,,,,,,,,,,,,,,,,,,,,,,,,,49.952084,16.998232,1.0000001e-07,49.952084,16.998232,7.0,,,,,,,
49.952084,16.938274,0.0009370816,49.952084,16.938274,0.00046110366,,,,,,,,,,,,,,,,,,,,,,,,,,,,,,,,,,,,,,,,,,,,,,,,,,,,,,,,,,,,,49.952084,16.938274,0.8267898,49.952084,16.938274,-0.6457104,,,,,,,,,,,,,,,,,49.952084,17.028212,0.007630959,49.952084,17.028212,-0.0039596655,,,,,,,,,,,,,,,,,,,,,,,,,,,,,49.952084,17.028212,1.0000001e-07,49.952084,17.028212,7.0,,,,,,,
49.952084,16.968252,0.0007883385,49.952084,16.968252,0.00069909263,,,,,,,,,,,,,,,,,,,,,,,,,,,,,,,,,,,,,,,,,,,,,,,,,,,,,,,,,,,,,49.952084,16.968252,0.3387716,49.952084,16.968252,0.12326772,,,,,,,,,,,,,,,,,49.952084,17.058191,0.0056243786,49.952084,17.058191,0.011596765,,,,,,,,,,,,,,,,,,,,,,,,,,,,,49.952084,17.058191,1.0000001e-07,49.952084,17.058191,7.0,,,,,,,
49.952084,16.998232,0.0007734642,49.952084,16.998232,0.0007585899,,,,,,,,,,,,,,,,,,,,,,,,,,,,,,,,,,,,,,,,,,,,,,,,,,,,,,,,,,,,,49.952084,16.998232,0.29487756,49.952084,16.998232,0.31425947,,,,,,,,,,,,,,,,,49.952084,17.088171,0.014640424,49.952084,17.088171,0.0062241713,,,,,,,,,,,,,,,,,,,,,,,,,,,,,49.952084,17.088171,1.0000001e-07,49.952084,17.088171,7.0,,,,,,,
49.952084,17.028212,0.0008478358,49.952084,17.028212,0.0007288412,,,,,,,,,,,,,,,,,,,,,,,,,,,,,,,,,,,,,,,,,,,,,,,,,,,,,,,,,,,,,49.952084,17.028212,0.5499667,49.952084,17.028212,0.24379359,,,,,,,,,,,,,,,,,49.952084,17.118149,-0.00357616,49.952084,17.118149,-0.0028887063,,,,,,,,,,,,,,,,,,,,,,,,,,,,,49.952084,17.118149,1.0000001e-07,49.952084,17.118149,7.0,,,,,,,
49.952084,17.058191,0.0008478358,49.952084,17.058191,0.00087758445,,,,,,,,,,,,,,,,,,,,,,,,,,,,,,,,,,,,,,,,,,,,,,,,,,,,,,,,,,,,,49.952084,17.058191,0.5612466,49.952084,17.058191,0.7461641,,,,,,,,,,,,,,,,,49.952084,17.148129,0.009434862,49.952084,17.148129,-0.006278324,,,,,,,,,,,,,,,,,,,,,,,,,,,,,49.952084,17.148129,1.0000001e-07,49.952084,17.148129,7.0,,,,,,,
49.952084,17.088171,0.0009668303,49.952084,17.088171,0.00086271006,,,,,,,,,,,,,,,,,,,,,,,,,,,,,,,,,,,,,,,,,,,,,,,,,,,,,,,,,,,,,49.952084,17.088171,0.95593655,49.952084,17.088171,0.64360785,,,,,,,,,,,,,,,,,49.952084,17.178108,0.012292903,49.952084,17.178108,0.003460252,,,,,,,,,,,,,,,,,,,,,,,,,,,,,49.952084,17.178108,1.0000001e-07,49.952084,17.178108,7.0,,,,,,,
49.952084,17.118149,0.00072884123,49.952084,17.118149,0.00065446965,,,,,,,,,,,,,,,,,,,,,,,,,,,,,,,,,,,,,,,,,,,,,,,,,,,,,,,,,,,,,49.952084,17.118149,0.13687964,49.952084,17.118149,-0.0024744272,,,,,,,,,,,,,,,,,49.952084,17.208088,0.006722693,49.952084,17.208088,-0.001465803,,,,,,,,,,,,,,,,,,,,,,,,,,,,,49.952084,17.208088,1.0000001e-07,49.952084,17.208088,7.0,,,,,,,
49.952084,17.148129,0.0008478358,49.952084,17.148129,0.0005503495,,,,,,,,,,,,,,,,,,,,,,,,,,,,,,,,,,,,,,,,,,,,,,,,,,,,,,,,,,,,,49.952084,17.148129,0.5805911,49.952084,17.148129,-0.34167713,,,,,,,,,,,,,,,,,49.952084,17.238066,-0.0047191773,49.952084,17.238066,0.004466335,,,,,,,,,,,,,,,,,,,,,,,,,,,,,49.952084,17.238066,1.0000001e-07,49.952084,17.238066,7.0,,,,,,,
49.952084,17.178108,0.0010412018,49.952084,17.178108,0.0007883386,,,,,,,,,,,,,,,,,,,,,,,,,,,,,,,,,,,,,,,,,,,,,,,,,,,,,,,,,,,,,49.952084,17.178108,1.205479,49.952084,17.178108,0.45234495,,,,,,,,,,,,,,,,,49.952084,17.268045,0.005129354,49.952084,17.268045,-0.003021323,,,,,,,,,,,,,,,,,,,,,,,,,,,,,49.952084,17.268045,1.0000001e-07,49.952084,17.268045,7.0,,,,,,,
49.952084,17.208088,0.00086271006,49.952084,17.208088,0.0007883384,,,,,,,,,,,,,,,,,,,,,,,,,,,,,,,,,,,,,,,,,,,,,,,,,,,,,,,,,,,,,49.952084,17.208088,0.6292354,49.952084,17.208088,0.4356326,,,,,,,,,,,,,,,,,49.952084,17.298025,0.018314026,49.952084,17.298025,-0.0072785052,,,,,,,,,,,,,,,,,,,,,,,,,,,,,49.952084,17.298025,1.0000001e-07,49.952084,17.298025,7.0,,,,,,,
49.952084,17.238066,0.0007585898,49.952084,17.238066,0.00072884123,,,,,,,,,,,,,,,,,,,,,,,,,,,,,,,,,,,,,,,,,,,,,,,,,,,,,,,,,,,,,49.952084,17.238066,0.27697584,49.952084,17.238066,0.2426173,,,,,,,,,,,,,,,,,49.952084,17.328005,-0.005192118,49.952084,17.328005,0.009799474,,,,,,,,,,,,,,,,,,,,,,,,,,,,,49.952084,17.328005,1.0000001e-07,49.952084,17.328005,7.0,,,,,,,
49.952084,17.268045,0.00093708164,49.952084,17.268045,0.0007585899,,,,,,,,,,,,,,,,,,,,,,,,,,,,,,,,,,,,,,,,,,,,,,,,,,,,,,,,,,,,,49.952084,17.268045,0.83923477,49.952084,17.268045,0.33534563,,,,,,,,,,,,,,,,,49.952084,17.357983,0.0040711826,49.952084,17.357983,-0.009988106,,,,,,,,,,,,,,,,,,,,,,,,,,,,,49.952084,17.357983,1.0000001e-07,49.952084,17.357983,7.0,,,,,,,
49.952084,17.298025,0.0010858248,49.952084,17.298025,0.0006395954,,,,,,,,,,,,,,,,,,,,,,,,,,,,,,,,,,,,,,,,,,,,,,,,,,,,,,,,,,,,,49.952084,17.298025,1.3298208,49.952084,17.298025,-0.025864283,,,,,,,,,,,,,,,,,49.952084,17.387962,0.01077018,49.952084,17.387962,0.0022011818,,,,,,,,,,,,,,,,,,,,,,,,,,,,,49.952084,17.387962,1.0000001e-07,49.952084,17.387962,7.0,,,,,,,
49.952084,17.328005,0.0006544697,49.952084,17.328005,0.0008180871,,,,,,,,,,,,,,,,,,,,,,,,,,,,,,,,,,,,,,,,,,,,,,,,,,,,,,,,,,,,,49.952084,17.328005,-0.08529996,49.952084,17.328005,0.5410222,,,,,,,,,,,,,,,,,49.952084,17.417942,-0.015635127,49.952084,17.417942,-0.0019949845,,,,,,,,,,,,,,,,,,,,,,,,,,,,,49.952084,17.417942,1.0000001e-07,49.952084,17.417942,7.0,,,,,,,
49.952084,17.357983,0.0007585899,49.952084,17.357983,0.0005652238,,,,,,,,,,,,,,,,,,,,,,,,,,,,,,,,,,,,,,,,,,,,,,,,,,,,,,,,,,,,,49.952084,17.357983,0.25125524,49.952084,17.357983,-0.2775121,,,,,,,,,,,,,,,,,49.952084,17.447922,0.018857297,49.952084,17.447922,-0.016850041,,,,,,,,,,,,,,,,,,,,,,,,,,,,,49.952084,17.447922,1.0000001e-07,49.952084,17.447922,7.0,,,,,,,
49.952084,17.387962,0.000951956,49.952084,17.387962,0.00068421825,,,,,,,,,,,,,,,,,,,,,,,,,,,,,,,,,,,,,,,,,,,,,,,,,,,,,,,,,,,,,49.952084,17.387962,0.89766765,49.952084,17.387962,0.09052871,,,,,,,,,,,,,,,,,49.952084,17.477901,-0.0014048523,49.952084,17.477901,-0.0063605444,,,,,,,,,,,,,,,,,,,,,,,,,,,,,49.952084,17.477901,1.0000001e-07,49.952084,17.477901,7.0,,,,,,,
49.952084,17.417942,0.0006395954,49.952084,17.417942,0.00078833854,,,,,,,,,,,,,,,,,,,,,,,,,,,,,,,,,,,,,,,,,,,,,,,,,,,,,,,,,,,,,49.952084,17.417942,-0.15155563,49.952084,17.417942,0.45323578,,,,,,,,,,,,,,,,,49.952084,17.50788,-0.009012429,49.952084,17.50788,-0.0020718114,,,,,,,,,,,,,,,,,,,,,,,,,,,,,49.952084,17.50788,1.0000001e-07,49.952084,17.50788,7.0,,,,,,,
49.952084,17.447922,0.0010263275,49.952084,17.447922,0.00056522386,,,,,,,,,,,,,,,,,,,,,,,,,,,,,,,,,,,,,,,,,,,,,,,,,,,,,,,,,,,,,49.952084,17.447922,1.0909516,49.952084,17.447922,-0.30750224,,,,,,,,,,,,,,,,,49.952084,17.537859,0.016834281,49.952084,17.537859,-0.00357859,,,,,,,,,,,,,,,,,,,,,,,,,,,,,49.952084,17.537859,1.0000001e-07,49.952084,17.537859,7.0,,,,,,,
49.952084,17.4779,0.00077346415,49.952084,17.4779,0.00065446977,,,,,,,,,,,,,,,,,,,,,,,,,,,,,,,,,,,,,,,,,,,,,,,,,,,,,,,,,,,,,49.952084,17.4779,0.30295992,49.952084,17.4779,-0.009218057,,,,,,,,,,,,,,,,,49.952084,17.567839,0.0077353683,49.952084,17.567839,-0.013915436,,,,,,,,,,,,,,,,,,,,,,,,,,,,,49.952084,17.567839,1.0000001e-07,49.952084,17.567839,7.0,,,,,,,
49.952084,17.50788,0.00069909263,49.952084,17.50788,0.00071396696,,,,,,,,,,,,,,,,,,,,,,,,,,,,,,,,,,,,,,,,,,,,,,,,,,,,,,,,,,,,,49.952084,17.50788,0.084752984,49.952084,17.50788,0.19378239,,,,,,,,,,,,,,,,,49.952084,17.597818,-0.003772662,49.952084,17.597818,-0.0037319362,,,,,,,,,,,,,,,,,,,,,,,,,,,,,49.952084,17.597818,1.0000001e-07,49.952084,17.597818,7.0,,,,,,,
49.952084,17.537859,0.0009519559,49.952084,17.537859,0.0006395953,,,,,,,,,,,,,,,,,,,,,,,,,,,,,,,,,,,,,,,,,,,,,,,,,,,,,,,,,,,,,49.952084,17.537859,0.9404688,49.952084,17.537859,-0.08642516,,,,,,,,,,,,,,,,,49.952084,17.627796,-0.0032800788,49.952084,17.627796,0.0011489412,,,,,,,,,,,,,,,,,,,,,,,,,,,,,49.952084,17.627796,1.0000001e-07,49.952084,17.627796,7.0,,,,,,,
49.952084,17.567839,0.0009965788,49.952084,17.567839,0.00056522386,,,,,,,,,,,,,,,,,,,,,,,,,,,,,,,,,,,,,,,,,,,,,,,,,,,,,,,,,,,,,49.952084,17.567839,1.0604215,49.952084,17.567839,-0.29871622,,,,,,,,,,,,,,,,,49.952084,17.657776,-0.00799972,49.952084,17.657776,0.014437061,,,,,,,,,,,,,,,,,,,,,,,,,,,,,49.952084,17.657776,1.0000001e-07,49.952084,17.657776,7.0,,,,,,,
49.952084,17.597816,0.0006842183,49.952084,17.597816,0.00066934404,,,,,,,,,,,,,,,,,,,,,,,,,,,,,,,,,,,,,,,,,,,,,,,,,,,,,,,,,,,,,49.952084,17.597816,-0.019180365,49.952084,17.597816,0.050833542,,,,,,,,,,,,,,,,,49.952084,17.687756,0.0044926777,49.952084,17.687756,0.013356562,,,,,,,,,,,,,,,,,,,,,,,,,,,,,49.952084,17.687756,1.0000001e-07,49.952084,17.687756,7.0,,,,,,,
49.952084,17.627796,0.00066934404,49.952084,17.627796,0.00065446965,,,,,,,,,,,,,,,,,,,,,,,,,,,,,,,,,,,,,,,,,,,,,,,,,,,,,,,,,,,,,49.952084,17.627796,-0.021925727,49.952084,17.627796,0.0072528888,,,,,,,,,,,,,,,,,49.952084,17.717735,0.0075716046,49.952084,17.717735,-0.009207142,,,,,,,,,,,,,,,,,,,,,,,,,,,,,49.952084,17.717735,1.0000001e-07,49.952084,17.717735,7.0,,,,,,,
49.952084,17.657776,0.0007437156,49.952084,17.657776,0.0008924587,,,,,,,,,,,,,,,,,,,,,,,,,,,,,,,,,,,,,,,,,,,,,,,,,,,,,,,,,,,,,49.952084,17.657776,0.2096701,49.952084,17.657776,0.7804834,,,,,,,,,,,,,,,,,49.952084,17.747713,0.014686623,49.952084,17.747713,-0.005260942,,,,,,,,,,,,,,,,,,,,,,,,,,,,,49.952084,17.747713,1.0000001e-07,49.952084,17.747713,7.0,,,,,,,
49.952084,17.687756,0.00083296146,49.952084,17.687756,0.0007883386,,,,,,,,,,,,,,,,,,,,,,,,,,,,,,,,,,,,,,,,,,,,,,,,,,,,,,,,,,,,,49.952084,17.687756,0.506088,49.952084,17.687756,0.40449142,,,,,,,,,,,,,,,,,49.952084,17.777693,0.0089647025,49.952084,17.777693,-0.011408697,,,,,,,,,,,,,,,,,,,,,,,,,,,,,49.952084,17.777693,1.0000001e-07,49.952084,17.777693,7.0,,,,,,,
49.952084,17.717733,0.0007883386,49.952084,17.717733,0.0005503495,,,,,,,,,,,,,,,,,,,,,,,,,,,,,,,,,,,,,,,,,,,,,,,,,,,,,,,,,,,,,49.952084,17.717733,0.3407579,49.952084,17.717733,-0.37295744,,,,,,,,,,,,,,,,,49.952084,17.807673,-0.0017137958,49.952084,17.807673,-0.007649935,,,,,,,,,,,,,,,,,,,,,,,,,,,,,49.952084,17.807673,1.0000001e-07,49.952084,17.807673,7.0,,,,,,,
49.952084,17.747713,0.00093708164,49.952084,17.747713,0.00066934404,,,,,,,,,,,,,,,,,,,,,,,,,,,,,,,,,,,,,,,,,,,,,,,,,,,,,,,,,,,,,49.952084,17.747713,0.8104441,49.952084,17.747713,0.020350643,,,,,,,,,,,,,,,,,49.952084,17.837652,0.0058146226,49.952084,17.837652,0.012065978,,,,,,,,,,,,,,,,,,,,,,,,,,,,,49.952084,17.837652,1.0000001e-07,49.952084,17.837652,7.0,,,,,,,
49.952084,17.777693,0.00080321287,49.952084,17.777693,0.0005206009,,,,,,,,,,,,,,,,,,,,,,,,,,,,,,,,,,,,,,,,,,,,,,,,,,,,,,,,,,,,,49.952084,17.777693,0.42265075,49.952084,17.777693,-0.4432298,,,,,,,,,,,,,,,,,49.952084,17.86763,0.019975174,49.952084,17.86763,-0.002992738,,,,,,,,,,,,,,,,,,,,,,,,,,,,,49.952084,17.86763,1.0000001e-07,49.952084,17.86763,7.0,,,,,,,
49.952084,17.807673,0.000713967,49.952084,17.807673,0.0006544697,,,,,,,,,,,,,,,,,,,,,,,,,,,,,,,,,,,,,,,,,,,,,,,,,,,,,,,,,,,,,49.952084,17.807673,0.073250204,49.952084,17.807673,-0.02340387,,,,,,,,,,,,,,,,,49.952084,17.89761,0.010552741,49.952084,17.89761,0.00623149,,,,,,,,,,,,,,,,,,,,,,,,,,,,,49.952084,17.89761,1.0000001e-07,49.952084,17.89761,7.0,,,,,,,
49.952084,17.83765,0.00083296146,49.952084,17.83765,0.00078833854,,,,,,,,,,,,,,,,,,,,,,,,,,,,,,,,,,,,,,,,,,,,,,,,,,,,,,,,,,,,,49.952084,17.83765,0.4883472,49.952084,17.83765,0.44126782,,,,,,,,,,,,,,,,,49.952084,17.92759,-0.008771509,49.952084,17.92759,-0.0028622458,,,,,,,,,,,,,,,,,,,,,,,,,,,,,49.952084,17.92759,1.0000001e-07,49.952084,17.92759,7.0,,,,,,,
49.952084,17.86763,0.0011304477,49.952084,17.86763,0.0006395953,,,,,,,,,,,,,,,,,,,,,,,,,,,,,,,,,,,,,,,,,,,,,,,,,,,,,,,,,,,,,49.952084,17.86763,1.4706138,49.952084,17.86763,-0.00020922555,,,,,,,,,,,,,,,,,49.952084,17.95757,0.0062272996,49.952084,17.95757,0.00022575159,,,,,,,,,,,,,,,,,,,,,,,,,,,,,49.952084,17.95757,1.0000001e-07,49.952084,17.95757,7.0,,,,,,,
49.952084,17.89761,0.000996579,49.952084,17.89761,0.0007734641,,,,,,,,,,,,,,,,,,,,,,,,,,,,,,,,,,,,,,,,,,,,,,,,,,,,,,,,,,,,,49.952084,17.89761,1.0450016,49.952084,17.89761,0.37387398,,,,,,,,,,,,,,,,,49.952084,17.987547,0.021538071,49.952084,17.987547,-0.0042983275,,,,,,,,,,,,,,,,,,,,,,,,,,,,,49.952084,17.987547,1.0000001e-07,49.952084,17.987547,7.0,,,,,,,
49.952084,17.92759,0.0006098467,49.952084,17.92759,0.00066934404,,,,,,,,,,,,,,,,,,,,,,,,,,,,,,,,,,,,,,,,,,,,,,,,,,,,,,,,,,,,,49.952084,17.92759,-0.27656552,49.952084,17.92759,0.054890916,,,,,,,,,,,,,,,,,49.952084,18.017527,0.032248363,49.952084,18.017527,-0.0052144537,,,,,,,,,,,,,,,,,,,,,,,,,,,,,49.952084,18.017527,1.0000001e-07,49.952084,18.017527,7.0,,,,,,,
49.952084,17.95757,0.00077346415,49.952084,17.95757,0.0007288412,,,,,,,,,,,,,,,,,,,,,,,,,,,,,,,,,,,,,,,,,,,,,,,,,,,,,,,,,,,,,49.952084,17.95757,0.31522125,49.952084,17.95757,0.22849277,,,,,,,,,,,,,,,,,49.952084,18.047506,0.015234255,49.952084,18.047506,-0.007834025,,,,,,,,,,,,,,,,,,,,,,,,,,,,,49.952084,18.047506,1.0000001e-07,49.952084,18.047506,7.0,,,,,,,
49.952084,17.987547,0.0010709504,49.952084,17.987547,0.0006842183,,,,,,,,,,,,,,,,,,,,,,,,,,,,,,,,,,,,,,,,,,,,,,,,,,,,,,,,,,,,,49.952084,17.987547,1.2755721,49.952084,17.987547,0.09299799,,,,,,,,,,,,,,,,,49.952084,18.077486,0.011559848,49.952084,18.077486,0.006754438,,,,,,,,,,,,,,,,,,,,,,,,,,,,,49.952084,18.077486,1.0000001e-07,49.952084,18.077486,7.0,,,,,,,
49.952084,18.017527,0.0011601963,49.952084,18.017527,0.000669344,,,,,,,,,,,,,,,,,,,,,,,,,,,,,,,,,,,,,,,,,,,,,,,,,,,,,,,,,,,,,49.952084,18.017527,1.5614135,49.952084,18.017527,0.069985636,,,,,,,,,,,,,,,,,49.952084,18.107464,0.018003032,49.952084,18.107464,-0.0046496247,,,,,,,,,,,,,,,,,,,,,,,,,,,,,49.952084,18.107464,1.0000001e-07,49.952084,18.107464,7.0,,,,,,,
49.952084,18.047506,0.0009519559,49.952084,18.047506,0.0006544697,,,,,,,,,,,,,,,,,,,,,,,,,,,,,,,,,,,,,,,,,,,,,,,,,,,,,,,,,,,,,49.952084,18.047506,0.9000278,49.952084,18.047506,-0.007415923,,,,,,,,,,,,,,,,,49.952084,18.137444,0.0053753373,49.952084,18.137444,-0.0053102258,,,,,,,,,,,,,,,,,,,,,,,,,,,,,49.952084,18.137444,1.0000001e-07,49.952084,18.137444,7.0,,,,,,,
49.952084,18.077486,0.0009222073,49.952084,18.077486,0.00086271,,,,,,,,,,,,,,,,,,,,,,,,,,,,,,,,,,,,,,,,,,,,,,,,,,,,,,,,,,,,,49.952084,18.077486,0.80486333,49.952084,18.077486,0.6466769,,,,,,,,,,,,,,,,,49.952084,18.167423,0.0069294726,49.952084,18.167423,0.0075782845,,,,,,,,,,,,,,,,,,,,,,,,,,,,,49.952084,18.167423,1.0000001e-07,49.952084,18.167423,7.0,,,,,,,
49.952084,18.107464,0.0011006991,49.952084,18.107464,0.0006990927,,,,,,,,,,,,,,,,,,,,,,,,,,,,,,,,,,,,,,,,,,,,,,,,,,,,,,,,,,,,,49.952084,18.107464,1.4414217,49.952084,18.107464,0.14520472,,,,,,,,,,,,,,,,,49.952084,18.197403,0.011208875,49.952084,18.197403,0.0060252096,,,,,,,,,,,,,,,,,,,,,,,,,,,,,49.952084,18.197403,1.0000001e-07,49.952084,18.197403,7.0,,,,,,,
49.952084,18.137444,0.00080321287,49.952084,18.137444,0.00065446965,,,,,,,,,,,,,,,,,,,,,,,,,,,,,,,,,,,,,,,,,,,,,,,,,,,,,,,,,,,,,49.952084,18.137444,0.4020809,49.952084,18.137444,-0.015925838,,,,,,,,,,,,,,,,,49.952084,18.22738,0.0045743193,49.952084,18.22738,0.003323563,,,,,,,,,,,,,,,,,,,,,,,,,,,,,49.952084,18.22738,1.0000001e-07,49.952084,18.22738,7.0,,,,,,,
49.952084,18.167423,0.0009222072,49.952084,18.167423,0.00080321275,,,,,,,,,,,,,,,,,,,,,,,,,,,,,,,,,,,,,,,,,,,,,,,,,,,,,,,,,,,,,49.952084,18.167423,0.7820458,49.952084,18.167423,0.48005146,,,,,,,,,,,,,,,,,49.952084,18.25736,0.0033023225,49.952084,18.25736,-0.00049255166,,,,,,,,,,,,,,,,,,,,,,,,,,,,,49.952084,18.25736,1.0000001e-07,49.952084,18.25736,7.0,,,,,,,
49.952084,18.197403,0.0009370816,49.952084,18.197403,0.00080321287,,,,,,,,,,,,,,,,,,,,,,,,,,,,,,,,,,,,,,,,,,,,,,,,,,,,,,,,,,,,,49.952084,18.197403,0.87069285,49.952084,18.197403,0.46263823,,,,,,,,,,,,,,,,,49.952084,18.28734,-0.002412775,49.952084,18.28734,0.0032872811,,,,,,,,,,,,,,,,,,,,,,,,,,,,,49.952084,18.28734,1.0000001e-07,49.952084,18.28734,7.0,,,,,,,
49.952084,18.22738,0.00078833854,49.952084,18.22738,0.00065446977,,,,,,,,,,,,,,,,,,,,,,,,,,,,,,,,,,,,,,,,,,,,,,,,,,,,,,,,,,,,,49.952084,18.22738,0.32529798,49.952084,18.22738,0.00582295,,,,,,,,,,,,,,,,,49.952084,18.31732,-0.011851776,49.952084,18.31732,0.002042811,,,,,,,,,,,,,,,,,,,,,,,,,,,,,49.952084,18.31732,1.0000001e-07,49.952084,18.31732,7.0,,,,,,,
49.952084,18.25736,0.00072884123,49.952084,18.25736,0.00068421825,,,,,,,,,,,,,,,,,,,,,,,,,,,,,,,,,,,,,,,,,,,,,,,,,,,,,,,,,,,,,49.952084,18.25736,0.1408113,49.952084,18.25736,0.07173542,,,,,,,,,,,,,,,,,49.952084,18.3473,0.012792435,49.952084,18.3473,-0.0073580435,,,,,,,,,,,,,,,,,,,,,,,,,,,,,49.952084,18.3473,1.0000001e-07,49.952084,18.3473,7.0,,,,,,,
49.952084,18.28734,0.0007585899,49.952084,18.28734,0.0007585899,,,,,,,,,,,,,,,,,,,,,,,,,,,,,,,,,,,,,,,,,,,,,,,,,,,,,,,,,,,,,49.952084,18.28734,0.2448954,49.952084,18.28734,0.32541585,,,,,,,,,,,,,,,,,49.952084,18.377277,0.001493525,49.952084,18.377277,-0.0027246522,,,,,,,,,,,,,,,,,,,,,,,,,,,,,49.952084,18.377277,1.0000001e-07,49.952084,18.377277,7.0,,,,,,,
49.952084,18.31732,0.00066934404,49.952084,18.31732,0.0007139669,,,,,,,,,,,,,,,,,,,,,,,,,,,,,,,,,,,,,,,,,,,,,,,,,,,,,,,,,,,,,49.952084,18.31732,-0.055607744,49.952084,18.31732,0.18359163,,,,,,,,,,,,,,,,,49.952084,18.407257,-0.003434668,49.952084,18.407257,-0.0057750316,,,,,,,,,,,,,,,,,,,,,,,,,,,,,49.952084,18.407257,1.0000001e-07,49.952084,18.407257,7.0,,,,,,,
49.952084,18.347298,0.00087758445,49.952084,18.347298,0.0006395954,,,,,,,,,,,,,,,,,,,,,,,,,,,,,,,,,,,,,,,,,,,,,,,,,,,,,,,,,,,,,49.952084,18.347298,0.64516765,49.952084,18.347298,-0.028108265,,,,,,,,,,,,,,,,,49.952084,18.437237,-0.0024699308,49.952084,18.437237,0.012343694,,,,,,,,,,,,,,,,,,,,,,,,,,,,,49.952084,18.437237,1.0000001e-07,49.952084,18.437237,7.0,,,,,,,
49.952084,18.377277,0.00072884123,49.952084,18.377277,0.00065446977,,,,,,,,,,,,,,,,,,,,,,,,,,,,,,,,,,,,,,,,,,,,,,,,,,,,,,,,,,,,,49.952084,18.377277,0.16523777,49.952084,18.377277,-0.0013953713,,,,,,,,,,,,,,,,,49.952084,18.467216,0.0048657726,49.952084,18.467216,0.0130176125,,,,,,,,,,,,,,,,,,,,,,,,,,,,,49.952084,18.467216,1.0000001e-07,49.952084,18.467216,7.0,,,,,,,
49.952084,18.407257,0.0007139669,49.952084,18.407257,0.00052060094,,,,,,,,,,,,,,,,,,,,,,,,,,,,,,,,,,,,,,,,,,,,,,,,,,,,,,,,,,,,,49.952084,18.407257,0.09858787,49.952084,18.407257,-0.4286386,,,,,,,,,,,,,,,,,49.952084,18.497194,0.019686563,49.952084,18.497194,-0.005121396,,,,,,,,,,,,,,,,,,,,,,,,,,,,,49.952084,18.497194,1.0000001e-07,49.952084,18.497194,7.0,,,,,,,
49.952084,18.437237,0.0007585899,49.952084,18.437237,0.0008478358,,,,,,,,,,,,,,,,,,,,,,,,,,,,,,,,,,,,,,,,,,,,,,,,,,,,,,,,,,,,,49.952084,18.437237,0.23672503,49.952084,18.437237,0.65160924,,,,,,,,,,,,,,,,,49.952084,18.527174,-0.008784693,49.952084,18.527174,-0.0065078787,,,,,,,,,,,,,,,,,,,,,,,,,,,,,49.952084,18.527174,1.0000001e-07,49.952084,18.527174,7.0,,,,,,,
49.952084,18.467215,0.0007585899,49.952084,18.467215,0.00086271006,,,,,,,,,,,,,,,,,,,,,,,,,,,,,,,,,,,,,,,,,,,,,,,,,,,,,,,,,,,,,49.952084,18.467215,0.24278265,49.952084,18.467215,0.6634403,,,,,,,,,,,,,,,,,49.952084,18.557154,0.013243913,49.952084,18.557154,0.0067183194,,,,,,,,,,,,,,,,,,,,,,,,,,,,,49.952084,18.557154,1.0000001e-07,49.952084,18.557154,7.0,,,,,,,
49.952084,18.497194,0.0009817046,49.952084,18.497194,0.00068421825,,,,,,,,,,,,,,,,,,,,,,,,,,,,,,,,,,,,,,,,,,,,,,,,,,,,,,,,,,,,,49.952084,18.497194,0.9846146,49.952084,18.497194,0.115431346,,,,,,,,,,,,,,,,,49.952084,18.587133,0.03562521,49.952084,18.587133,0.00014617377,,,,,,,,,,,,,,,,,,,,,,,,,,,,,49.952084,18.587133,1.0000001e-07,49.952084,18.587133,7.0,,,,,,,
49.952084,18.527174,0.0007437156,49.952084,18.527174,0.00068421825,,,,,,,,,,,,,,,,,,,,,,,,,,,,,,,,,,,,,,,,,,,,,,,,,,,,,,,,,,,,,49.952084,18.527174,0.19580783,49.952084,18.527174,0.07463221,,,,,,,,,,,,,,,,,49.952084,18.617111,0.011782177,49.952084,18.617111,-0.007918519,,,,,,,,,,,,,,,,,,,,,,,,,,,,,49.952084,18.617111,1.0000001e-07,49.952084,18.617111,7.0,,,,,,,
49.952084,18.557154,0.0009222073,49.952084,18.557154,0.00071396696,,,,,,,,,,,,,,,,,,,,,,,,,,,,,,,,,,,,,,,,,,,,,,,,,,,,,,,,,,,,,49.952084,18.557154,0.7876758,49.952084,18.557154,0.17690314,,,,,,,,,,,,,,,,,49.952084,18.64709,-0.0067085186,49.952084,18.64709,-0.0014866197,,,,,,,,,,,,,,,,,,,,,,,,,,,,,49.952084,18.64709,1.0000001e-07,49.952084,18.64709,7.0,,,,,,,
49.952084,18.587132,0.001145322,49.952084,18.587132,0.00071396696,,,,,,,,,,,,,,,,,,,,,,,,,,,,,,,,,,,,,,,,,,,,,,,,,,,,,,,,,,,,,49.952084,18.587132,1.5699788,49.952084,18.587132,0.17575276,,,,,,,,,,,,,,,,,49.952084,18.67707,0.01156907,49.952084,18.67707,-0.0021379432,,,,,,,,,,,,,,,,,,,,,,,,,,,,,49.952084,18.67707,1.0000001e-07,49.952084,18.67707,7.0,,,,,,,
49.952084,18.617111,0.00087758433,49.952084,18.617111,0.00056522386,,,,,,,,,,,,,,,,,,,,,,,,,,,,,,,,,,,,,,,,,,,,,,,,,,,,,,,,,,,,,49.952084,18.617111,0.6586541,49.952084,18.617111,-0.29480067,,,,,,,,,,,,,,,,,49.952084,18.70705,0.011471404,49.952084,18.70705,-0.006748573,,,,,,,,,,,,,,,,,,,,,,,,,,,,,49.952084,18.70705,1.0000001e-07,49.952084,18.70705,7.0,,,,,,,
49.952084,18.64709,0.0006842183,49.952084,18.64709,0.00065446965,,,,,,,,,,,,,,,,,,,,,,,,,,,,,,,,,,,,,,,,,,,,,,,,,,,,,,,,,,,,,49.952084,18.64709,0.032475445,49.952084,18.64709,-0.002392226,,,,,,,,,,,,,,,,,49.952084,18.737028,0.014700027,49.952084,18.737028,-0.001141638,,,,,,,,,,,,,,,,,,,,,,,,,,,,,49.952084,18.737028,1.0000001e-07,49.952084,18.737028,7.0,,,,,,,
49.952084,18.67707,0.0009519559,49.952084,18.67707,0.00069909263,,,,,,,,,,,,,,,,,,,,,,,,,,,,,,,,,,,,,,,,,,,,,,,,,,,,,,,,,,,,,49.952084,18.67707,0.8649771,49.952084,18.67707,0.16124433,,,,,,,,,,,,,,,,,49.952084,18.767008,-0.006042049,49.952084,18.767008,0.009441702,,,,,,,,,,,,,,,,,,,,,,,,,,,,,49.952084,18.767008,1.0000001e-07,49.952084,18.767008,7.0,,,,,,,
49.952084,18.707048,0.0008478358,49.952084,18.707048,0.00065446965,,,,,,,,,,,,,,,,,,,,,,,,,,,,,,,,,,,,,,,,,,,,,,,,,,,,,,,,,,,,,49.952084,18.707048,0.5372547,49.952084,18.707048,0.0023809571,,,,,,,,,,,,,,,,,49.952084,18.796988,0.0036860919,49.952084,18.796988,0.01481791,,,,,,,,,,,,,,,,,,,,,,,,,,,,,49.952084,18.796988,1.0000001e-07,49.952084,18.796988,7.0,,,,,,,
49.952084,18.737028,0.0009370816,49.952084,18.737028,0.0007437156,,,,,,,,,,,,,,,,,,,,,,,,,,,,,,,,,,,,,,,,,,,,,,,,,,,,,,,,,,,,,49.952084,18.737028,0.87055326,49.952084,18.737028,0.30995104,,,,,,,,,,,,,,,,,49.952084,18.826967,0.015026657,49.952084,18.826967,0.004883341,,,,,,,,,,,,,,,,,,,,,,,,,,,,,49.952084,18.826967,1.0000001e-07,49.952084,18.826967,7.0,,,,,,,
49.952084,18.767008,0.00072884123,49.952084,18.767008,0.00078833854,,,,,,,,,,,,,,,,,,,,,,,,,,,,,,,,,,,,,,,,,,,,,,,,,,,,,,,,,,,,,49.952084,18.767008,0.14821625,49.952084,18.767008,0.4345525,,,,,,,,,,,,,,,,,49.952084,18.856945,-0.0012017494,49.952084,18.856945,-0.014224824,,,,,,,,,,,,,,,,,,,,,,,,,,,,,49.952084,18.856945,1.0000001e-07,49.952084,18.856945,7.0,,,,,,,
49.952084,18.796988,0.0007734642,49.952084,18.796988,0.0008478358,,,,,,,,,,,,,,,,,,,,,,,,,,,,,,,,,,,,,,,,,,,,,,,,,,,,,,,,,,,,,49.952084,18.796988,0.29904318,49.952084,18.796988,0.5721338,,,,,,,,,,,,,,,,,49.952084,18.886925,-0.010893619,49.952084,18.886925,-0.0006997407,,,,,,,,,,,,,,,,,,,,,,,,,,,,,49.952084,18.886925,1.0000001e-07,49.952084,18.886925,7.0,,,,,,,
49.952084,18.826967,0.0008478358,49.952084,18.826967,0.00083296146,,,,,,,,,,,,,,,,,,,,,,,,,,,,,,,,,,,,,,,,,,,,,,,,,,,,,,,,,,,,,49.952084,18.826967,0.54557323,49.952084,18.826967,0.6127086,,,,,,,,,,,,,,,,,49.952084,18.916904,0.007891346,49.952084,18.916904,0.009659948,,,,,,,,,,,,,,,,,,,,,,,,,,,,,49.952084,18.916904,1.0000001e-07,49.952084,18.916904,7.0,,,,,,,
49.952084,18.856945,0.00074371556,49.952084,18.856945,0.0005206009,,,,,,,,,,,,,,,,,,,,,,,,,,,,,,,,,,,,,,,,,,,,,,,,,,,,,,,,,,,,,49.952084,18.856945,0.19278851,49.952084,18.856945,-0.4492727,,,,,,,,,,,,,,,,,49.952084,18.946884,0.005870456,49.952084,18.946884,-0.004981129,,,,,,,,,,,,,,,,,,,,,,,,,,,,,49.952084,18.946884,1.0000001e-07,49.952084,18.946884,7.0,,,,,,,
49.952084,18.886925,0.00066934404,49.952084,18.886925,0.00058009813,,,,,,,,,,,,,,,,,,,,,,,,,,,,,,,,,,,,,,,,,,,,,,,,,,,,,,,,,,,,,49.952084,18.886925,-0.056171283,49.952084,18.886925,-0.247589,,,,,,,,,,,,,,,,,49.952084,18.976862,0.00267866,49.952084,18.976862,0.008853452,,,,,,,,,,,,,,,,,,,,,,,,,,,,,49.952084,18.976862,1.0000001e-07,49.952084,18.976862,7.0,,,,,,,
49.952084,18.916904,0.00080321287,49.952084,18.916904,0.00081808714,,,,,,,,,,,,,,,,,,,,,,,,,,,,,,,,,,,,,,,,,,,,,,,,,,,,,,,,,,,,,49.952084,18.916904,0.4068851,49.952084,18.916904,0.55382407,,,,,,,,,,,,,,,,,49.952084,19.006842,0.03152398,49.952084,19.006842,0.0039783493,,,,,,,,,,,,,,,,,,,,,,,,,,,,,49.952084,19.006842,1.0000001e-07,49.952084,19.006842,7.0,,,,,,,
49.952084,18.946884,0.0008627101,49.952084,18.946884,0.0007139669,,,,,,,,,,,,,,,,,,,,,,,,,,,,,,,,,,,,,,,,,,,,,,,,,,,,,,,,,,,,,49.952084,18.946884,0.6081073,49.952084,18.946884,0.18015869,,,,,,,,,,,,,,,,,49.952084,19.036821,0.0012575026,49.952084,19.036821,-0.0032478753,,,,,,,,,,,,,,,,,,,,,,,,,,,,,49.952084,19.036821,1.0000001e-07,49.952084,19.036821,7.0,,,,,,,
49.952084,18.976862,0.0007883385,49.952084,18.976862,0.00080321287,,,,,,,,,,,,,,,,,,,,,,,,,,,,,,,,,,,,,,,,,,,,,,,,,,,,,,,,,,,,,49.952084,18.976862,0.37761438,49.952084,18.976862,0.5089913,,,,,,,,,,,,,,,,,49.952084,19.066801,-0.00573507,49.952084,19.066801,0.007881551,,,,,,,,,,,,,,,,,,,,,,,,,,,,,49.952084,19.066801,1.0000001e-07,49.952084,19.066801,7.0,,,,,,,
49.952084,19.006842,0.0010114531,49.952084,19.006842,0.00080321287,,,,,,,,,,,,,,,,,,,,,,,,,,,,,,,,,,,,,,,,,,,,,,,,,,,,,,,,,,,,,49.952084,19.006842,1.1195842,49.952084,19.006842,0.49137476,,,,,,,,,,,,,,,,,49.952084,19.096779,-0.000921883,49.952084,19.096779,0.012924957,,,,,,,,,,,,,,,,,,,,,,,,,,,,,49.952084,19.096779,1.0000001e-07,49.952084,19.096779,7.0,,,,,,,
49.952084,19.036821,0.00078833854,49.952084,19.036821,0.00065446965,,,,,,,,,,,,,,,,,,,,,,,,,,,,,,,,,,,,,,,,,,,,,,,,,,,,,,,,,,,,,49.952084,19.036821,0.37429872,49.952084,19.036821,0.009748685,,,,,,,,,,,,,,,,,49.952084,19.126759,-0.00024163185,49.952084,19.126759,0.013415191,,,,,,,,,,,,,,,,,,,,,,,,,,,,,49.952084,19.126759,1.0000001e-07,49.952084,19.126759,7.0,,,,,,,
49.952084,19.066801,0.000713967,49.952084,19.066801,0.00087758445,,,,,,,,,,,,,,,,,,,,,,,,,,,,,,,,,,,,,,,,,,,,,,,,,,,,,,,,,,,,,49.952084,19.066801,0.107552275,49.952084,19.066801,0.7099665,,,,,,,,,,,,,,,,,49.952084,19.156738,-0.011710521,49.952084,19.156738,-0.0013035333,,,,,,,,,,,,,,,,,,,,,,,,,,,,,49.952084,19.156738,1.0000001e-07,49.952084,19.156738,7.0,,,,,,,
49.952084,19.096779,0.0008180872,49.952084,19.096779,0.0008627101,,,,,,,,,,,,,,,,,,,,,,,,,,,,,,,,,,,,,,,,,,,,,,,,,,,,,,,,,,,,,49.952084,19.096779,0.45437288,49.952084,19.096779,0.68648964,,,,,,,,,,,,,,,,,49.952084,19.186718,-0.0045844675,49.952084,19.186718,-0.013728832,,,,,,,,,,,,,,,,,,,,,,,,,,,,,49.952084,19.186718,1.0000001e-07,49.952084,19.186718,7.0,,,,,,,
49.952084,19.126759,0.00071396696,49.952084,19.126759,0.00087758433,,,,,,,,,,,,,,,,,,,,,,,,,,,,,,,,,,,,,,,,,,,,,,,,,,,,,,,,,,,,,49.952084,19.126759,0.09186899,49.952084,19.126759,0.7374254,,,,,,,,,,,,,,,,,49.952084,19.216698,0.025823446,49.952084,19.216698,0.004951988,,,,,,,,,,,,,,,,,,,,,,,,,,,,,49.952084,19.216698,1.0000001e-07,49.952084,19.216698,7.0,,,,,,,
49.952084,19.156738,0.00068421825,49.952084,19.156738,0.00065446965,,,,,,,,,,,,,,,,,,,,,,,,,,,,,,,,,,,,,,,,,,,,,,,,,,,,,,,,,,,,,49.952084,19.156738,0.05177273,49.952084,19.156738,0.004979968,,,,,,,,,,,,,,,,,49.952084,19.246675,-0.0074507054,49.952084,19.246675,0.0048669246,,,,,,,,,,,,,,,,,,,,,,,,,,,,,49.952084,19.246675,1.0000001e-07,49.952084,19.246675,7.0,,,,,,,
49.952084,19.186718,0.0007883385,49.952084,19.186718,0.0005503495,,,,,,,,,,,,,,,,,,,,,,,,,,,,,,,,,,,,,,,,,,,,,,,,,,,,,,,,,,,,,49.952084,19.186718,0.38421664,49.952084,19.186718,-0.34088287,,,,,,,,,,,,,,,,,49.952084,19.276655,0.005495141,49.952084,19.276655,0.0051227426,,,,,,,,,,,,,,,,,,,,,,,,,,,,,49.952084,19.276655,1.0000001e-07,49.952084,19.276655,7.0,,,,,,,
49.952084,19.216696,0.0010858248,49.952084,19.216696,0.0007883384,,,,,,,,,,,,,,,,,,,,,,,,,,,,,,,,,,,,,,,,,,,,,,,,,,,,,,,,,,,,,49.952084,19.216696,1.3465836,49.952084,19.216696,0.4156662,,,,,,,,,,,,,,,,,49.952084,19.306635,-0.012754966,49.952084,19.306635,-0.0054328893,,,,,,,,,,,,,,,,,,,,,,,,,,,,,49.952084,19.306635,1.0000001e-07,49.952084,19.306635,7.0,,,,,,,
49.952084,19.246675,0.00068421825,49.952084,19.246675,0.00077346415,,,,,,,,,,,,,,,,,,,,,,,,,,,,,,,,,,,,,,,,,,,,,,,,,,,,,,,,,,,,,49.952084,19.246675,-0.012124989,49.952084,19.246675,0.4024886,,,,,,,,,,,,,,,,,49.952084,19.336615,0.013431781,49.952084,19.336615,0.0066469386,,,,,,,,,,,,,,,,,,,,,,,,,,,,,49.952084,19.336615,1.0000001e-07,49.952084,19.336615,7.0,,,,,,,
49.952084,19.276655,0.0008032128,49.952084,19.276655,0.0007585899,,,,,,,,,,,,,,,,,,,,,,,,,,,,,,,,,,,,,,,,,,,,,,,,,,,,,,,,,,,,,49.952084,19.276655,0.4082219,49.952084,19.276655,0.3293698,,,,,,,,,,,,,,,,,49.952084,19.366592,-0.0025588998,49.952084,19.366592,-0.0040423465,,,,,,,,,,,,,,,,,,,,,,,,,,,,,49.952084,19.366592,1.0000001e-07,49.952084,19.366592,7.0,,,,,,,
49.952084,19.306635,0.0006247211,49.952084,19.306635,0.0007139669,,,,,,,,,,,,,,,,,,,,,,,,,,,,,,,,,,,,,,,,,,,,,,,,,,,,,,,,,,,,,49.952084,19.306635,-0.17173524,49.952084,19.306635,0.21211274,,,,,,,,,,,,,,,,,49.952084,19.396572,-0.009066989,49.952084,19.396572,0.015024205,,,,,,,,,,,,,,,,,,,,,,,,,,,,,49.952084,19.396572,1.0000001e-07,49.952084,19.396572,7.0,,,,,,,
49.952084,19.336613,0.0008924587,49.952084,19.336613,0.00069909263,,,,,,,,,,,,,,,,,,,,,,,,,,,,,,,,,,,,,,,,,,,,,,,,,,,,,,,,,,,,,49.952084,19.336613,0.73105085,49.952084,19.336613,0.14383274,,,,,,,,,,,,,,,,,49.952084,19.426552,-0.0024892518,49.952084,19.426552,0.0073964247,,,,,,,,,,,,,,,,,,,,,,,,,,,,,49.952084,19.426552,1.0000001e-07,49.952084,19.426552,7.0,,,,,,,
49.952084,19.366592,0.00072884123,49.952084,19.366592,0.0006990926,,,,,,,,,,,,,,,,,,,,,,,,,,,,,,,,,,,,,,,,,,,,,,,,,,,,,,,,,,,,,49.952084,19.366592,0.1117619,49.952084,19.366592,0.124664865,,,,,,,,,,,,,,,,,49.952084,19.456532,0.0047679823,49.952084,19.456532,0.009720482,,,,,,,,,,,,,,,,,,,,,,,,,,,,,49.952084,19.456532,1.0000001e-07,49.952084,19.456532,7.0,,,,,,,
49.952084,19.396572,0.0006098467,49.952084,19.396572,0.0008924587,,,,,,,,,,,,,,,,,,,,,,,,,,,,,,,,,,,,,,,,,,,,,,,,,,,,,,,,,,,,,49.952084,19.396572,-0.22949582,49.952084,19.396572,0.820549,,,,,,,,,,,,,,,,,49.952084,19.48651,-0.0023459392,49.952084,19.48651,-0.011165348,,,,,,,,,,,,,,,,,,,,,,,,,,,,,49.952084,19.48651,1.0000001e-07,49.952084,19.48651,7.0,,,,,,,
49.952084,19.426552,0.00074371556,49.952084,19.426552,0.0007883385,,,,,,,,,,,,,,,,,,,,,,,,,,,,,,,,,,,,,,,,,,,,,,,,,,,,,,,,,,,,,49.952084,19.426552,0.20554173,49.952084,19.426552,0.42438862,,,,,,,,,,,,,,,,,49.952084,19.516489,-0.007198789,49.952084,19.516489,-0.016005963,,,,,,,,,,,,,,,,,,,,,,,,,,,,,49.952084,19.516489,1.0000001e-07,49.952084,19.516489,7.0,,,,,,,
49.952084,19.45653,0.00074371556,49.952084,19.45653,0.0007585899,,,,,,,,,,,,,,,,,,,,,,,,,,,,,,,,,,,,,,,,,,,,,,,,,,,,,,,,,,,,,49.952084,19.45653,0.24310252,49.952084,19.45653,0.32183635,,,,,,,,,,,,,,,,,49.952084,19.546469,0.020660583,49.952084,19.546469,-0.006355783,,,,,,,,,,,,,,,,,,,,,,,,,,,,,49.952084,19.546469,1.0000001e-07,49.952084,19.546469,7.0,,,,,,,
49.952084,19.48651,0.00071396696,49.952084,19.48651,0.0005503495,,,,,,,,,,,,,,,,,,,,,,,,,,,,,,,,,,,,,,,,,,,,,,,,,,,,,,,,,,,,,49.952084,19.48651,0.087100305,49.952084,19.48651,-0.33015582,,,,,,,,,,,,,,,,,49.952084,19.576448,0.00673956,49.952084,19.576448,0.00079822936,,,,,,,,,,,,,,,,,,,,,,,,,,,,,49.952084,19.576448,1.0000001e-07,49.952084,19.576448,7.0,,,,,,,
49.952084,19.516489,0.000713967,49.952084,19.516489,0.0005503495,,,,,,,,,,,,,,,,,,,,,,,,,,,,,,,,,,,,,,,,,,,,,,,,,,,,,,,,,,,,,49.952084,19.516489,0.11411694,49.952084,19.516489,-0.3734733,,,,,,,,,,,,,,,,,49.952084,19.606426,-0.013707795,49.952084,19.606426,-0.009856633,,,,,,,,,,,,,,,,,,,,,,,,,,,,,49.952084,19.606426,1.0000001e-07,49.952084,19.606426,7.0,,,,,,,
49.952084,19.546469,0.0008924587,49.952084,19.546469,0.0006098467,,,,,,,,,,,,,,,,,,,,,,,,,,,,,,,,,,,,,,,,,,,,,,,,,,,,,,,,,,,,,49.952084,19.546469,0.69779277,49.952084,19.546469,-0.17588419,,,,,,,,,,,,,,,,,49.952084,19.636406,-0.0020743161,49.952084,19.636406,-0.0047659036,,,,,,,,,,,,,,,,,,,,,,,,,,,,,49.952084,19.636406,1.0000001e-07,49.952084,19.636406,7.0,,,,,,,
49.952084,19.576447,0.0008329614,49.952084,19.576447,0.00071396696,,,,,,,,,,,,,,,,,,,,,,,,,,,,,,,,,,,,,,,,,,,,,,,,,,,,,,,,,,,,,49.952084,19.576447,0.5116442,49.952084,19.576447,0.22584105,,,,,,,,,,,,,,,,,49.952084,19.666386,-0.0055836234,49.952084,19.666386,0.007938336,,,,,,,,,,,,,,,,,,,,,,,,,,,,,49.952084,19.666386,1.0000001e-07,49.952084,19.666386,7.0,,,,,,,
49.952084,19.606426,0.0006395953,49.952084,19.606426,0.0005949724,,,,,,,,,,,,,,,,,,,,,,,,,,,,,,,,,,,,,,,,,,,,,,,,,,,,,,,,,,,,,49.952084,19.606426,-0.1295796,49.952084,19.606426,-0.21277225,,,,,,,,,,,,,,,,,49.952084,19.696365,0.0062547084,49.952084,19.696365,-0.0025678342,,,,,,,,,,,,,,,,,,,,,,,,,,,,,49.952084,19.696365,1.0000001e-07,49.952084,19.696365,7.0,,,,,,,
49.952084,19.636406,0.0007734642,49.952084,19.636406,0.0005800982,,,,,,,,,,,,,,,,,,,,,,,,,,,,,,,,,,,,,,,,,,,,,,,,,,,,,,,,,,,,,49.952084,19.636406,0.28933796,49.952084,19.636406,-0.24448368,,,,,,,,,,,,,,,,,49.952084,19.726343,-0.0051690424,49.952084,19.726343,0.008892379,,,,,,,,,,,,,,,,,,,,,,,,,,,,,49.952084,19.726343,1.0000001e-07,49.952084,19.726343,7.0,,,,,,,
49.952084,19.666386,0.00068421825,49.952084,19.666386,0.00086271006,,,,,,,,,,,,,,,,,,,,,,,,,,,,,,,,,,,,,,,,,,,,,,,,,,,,,,,,,,,,,49.952084,19.666386,-0.00070366595,49.952084,19.666386,0.6660253,,,,,,,,,,,,,,,,,49.952084,19.756323,0.02069402,49.952084,19.756323,-0.004632816,,,,,,,,,,,,,,,,,,,,,,,,,,,,,49.952084,19.756323,1.0000001e-07,49.952084,19.756323,7.0,,,,,,,
49.952084,19.696365,0.0008478358,49.952084,19.696365,0.00065446965,,,,,,,,,,,,,,,,,,,,,,,,,,,,,,,,,,,,,,,,,,,,,,,,,,,,,,,,,,,,,49.952084,19.696365,0.5241898,49.952084,19.696365,0.019227346,,,,,,,,,,,,,,,,,49.952084,19.786303,-0.008998936,49.952084,19.786303,-0.00040591095,,,,,,,,,,,,,,,,,,,,,,,,,,,,,49.952084,19.786303,1.0000001e-07,49.952084,19.786303,7.0,,,,,,,
49.952084,19.726343,0.00065446965,49.952084,19.726343,0.00080321287,,,,,,,,,,,,,,,,,,,,,,,,,,,,,,,,,,,,,,,,,,,,,,,,,,,,,,,,,,,,,49.952084,19.726343,-0.08019619,49.952084,19.726343,0.48477474,,,,,,,,,,,,,,,,,49.952084,19.816282,-0.0032387488,49.952084,19.816282,-0.012830121,,,,,,,,,,,,,,,,,,,,,,,,,,,,,49.952084,19.816282,1.0000001e-07,49.952084,19.816282,7.0,,,,,,,
49.952084,19.756323,0.0009519559,49.952084,19.756323,0.00068421836,,,,,,,,,,,,,,,,,,,,,,,,,,,,,,,,,,,,,,,,,,,,,,,,,,,,,,,,,,,,,49.952084,19.756323,0.88352174,49.952084,19.756323,0.095370874,,,,,,,,,,,,,,,,,49.952084,19.84626,-0.00957561,49.952084,19.84626,-0.007310862,,,,,,,,,,,,,,,,,,,,,,,,,,,,,49.952084,19.84626,1.0000001e-07,49.952084,19.84626,7.0,,,,,,,
49.952084,19.786303,0.0007139669,49.952084,19.786303,0.0006544697,,,,,,,,,,,,,,,,,,,,,,,,,,,,,,,,,,,,,,,,,,,,,,,,,,,,,,,,,,,,,49.952084,19.786303,0.10515857,49.952084,19.786303,0.0021042163,,,,,,,,,,,,,,,,,49.952084,19.87624,0.016226666,49.952084,19.87624,0.023263402,,,,,,,,,,,,,,,,,,,,,,,,,,,,,49.952084,19.87624,1.0000001e-07,49.952084,19.87624,7.0,,,,,,,
49.952084,19.816282,0.0007437156,49.952084,19.816282,0.0006098468,,,,,,,,,,,,,,,,,,,,,,,,,,,,,,,,,,,,,,,,,,,,,,,,,,,,,,,,,,,,,49.952084,19.816282,0.16087694,49.952084,19.816282,-0.11751339,,,,,,,,,,,,,,,,,49.952084,19.90622,-0.0194815,49.952084,19.90622,-0.004888879,,,,,,,,,,,,,,,,,,,,,,,,,,,,,49.952084,19.90622,1.0000001e-07,49.952084,19.90622,7.0,,,,,,,
49.952084,19.84626,0.0005949724,49.952084,19.84626,0.00065446965,,,,,,,,,,,,,,,,,,,,,,,,,,,,,,,,,,,,,,,,,,,,,,,,,,,,,,,,,,,,,49.952084,19.84626,-0.27272522,49.952084,19.84626,0.003894743,,,,,,,,,,,,,,,,,49.952084,19.9362,-8.5252235e-05,49.952084,19.9362,-0.0100264335,,,,,,,,,,,,,,,,,,,,,,,,,,,,,49.952084,19.9362,1.0000001e-07,49.952084,19.9362,7.0,,,,,,,
49.952084,19.87624,0.00093708164,49.952084,19.87624,0.00093708164,,,,,,,,,,,,,,,,,,,,,,,,,,,,,,,,,,,,,,,,,,,,,,,,,,,,,,,,,,,,,49.952084,19.87624,0.8668908,49.952084,19.87624,0.91383404,,,,,,,,,,,,,,,,,49.952084,19.966177,-0.0027318513,49.952084,19.966177,0.008616135,,,,,,,,,,,,,,,,,,,,,,,,,,,,,49.952084,19.966177,1.0000001e-07,49.952084,19.966177,7.0,,,,,,,
49.952084,19.90622,0.0005800982,49.952084,19.90622,0.00058009813,,,,,,,,,,,,,,,,,,,,,,,,,,,,,,,,,,,,,,,,,,,,,,,,,,,,,,,,,,,,,49.952084,19.90622,-0.34646383,49.952084,19.90622,-0.28696764,,,,,,,,,,,,,,,,,49.952084,19.996157,-0.00022341145,49.952084,19.996157,0.0065806713,,,,,,,,,,,,,,,,,,,,,,,,,,,,,49.952084,19.996157,1.0000001e-07,49.952084,19.996157,7.0,,,,,,,
49.952084,19.9362,0.0007437155,49.952084,19.9362,0.00062472105,,,,,,,,,,,,,,,,,,,,,,,,,,,,,,,,,,,,,,,,,,,,,,,,,,,,,,,,,,,,,49.952084,19.9362,0.2164713,49.952084,19.9362,-0.106053755,,,,,,,,,,,,,,,,,,,,,,,,,,,,,,,,,,,,,,,,,,,,,,,,,,,,,,,,,,,,,,,
49.952084,19.966177,0.00072884123,49.952084,19.966177,0.0007585899,,,,,,,,,,,,,,,,,,,,,,,,,,,,,,,,,,,,,,,,,,,,,,,,,,,,,,,,,,,,,49.952084,19.966177,0.13723797,49.952084,19.966177,0.33755317,,,,,,,,,,,,,,,,,,,,,,,,,,,,,,,,,,,,,,,,,,,,,,,,,,,,,,,,,,,,,,,
49.952084,19.996157,0.0007139669,49.952084,19.996157,0.0007883385,,,,,,,,,,,,,,,,,,,,,,,,,,,,,,,,,,,,,,,,,,,,,,,,,,,,,,,,,,,,,49.952084,19.996157,0.0953209,49.952084,19.996157,0.4464313,,,,,,,,,,,,,,,,,,,,,,,,,,,,,,,,,,,,,,,,,,,,,,,,,,,,,,,,,,,,,,,
49.952084,20.026136,0.00077346415,49.952084,20.026136,0.0008478358,,,,,,,,,,,,,,,,,,,,,,,,,,,,,,,,,,,,,,,,,,,,,,,,,,,,,,,,,,,,,49.952084,20.026136,0.2945341,49.952084,20.026136,0.6063654,,,,,,,,,,,,,,,,,,,,,,,,,,,,,,,,,,,,,,,,,,,,,,,,,,,,,,,,,,,,,,,
49.952084,20.056116,0.0007288412,49.952084,20.056116,0.0007585899,,,,,,,,,,,,,,,,,,,,,,,,,,,,,,,,,,,,,,,,,,,,,,,,,,,,,,,,,,,,,49.952084,20.056116,0.20999427,49.952084,20.056116,0.37471756,,,,,,,,,,,,,,,,,,,,,,,,,,,,,,,,,,,,,,,,,,,,,,,,,,,,,,,,,,,,,,,
49.952084,20.086094,0.00087758445,49.952084,20.086094,0.0007139669,,,,,,,,,,,,,,,,,,,,,,,,,,,,,,,,,,,,,,,,,,,,,,,,,,,,,,,,,,,,,49.952084,20.086094,0.67055374,49.952084,20.086094,0.18369791,,,,,,,,,,,,,,,,,,,,,,,,,,,,,,,,,,,,,,,,,,,,,,,,,,,,,,,,,,,,,,,
49.952084,20.116074,0.00072884123,49.952084,20.116074,0.0007437155,,,,,,,,,,,,,,,,,,,,,,,,,,,,,,,,,,,,,,,,,,,,,,,,,,,,,,,,,,,,,49.952084,20.116074,0.1872519,49.952084,20.116074,0.25950685,,,,,,,,,,,,,,,,,,,,,,,,,,,,,,,,,,,,,,,,,,,,,,,,,,,,,,,,,,,,,,,
49.952084,20.146053,0.00062472105,49.952084,20.146053,0.00075858994,,,,,,,,,,,,,,,,,,,,,,,,,,,,,,,,,,,,,,,,,,,,,,,,,,,,,,,,,,,,,49.952084,20.146053,-0.21327205,49.952084,20.146053,0.31858692,,,,,,,,,,,,,,,,,,,,,,,,,,,,,,,,,,,,,,,,,,,,,,,,,,,,,,,,,,,,,,,
49.952084,20.176033,0.00087758445,49.952084,20.176033,0.0006395954,,,,,,,,,,,,,,,,,,,,,,,,,,,,,,,,,,,,,,,,,,,,,,,,,,,,,,,,,,,,,49.952084,20.176033,0.65708745,49.952084,20.176033,-0.041151114,,,,,,,,,,,,,,,,,,,,,,,,,,,,,,,,,,,,,,,,,,,,,,,,,,,,,,,,,,,,,,,
49.952084,20.20601,0.00086271006,49.952084,20.20601,0.0004462293,,,,,,,,,,,,,,,,,,,,,,,,,,,,,,,,,,,,,,,,,,,,,,,,,,,,,,,,,,,,,49.952084,20.20601,0.63934076,49.952084,20.20601,-0.6596143,,,,,,,,,,,,,,,,,,,,,,,,,,,,,,,,,,,,,,,,,,,,,,,,,,,,,,,,,,,,,,,
49.952084,20.23599,0.0009817046,49.952084,20.23599,0.00087758445,,,,,,,,,,,,,,,,,,,,,,,,,,,,,,,,,,,,,,,,,,,,,,,,,,,,,,,,,,,,,49.952084,20.23599,1.0158395,49.952084,20.23599,0.72416353,,,,,,,,,,,,,,,,,,,,,,,,,,,,,,,,,,,,,,,,,,,,,,,,,,,,,,,,,,,,,,,
49.952084,20.26597,0.0009222073,49.952084,20.26597,0.0006395953,,,,,,,,,,,,,,,,,,,,,,,,,,,,,,,,,,,,,,,,,,,,,,,,,,,,,,,,,,,,,49.952084,20.26597,0.8139191,49.952084,20.26597,-0.03279569,,,,,,,,,,,,,,,,,,,,,,,,,,,,,,,,,,,,,,,,,,,,,,,,,,,,,,,,,,,,,,,
49.952084,20.29595,0.00065446965,49.952084,20.29595,0.00052060094,,,,,,,,,,,,,,,,,,,,,,,,,,,,,,,,,,,,,,,,,,,,,,,,,,,,,,,,,,,,,49.952084,20.29595,-0.087334886,49.952084,20.29595,-0.42660984,,,,,,,,,,,,,,,,,,,,,,,,,,,,,,,,,,,,,,,,,,,,,,,,,,,,,,,,,,,,,,,
49.952084,20.325928,0.00068421825,49.952084,20.325928,0.000713967,,,,,,,,,,,,,,,,,,,,,,,,,,,,,,,,,,,,,,,,,,,,,,,,,,,,,,,,,,,,,49.952084,20.325928,0.033264644,49.952084,20.325928,0.17857409,,,,,,,,,,,,,,,,,,,,,,,,,,,,,,,,,,,,,,,,,,,,,,,,,,,,,,,,,,,,,,,
49.952084,20.355907,0.0009817046,49.952084,20.355907,0.0009668303,,,,,,,,,,,,,,,,,,,,,,,,,,,,,,,,,,,,,,,,,,,,,,,,,,,,,,,,,,,,,49.952084,20.355907,1.0169696,49.952084,20.355907,1.063509,,,,,,,,,,,,,,,,,,,,,,,,,,,,,,,,,,,,,,,,,,,,,,,,,,,,,,,,,,,,,,,
49.952084,20.385887,0.00083296146,49.952084,20.385887,0.00077346415,,,,,,,,,,,,,,,,,,,,,,,,,,,,,,,,,,,,,,,,,,,,,,,,,,,,,,,,,,,,,49.952084,20.385887,0.5213026,49.952084,20.385887,0.35386553,,,,,,,,,,,,,,,,,,,,,,,,,,,,,,,,,,,,,,,,,,,,,,,,,,,,,,,,,,,,,,,
49.952084,20.415867,0.00077346415,49.952084,20.415867,0.0005949725,,,,,,,,,,,,,,,,,,,,,,,,,,,,,,,,,,,,,,,,,,,,,,,,,,,,,,,,,,,,,49.952084,20.415867,0.31637982,49.952084,20.415867,-0.17291506,,,,,,,,,,,,,,,,,,,,,,,,,,,,,,,,,,,,,,,,,,,,,,,,,,,,,,,,,,,,,,,
49.952084,20.445845,0.00086271006,49.952084,20.445845,0.00072884123,,,,,,,,,,,,,,,,,,,,,,,,,,,,,,,,,,,,,,,,,,,,,,,,,,,,,,,,,,,,,49.952084,20.445845,0.5930005,49.952084,20.445845,0.23542558,,,,,,,,,,,,,,,,,,,,,,,,,,,,,,,,,,,,,,,,,,,,,,,,,,,,,,,,,,,,,,,
49.952084,20.475824,0.0009073329,49.952084,20.475824,0.0007734642,,,,,,,,,,,,,,,,,,,,,,,,,,,,,,,,,,,,,,,,,,,,,,,,,,,,,,,,,,,,,49.952084,20.475824,0.70316315,49.952084,20.475824,0.3987603,,,,,,,,,,,,,,,,,,,,,,,,,,,,,,,,,,,,,,,,,,,,,,,,,,,,,,,,,,,,,,,
49.952084,20.505804,0.0009817046,49.952084,20.505804,0.0005206009,,,,,,,,,,,,,,,,,,,,,,,,,,,,,,,,,,,,,,,,,,,,,,,,,,,,,,,,,,,,,49.952084,20.505804,1.0171028,49.952084,20.505804,-0.48225456,,,,,,,,,,,,,,,,,,,,,,,,,,,,,,,,,,,,,,,,,,,,,,,,,,,,,,,,,,,,,,,
49.952084,20.535784,0.0008924587,49.952084,20.535784,0.00066934404,,,,,,,,,,,,,,,,,,,,,,,,,,,,,,,,,,,,,,,,,,,,,,,,,,,,,,,,,,,,,49.952084,20.535784,0.71693015,49.952084,20.535784,0.04178609,,,,,,,,,,,,,,,,,,,,,,,,,,,,,,,,,,,,,,,,,,,,,,,,,,,,,,,,,,,,,,,
49.952084,20.565763,0.00080321275,49.952084,20.565763,0.00062472105,,,,,,,,,,,,,,,,,,,,,,,,,,,,,,,,,,,,,,,,,,,,,,,,,,,,,,,,,,,,,49.952084,20.565763,0.40642214,49.952084,20.565763,-0.12204141,,,,,,,,,,,,,,,,,,,,,,,,,,,,,,,,,,,,,,,,,,,,,,,,,,,,,,,,,,,,,,,
49.952084,20.595741,0.00058009813,49.952084,20.595741,0.0007437155,,,,,,,,,,,,,,,,,,,,,,,,,,,,,,,,,,,,,,,,,,,,,,,,,,,,,,,,,,,,,49.952084,20.595741,-0.3438524,49.952084,20.595741,0.2585498,,,,,,,,,,,,,,,,,,,,,,,,,,,,,,,,,,,,,,,,,,,,,,,,,,,,,,,,,,,,,,,
49.952084,20.625721,0.00084783573,49.952084,20.625721,0.000713967,,,,,,,,,,,,,,,,,,,,,,,,,,,,,,,,,,,,,,,,,,,,,,,,,,,,,,,,,,,,,49.952084,20.625721,0.5464753,49.952084,20.625721,0.19270678,,,,,,,,,,,,,,,,,,,,,,,,,,,,,,,,,,,,,,,,,,,,,,,,,,,,,,,,,,,,,,,
49.952084,20.6557,0.00062472105,49.952084,20.6557,0.000624721,,,,,,,,,,,,,,,,,,,,,,,,,,,,,,,,,,,,,,,,,,,,,,,,,,,,,,,,,,,,,49.952084,20.6557,-0.23528409,49.952084,20.6557,-0.117449015,,,,,,,,,,,,,,,,,,,,,,,,,,,,,,,,,,,,,,,,,,,,,,,,,,,,,,,,,,,,,,,
49.952084,20.68568,0.0007734642,49.952084,20.68568,0.00069909263,,,,,,,,,,,,,,,,,,,,,,,,,,,,,,,,,,,,,,,,,,,,,,,,,,,,,,,,,,,,,49.952084,20.68568,0.30005875,49.952084,20.68568,0.14939547,,,,,,,,,,,,,,,,,,,,,,,,,,,,,,,,,,,,,,,,,,,,,,,,,,,,,,,,,,,,,,,
49.952084,20.715658,0.0009668303,49.952084,20.715658,0.00050572655,,,,,,,,,,,,,,,,,,,,,,,,,,,,,,,,,,,,,,,,,,,,,,,,,,,,,,,,,,,,,49.952084,20.715658,0.9396229,49.952084,20.715658,-0.5066825,,,,,,,,,,,,,,,,,,,,,,,,,,,,,,,,,,,,,,,,,,,,,,,,,,,,,,,,,,,,,,,
49.952084,20.745638,0.00072884123,49.952084,20.745638,0.0006544697,,,,,,,,,,,,,,,,,,,,,,,,,,,,,,,,,,,,,,,,,,,,,,,,,,,,,,,,,,,,,49.952084,20.745638,0.10991156,49.952084,20.745638,0.006975015,,,,,,,,,,,,,,,,,,,,,,,,,,,,,,,,,,,,,,,,,,,,,,,,,,,,,,,,,,,,,,,
49.952084,20.775618,0.0007437156,49.952084,20.775618,0.0007139669,,,,,,,,,,,,,,,,,,,,,,,,,,,,,,,,,,,,,,,,,,,,,,,,,,,,,,,,,,,,,49.952084,20.775618,0.20981479,49.952084,20.775618,0.20692867,,,,,,,,,,,,,,,,,,,,,,,,,,,,,,,,,,,,,,,,,,,,,,,,,,,,,,,,,,,,,,,
49.952084,20.805597,0.00084783573,49.952084,20.805597,0.0006395954,,,,,,,,,,,,,,,,,,,,,,,,,,,,,,,,,,,,,,,,,,,,,,,,,,,,,,,,,,,,,49.952084,20.805597,0.56006503,49.952084,20.805597,-0.015756713,,,,,,,,,,,,,,,,,,,,,,,,,,,,,,,,,,,,,,,,,,,,,,,,,,,,,,,,,,,,,,,
49.952084,20.835575,0.0006395954,49.952084,20.835575,0.0006990926,,,,,,,,,,,,,,,,,,,,,,,,,,,,,,,,,,,,,,,,,,,,,,,,,,,,,,,,,,,,,49.952084,20.835575,-0.17159219,49.952084,20.835575,0.15711793,,,,,,,,,,,,,,,,,,,,,,,,,,,,,,,,,,,,,,,,,,,,,,,,,,,,,,,,,,,,,,,
49.952084,20.865555,0.00075858994,49.952084,20.865555,0.0007288413,,,,,,,,,,,,,,,,,,,,,,,,,,,,,,,,,,,,,,,,,,,,,,,,,,,,,,,,,,,,,49.952084,20.865555,0.21392699,49.952084,20.865555,0.23887843,,,,,,,,,,,,,,,,,,,,,,,,,,,,,,,,,,,,,,,,,,,,,,,,,,,,,,,,,,,,,,,
49.952084,20.895535,0.00075858994,49.952084,20.895535,0.0008180871,,,,,,,,,,,,,,,,,,,,,,,,,,,,,,,,,,,,,,,,,,,,,,,,,,,,,,,,,,,,,49.952084,20.895535,0.28686273,49.952084,20.895535,0.5286734,,,,,,,,,,,,,,,,,,,,,,,,,,,,,,,,,,,,,,,,,,,,,,,,,,,,,,,,,,,,,,,
49.952084,20.925514,0.00077346415,49.952084,20.925514,0.0006098467,,,,,,,,,,,,,,,,,,,,,,,,,,,,,,,,,,,,,,,,,,,,,,,,,,,,,,,,,,,,,49.952084,20.925514,0.2718104,49.952084,20.925514,-0.14765872,,,,,,,,,,,,,,,,,,,,,,,,,,,,,,,,,,,,,,,,,,,,,,,,,,,,,,,,,,,,,,,
49.952084,20.955492,0.0006098467,49.952084,20.955492,0.0005949724,,,,,,,,,,,,,,,,,,,,,,,,,,,,,,,,,,,,,,,,,,,,,,,,,,,,,,,,,,,,,49.952084,20.955492,-0.250511,49.952084,20.955492,-0.21873339,,,,,,,,,,,,,,,,,,,,,,,,,,,,,,,,,,,,,,,,,,,,,,,,,,,,,,,,,,,,,,,
49.952084,20.985472,0.0006842183,49.952084,20.985472,0.00083296135,,,,,,,,,,,,,,,,,,,,,,,,,,,,,,,,,,,,,,,,,,,,,,,,,,,,,,,,,,,,,49.952084,20.985472,0.030200975,49.952084,20.985472,0.5963256,,,,,,,,,,,,,,,,,,,,,,,,,,,,,,,,,,,,,,,,,,,,,,,,,,,,,,,,,,,,,,,
49.952084,21.015451,0.000713967,49.952084,21.015451,0.0007139669,,,,,,,,,,,,,,,,,,,,,,,,,,,,,,,,,,,,,,,,,,,,,,,,,,,,,,,,,,,,,49.952084,21.015451,0.14039163,49.952084,21.015451,0.20657982,,,,,,,,,,,,,,,,,,,,,,,,,,,,,,,,,,,,,,,,,,,,,,,,,,,,,,,,,,,,,,,
49.952084,21.045431,0.0010263275,49.952084,21.045431,0.00062472105,,,,,,,,,,,,,,,,,,,,,,,,,,,,,,,,,,,,,,,,,,,,,,,,,,,,,,,,,,,,,49.952084,21.045431,1.1499794,49.952084,21.045431,-0.0731293,,,,,,,,,,,,,,,,,,,,,,,,,,,,,,,,,,,,,,,,,,,,,,,,,,,,,,,,,,,,,,,
49.952084,21.075409,0.0005800982,49.952084,21.075409,0.0006395954,,,,,,,,,,,,,,,,,,,,,,,,,,,,,,,,,,,,,,,,,,,,,,,,,,,,,,,,,,,,,49.952084,21.075409,-0.35003135,49.952084,21.075409,-0.02963098,,,,,,,,,,,,,,,,,,,,,,,,,,,,,,,,,,,,,,,,,,,,,,,,,,,,,,,,,,,,,,,
49.952084,21.105389,0.0006098467,49.952084,21.105389,0.0008180871,,,,,,,,,,,,,,,,,,,,,,,,,,,,,,,,,,,,,,,,,,,,,,,,,,,,,,,,,,,,,49.952084,21.105389,-0.24465357,49.952084,21.105389,0.5371847,,,,,,,,,,,,,,,,,,,,,,,,,,,,,,,,,,,,,,,,,,,,,,,,,,,,,,,,,,,,,,,
49.952084,21.135368,0.0005652238,49.952084,21.135368,0.0006098467,,,,,,,,,,,,,,,,,,,,,,,,,,,,,,,,,,,,,,,,,,,,,,,,,,,,,,,,,,,,,49.952084,21.135368,-0.3894068,49.952084,21.135368,-0.1443003,,,,,,,,,,,,,,,,,,,,,,,,,,,,,,,,,,,,,,,,,,,,,,,,,,,,,,,,,,,,,,,
49.952084,21.165348,0.00080321287,49.952084,21.165348,0.00069909263,,,,,,,,,,,,,,,,,,,,,,,,,,,,,,,,,,,,,,,,,,,,,,,,,,,,,,,,,,,,,49.952084,21.165348,0.3895098,49.952084,21.165348,0.14246808,,,,,,,,,,,,,,,,,,,,,,,,,,,,,,,,,,,,,,,,,,,,,,,,,,,,,,,,,,,,,,,
49.952084,21.195326,0.00074371556,49.952084,21.195326,0.0005652238,,,,,,,,,,,,,,,,,,,,,,,,,,,,,,,,,,,,,,,,,,,,,,,,,,,,,,,,,,,,,49.952084,21.195326,0.18725371,49.952084,21.195326,-0.3050668,,,,,,,,,,,,,,,,,,,,,,,,,,,,,,,,,,,,,,,,,,,,,,,,,,,,,,,,,,,,,,,
49.952084,21.225306,0.00080321275,49.952084,21.225306,0.00084783573,,,,,,,,,,,,,,,,,,,,,,,,,,,,,,,,,,,,,,,,,,,,,,,,,,,,,,,,,,,,,49.952084,21.225306,0.38260528,49.952084,21.225306,0.636823,,,,,,,,,,,,,,,,,,,,,,,,,,,,,,,,,,,,,,,,,,,,,,,,,,,,,,,,,,,,,,,
49.952084,21.255285,0.00086271006,49.952084,21.255285,0.00050572655,,,,,,,,,,,,,,,,,,,,,,,,,,,,,,,,,,,,,,,,,,,,,,,,,,,,,,,,,,,,,49.952084,21.255285,0.620148,49.952084,21.255285,-0.50222164,,,,,,,,,,,,,,,,,,,,,,,,,,,,,,,,,,,,,,,,,,,,,,,,,,,,,,,,,,,,,,,
49.952084,21.285265,0.0009222072,49.952084,21.285265,0.00066934404,,,,,,,,,,,,,,,,,,,,,,,,,,,,,,,,,,,,,,,,,,,,,,,,,,,,,,,,,,,,,49.952084,21.285265,0.7797057,49.952084,21.285265,0.070361115,,,,,,,,,,,,,,,,,,,,,,,,,,,,,,,,,,,,,,,,,,,,,,,,,,,,,,,,,,,,,,,
49.952084,21.315243,0.0008032128,49.952084,21.315243,0.0006247211,,,,,,,,,,,,,,,,,,,,,,,,,,,,,,,,,,,,,,,,,,,,,,,,,,,,,,,,,,,,,49.952084,21.315243,0.43961275,49.952084,21.315243,-0.096843846,,,,,,,,,,,,,,,,,,,,,,,,,,,,,,,,,,,,,,,,,,,,,,,,,,,,,,,,,,,,,,,
49.952084,21.345222,0.0007734643,49.952084,21.345222,0.0005503495,,,,,,,,,,,,,,,,,,,,,,,,,,,,,,,,,,,,,,,,,,,,,,,,,,,,,,,,,,,,,49.952084,21.345222,0.3045375,49.952084,21.345222,-0.34507203,,,,,,,,,,,,,,,,,,,,,,,,,,,,,,,,,,,,,,,,,,,,,,,,,,,,,,,,,,,,,,,
49.952084,21.375202,0.0007585899,49.952084,21.375202,0.0007734641,,,,,,,,,,,,,,,,,,,,,,,,,,,,,,,,,,,,,,,,,,,,,,,,,,,,,,,,,,,,,49.952084,21.375202,0.25251096,49.952084,21.375202,0.37572172,,,,,,,,,,,,,,,,,,,,,,,,,,,,,,,,,,,,,,,,,,,,,,,,,,,,,,,,,,,,,,,
49.952084,21.405182,0.0005800982,49.952084,21.405182,0.00072884123,,,,,,,,,,,,,,,,,,,,,,,,,,,,,,,,,,,,,,,,,,,,,,,,,,,,,,,,,,,,,49.952084,21.405182,-0.35034478,49.952084,21.405182,0.23565218,,,,,,,,,,,,,,,,,,,,,,,,,,,,,,,,,,,,,,,,,,,,,,,,,,,,,,,,,,,,,,,
49.952084,21.435162,0.00093708164,49.952084,21.435162,0.0006842183,,,,,,,,,,,,,,,,,,,,,,,,,,,,,,,,,,,,,,,,,,,,,,,,,,,,,,,,,,,,,49.952084,21.435162,0.86848474,49.952084,21.435162,0.09697643,,,,,,,,,,,,,,,,,,,,,,,,,,,,,,,,,,,,,,,,,,,,,,,,,,,,,,,,,,,,,,,
49.952084,21.46514,0.0006395954,49.952084,21.46514,0.00059497246,,,,,,,,,,,,,,,,,,,,,,,,,,,,,,,,,,,,,,,,,,,,,,,,,,,,,,,,,,,,,49.952084,21.46514,-0.162249,49.952084,21.46514,-0.19645786,,,,,,,,,,,,,,,,,,,,,,,,,,,,,,,,,,,,,,,,,,,,,,,,,,,,,,,,,,,,,,,
49.952084,21.49512,0.0006842183,49.952084,21.49512,0.00065446965,,,,,,,,,,,,,,,,,,,,,,,,,,,,,,,,,,,,,,,,,,,,,,,,,,,,,,,,,,,,,49.952084,21.49512,-0.0035179125,49.952084,21.49512,-0.007730762,,,,,,,,,,,,,,,,,,,,,,,,,,,,,,,,,,,,,,,,,,,,,,,,,,,,,,,,,,,,,,,
49.952084,21.525099,0.0009668303,49.952084,21.525099,0.00066934404,,,,,,,,,,,,,,,,,,,,,,,,,,,,,,,,,,,,,,,,,,,,,,,,,,,,,,,,,,,,,49.952084,21.525099,0.9370523,49.952084,21.525099,0.07184186,,,,,,,,,,,,,,,,,,,,,,,,,,,,,,,,,,,,,,,,,,,,,,,,,,,,,,,,,,,,,,,
49.952084,21.555079,0.00086271006,49.952084,21.555079,0.0005949724,,,,,,,,,,,,,,,,,,,,,,,,,,,,,,,,,,,,,,,,,,,,,,,,,,,,,,,,,,,,,49.952084,21.555079,0.58506805,49.952084,21.555079,-0.21503693,,,,,,,,,,,,,,,,,,,,,,,,,,,,,,,,,,,,,,,,,,,,,,,,,,,,,,,,,,,,,,,
49.952084,21.585056,0.0005503495,49.952084,21.585056,0.00071396696,,,,,,,,,,,,,,,,,,,,,,,,,,,,,,,,,,,,,,,,,,,,,,,,,,,,,,,,,,,,,49.952084,21.585056,-0.42258087,49.952084,21.585056,0.18097085,,,,,,,,,,,,,,,,,,,,,,,,,,,,,,,,,,,,,,,,,,,,,,,,,,,,,,,,,,,,,,,
49.952084,21.615036,0.0007139669,49.952084,21.615036,0.0010858248,,,,,,,,,,,,,,,,,,,,,,,,,,,,,,,,,,,,,,,,,,,,,,,,,,,,,,,,,,,,,49.952084,21.615036,0.11852458,49.952084,21.615036,1.3760517,,,,,,,,,,,,,,,,,,,,,,,,,,,,,,,,,,,,,,,,,,,,,,,,,,,,,,,,,,,,,,,
49.952084,21.645016,0.0005503495,49.952084,21.645016,0.00062472105,,,,,,,,,,,,,,,,,,,,,,,,,,,,,,,,,,,,,,,,,,,,,,,,,,,,,,,,,,,,,49.952084,21.645016,-0.44395053,49.952084,21.645016,-0.108423226,,,,,,,,,,,,,,,,,,,,,,,,,,,,,,,,,,,,,,,,,,,,,,,,,,,,,,,,,,,,,,,
49.952084,21.674995,0.00077346415,49.952084,21.674995,0.0007288413,,,,,,,,,,,,,,,,,,,,,,,,,,,,,,,,,,,,,,,,,,,,,,,,,,,,,,,,,,,,,49.952084,21.674995,0.30396214,49.952084,21.674995,0.23413838,,,,,,,,,,,,,,,,,,,,,,,,,,,,,,,,,,,,,,,,,,,,,,,,,,,,,,,,,,,,,,,
49.952084,21.704973,0.00083296146,49.952084,21.704973,0.0007585899,,,,,,,,,,,,,,,,,,,,,,,,,,,,,,,,,,,,,,,,,,,,,,,,,,,,,,,,,,,,,49.952084,21.704973,0.5111235,49.952084,21.704973,0.35478175,,,,,,,,,,,,,,,,,,,,,,,,,,,,,,,,,,,,,,,,,,,,,,,,,,,,,,,,,,,,,,,
49.952084,21.734953,0.0007883385,49.952084,21.734953,0.00062472105,,,,,,,,,,,,,,,,,,,,,,,,,,,,,,,,,,,,,,,,,,,,,,,,,,,,,,,,,,,,,49.952084,21.734953,0.32540256,49.952084,21.734953,-0.109600544,,,,,,,,,,,,,,,,,,,,,,,,,,,,,,,,,,,,,,,,,,,,,,,,,,,,,,,,,,,,,,,
49.952084,21.764933,0.00086271006,49.952084,21.764933,0.0008478358,,,,,,,,,,,,,,,,,,,,,,,,,,,,,,,,,,,,,,,,,,,,,,,,,,,,,,,,,,,,,49.952084,21.764933,0.56418836,49.952084,21.764933,0.6520654,,,,,,,,,,,,,,,,,,,,,,,,,,,,,,,,,,,,,,,,,,,,,,,,,,,,,,,,,,,,,,,
49.952084,21.794912,0.0007883384,49.952084,21.794912,0.0006098468,,,,,,,,,,,,,,,,,,,,,,,,,,,,,,,,,,,,,,,,,,,,,,,,,,,,,,,,,,,,,49.952084,21.794912,0.31772435,49.952084,21.794912,-0.12292608,,,,,,,,,,,,,,,,,,,,,,,,,,,,,,,,,,,,,,,,,,,,,,,,,,,,,,,,,,,,,,,
49.952084,21.82489,0.00087758445,49.952084,21.82489,0.0007585899,,,,,,,,,,,,,,,,,,,,,,,,,,,,,,,,,,,,,,,,,,,,,,,,,,,,,,,,,,,,,49.952084,21.82489,0.6464136,49.952084,21.82489,0.34601894,,,,,,,,,,,,,,,,,,,,,,,,,,,,,,,,,,,,,,,,,,,,,,,,,,,,,,,,,,,,,,,
49.952084,21.85487,0.00071396696,49.952084,21.85487,0.0007139669,,,,,,,,,,,,,,,,,,,,,,,,,,,,,,,,,,,,,,,,,,,,,,,,,,,,,,,,,,,,,49.952084,21.85487,0.10448555,49.952084,21.85487,0.20393962,,,,,,,,,,,,,,,,,,,,,,,,,,,,,,,,,,,,,,,,,,,,,,,,,,,,,,,,,,,,,,,
49.952084,21.88485,0.0008180871,49.952084,21.88485,0.00062472105,,,,,,,,,,,,,,,,,,,,,,,,,,,,,,,,,,,,,,,,,,,,,,,,,,,,,,,,,,,,,49.952084,21.88485,0.49363464,49.952084,21.88485,-0.095093094,,,,,,,,,,,,,,,,,,,,,,,,,,,,,,,,,,,,,,,,,,,,,,,,,,,,,,,,,,,,,,,
49.952084,21.91483,0.0005354752,49.952084,21.91483,0.0007437155,,,,,,,,,,,,,,,,,,,,,,,,,,,,,,,,,,,,,,,,,,,,,,,,,,,,,,,,,,,,,49.952084,21.91483,-0.47477877,49.952084,21.91483,0.32503197,,,,,,,,,,,,,,,,,,,,,,,,,,,,,,,,,,,,,,,,,,,,,,,,,,,,,,,,,,,,,,,
49.952084,21.944807,0.00086271006,49.952084,21.944807,0.0008478358,,,,,,,,,,,,,,,,,,,,,,,,,,,,,,,,,,,,,,,,,,,,,,,,,,,,,,,,,,,,,49.952084,21.944807,0.59163177,49.952084,21.944807,0.6171046,,,,,,,,,,,,,,,,,,,,,,,,,,,,,,,,,,,,,,,,,,,,,,,,,,,,,,,,,,,,,,,
49.952084,21.974787,0.00071396696,49.952084,21.974787,0.0005800982,,,,,,,,,,,,,,,,,,,,,,,,,,,,,,,,,,,,,,,,,,,,,,,,,,,,,,,,,,,,,49.952084,21.974787,0.118968606,49.952084,21.974787,-0.2347045,,,,,,,,,,,,,,,,,,,,,,,,,,,,,,,,,,,,,,,,,,,,,,,,,,,,,,,,,,,,,,,
49.952084,22.004766,0.0006395953,49.952084,22.004766,0.00053547515,,,,,,,,,,,,,,,,,,,,,,,,,,,,,,,,,,,,,,,,,,,,,,,,,,,,,,,,,,,,,49.952084,22.004766,-0.18633413,49.952084,22.004766,-0.42037508,,,,,,,,,,,,,,,,,,,,,,,,,,,,,,,,,,,,,,,,,,,,,,,,,,,,,,,,,,,,,,,
49.952084,22.034746,0.0009222073,49.952084,22.034746,0.000713967,,,,,,,,,,,,,,,,,,,,,,,,,,,,,,,,,,,,,,,,,,,,,,,,,,,,,,,,,,,,,49.952084,22.034746,0.8372244,49.952084,22.034746,0.18618077,,,,,,,,,,,,,,,,,,,,,,,,,,,,,,,,,,,,,,,,,,,,,,,,,,,,,,,,,,,,,,,
49.952084,22.064724,0.00074371556,49.952084,22.064724,0.0007585899,,,,,,,,,,,,,,,,,,,,,,,,,,,,,,,,,,,,,,,,,,,,,,,,,,,,,,,,,,,,,49.952084,22.064724,0.2077077,49.952084,22.064724,0.3510429,,,,,,,,,,,,,,,,,,,,,,,,,,,,,,,,,,,,,,,,,,,,,,,,,,,,,,,,,,,,,,,
49.952084,22.094704,0.0006990925,49.952084,22.094704,0.00069909263,,,,,,,,,,,,,,,,,,,,,,,,,,,,,,,,,,,,,,,,,,,,,,,,,,,,,,,,,,,,,49.952084,22.094704,0.043119173,49.952084,22.094704,0.1186156,,,,,,,,,,,,,,,,,,,,,,,,,,,,,,,,,,,,,,,,,,,,,,,,,,,,,,,,,,,,,,,
49.952084,22.124683,0.00058009813,49.952084,22.124683,0.00068421836,,,,,,,,,,,,,,,,,,,,,,,,,,,,,,,,,,,,,,,,,,,,,,,,,,,,,,,,,,,,,49.952084,22.124683,-0.3250903,49.952084,22.124683,0.10104741,,,,,,,,,,,,,,,,,,,,,,,,,,,,,,,,,,,,,,,,,,,,,,,,,,,,,,,,,,,,,,,
49.952084,22.154663,0.0007585899,49.952084,22.154663,0.00059497246,,,,,,,,,,,,,,,,,,,,,,,,,,,,,,,,,,,,,,,,,,,,,,,,,,,,,,,,,,,,,49.952084,22.154663,0.24285156,49.952084,22.154663,-0.1984273,,,,,,,,,,,,,,,,,,,,,,,,,,,,,,,,,,,,,,,,,,,,,,,,,,,,,,,,,,,,,,,
49.952084,22.184643,0.0007883385,49.952084,22.184643,0.0006395953,,,,,,,,,,,,,,,,,,,,,,,,,,,,,,,,,,,,,,,,,,,,,,,,,,,,,,,,,,,,,49.952084,22.184643,0.36516875,49.952084,22.184643,-0.051584702,,,,,,,,,,,,,,,,,,,,,,,,,,,,,,,,,,,,,,,,,,,,,,,,,,,,,,,,,,,,,,,
49.952084,22.21462,0.0008478358,49.952084,22.21462,0.00072884123,,,,,,,,,,,,,,,,,,,,,,,,,,,,,,,,,,,,,,,,,,,,,,,,,,,,,,,,,,,,,49.952084,22.21462,0.5418799,49.952084,22.21462,0.25455654,,,,,,,,,,,,,,,,,,,,,,,,,,,,,,,,,,,,,,,,,,,,,,,,,,,,,,,,,,,,,,,
49.952084,22.2446,0.0008032128,49.952084,22.2446,0.0006544697,,,,,,,,,,,,,,,,,,,,,,,,,,,,,,,,,,,,,,,,,,,,,,,,,,,,,,,,,,,,,49.952084,22.2446,0.4404495,49.952084,22.2446,0.022062646,,,,,,,,,,,,,,,,,,,,,,,,,,,,,,,,,,,,,,,,,,,,,,,,,,,,,,,,,,,,,,,
49.952084,22.27458,0.000713967,49.952084,22.27458,0.00062472105,,,,,,,,,,,,,,,,,,,,,,,,,,,,,,,,,,,,,,,,,,,,,,,,,,,,,,,,,,,,,49.952084,22.27458,0.09467713,49.952084,22.27458,-0.077482745,,,,,,,,,,,,,,,,,,,,,,,,,,,,,,,,,,,,,,,,,,,,,,,,,,,,,,,,,,,,,,,
49.952084,22.30456,0.00069909263,49.952084,22.30456,0.0007585899,,,,,,,,,,,,,,,,,,,,,,,,,,,,,,,,,,,,,,,,,,,,,,,,,,,,,,,,,,,,,49.952084,22.30456,0.05254464,49.952084,22.30456,0.35166624,,,,,,,,,,,,,,,,,,,,,,,,,,,,,,,,,,,,,,,,,,,,,,,,,,,,,,,,,,,,,,,
49.952084,22.334538,0.0009817046,49.952084,22.334538,0.00062472105,,,,,,,,,,,,,,,,,,,,,,,,,,,,,,,,,,,,,,,,,,,,,,,,,,,,,,,,,,,,,49.952084,22.334538,0.9995811,49.952084,22.334538,-0.08102679,,,,,,,,,,,,,,,,,,,,,,,,,,,,,,,,,,,,,,,,,,,,,,,,,,,,,,,,,,,,,,,
49.952084,22.364517,0.00084783573,49.952084,22.364517,0.0005949724,,,,,,,,,,,,,,,,,,,,,,,,,,,,,,,,,,,,,,,,,,,,,,,,,,,,,,,,,,,,,49.952084,22.364517,0.51730937,49.952084,22.364517,-0.18591209,,,,,,,,,,,,,,,,,,,,,,,,,,,,,,,,,,,,,,,,,,,,,,,,,,,,,,,,,,,,,,,
49.952084,22.394497,0.0007883385,49.952084,22.394497,0.0006544697,,,,,,,,,,,,,,,,,,,,,,,,,,,,,,,,,,,,,,,,,,,,,,,,,,,,,,,,,,,,,49.952084,22.394497,0.34735996,49.952084,22.394497,-0.010135617,,,,,,,,,,,,,,,,,,,,,,,,,,,,,,,,,,,,,,,,,,,,,,,,,,,,,,,,,,,,,,,
49.952084,22.424477,0.0007139669,49.952084,22.424477,0.00066934404,,,,,,,,,,,,,,,,,,,,,,,,,,,,,,,,,,,,,,,,,,,,,,,,,,,,,,,,,,,,,49.952084,22.424477,0.114107676,49.952084,22.424477,0.022714423,,,,,,,,,,,,,,,,,,,,,,,,,,,,,,,,,,,,,,,,,,,,,,,,,,,,,,,,,,,,,,,
49.952084,22.454454,0.00059497246,49.952084,22.454454,0.00058009813,,,,,,,,,,,,,,,,,,,,,,,,,,,,,,,,,,,,,,,,,,,,,,,,,,,,,,,,,,,,,49.952084,22.454454,-0.29211992,49.952084,22.454454,-0.25753826,,,,,,,,,,,,,,,,,,,,,,,,,,,,,,,,,,,,,,,,,,,,,,,,,,,,,,,,,,,,,,,
49.952084,22.484434,0.00068421825,49.952084,22.484434,0.0006098468,,,,,,,,,,,,,,,,,,,,,,,,,,,,,,,,,,,,,,,,,,,,,,,,,,,,,,,,,,,,,49.952084,22.484434,-0.007886615,49.952084,22.484434,-0.16483411,,,,,,,,,,,,,,,,,,,,,,,,,,,,,,,,,,,,,,,,,,,,,,,,,,,,,,,,,,,,,,,
49.952084,22.514414,0.0008032128,49.952084,22.514414,0.0005800982,,,,,,,,,,,,,,,,,,,,,,,,,,,,,,,,,,,,,,,,,,,,,,,,,,,,,,,,,,,,,49.952084,22.514414,0.39480895,49.952084,22.514414,-0.24658844,,,,,,,,,,,,,,,,,,,,,,,,,,,,,,,,,,,,,,,,,,,,,,,,,,,,,,,,,,,,,,,
49.952084,22.544394,0.0007734642,49.952084,22.544394,0.00066934404,,,,,,,,,,,,,,,,,,,,,,,,,,,,,,,,,,,,,,,,,,,,,,,,,,,,,,,,,,,,,49.952084,22.544394,0.29371464,49.952084,22.544394,0.030612178,,,,,,,,,,,,,,,,,,,,,,,,,,,,,,,,,,,,,,,,,,,,,,,,,,,,,,,,,,,,,,,
49.952084,22.574371,0.00087758433,49.952084,22.574371,0.0007734641,,,,,,,,,,,,,,,,,,,,,,,,,,,,,,,,,,,,,,,,,,,,,,,,,,,,,,,,,,,,,49.952084,22.574371,0.6554767,49.952084,22.574371,0.39272332,,,,,,,,,,,,,,,,,,,,,,,,,,,,,,,,,,,,,,,,,,,,,,,,,,,,,,,,,,,,,,,
49.952084,22.604351,0.0007585899,49.952084,22.604351,0.00093708164,,,,,,,,,,,,,,,,,,,,,,,,,,,,,,,,,,,,,,,,,,,,,,,,,,,,,,,,,,,,,49.952084,22.604351,0.2395019,49.952084,22.604351,0.9440844,,,,,,,,,,,,,,,,,,,,,,,,,,,,,,,,,,,,,,,,,,,,,,,,,,,,,,,,,,,,,,,
49.952084,22.63433,0.00080321287,49.952084,22.63433,0.0006247211,,,,,,,,,,,,,,,,,,,,,,,,,,,,,,,,,,,,,,,,,,,,,,,,,,,,,,,,,,,,,49.952084,22.63433,0.41686985,49.952084,22.63433,-0.10218551,,,,,,,,,,,,,,,,,,,,,,,,,,,,,,,,,,,,,,,,,,,,,,,,,,,,,,,,,,,,,,,
49.952084,22.66431,0.00072884123,49.952084,22.66431,0.0007585899,,,,,,,,,,,,,,,,,,,,,,,,,,,,,,,,,,,,,,,,,,,,,,,,,,,,,,,,,,,,,49.952084,22.66431,0.13666815,49.952084,22.66431,0.3558299,,,,,,,,,,,,,,,,,,,,,,,,,,,,,,,,,,,,,,,,,,,,,,,,,,,,,,,,,,,,,,,
49.952084,22.694288,0.0006842183,49.952084,22.694288,0.0005949724,,,,,,,,,,,,,,,,,,,,,,,,,,,,,,,,,,,,,,,,,,,,,,,,,,,,,,,,,,,,,49.952084,22.694288,0.004638008,49.952084,22.694288,-0.21072395,,,,,,,,,,,,,,,,,,,,,,,,,,,,,,,,,,,,,,,,,,,,,,,,,,,,,,,,,,,,,,,
49.952084,22.724268,0.0007585899,49.952084,22.724268,0.0005800981,,,,,,,,,,,,,,,,,,,,,,,,,,,,,,,,,,,,,,,,,,,,,,,,,,,,,,,,,,,,,49.952084,22.724268,0.2491649,49.952084,22.724268,-0.2343998,,,,,,,,,,,,,,,,,,,,,,,,,,,,,,,,,,,,,,,,,,,,,,,,,,,,,,,,,,,,,,,
49.952084,22.754248,0.0007883385,49.952084,22.754248,0.0005652239,,,,,,,,,,,,,,,,,,,,,,,,,,,,,,,,,,,,,,,,,,,,,,,,,,,,,,,,,,,,,49.952084,22.754248,0.34593722,49.952084,22.754248,-0.3037728,,,,,,,,,,,,,,,,,,,,,,,,,,,,,,,,,,,,,,,,,,,,,,,,,,,,,,,,,,,,,,,
49.952084,22.784227,0.00074371556,49.952084,22.784227,0.00072884123,,,,,,,,,,,,,,,,,,,,,,,,,,,,,,,,,,,,,,,,,,,,,,,,,,,,,,,,,,,,,49.952084,22.784227,0.22395669,49.952084,22.784227,0.20758003,,,,,,,,,,,,,,,,,,,,,,,,,,,,,,,,,,,,,,,,,,,,,,,,,,,,,,,,,,,,,,,
49.952084,22.814205,0.000996579,49.952084,22.814205,0.00086271006,,,,,,,,,,,,,,,,,,,,,,,,,,,,,,,,,,,,,,,,,,,,,,,,,,,,,,,,,,,,,49.952084,22.814205,1.0475194,49.952084,22.814205,0.70234364,,,,,,,,,,,,,,,,,,,,,,,,,,,,,,,,,,,,,,,,,,,,,,,,,,,,,,,,,,,,,,,
49.952084,22.844185,0.0007585899,49.952084,22.844185,0.00062472105,,,,,,,,,,,,,,,,,,,,,,,,,,,,,,,,,,,,,,,,,,,,,,,,,,,,,,,,,,,,,49.952084,22.844185,0.2559181,49.952084,22.844185,-0.08560407,,,,,,,,,,,,,,,,,,,,,,,,,,,,,,,,,,,,,,,,,,,,,,,,,,,,,,,,,,,,,,,
49.952084,22.874165,0.00059497246,49.952084,22.874165,0.0006842183,,,,,,,,,,,,,,,,,,,,,,,,,,,,,,,,,,,,,,,,,,,,,,,,,,,,,,,,,,,,,49.952084,22.874165,-0.27420345,49.952084,22.874165,0.0963424,,,,,,,,,,,,,,,,,,,,,,,,,,,,,,,,,,,,,,,,,,,,,,,,,,,,,,,,,,,,,,,
49.952084,22.904144,0.0007734642,49.952084,22.904144,0.00069909263,,,,,,,,,,,,,,,,,,,,,,,,,,,,,,,,,,,,,,,,,,,,,,,,,,,,,,,,,,,,,49.952084,22.904144,0.29561266,49.952084,22.904144,0.12204877,,,,,,,,,,,,,,,,,,,,,,,,,,,,,,,,,,,,,,,,,,,,,,,,,,,,,,,,,,,,,,,
49.952084,22.934122,0.00072884123,49.952084,22.934122,0.00068421825,,,,,,,,,,,,,,,,,,,,,,,,,,,,,,,,,,,,,,,,,,,,,,,,,,,,,,,,,,,,,49.952084,22.934122,0.16649963,49.952084,22.934122,0.07686568,,,,,,,,,,,,,,,,,,,,,,,,,,,,,,,,,,,,,,,,,,,,,,,,,,,,,,,,,,,,,,,
49.952084,22.964102,0.00068421836,49.952084,22.964102,0.0007288412,,,,,,,,,,,,,,,,,,,,,,,,,,,,,,,,,,,,,,,,,,,,,,,,,,,,,,,,,,,,,49.952084,22.964102,0.008062022,49.952084,22.964102,0.25548637,,,,,,,,,,,,,,,,,,,,,,,,,,,,,,,,,,,,,,,,,,,,,,,,,,,,,,,,,,,,,,,
49.952084,22.994081,0.0009222073,49.952084,22.994081,0.00083296146,,,,,,,,,,,,,,,,,,,,,,,,,,,,,,,,,,,,,,,,,,,,,,,,,,,,,,,,,,,,,49.952084,22.994081,0.7788237,49.952084,22.994081,0.58422875,,,,,,,,,,,,,,,,,,,,,,,,,,,,,,,,,,,,,,,,,,,,,,,,,,,,,,,,,,,,,,,
49.952084,23.024061,0.0006098468,49.952084,23.024061,0.0005206008,,,,,,,,,,,,,,,,,,,,,,,,,,,,,,,,,,,,,,,,,,,,,,,,,,,,,,,,,,,,,49.952084,23.024061,-0.24473578,49.952084,23.024061,-0.46071708,,,,,,,,,,,,,,,,,,,,,,,,,,,,,,,,,,,,,,,,,,,,,,,,,,,,,,,,,,,,,,,
49.952084,23.05404,0.00071396696,49.952084,23.05404,0.0006842183,,,,,,,,,,,,,,,,,,,,,,,,,,,,,,,,,,,,,,,,,,,,,,,,,,,,,,,,,,,,,49.952084,23.05404,0.10961051,49.952084,23.05404,0.08915002,,,,,,,,,,,,,,,,,,,,,,,,,,,,,,,,,,,,,,,,,,,,,,,,,,,,,,,,,,,,,,,
49.952084,23.084019,0.0008478358,49.952084,23.084019,0.0004908523,,,,,,,,,,,,,,,,,,,,,,,,,,,,,,,,,,,,,,,,,,,,,,,,,,,,,,,,,,,,,49.952084,23.084019,0.60473824,49.952084,23.084019,-0.53134,,,,,,,,,,,,,,,,,,,,,,,,,,,,,,,,,,,,,,,,,,,,,,,,,,,,,,,,,,,,,,,
49.952084,23.113998,0.0007585899,49.952084,23.113998,0.00065446977,,,,,,,,,,,,,,,,,,,,,,,,,,,,,,,,,,,,,,,,,,,,,,,,,,,,,,,,,,,,,49.952084,23.113998,0.24850638,49.952084,23.113998,0.01299517,,,,,,,,,,,,,,,,,,,,,,,,,,,,,,,,,,,,,,,,,,,,,,,,,,,,,,,,,,,,,,,
49.952084,23.143978,0.0007734641,49.952084,23.143978,0.0006990926,,,,,,,,,,,,,,,,,,,,,,,,,,,,,,,,,,,,,,,,,,,,,,,,,,,,,,,,,,,,,49.952084,23.143978,0.28899685,49.952084,23.143978,0.14017063,,,,,,,,,,,,,,,,,,,,,,,,,,,,,,,,,,,,,,,,,,,,,,,,,,,,,,,,,,,,,,,
49.952084,23.173958,0.0008478358,49.952084,23.173958,0.00066934404,,,,,,,,,,,,,,,,,,,,,,,,,,,,,,,,,,,,,,,,,,,,,,,,,,,,,,,,,,,,,49.952084,23.173958,0.562361,49.952084,23.173958,0.04987126,,,,,,,,,,,,,,,,,,,,,,,,,,,,,,,,,,,,,,,,,,,,,,,,,,,,,,,,,,,,,,,
49.952084,23.203936,0.0007883385,49.952084,23.203936,0.00093708164,,,,,,,,,,,,,,,,,,,,,,,,,,,,,,,,,,,,,,,,,,,,,,,,,,,,,,,,,,,,,49.952084,23.203936,0.35455358,49.952084,23.203936,0.93983936,,,,,,,,,,,,,,,,,,,,,,,,,,,,,,,,,,,,,,,,,,,,,,,,,,,,,,,,,,,,,,,
49.952084,23.233915,0.00068421825,49.952084,23.233915,0.0004759779,,,,,,,,,,,,,,,,,,,,,,,,,,,,,,,,,,,,,,,,,,,,,,,,,,,,,,,,,,,,,49.952084,23.233915,0.017105602,49.952084,23.233915,-0.6049886,,,,,,,,,,,,,,,,,,,,,,,,,,,,,,,,,,,,,,,,,,,,,,,,,,,,,,,,,,,,,,,
49.952084,23.263895,0.00086271,49.952084,23.263895,0.0005652238,,,,,,,,,,,,,,,,,,,,,,,,,,,,,,,,,,,,,,,,,,,,,,,,,,,,,,,,,,,,,49.952084,23.263895,0.57528806,49.952084,23.263895,-0.31859106,,,,,,,,,,,,,,,,,,,,,,,,,,,,,,,,,,,,,,,,,,,,,,,,,,,,,,,,,,,,,,,
49.952084,23.293875,0.000669344,49.952084,23.293875,0.0007585899,,,,,,,,,,,,,,,,,,,,,,,,,,,,,,,,,,,,,,,,,,,,,,,,,,,,,,,,,,,,,49.952084,23.293875,-0.042537626,49.952084,23.293875,0.3217037,,,,,,,,,,,,,,,,,,,,,,,,,,,,,,,,,,,,,,,,,,,,,,,,,,,,,,,,,,,,,,,
49.952084,23.323853,0.00062472105,49.952084,23.323853,0.000713967,,,,,,,,,,,,,,,,,,,,,,,,,,,,,,,,,,,,,,,,,,,,,,,,,,,,,,,,,,,,,49.952084,23.323853,-0.18539624,49.952084,23.323853,0.1793883,,,,,,,,,,,,,,,,,,,,,,,,,,,,,,,,,,,,,,,,,,,,,,,,,,,,,,,,,,,,,,,
49.952084,23.353832,0.00071396696,49.952084,23.353832,0.000713967,,,,,,,,,,,,,,,,,,,,,,,,,,,,,,,,,,,,,,,,,,,,,,,,,,,,,,,,,,,,,49.952084,23.353832,0.11100489,49.952084,23.353832,0.20358129,,,,,,,,,,,,,,,,,,,,,,,,,,,,,,,,,,,,,,,,,,,,,,,,,,,,,,,,,,,,,,,
49.952084,23.383812,0.00055034953,49.952084,23.383812,0.00084783573,,,,,,,,,,,,,,,,,,,,,,,,,,,,,,,,,,,,,,,,,,,,,,,,,,,,,,,,,,,,,49.952084,23.383812,-0.4254266,49.952084,23.383812,0.6466066,,,,,,,,,,,,,,,,,,,,,,,,,,,,,,,,,,,,,,,,,,,,,,,,,,,,,,,,,,,,,,,
49.952084,23.413792,0.0006395954,49.952084,23.413792,0.0006395953,,,,,,,,,,,,,,,,,,,,,,,,,,,,,,,,,,,,,,,,,,,,,,,,,,,,,,,,,,,,,49.952084,23.413792,-0.16663453,49.952084,23.413792,-0.08261648,,,,,,,,,,,,,,,,,,,,,,,,,,,,,,,,,,,,,,,,,,,,,,,,,,,,,,,,,,,,,,,
49.952084,23.44377,0.0006990926,49.952084,23.44377,0.0007734641,,,,,,,,,,,,,,,,,,,,,,,,,,,,,,,,,,,,,,,,,,,,,,,,,,,,,,,,,,,,,49.952084,23.44377,0.075927034,49.952084,23.44377,0.40535805,,,,,,,,,,,,,,,,,,,,,,,,,,,,,,,,,,,,,,,,,,,,,,,,,,,,,,,,,,,,,,,
49.952084,23.47375,0.00072884123,49.952084,23.47375,0.0005800982,,,,,,,,,,,,,,,,,,,,,,,,,,,,,,,,,,,,,,,,,,,,,,,,,,,,,,,,,,,,,49.952084,23.47375,0.12082391,49.952084,23.47375,-0.27002406,,,,,,,,,,,,,,,,,,,,,,,,,,,,,,,,,,,,,,,,,,,,,,,,,,,,,,,,,,,,,,,
49.952084,23.503729,0.0006544697,49.952084,23.503729,0.00043135497,,,,,,,,,,,,,,,,,,,,,,,,,,,,,,,,,,,,,,,,,,,,,,,,,,,,,,,,,,,,,49.952084,23.503729,-0.096690096,49.952084,23.503729,-0.6978845,,,,,,,,,,,,,,,,,,,,,,,,,,,,,,,,,,,,,,,,,,,,,,,,,,,,,,,,,,,,,,,
49.952084,23.533709,0.0006098468,49.952084,23.533709,0.0006544697,,,,,,,,,,,,,,,,,,,,,,,,,,,,,,,,,,,,,,,,,,,,,,,,,,,,,,,,,,,,,49.952084,23.533709,-0.2688409,49.952084,23.533709,-0.015118529,,,,,,,,,,,,,,,,,,,,,,,,,,,,,,,,,,,,,,,,,,,,,,,,,,,,,,,,,,,,,,,
49.952084,23.563686,0.00066934404,49.952084,23.563686,0.0006395954,,,,,,,,,,,,,,,,,,,,,,,,,,,,,,,,,,,,,,,,,,,,,,,,,,,,,,,,,,,,,49.952084,23.563686,-0.054329857,49.952084,23.563686,-0.04268887,,,,,,,,,,,,,,,,,,,,,,,,,,,,,,,,,,,,,,,,,,,,,,,,,,,,,,,,,,,,,,,
49.952084,23.593666,0.0007883385,49.952084,23.593666,0.0006544697,,,,,,,,,,,,,,,,,,,,,,,,,,,,,,,,,,,,,,,,,,,,,,,,,,,,,,,,,,,,,49.952084,23.593666,0.32460752,49.952084,23.593666,0.0064193406,,,,,,,,,,,,,,,,,,,,,,,,,,,,,,,,,,,,,,,,,,,,,,,,,,,,,,,,,,,,,,,
49.952084,23.623646,0.0007585898,49.952084,23.623646,0.0005949724,,,,,,,,,,,,,,,,,,,,,,,,,,,,,,,,,,,,,,,,,,,,,,,,,,,,,,,,,,,,,49.952084,23.623646,0.2713771,49.952084,23.623646,-0.1927023,,,,,,,,,,,,,,,,,,,,,,,,,,,,,,,,,,,,,,,,,,,,,,,,,,,,,,,,,,,,,,,
49.952084,23.653625,0.0005206009,49.952084,23.653625,0.00068421836,,,,,,,,,,,,,,,,,,,,,,,,,,,,,,,,,,,,,,,,,,,,,,,,,,,,,,,,,,,,,49.952084,23.653625,-0.5530846,49.952084,23.653625,0.10235068,,,,,,,,,,,,,,,,,,,,,,,,,,,,,,,,,,,,,,,,,,,,,,,,,,,,,,,,,,,,,,,
49.952084,23.683603,0.0007585899,49.952084,23.683603,0.00058009813,,,,,,,,,,,,,,,,,,,,,,,,,,,,,,,,,,,,,,,,,,,,,,,,,,,,,,,,,,,,,49.952084,23.683603,0.27001607,49.952084,23.683603,-0.2379352,,,,,,,,,,,,,,,,,,,,,,,,,,,,,,,,,,,,,,,,,,,,,,,,,,,,,,,,,,,,,,,
49.952084,23.713583,0.0007734641,49.952084,23.713583,0.0005206009,,,,,,,,,,,,,,,,,,,,,,,,,,,,,,,,,,,,,,,,,,,,,,,,,,,,,,,,,,,,,49.952084,23.713583,0.31111744,49.952084,23.713583,-0.4367698,,,,,,,,,,,,,,,,,,,,,,,,,,,,,,,,,,,,,,,,,,,,,,,,,,,,,,,,,,,,,,,
49.952084,23.743563,0.0008180871,49.952084,23.743563,0.0005206009,,,,,,,,,,,,,,,,,,,,,,,,,,,,,,,,,,,,,,,,,,,,,,,,,,,,,,,,,,,,,49.952084,23.743563,0.4335177,49.952084,23.743563,-0.43741092,,,,,,,,,,,,,,,,,,,,,,,,,,,,,,,,,,,,,,,,,,,,,,,,,,,,,,,,,,,,,,,
49.952084,23.773542,0.00066934404,49.952084,23.773542,0.000713967,,,,,,,,,,,,,,,,,,,,,,,,,,,,,,,,,,,,,,,,,,,,,,,,,,,,,,,,,,,,,49.952084,23.773542,-0.07383564,49.952084,23.773542,0.2182367,,,,,,,,,,,,,,,,,,,,,,,,,,,,,,,,,,,,,,,,,,,,,,,,,,,,,,,,,,,,,,,
49.952084,23.80352,0.0008924587,49.952084,23.80352,0.00056522375,,,,,,,,,,,,,,,,,,,,,,,,,,,,,,,,,,,,,,,,,,,,,,,,,,,,,,,,,,,,,49.952084,23.80352,0.6457288,49.952084,23.80352,-0.30065086,,,,,,,,,,,,,,,,,,,,,,,,,,,,,,,,,,,,,,,,,,,,,,,,,,,,,,,,,,,,,,,
49.952084,23.8335,0.0006098468,49.952084,23.8335,0.00065446977,,,,,,,,,,,,,,,,,,,,,,,,,,,,,,,,,,,,,,,,,,,,,,,,,,,,,,,,,,,,,49.952084,23.8335,-0.24790181,49.952084,23.8335,0.03685936,,,,,,,,,,,,,,,,,,,,,,,,,,,,,,,,,,,,,,,,,,,,,,,,,,,,,,,,,,,,,,,
49.952084,23.86348,0.0007883385,49.952084,23.86348,0.00053547526,,,,,,,,,,,,,,,,,,,,,,,,,,,,,,,,,,,,,,,,,,,,,,,,,,,,,,,,,,,,,49.952084,23.86348,0.32760787,49.952084,23.86348,-0.39919695,,,,,,,,,,,,,,,,,,,,,,,,,,,,,,,,,,,,,,,,,,,,,,,,,,,,,,,,,,,,,,,
49.952084,23.89346,0.00066934404,49.952084,23.89346,0.00083296146,,,,,,,,,,,,,,,,,,,,,,,,,,,,,,,,,,,,,,,,,,,,,,,,,,,,,,,,,,,,,49.952084,23.89346,-0.060773134,49.952084,23.89346,0.6004846,,,,,,,,,,,,,,,,,,,,,,,,,,,,,,,,,,,,,,,,,,,,,,,,,,,,,,,,,,,,,,,
49.952084,23.923439,0.00087758445,49.952084,23.923439,0.0006098467,,,,,,,,,,,,,,,,,,,,,,,,,,,,,,,,,,,,,,,,,,,,,,,,,,,,,,,,,,,,,49.952084,23.923439,0.656896,49.952084,23.923439,-0.13501765,,,,,,,,,,,,,,,,,,,,,,,,,,,,,,,,,,,,,,,,,,,,,,,,,,,,,,,,,,,,,,,
49.952084,23.953417,0.0007437155,49.952084,23.953417,0.0007288413,,,,,,,,,,,,,,,,,,,,,,,,,,,,,,,,,,,,,,,,,,,,,,,,,,,,,,,,,,,,,49.952084,23.953417,0.2093732,49.952084,23.953417,0.22927295,,,,,,,,,,,,,,,,,,,,,,,,,,,,,,,,,,,,,,,,,,,,,,,,,,,,,,,,,,,,,,,
49.952084,23.983397,0.0006098467,49.952084,23.983397,0.00069909263,,,,,,,,,,,,,,,,,,,,,,,,,,,,,,,,,,,,,,,,,,,,,,,,,,,,,,,,,,,,,49.952084,23.983397,-0.2469787,49.952084,23.983397,0.14862171,,,,,,,,,,,,,,,,,,,,,,,,,,,,,,,,,,,,,,,,,,,,,,,,,,,,,,,,,,,,,,,
49.952084,24.013376,0.00072884135,49.952084,24.013376,0.0009222073,,,,,,,,,,,,,,,,,,,,,,,,,,,,,,,,,,,,,,,,,,,,,,,,,,,,,,,,,,,,,49.952084,24.013376,0.1407113,49.952084,24.013376,0.84152293,,,,,,,,,,,,,,,,,,,,,,,,,,,,,,,,,,,,,,,,,,,,,,,,,,,,,,,,,,,,,,,
49.952084,24.043356,0.00071396696,49.952084,24.043356,0.00071396696,,,,,,,,,,,,,,,,,,,,,,,,,,,,,,,,,,,,,,,,,,,,,,,,,,,,,,,,,,,,,49.952084,24.043356,0.10132488,49.952084,24.043356,0.17499338,,,,,,,,,,,,,,,,,,,,,,,,,,,,,,,,,,,,,,,,,,,,,,,,,,,,,,,,,,,,,,,
49.952084,24.073334,0.00072884123,49.952084,24.073334,0.0006395953,,,,,,,,,,,,,,,,,,,,,,,,,,,,,,,,,,,,,,,,,,,,,,,,,,,,,,,,,,,,,49.952084,24.073334,0.15535118,49.952084,24.073334,-0.08505229,,,,,,,,,,,,,,,,,,,,,,,,,,,,,,,,,,,,,,,,,,,,,,,,,,,,,,,,,,,,,,,
49.952084,24.103313,0.0007883385,49.952084,24.103313,0.00075858994,,,,,,,,,,,,,,,,,,,,,,,,,,,,,,,,,,,,,,,,,,,,,,,,,,,,,,,,,,,,,49.952084,24.103313,0.36571053,49.952084,24.103313,0.36570892,,,,,,,,,,,,,,,,,,,,,,,,,,,,,,,,,,,,,,,,,,,,,,,,,,,,,,,,,,,,,,,
49.952084,24.133293,0.00087758433,49.952084,24.133293,0.0007288412,,,,,,,,,,,,,,,,,,,,,,,,,,,,,,,,,,,,,,,,,,,,,,,,,,,,,,,,,,,,,49.952084,24.133293,0.6543059,49.952084,24.133293,0.24917811,,,,,,,,,,,,,,,,,,,,,,,,,,,,,,,,,,,,,,,,,,,,,,,,,,,,,,,,,,,,,,,
49.952084,24.163273,0.00069909263,49.952084,24.163273,0.0005949724,,,,,,,,,,,,,,,,,,,,,,,,,,,,,,,,,,,,,,,,,,,,,,,,,,,,,,,,,,,,,49.952084,24.163273,0.052189004,49.952084,24.163273,-0.20568448,,,,,,,,,,,,,,,,,,,,,,,,,,,,,,,,,,,,,,,,,,,,,,,,,,,,,,,,,,,,,,,
49.952084,24.19325,0.0007139669,49.952084,24.19325,0.0006990926,,,,,,,,,,,,,,,,,,,,,,,,,,,,,,,,,,,,,,,,,,,,,,,,,,,,,,,,,,,,,49.952084,24.19325,0.12013034,49.952084,24.19325,0.1480029,,,,,,,,,,,,,,,,,,,,,,,,,,,,,,,,,,,,,,,,,,,,,,,,,,,,,,,,,,,,,,,
49.952084,24.22323,0.0007437155,49.952084,24.22323,0.00065446977,,,,,,,,,,,,,,,,,,,,,,,,,,,,,,,,,,,,,,,,,,,,,,,,,,,,,,,,,,,,,49.952084,24.22323,0.21343505,49.952084,24.22323,0.013261312,,,,,,,,,,,,,,,,,,,,,,,,,,,,,,,,,,,,,,,,,,,,,,,,,,,,,,,,,,,,,,,
49.952084,24.25321,0.0009222072,49.952084,24.25321,0.0007585898,,,,,,,,,,,,,,,,,,,,,,,,,,,,,,,,,,,,,,,,,,,,,,,,,,,,,,,,,,,,,49.952084,24.25321,0.8126509,49.952084,24.25321,0.32870635,,,,,,,,,,,,,,,,,,,,,,,,,,,,,,,,,,,,,,,,,,,,,,,,,,,,,,,,,,,,,,,
49.952084,24.28319,0.00081808714,49.952084,24.28319,0.0007585899,,,,,,,,,,,,,,,,,,,,,,,,,,,,,,,,,,,,,,,,,,,,,,,,,,,,,,,,,,,,,49.952084,24.28319,0.4476171,49.952084,24.28319,0.32411513,,,,,,,,,,,,,,,,,,,,,,,,,,,,,,,,,,,,,,,,,,,,,,,,,,,,,,,,,,,,,,,
49.952084,24.313168,0.00058009813,49.952084,24.313168,0.0007883386,,,,,,,,,,,,,,,,,,,,,,,,,,,,,,,,,,,,,,,,,,,,,,,,,,,,,,,,,,,,,49.952084,24.313168,-0.3637888,49.952084,24.313168,0.4363419,,,,,,,,,,,,,,,,,,,,,,,,,,,,,,,,,,,,,,,,,,,,,,,,,,,,,,,,,,,,,,,
49.952084,24.343147,0.00058009813,49.952084,24.343147,0.00069909263,,,,,,,,,,,,,,,,,,,,,,,,,,,,,,,,,,,,,,,,,,,,,,,,,,,,,,,,,,,,,49.952084,24.343147,-0.32858735,49.952084,24.343147,0.15685217,,,,,,,,,,,,,,,,,,,,,,,,,,,,,,,,,,,,,,,,,,,,,,,,,,,,,,,,,,,,,,,
49.952084,24.373127,0.00083296146,49.952084,24.373127,0.0005503495,,,,,,,,,,,,,,,,,,,,,,,,,,,,,,,,,,,,,,,,,,,,,,,,,,,,,,,,,,,,,49.952084,24.373127,0.48672062,49.952084,24.373127,-0.3311745,,,,,,,,,,,,,,,,,,,,,,,,,,,,,,,,,,,,,,,,,,,,,,,,,,,,,,,,,,,,,,,
49.952084,24.403107,0.0007585898,49.952084,24.403107,0.00046110366,,,,,,,,,,,,,,,,,,,,,,,,,,,,,,,,,,,,,,,,,,,,,,,,,,,,,,,,,,,,,49.952084,24.403107,0.26348373,49.952084,24.403107,-0.64275134,,,,,,,,,,,,,,,,,,,,,,,,,,,,,,,,,,,,,,,,,,,,,,,,,,,,,,,,,,,,,,,
49.952084,24.433084,0.000713967,49.952084,24.433084,0.0006395954,,,,,,,,,,,,,,,,,,,,,,,,,,,,,,,,,,,,,,,,,,,,,,,,,,,,,,,,,,,,,49.952084,24.433084,0.085862614,49.952084,24.433084,-0.03572934,,,,,,,,,,,,,,,,,,,,,,,,,,,,,,,,,,,,,,,,,,,,,,,,,,,,,,,,,,,,,,,
49.952084,24.463064,0.0008924586,49.952084,24.463064,0.00081808714,,,,,,,,,,,,,,,,,,,,,,,,,,,,,,,,,,,,,,,,,,,,,,,,,,,,,,,,,,,,,49.952084,24.463064,0.6757449,49.952084,24.463064,0.577579,,,,,,,,,,,,,,,,,,,,,,,,,,,,,,,,,,,,,,,,,,,,,,,,,,,,,,,,,,,,,,,
49.952084,24.493044,0.0007585899,49.952084,24.493044,0.0005949724,,,,,,,,,,,,,,,,,,,,,,,,,,,,,,,,,,,,,,,,,,,,,,,,,,,,,,,,,,,,,49.952084,24.493044,0.22162782,49.952084,24.493044,-0.20874757,,,,,,,,,,,,,,,,,,,,,,,,,,,,,,,,,,,,,,,,,,,,,,,,,,,,,,,,,,,,,,,
49.952084,24.523024,0.0007139669,49.952084,24.523024,0.00072884123,,,,,,,,,,,,,,,,,,,,,,,,,,,,,,,,,,,,,,,,,,,,,,,,,,,,,,,,,,,,,49.952084,24.523024,0.13122848,49.952084,24.523024,0.2298618,,,,,,,,,,,,,,,,,,,,,,,,,,,,,,,,,,,,,,,,,,,,,,,,,,,,,,,,,,,,,,,
49.952084,24.553001,0.00072884123,49.952084,24.553001,0.0004759779,,,,,,,,,,,,,,,,,,,,,,,,,,,,,,,,,,,,,,,,,,,,,,,,,,,,,,,,,,,,,49.952084,24.553001,0.13516861,49.952084,24.553001,-0.5834544,,,,,,,,,,,,,,,,,,,,,,,,,,,,,,,,,,,,,,,,,,,,,,,,,,,,,,,,,,,,,,,
49.952084,24.582981,0.0006395954,49.952084,24.582981,0.0006842183,,,,,,,,,,,,,,,,,,,,,,,,,,,,,,,,,,,,,,,,,,,,,,,,,,,,,,,,,,,,,49.952084,24.582981,-0.15538824,49.952084,24.582981,0.09624885,,,,,,,,,,,,,,,,,,,,,,,,,,,,,,,,,,,,,,,,,,,,,,,,,,,,,,,,,,,,,,,
49.952084,24.61296,0.0007585899,49.952084,24.61296,0.0007883385,,,,,,,,,,,,,,,,,,,,,,,,,,,,,,,,,,,,,,,,,,,,,,,,,,,,,,,,,,,,,49.952084,24.61296,0.28360343,49.952084,24.61296,0.43787658,,,,,,,,,,,,,,,,,,,,,,,,,,,,,,,,,,,,,,,,,,,,,,,,,,,,,,,,,,,,,,,
49.952084,24.64294,0.0006098468,49.952084,24.64294,0.0006098467,,,,,,,,,,,,,,,,,,,,,,,,,,,,,,,,,,,,,,,,,,,,,,,,,,,,,,,,,,,,,49.952084,24.64294,-0.25521597,49.952084,24.64294,-0.16459154,,,,,,,,,,,,,,,,,,,,,,,,,,,,,,,,,,,,,,,,,,,,,,,,,,,,,,,,,,,,,,,
49.952084,24.672918,0.0006395954,49.952084,24.672918,0.0007288412,,,,,,,,,,,,,,,,,,,,,,,,,,,,,,,,,,,,,,,,,,,,,,,,,,,,,,,,,,,,,49.952084,24.672918,-0.1587253,49.952084,24.672918,0.23032549,,,,,,,,,,,,,,,,,,,,,,,,,,,,,,,,,,,,,,,,,,,,,,,,,,,,,,,,,,,,,,,
49.952084,24.702898,0.0008032128,49.952084,24.702898,0.0007734642,,,,,,,,,,,,,,,,,,,,,,,,,,,,,,,,,,,,,,,,,,,,,,,,,,,,,,,,,,,,,49.952084,24.702898,0.40209684,49.952084,24.702898,0.40015298,,,,,,,,,,,,,,,,,,,,,,,,,,,,,,,,,,,,,,,,,,,,,,,,,,,,,,,,,,,,,,,
49.952084,24.732878,0.00083296146,49.952084,24.732878,0.0005206009,,,,,,,,,,,,,,,,,,,,,,,,,,,,,,,,,,,,,,,,,,,,,,,,,,,,,,,,,,,,,49.952084,24.732878,0.48310122,49.952084,24.732878,-0.43714482,,,,,,,,,,,,,,,,,,,,,,,,,,,,,,,,,,,,,,,,,,,,,,,,,,,,,,,,,,,,,,,
49.952084,24.762857,0.00065446965,49.952084,24.762857,0.00059497246,,,,,,,,,,,,,,,,,,,,,,,,,,,,,,,,,,,,,,,,,,,,,,,,,,,,,,,,,,,,,49.952084,24.762857,-0.07869193,49.952084,24.762857,-0.20945226,,,,,,,,,,,,,,,,,,,,,,,,,,,,,,,,,,,,,,,,,,,,,,,,,,,,,,,,,,,,,,,
49.952084,24.792837,0.00086271,49.952084,24.792837,0.0006098467,,,,,,,,,,,,,,,,,,,,,,,,,,,,,,,,,,,,,,,,,,,,,,,,,,,,,,,,,,,,,49.952084,24.792837,0.6181835,49.952084,24.792837,-0.12551178,,,,,,,,,,,,,,,,,,,,,,,,,,,,,,,,,,,,,,,,,,,,,,,,,,,,,,,,,,,,,,,
49.952084,24.822815,0.00077346415,49.952084,24.822815,0.0006544697,,,,,,,,,,,,,,,,,,,,,,,,,,,,,,,,,,,,,,,,,,,,,,,,,,,,,,,,,,,,,49.952084,24.822815,0.29640242,49.952084,24.822815,-0.017761923,,,,,,,,,,,,,,,,,,,,,,,,,,,,,,,,,,,,,,,,,,,,,,,,,,,,,,,,,,,,,,,
49.952084,24.852795,0.00066934404,49.952084,24.852795,0.0008032128,,,,,,,,,,,,,,,,,,,,,,,,,,,,,,,,,,,,,,,,,,,,,,,,,,,,,,,,,,,,,49.952084,24.852795,-0.038277403,49.952084,24.852795,0.4785926,,,,,,,,,,,,,,,,,,,,,,,,,,,,,,,,,,,,,,,,,,,,,,,,,,,,,,,,,,,,,,,
49.952084,24.882774,0.00071396696,49.952084,24.882774,0.0007734642,,,,,,,,,,,,,,,,,,,,,,,,,,,,,,,,,,,,,,,,,,,,,,,,,,,,,,,,,,,,,49.952084,24.882774,0.09716433,49.952084,24.882774,0.39583465,,,,,,,,,,,,,,,,,,,,,,,,,,,,,,,,,,,,,,,,,,,,,,,,,,,,,,,,,,,,,,,
49.952084,24.912754,0.0006395954,49.952084,24.912754,0.0007288412,,,,,,,,,,,,,,,,,,,,,,,,,,,,,,,,,,,,,,,,,,,,,,,,,,,,,,,,,,,,,49.952084,24.912754,-0.18227425,49.952084,24.912754,0.24445336,,,,,,,,,,,,,,,,,,,,,,,,,,,,,,,,,,,,,,,,,,,,,,,,,,,,,,,,,,,,,,,
49.952084,24.942732,0.00077346415,49.952084,24.942732,0.00069909263,,,,,,,,,,,,,,,,,,,,,,,,,,,,,,,,,,,,,,,,,,,,,,,,,,,,,,,,,,,,,49.952084,24.942732,0.31834218,49.952084,24.942732,0.16206092,,,,,,,,,,,,,,,,,,,,,,,,,,,,,,,,,,,,,,,,,,,,,,,,,,,,,,,,,,,,,,,
49.952084,24.972712,0.0006990926,49.952084,24.972712,0.0007883385,,,,,,,,,,,,,,,,,,,,,,,,,,,,,,,,,,,,,,,,,,,,,,,,,,,,,,,,,,,,,49.952084,24.972712,0.10244402,49.952084,24.972712,0.42751515,,,,,,,,,,,,,,,,,,,,,,,,,,,,,,,,,,,,,,,,,,,,,,,,,,,,,,,,,,,,,,,
49.952084,25.002691,0.00062472105,49.952084,25.002691,0.00078833854,,,,,,,,,,,,,,,,,,,,,,,,,,,,,,,,,,,,,,,,,,,,,,,,,,,,,,,,,,,,,49.952084,25.002691,-0.20441763,49.952084,25.002691,0.4299227,,,,,,,,,,,,,,,,,,,,,,,,,,,,,,,,,,,,,,,,,,,,,,,,,,,,,,,,,,,,,,,
49.952084,25.032671,0.0007734641,49.952084,25.032671,0.00047597795,,,,,,,,,,,,,,,,,,,,,,,,,,,,,,,,,,,,,,,,,,,,,,,,,,,,,,,,,,,,,49.952084,25.032671,0.32303452,49.952084,25.032671,-0.5703955,,,,,,,,,,,,,,,,,,,,,,,,,,,,,,,,,,,,,,,,,,,,,,,,,,,,,,,,,,,,,,,
49.952084,25.062649,0.0008478358,49.952084,25.062649,0.0005800982,,,,,,,,,,,,,,,,,,,,,,,,,,,,,,,,,,,,,,,,,,,,,,,,,,,,,,,,,,,,,49.952084,25.062649,0.5608545,49.952084,25.062649,-0.2687757,,,,,,,,,,,,,,,,,,,,,,,,,,,,,,,,,,,,,,,,,,,,,,,,,,,,,,,,,,,,,,,
49.952084,25.092628,0.00078833854,49.952084,25.092628,0.00047597795,,,,,,,,,,,,,,,,,,,,,,,,,,,,,,,,,,,,,,,,,,,,,,,,,,,,,,,,,,,,,49.952084,25.092628,0.330948,49.952084,25.092628,-0.588824,,,,,,,,,,,,,,,,,,,,,,,,,,,,,,,,,,,,,,,,,,,,,,,,,,,,,,,,,,,,,,,
49.952084,25.122608,0.0007288413,49.952084,25.122608,0.0007437155,,,,,,,,,,,,,,,,,,,,,,,,,,,,,,,,,,,,,,,,,,,,,,,,,,,,,,,,,,,,,49.952084,25.122608,0.15725607,49.952084,25.122608,0.2823992,,,,,,,,,,,,,,,,,,,,,,,,,,,,,,,,,,,,,,,,,,,,,,,,,,,,,,,,,,,,,,,
49.952084,25.152588,0.00080321287,49.952084,25.152588,0.0006395954,,,,,,,,,,,,,,,,,,,,,,,,,,,,,,,,,,,,,,,,,,,,,,,,,,,,,,,,,,,,,49.952084,25.152588,0.38057658,49.952084,25.152588,-0.03534122,,,,,,,,,,,,,,,,,,,,,,,,,,,,,,,,,,,,,,,,,,,,,,,,,,,,,,,,,,,,,,,
49.952084,25.182566,0.0005652238,49.952084,25.182566,0.00065446965,,,,,,,,,,,,,,,,,,,,,,,,,,,,,,,,,,,,,,,,,,,,,,,,,,,,,,,,,,,,,49.952084,25.182566,-0.41955268,49.952084,25.182566,-0.009074499,,,,,,,,,,,,,,,,,,,,,,,,,,,,,,,,,,,,,,,,,,,,,,,,,,,,,,,,,,,,,,,
49.952084,25.212545,0.00046110366,49.952084,25.212545,0.0006842183,,,,,,,,,,,,,,,,,,,,,,,,,,,,,,,,,,,,,,,,,,,,,,,,,,,,,,,,,,,,,49.952084,25.212545,-0.77477974,49.952084,25.212545,0.059607282,,,,,,,,,,,,,,,,,,,,,,,,,,,,,,,,,,,,,,,,,,,,,,,,,,,,,,,,,,,,,,,
49.952084,25.242525,0.0007437156,49.952084,25.242525,0.0007883385,,,,,,,,,,,,,,,,,,,,,,,,,,,,,,,,,,,,,,,,,,,,,,,,,,,,,,,,,,,,,49.952084,25.242525,0.16913964,49.952084,25.242525,0.42962494,,,,,,,,,,,,,,,,,,,,,,,,,,,,,,,,,,,,,,,,,,,,,,,,,,,,,,,,,,,,,,,
49.952084,25.272505,0.0007883385,49.952084,25.272505,0.0006693441,,,,,,,,,,,,,,,,,,,,,,,,,,,,,,,,,,,,,,,,,,,,,,,,,,,,,,,,,,,,,49.952084,25.272505,0.38918445,49.952084,25.272505,0.05438866,,,,,,,,,,,,,,,,,,,,,,,,,,,,,,,,,,,,,,,,,,,,,,,,,,,,,,,,,,,,,,,
49.952084,25.302483,0.00084783573,49.952084,25.302483,0.0006395953,,,,,,,,,,,,,,,,,,,,,,,,,,,,,,,,,,,,,,,,,,,,,,,,,,,,,,,,,,,,,49.952084,25.302483,0.5515073,49.952084,25.302483,-0.046521187,,,,,,,,,,,,,,,,,,,,,,,,,,,,,,,,,,,,,,,,,,,,,,,,,,,,,,,,,,,,,,,
49.952084,25.332462,0.0007288412,49.952084,25.332462,0.0008180871,,,,,,,,,,,,,,,,,,,,,,,,,,,,,,,,,,,,,,,,,,,,,,,,,,,,,,,,,,,,,49.952084,25.332462,0.19716541,49.952084,25.332462,0.53016216,,,,,,,,,,,,,,,,,,,,,,,,,,,,,,,,,,,,,,,,,,,,,,,,,,,,,,,,,,,,,,,
49.952084,25.362442,0.00068421836,49.952084,25.362442,0.0005354752,,,,,,,,,,,,,,,,,,,,,,,,,,,,,,,,,,,,,,,,,,,,,,,,,,,,,,,,,,,,,49.952084,25.362442,-0.012200985,49.952084,25.362442,-0.40585572,,,,,,,,,,,,,,,,,,,,,,,,,,,,,,,,,,,,,,,,,,,,,,,,,,,,,,,,,,,,,,,
49.952084,25.392422,0.00080321287,49.952084,25.392422,0.0006842183,,,,,,,,,,,,,,,,,,,,,,,,,,,,,,,,,,,,,,,,,,,,,,,,,,,,,,,,,,,,,49.952084,25.392422,0.4294405,49.952084,25.392422,0.101010986,,,,,,,,,,,,,,,,,,,,,,,,,,,,,,,,,,,,,,,,,,,,,,,,,,,,,,,,,,,,,,,
49.952084,25.4224,0.0006990927,49.952084,25.4224,0.0009073329,,,,,,,,,,,,,,,,,,,,,,,,,,,,,,,,,,,,,,,,,,,,,,,,,,,,,,,,,,,,,49.952084,25.4224,0.089374736,49.952084,25.4224,0.8250907,,,,,,,,,,,,,,,,,,,,,,,,,,,,,,,,,,,,,,,,,,,,,,,,,,,,,,,,,,,,,,,
49.952084,25.45238,0.00055034953,49.952084,25.45238,0.00065446965,,,,,,,,,,,,,,,,,,,,,,,,,,,,,,,,,,,,,,,,,,,,,,,,,,,,,,,,,,,,,49.952084,25.45238,-0.45076597,49.952084,25.45238,-0.005390048,,,,,,,,,,,,,,,,,,,,,,,,,,,,,,,,,,,,,,,,,,,,,,,,,,,,,,,,,,,,,,,
49.952084,25.482359,0.00069909263,49.952084,25.482359,0.0005652239,,,,,,,,,,,,,,,,,,,,,,,,,,,,,,,,,,,,,,,,,,,,,,,,,,,,,,,,,,,,,49.952084,25.482359,0.049903315,49.952084,25.482359,-0.26743948,,,,,,,,,,,,,,,,,,,,,,,,,,,,,,,,,,,,,,,,,,,,,,,,,,,,,,,,,,,,,,,
49.952084,25.512339,0.0006842183,49.952084,25.512339,0.00062472105,,,,,,,,,,,,,,,,,,,,,,,,,,,,,,,,,,,,,,,,,,,,,,,,,,,,,,,,,,,,,49.952084,25.512339,-0.033115175,49.952084,25.512339,-0.11008909,,,,,,,,,,,,,,,,,,,,,,,,,,,,,,,,,,,,,,,,,,,,,,,,,,,,,,,,,,,,,,,
49.952084,25.542316,0.00071396696,49.952084,25.542316,0.00068421825,,,,,,,,,,,,,,,,,,,,,,,,,,,,,,,,,,,,,,,,,,,,,,,,,,,,,,,,,,,,,49.952084,25.542316,0.15030998,49.952084,25.542316,0.07391958,,,,,,,,,,,,,,,,,,,,,,,,,,,,,,,,,,,,,,,,,,,,,,,,,,,,,,,,,,,,,,,
49.952084,25.572296,0.00069909263,49.952084,25.572296,0.0005354752,,,,,,,,,,,,,,,,,,,,,,,,,,,,,,,,,,,,,,,,,,,,,,,,,,,,,,,,,,,,,49.952084,25.572296,0.007741213,49.952084,25.572296,-0.41525248,,,,,,,,,,,,,,,,,,,,,,,,,,,,,,,,,,,,,,,,,,,,,,,,,,,,,,,,,,,,,,,
49.952084,25.602276,0.00066934404,49.952084,25.602276,0.0004908523,,,,,,,,,,,,,,,,,,,,,,,,,,,,,,,,,,,,,,,,,,,,,,,,,,,,,,,,,,,,,49.952084,25.602276,-0.047025546,49.952084,25.602276,-0.5239051,,,,,,,,,,,,,,,,,,,,,,,,,,,,,,,,,,,,,,,,,,,,,,,,,,,,,,,,,,,,,,,
49.952084,25.632256,0.0006990925,49.952084,25.632256,0.00062472105,,,,,,,,,,,,,,,,,,,,,,,,,,,,,,,,,,,,,,,,,,,,,,,,,,,,,,,,,,,,,49.952084,25.632256,0.04763774,49.952084,25.632256,-0.082954,,,,,,,,,,,,,,,,,,,,,,,,,,,,,,,,,,,,,,,,,,,,,,,,,,,,,,,,,,,,,,,
49.952084,25.662235,0.000669344,49.952084,25.662235,0.0007734642,,,,,,,,,,,,,,,,,,,,,,,,,,,,,,,,,,,,,,,,,,,,,,,,,,,,,,,,,,,,,49.952084,25.662235,-0.078310326,49.952084,25.662235,0.4044239,,,,,,,,,,,,,,,,,,,,,,,,,,,,,,,,,,,,,,,,,,,,,,,,,,,,,,,,,,,,,,,
49.952084,25.692213,0.0006395954,49.952084,25.692213,0.00072884123,,,,,,,,,,,,,,,,,,,,,,,,,,,,,,,,,,,,,,,,,,,,,,,,,,,,,,,,,,,,,49.952084,25.692213,-0.13841842,49.952084,25.692213,0.23745325,,,,,,,,,,,,,,,,,,,,,,,,,,,,,,,,,,,,,,,,,,,,,,,,,,,,,,,,,,,,,,,
49.952084,25.722193,0.00081808714,49.952084,25.722193,0.0006395954,,,,,,,,,,,,,,,,,,,,,,,,,,,,,,,,,,,,,,,,,,,,,,,,,,,,,,,,,,,,,49.952084,25.722193,0.48463747,49.952084,25.722193,-0.065048516,,,,,,,,,,,,,,,,,,,,,,,,,,,,,,,,,,,,,,,,,,,,,,,,,,,,,,,,,,,,,,,
49.952084,25.752172,0.0007139669,49.952084,25.752172,0.00075858994,,,,,,,,,,,,,,,,,,,,,,,,,,,,,,,,,,,,,,,,,,,,,,,,,,,,,,,,,,,,,49.952084,25.752172,0.086045586,49.952084,25.752172,0.33652094,,,,,,,,,,,,,,,,,,,,,,,,,,,,,,,,,,,,,,,,,,,,,,,,,,,,,,,,,,,,,,,
49.952084,25.782152,0.00069909263,49.952084,25.782152,0.00065446965,,,,,,,,,,,,,,,,,,,,,,,,,,,,,,,,,,,,,,,,,,,,,,,,,,,,,,,,,,,,,49.952084,25.782152,0.054817837,49.952084,25.782152,-0.010811144,,,,,,,,,,,,,,,,,,,,,,,,,,,,,,,,,,,,,,,,,,,,,,,,,,,,,,,,,,,,,,,
49.952084,25.81213,0.0007437156,49.952084,25.81213,0.0006395953,,,,,,,,,,,,,,,,,,,,,,,,,,,,,,,,,,,,,,,,,,,,,,,,,,,,,,,,,,,,,49.952084,25.81213,0.19007553,49.952084,25.81213,-0.05129814,,,,,,,,,,,,,,,,,,,,,,,,,,,,,,,,,,,,,,,,,,,,,,,,,,,,,,,,,,,,,,,
49.952084,25.84211,0.0008032128,49.952084,25.84211,0.0006693441,,,,,,,,,,,,,,,,,,,,,,,,,,,,,,,,,,,,,,,,,,,,,,,,,,,,,,,,,,,,,49.952084,25.84211,0.4227517,49.952084,25.84211,0.08144789,,,,,,,,,,,,,,,,,,,,,,,,,,,,,,,,,,,,,,,,,,,,,,,,,,,,,,,,,,,,,,,
49.952084,25.87209,0.00084783573,49.952084,25.87209,0.0007437155,,,,,,,,,,,,,,,,,,,,,,,,,,,,,,,,,,,,,,,,,,,,,,,,,,,,,,,,,,,,,49.952084,25.87209,0.55675685,49.952084,25.87209,0.2663813,,,,,,,,,,,,,,,,,,,,,,,,,,,,,,,,,,,,,,,,,,,,,,,,,,,,,,,,,,,,,,,
49.952084,25.90207,0.00065446965,49.952084,25.90207,0.00068421836,,,,,,,,,,,,,,,,,,,,,,,,,,,,,,,,,,,,,,,,,,,,,,,,,,,,,,,,,,,,,49.952084,25.90207,-0.08862102,49.952084,25.90207,0.11014427,,,,,,,,,,,,,,,,,,,,,,,,,,,,,,,,,,,,,,,,,,,,,,,,,,,,,,,,,,,,,,,
49.952084,25.932047,0.0005503495,49.952084,25.932047,0.00058009813,,,,,,,,,,,,,,,,,,,,,,,,,,,,,,,,,,,,,,,,,,,,,,,,,,,,,,,,,,,,,49.952084,25.932047,-0.43258524,49.952084,25.932047,-0.2632006,,,,,,,,,,,,,,,,,,,,,,,,,,,,,,,,,,,,,,,,,,,,,,,,,,,,,,,,,,,,,,,
49.952084,25.962027,0.0007883385,49.952084,25.962027,0.00059497246,,,,,,,,,,,,,,,,,,,,,,,,,,,,,,,,,,,,,,,,,,,,,,,,,,,,,,,,,,,,,49.952084,25.962027,0.3612211,49.952084,25.962027,-0.20038599,,,,,,,,,,,,,,,,,,,,,,,,,,,,,,,,,,,,,,,,,,,,,,,,,,,,,,,,,,,,,,,
49.952084,25.992006,0.0010114532,49.952084,25.992006,0.00065446965,,,,,,,,,,,,,,,,,,,,,,,,,,,,,,,,,,,,,,,,,,,,,,,,,,,,,,,,,,,,,49.952084,25.992006,1.0650278,49.952084,25.992006,0.011288885,,,,,,,,,,,,,,,,,,,,,,,,,,,,,,,,,,,,,,,,,,,,,,,,,,,,,,,,,,,,,,,
49.952084,26.021986,0.0008478358,49.952084,26.021986,0.00066934404,,,,,,,,,,,,,,,,,,,,,,,,,,,,,,,,,,,,,,,,,,,,,,,,,,,,,,,,,,,,,49.952084,26.021986,0.53147215,49.952084,26.021986,0.07044773,,,,,,,,,,,,,,,,,,,,,,,,,,,,,,,,,,,,,,,,,,,,,,,,,,,,,,,,,,,,,,,
49.952084,26.051964,0.0007437156,49.952084,26.051964,0.0004908523,,,,,,,,,,,,,,,,,,,,,,,,,,,,,,,,,,,,,,,,,,,,,,,,,,,,,,,,,,,,,49.952084,26.051964,0.20644377,49.952084,26.051964,-0.5592569,,,,,,,,,,,,,,,,,,,,,,,,,,,,,,,,,,,,,,,,,,,,,,,,,,,,,,,,,,,,,,,
49.952084,26.081944,0.0006098468,49.952084,26.081944,0.0004908523,,,,,,,,,,,,,,,,,,,,,,,,,,,,,,,,,,,,,,,,,,,,,,,,,,,,,,,,,,,,,49.952084,26.081944,-0.23874797,49.952084,26.081944,-0.5470322,,,,,,,,,,,,,,,,,,,,,,,,,,,,,,,,,,,,,,,,,,,,,,,,,,,,,,,,,,,,,,,
49.952084,26.111923,0.00046110366,49.952084,26.111923,0.0005949724,,,,,,,,,,,,,,,,,,,,,,,,,,,,,,,,,,,,,,,,,,,,,,,,,,,,,,,,,,,,,49.952084,26.111923,-0.7816479,49.952084,26.111923,-0.19402143,,,,,,,,,,,,,,,,,,,,,,,,,,,,,,,,,,,,,,,,,,,,,,,,,,,,,,,,,,,,,,,
49.952084,26.141903,0.00069909263,49.952084,26.141903,0.0005949724,,,,,,,,,,,,,,,,,,,,,,,,,,,,,,,,,,,,,,,,,,,,,,,,,,,,,,,,,,,,,49.952084,26.141903,0.07547099,49.952084,26.141903,-0.2060367,,,,,,,,,,,,,,,,,,,,,,,,,,,,,,,,,,,,,,,,,,,,,,,,,,,,,,,,,,,,,,,
49.952084,26.17188,0.00050572655,49.952084,26.17188,0.000713967,,,,,,,,,,,,,,,,,,,,,,,,,,,,,,,,,,,,,,,,,,,,,,,,,,,,,,,,,,,,,49.952084,26.17188,-0.5680878,49.952084,26.17188,0.1919159,,,,,,,,,,,,,,,,,,,,,,,,,,,,,,,,,,,,,,,,,,,,,,,,,,,,,,,,,,,,,,,
49.952084,26.20186,0.00086271006,49.952084,26.20186,0.00065446965,,,,,,,,,,,,,,,,,,,,,,,,,,,,,,,,,,,,,,,,,,,,,,,,,,,,,,,,,,,,,49.952084,26.20186,0.60862553,49.952084,26.20186,-0.007039239,,,,,,,,,,,,,,,,,,,,,,,,,,,,,,,,,,,,,,,,,,,,,,,,,,,,,,,,,,,,,,,
49.952084,26.23184,0.0005949724,49.952084,26.23184,0.00059497246,,,,,,,,,,,,,,,,,,,,,,,,,,,,,,,,,,,,,,,,,,,,,,,,,,,,,,,,,,,,,49.952084,26.23184,-0.28440234,49.952084,26.23184,-0.20462148,,,,,,,,,,,,,,,,,,,,,,,,,,,,,,,,,,,,,,,,,,,,,,,,,,,,,,,,,,,,,,,
49.952084,26.26182,0.0004908523,49.952084,26.26182,0.0005206008,,,,,,,,,,,,,,,,,,,,,,,,,,,,,,,,,,,,,,,,,,,,,,,,,,,,,,,,,,,,,49.952084,26.26182,-0.64212835,49.952084,26.26182,-0.4526583,,,,,,,,,,,,,,,,,,,,,,,,,,,,,,,,,,,,,,,,,,,,,,,,,,,,,,,,,,,,,,,
49.952084,26.291798,0.0006990926,49.952084,26.291798,0.00071396696,,,,,,,,,,,,,,,,,,,,,,,,,,,,,,,,,,,,,,,,,,,,,,,,,,,,,,,,,,,,,49.952084,26.291798,0.04519172,49.952084,26.291798,0.18668792,,,,,,,,,,,,,,,,,,,,,,,,,,,,,,,,,,,,,,,,,,,,,,,,,,,,,,,,,,,,,,,
49.952084,26.321777,0.00069909263,49.952084,26.321777,0.00080321287,,,,,,,,,,,,,,,,,,,,,,,,,,,,,,,,,,,,,,,,,,,,,,,,,,,,,,,,,,,,,49.952084,26.321777,0.06256494,49.952084,26.321777,0.47389936,,,,,,,,,,,,,,,,,,,,,,,,,,,,,,,,,,,,,,,,,,,,,,,,,,,,,,,,,,,,,,,
49.952084,26.351757,0.0007734642,49.952084,26.351757,0.00068421836,,,,,,,,,,,,,,,,,,,,,,,,,,,,,,,,,,,,,,,,,,,,,,,,,,,,,,,,,,,,,49.952084,26.351757,0.27537894,49.952084,26.351757,0.082634896,,,,,,,,,,,,,,,,,,,,,,,,,,,,,,,,,,,,,,,,,,,,,,,,,,,,,,,,,,,,,,,
49.952084,26.381737,0.00058009813,49.952084,26.381737,0.00072884123,,,,,,,,,,,,,,,,,,,,,,,,,,,,,,,,,,,,,,,,,,,,,,,,,,,,,,,,,,,,,49.952084,26.381737,-0.33143887,49.952084,26.381737,0.24716176,,,,,,,,,,,,,,,,,,,,,,,,,,,,,,,,,,,,,,,,,,,,,,,,,,,,,,,,,,,,,,,
49.952084,26.411715,0.00071396696,49.952084,26.411715,0.0005949724,,,,,,,,,,,,,,,,,,,,,,,,,,,,,,,,,,,,,,,,,,,,,,,,,,,,,,,,,,,,,49.952084,26.411715,0.09867206,49.952084,26.411715,-0.18410188,,,,,,,,,,,,,,,,,,,,,,,,,,,,,,,,,,,,,,,,,,,,,,,,,,,,,,,,,,,,,,,
49.952084,26.441694,0.00086271006,49.952084,26.441694,0.00066934404,,,,,,,,,,,,,,,,,,,,,,,,,,,,,,,,,,,,,,,,,,,,,,,,,,,,,,,,,,,,,49.952084,26.441694,0.63511336,49.952084,26.441694,0.054586034,,,,,,,,,,,,,,,,,,,,,,,,,,,,,,,,,,,,,,,,,,,,,,,,,,,,,,,,,,,,,,,
49.952084,26.471674,0.0007437156,49.952084,26.471674,0.0005354752,,,,,,,,,,,,,,,,,,,,,,,,,,,,,,,,,,,,,,,,,,,,,,,,,,,,,,,,,,,,,49.952084,26.471674,0.24366158,49.952084,26.471674,-0.36699736,,,,,,,,,,,,,,,,,,,,,,,,,,,,,,,,,,,,,,,,,,,,,,,,,,,,,,,,,,,,,,,
49.952084,26.501654,0.00078833854,49.952084,26.501654,0.0006693441,,,,,,,,,,,,,,,,,,,,,,,,,,,,,,,,,,,,,,,,,,,,,,,,,,,,,,,,,,,,,49.952084,26.501654,0.3884736,49.952084,26.501654,0.043447156,,,,,,,,,,,,,,,,,,,,,,,,,,,,,,,,,,,,,,,,,,,,,,,,,,,,,,,,,,,,,,,
49.952084,26.531633,0.00069909263,49.952084,26.531633,0.00059497246,,,,,,,,,,,,,,,,,,,,,,,,,,,,,,,,,,,,,,,,,,,,,,,,,,,,,,,,,,,,,49.952084,26.531633,0.042609837,49.952084,26.531633,-0.1904505,,,,,,,,,,,,,,,,,,,,,,,,,,,,,,,,,,,,,,,,,,,,,,,,,,,,,,,,,,,,,,,
49.952084,26.561611,0.00080321287,49.952084,26.561611,0.00062472105,,,,,,,,,,,,,,,,,,,,,,,,,,,,,,,,,,,,,,,,,,,,,,,,,,,,,,,,,,,,,49.952084,26.561611,0.38018158,49.952084,26.561611,-0.096331395,,,,,,,,,,,,,,,,,,,,,,,,,,,,,,,,,,,,,,,,,,,,,,,,,,,,,,,,,,,,,,,
49.952084,26.59159,0.00071396696,49.952084,26.59159,0.0007734642,,,,,,,,,,,,,,,,,,,,,,,,,,,,,,,,,,,,,,,,,,,,,,,,,,,,,,,,,,,,,49.952084,26.59159,0.116919965,49.952084,26.59159,0.3562039,,,,,,,,,,,,,,,,,,,,,,,,,,,,,,,,,,,,,,,,,,,,,,,,,,,,,,,,,,,,,,,
49.952084,26.62157,0.000713967,49.952084,26.62157,0.00080321275,,,,,,,,,,,,,,,,,,,,,,,,,,,,,,,,,,,,,,,,,,,,,,,,,,,,,,,,,,,,,49.952084,26.62157,0.13030115,49.952084,26.62157,0.45552117,,,,,,,,,,,,,,,,,,,,,,,,,,,,,,,,,,,,,,,,,,,,,,,,,,,,,,,,,,,,,,,
49.952084,26.65155,0.0006098467,49.952084,26.65155,0.0005949724,,,,,,,,,,,,,,,,,,,,,,,,,,,,,,,,,,,,,,,,,,,,,,,,,,,,,,,,,,,,,49.952084,26.65155,-0.2417076,49.952084,26.65155,-0.18248539,,,,,,,,,,,,,,,,,,,,,,,,,,,,,,,,,,,,,,,,,,,,,,,,,,,,,,,,,,,,,,,
49.952084,26.681528,0.0007734641,49.952084,26.681528,0.00065446965,,,,,,,,,,,,,,,,,,,,,,,,,,,,,,,,,,,,,,,,,,,,,,,,,,,,,,,,,,,,,49.952084,26.681528,0.33681718,49.952084,26.681528,-0.0038129753,,,,,,,,,,,,,,,,,,,,,,,,,,,,,,,,,,,,,,,,,,,,,,,,,,,,,,,,,,,,,,,
49.952084,26.711508,0.0005949724,49.952084,26.711508,0.00047597795,,,,,,,,,,,,,,,,,,,,,,,,,,,,,,,,,,,,,,,,,,,,,,,,,,,,,,,,,,,,,49.952084,26.711508,-0.27477407,49.952084,26.711508,-0.60245395,,,,,,,,,,,,,,,,,,,,,,,,,,,,,,,,,,,,,,,,,,,,,,,,,,,,,,,,,,,,,,,
49.952084,26.741488,0.000624721,49.952084,26.741488,0.0007585899,,,,,,,,,,,,,,,,,,,,,,,,,,,,,,,,,,,,,,,,,,,,,,,,,,,,,,,,,,,,,49.952084,26.741488,-0.18851547,49.952084,26.741488,0.34299093,,,,,,,,,,,,,,,,,,,,,,,,,,,,,,,,,,,,,,,,,,,,,,,,,,,,,,,,,,,,,,,
49.952084,26.771467,0.0008478357,49.952084,26.771467,0.0005652238,,,,,,,,,,,,,,,,,,,,,,,,,,,,,,,,,,,,,,,,,,,,,,,,,,,,,,,,,,,,,49.952084,26.771467,0.5323824,49.952084,26.771467,-0.29479864,,,,,,,,,,,,,,,,,,,,,,,,,,,,,,,,,,,,,,,,,,,,,,,,,,,,,,,,,,,,,,,
49.952084,26.801445,0.00072884123,49.952084,26.801445,0.00065446965,,,,,,,,,,,,,,,,,,,,,,,,,,,,,,,,,,,,,,,,,,,,,,,,,,,,,,,,,,,,,49.952084,26.801445,0.13667925,49.952084,26.801445,0.0016299221,,,,,,,,,,,,,,,,,,,,,,,,,,,,,,,,,,,,,,,,,,,,,,,,,,,,,,,,,,,,,,,
49.952084,26.831425,0.00080321287,49.952084,26.831425,0.0004908523,,,,,,,,,,,,,,,,,,,,,,,,,,,,,,,,,,,,,,,,,,,,,,,,,,,,,,,,,,,,,49.952084,26.831425,0.41143852,49.952084,26.831425,-0.53242904,,,,,,,,,,,,,,,,,,,,,,,,,,,,,,,,,,,,,,,,,,,,,,,,,,,,,,,,,,,,,,,
49.952084,26.861404,0.0005652238,49.952084,26.861404,0.00062472105,,,,,,,,,,,,,,,,,,,,,,,,,,,,,,,,,,,,,,,,,,,,,,,,,,,,,,,,,,,,,49.952084,26.861404,-0.37292078,49.952084,26.861404,-0.12718302,,,,,,,,,,,,,,,,,,,,,,,,,,,,,,,,,,,,,,,,,,,,,,,,,,,,,,,,,,,,,,,
49.952084,26.891384,0.00066934404,49.952084,26.891384,0.0006395954,,,,,,,,,,,,,,,,,,,,,,,,,,,,,,,,,,,,,,,,,,,,,,,,,,,,,,,,,,,,,49.952084,26.891384,-0.048437614,49.952084,26.891384,-0.047118478,,,,,,,,,,,,,,,,,,,,,,,,,,,,,,,,,,,,,,,,,,,,,,,,,,,,,,,,,,,,,,,
49.952084,26.921362,0.00093708164,49.952084,26.921362,0.00055034953,,,,,,,,,,,,,,,,,,,,,,,,,,,,,,,,,,,,,,,,,,,,,,,,,,,,,,,,,,,,,49.952084,26.921362,0.86571294,49.952084,26.921362,-0.32071012,,,,,,,,,,,,,,,,,,,,,,,,,,,,,,,,,,,,,,,,,,,,,,,,,,,,,,,,,,,,,,,
49.952084,26.951342,0.0008180872,49.952084,26.951342,0.0007437156,,,,,,,,,,,,,,,,,,,,,,,,,,,,,,,,,,,,,,,,,,,,,,,,,,,,,,,,,,,,,49.952084,26.951342,0.43845734,49.952084,26.951342,0.27524808,,,,,,,,,,,,,,,,,,,,,,,,,,,,,,,,,,,,,,,,,,,,,,,,,,,,,,,,,,,,,,,
49.952084,26.981321,0.0007734643,49.952084,26.981321,0.0006842183,,,,,,,,,,,,,,,,,,,,,,,,,,,,,,,,,,,,,,,,,,,,,,,,,,,,,,,,,,,,,49.952084,26.981321,0.27343306,49.952084,26.981321,0.060224883,,,,,,,,,,,,,,,,,,,,,,,,,,,,,,,,,,,,,,,,,,,,,,,,,,,,,,,,,,,,,,,
49.952084,27.011301,0.0006395953,49.952084,27.011301,0.0005206009,,,,,,,,,,,,,,,,,,,,,,,,,,,,,,,,,,,,,,,,,,,,,,,,,,,,,,,,,,,,,49.952084,27.011301,-0.15826282,49.952084,27.011301,-0.43584168,,,,,,,,,,,,,,,,,,,,,,,,,,,,,,,,,,,,,,,,,,,,,,,,,,,,,,,,,,,,,,,
49.952084,27.041279,0.000818087,49.952084,27.041279,0.0006098467,,,,,,,,,,,,,,,,,,,,,,,,,,,,,,,,,,,,,,,,,,,,,,,,,,,,,,,,,,,,,49.952084,27.041279,0.46471882,49.952084,27.041279,-0.15248448,,,,,,,,,,,,,,,,,,,,,,,,,,,,,,,,,,,,,,,,,,,,,,,,,,,,,,,,,,,,,,,
49.952084,27.071259,0.00084783573,49.952084,27.071259,0.0008924586,,,,,,,,,,,,,,,,,,,,,,,,,,,,,,,,,,,,,,,,,,,,,,,,,,,,,,,,,,,,,49.952084,27.071259,0.5697314,49.952084,27.071259,0.7583741,,,,,,,,,,,,,,,,,,,,,,,,,,,,,,,,,,,,,,,,,,,,,,,,,,,,,,,,,,,,,,,
49.952084,27.101238,0.00069909263,49.952084,27.101238,0.00046110366,,,,,,,,,,,,,,,,,,,,,,,,,,,,,,,,,,,,,,,,,,,,,,,,,,,,,,,,,,,,,49.952084,27.101238,0.077272624,49.952084,27.101238,-0.6418609,,,,,,,,,,,,,,,,,,,,,,,,,,,,,,,,,,,,,,,,,,,,,,,,,,,,,,,,,,,,,,,
49.952084,27.131218,0.00086271,49.952084,27.131218,0.0006544697,,,,,,,,,,,,,,,,,,,,,,,,,,,,,,,,,,,,,,,,,,,,,,,,,,,,,,,,,,,,,49.952084,27.131218,0.58587855,49.952084,27.131218,-0.036957115,,,,,,,,,,,,,,,,,,,,,,,,,,,,,,,,,,,,,,,,,,,,,,,,,,,,,,,,,,,,,,,
49.952084,27.161196,0.00062472105,49.952084,27.161196,0.00055034953,,,,,,,,,,,,,,,,,,,,,,,,,,,,,,,,,,,,,,,,,,,,,,,,,,,,,,,,,,,,,49.952084,27.161196,-0.23023987,49.952084,27.161196,-0.3202354,,,,,,,,,,,,,,,,,,,,,,,,,,,,,,,,,,,,,,,,,,,,,,,,,,,,,,,,,,,,,,,
49.952084,27.191175,0.0006395953,49.952084,27.191175,0.0005949724,,,,,,,,,,,,,,,,,,,,,,,,,,,,,,,,,,,,,,,,,,,,,,,,,,,,,,,,,,,,,49.952084,27.191175,-0.15212007,49.952084,27.191175,-0.20427993,,,,,,,,,,,,,,,,,,,,,,,,,,,,,,,,,,,,,,,,,,,,,,,,,,,,,,,,,,,,,,,
49.952084,27.221155,0.00062472105,49.952084,27.221155,0.0007734641,,,,,,,,,,,,,,,,,,,,,,,,,,,,,,,,,,,,,,,,,,,,,,,,,,,,,,,,,,,,,49.952084,27.221155,-0.20002507,49.952084,27.221155,0.37609255,,,,,,,,,,,,,,,,,,,,,,,,,,,,,,,,,,,,,,,,,,,,,,,,,,,,,,,,,,,,,,,
49.952084,27.251135,0.0006544697,49.952084,27.251135,0.00066934404,,,,,,,,,,,,,,,,,,,,,,,,,,,,,,,,,,,,,,,,,,,,,,,,,,,,,,,,,,,,,49.952084,27.251135,-0.10157052,49.952084,27.251135,0.04498324,,,,,,,,,,,,,,,,,,,,,,,,,,,,,,,,,,,,,,,,,,,,,,,,,,,,,,,,,,,,,,,
49.952084,27.281113,0.0006247211,49.952084,27.281113,0.00062472105,,,,,,,,,,,,,,,,,,,,,,,,,,,,,,,,,,,,,,,,,,,,,,,,,,,,,,,,,,,,,49.952084,27.281113,-0.18783945,49.952084,27.281113,-0.11561538,,,,,,,,,,,,,,,,,,,,,,,,,,,,,,,,,,,,,,,,,,,,,,,,,,,,,,,,,,,,,,,
49.952084,27.311092,0.00084783573,49.952084,27.311092,0.0006395953,,,,,,,,,,,,,,,,,,,,,,,,,,,,,,,,,,,,,,,,,,,,,,,,,,,,,,,,,,,,,49.952084,27.311092,0.53259605,49.952084,27.311092,-0.05048936,,,,,,,,,,,,,,,,,,,,,,,,,,,,,,,,,,,,,,,,,,,,,,,,,,,,,,,,,,,,,,,
49.952084,27.341072,0.0007437156,49.952084,27.341072,0.0007437156,,,,,,,,,,,,,,,,,,,,,,,,,,,,,,,,,,,,,,,,,,,,,,,,,,,,,,,,,,,,,49.952084,27.341072,0.1797926,49.952084,27.341072,0.29969367,,,,,,,,,,,,,,,,,,,,,,,,,,,,,,,,,,,,,,,,,,,,,,,,,,,,,,,,,,,,,,,
49.952084,27.371052,0.0007437155,49.952084,27.371052,0.0006395953,,,,,,,,,,,,,,,,,,,,,,,,,,,,,,,,,,,,,,,,,,,,,,,,,,,,,,,,,,,,,49.952084,27.371052,0.22381449,49.952084,27.371052,-0.057265468,,,,,,,,,,,,,,,,,,,,,,,,,,,,,,,,,,,,,,,,,,,,,,,,,,,,,,,,,,,,,,,
49.952084,27.401031,0.0008180871,49.952084,27.401031,0.0006842183,,,,,,,,,,,,,,,,,,,,,,,,,,,,,,,,,,,,,,,,,,,,,,,,,,,,,,,,,,,,,49.952084,27.401031,0.46349826,49.952084,27.401031,0.07415148,,,,,,,,,,,,,,,,,,,,,,,,,,,,,,,,,,,,,,,,,,,,,,,,,,,,,,,,,,,,,,,
49.952084,27.43101,0.0006395953,49.952084,27.43101,0.000669344,,,,,,,,,,,,,,,,,,,,,,,,,,,,,,,,,,,,,,,,,,,,,,,,,,,,,,,,,,,,,49.952084,27.43101,-0.12723412,49.952084,27.43101,0.06412658,,,,,,,,,,,,,,,,,,,,,,,,,,,,,,,,,,,,,,,,,,,,,,,,,,,,,,,,,,,,,,,
49.952084,27.460989,0.00066934404,49.952084,27.460989,0.0006842183,,,,,,,,,,,,,,,,,,,,,,,,,,,,,,,,,,,,,,,,,,,,,,,,,,,,,,,,,,,,,49.952084,27.460989,-0.0642015,49.952084,27.460989,0.09275082,,,,,,,,,,,,,,,,,,,,,,,,,,,,,,,,,,,,,,,,,,,,,,,,,,,,,,,,,,,,,,,
49.952084,27.490969,0.0009668303,49.952084,27.490969,0.0005652238,,,,,,,,,,,,,,,,,,,,,,,,,,,,,,,,,,,,,,,,,,,,,,,,,,,,,,,,,,,,,49.952084,27.490969,0.9229656,49.952084,27.490969,-0.33729753,,,,,,,,,,,,,,,,,,,,,,,,,,,,,,,,,,,,,,,,,,,,,,,,,,,,,,,,,,,,,,,
49.952084,27.520948,0.0007734642,49.952084,27.520948,0.0006395954,,,,,,,,,,,,,,,,,,,,,,,,,,,,,,,,,,,,,,,,,,,,,,,,,,,,,,,,,,,,,49.952084,27.520948,0.31657112,49.952084,27.520948,-0.0216172,,,,,,,,,,,,,,,,,,,,,,,,,,,,,,,,,,,,,,,,,,,,,,,,,,,,,,,,,,,,,,,
49.952084,27.550926,0.00080321275,49.952084,27.550926,0.00066934404,,,,,,,,,,,,,,,,,,,,,,,,,,,,,,,,,,,,,,,,,,,,,,,,,,,,,,,,,,,,,49.952084,27.550926,0.404572,49.952084,27.550926,0.067645475,,,,,,,,,,,,,,,,,,,,,,,,,,,,,,,,,,,,,,,,,,,,,,,,,,,,,,,,,,,,,,,
49.952084,27.580906,0.0007734642,49.952084,27.580906,0.0006544697,,,,,,,,,,,,,,,,,,,,,,,,,,,,,,,,,,,,,,,,,,,,,,,,,,,,,,,,,,,,,49.952084,27.580906,0.25654665,49.952084,27.580906,-0.04915349,,,,,,,,,,,,,,,,,,,,,,,,,,,,,,,,,,,,,,,,,,,,,,,,,,,,,,,,,,,,,,,
49.952084,27.610886,0.0006098467,49.952084,27.610886,0.0007437156,,,,,,,,,,,,,,,,,,,,,,,,,,,,,,,,,,,,,,,,,,,,,,,,,,,,,,,,,,,,,49.952084,27.610886,-0.2323073,49.952084,27.610886,0.2826126,,,,,,,,,,,,,,,,,,,,,,,,,,,,,,,,,,,,,,,,,,,,,,,,,,,,,,,,,,,,,,,
49.952084,27.640865,0.0007437155,49.952084,27.640865,0.00065446965,,,,,,,,,,,,,,,,,,,,,,,,,,,,,,,,,,,,,,,,,,,,,,,,,,,,,,,,,,,,,49.952084,27.640865,0.19210006,49.952084,27.640865,0.0037359137,,,,,,,,,,,,,,,,,,,,,,,,,,,,,,,,,,,,,,,,,,,,,,,,,,,,,,,,,,,,,,,
49.952084,27.670843,0.00065446965,49.952084,27.670843,0.0007734641,,,,,,,,,,,,,,,,,,,,,,,,,,,,,,,,,,,,,,,,,,,,,,,,,,,,,,,,,,,,,49.952084,27.670843,-0.111560464,49.952084,27.670843,0.35823748,,,,,,,,,,,,,,,,,,,,,,,,,,,,,,,,,,,,,,,,,,,,,,,,,,,,,,,,,,,,,,,
49.952084,27.700823,0.0006098468,49.952084,27.700823,0.00065446965,,,,,,,,,,,,,,,,,,,,,,,,,,,,,,,,,,,,,,,,,,,,,,,,,,,,,,,,,,,,,49.952084,27.700823,-0.21877606,49.952084,27.700823,0.029781912,,,,,,,,,,,,,,,,,,,,,,,,,,,,,,,,,,,,,,,,,,,,,,,,,,,,,,,,,,,,,,,
49.952084,27.730803,0.00066934404,49.952084,27.730803,0.00062472105,,,,,,,,,,,,,,,,,,,,,,,,,,,,,,,,,,,,,,,,,,,,,,,,,,,,,,,,,,,,,49.952084,27.730803,-0.06764168,49.952084,27.730803,-0.083741546,,,,,,,,,,,,,,,,,,,,,,,,,,,,,,,,,,,,,,,,,,,,,,,,,,,,,,,,,,,,,,,
49.952084,27.760782,0.0007585899,49.952084,27.760782,0.0007437155,,,,,,,,,,,,,,,,,,,,,,,,,,,,,,,,,,,,,,,,,,,,,,,,,,,,,,,,,,,,,49.952084,27.760782,0.23061864,49.952084,27.760782,0.27965617,,,,,,,,,,,,,,,,,,,,,,,,,,,,,,,,,,,,,,,,,,,,,,,,,,,,,,,,,,,,,,,
49.952084,27.79076,0.00069909263,49.952084,27.79076,0.0008180871,,,,,,,,,,,,,,,,,,,,,,,,,,,,,,,,,,,,,,,,,,,,,,,,,,,,,,,,,,,,,49.952084,27.79076,0.048272967,49.952084,27.79076,0.54989916,,,,,,,,,,,,,,,,,,,,,,,,,,,,,,,,,,,,,,,,,,,,,,,,,,,,,,,,,,,,,,,
49.952084,27.82074,0.00062472105,49.952084,27.82074,0.00068421825,,,,,,,,,,,,,,,,,,,,,,,,,,,,,,,,,,,,,,,,,,,,,,,,,,,,,,,,,,,,,49.952084,27.82074,-0.1936444,49.952084,27.82074,0.095557876,,,,,,,,,,,,,,,,,,,,,,,,,,,,,,,,,,,,,,,,,,,,,,,,,,,,,,,,,,,,,,,
49.952084,27.85072,0.0005206009,49.952084,27.85072,0.00069909263,,,,,,,,,,,,,,,,,,,,,,,,,,,,,,,,,,,,,,,,,,,,,,,,,,,,,,,,,,,,,49.952084,27.85072,-0.52847636,49.952084,27.85072,0.12699927,,,,,,,,,,,,,,,,,,,,,,,,,,,,,,,,,,,,,,,,,,,,,,,,,,,,,,,,,,,,,,,
49.952084,27.8807,0.00072884123,49.952084,27.8807,0.0007437156,,,,,,,,,,,,,,,,,,,,,,,,,,,,,,,,,,,,,,,,,,,,,,,,,,,,,,,,,,,,,49.952084,27.8807,0.15911287,49.952084,27.8807,0.3079456,,,,,,,,,,,,,,,,,,,,,,,,,,,,,,,,,,,,,,,,,,,,,,,,,,,,,,,,,,,,,,,
49.952084,27.910677,0.00056522386,49.952084,27.910677,0.0006098468,,,,,,,,,,,,,,,,,,,,,,,,,,,,,,,,,,,,,,,,,,,,,,,,,,,,,,,,,,,,,49.952084,27.910677,-0.3834888,49.952084,27.910677,-0.16085628,,,,,,,,,,,,,,,,,,,,,,,,,,,,,,,,,,,,,,,,,,,,,,,,,,,,,,,,,,,,,,,
49.952084,27.940657,0.00065446965,49.952084,27.940657,0.00062472105,,,,,,,,,,,,,,,,,,,,,,,,,,,,,,,,,,,,,,,,,,,,,,,,,,,,,,,,,,,,,49.952084,27.940657,-0.10243927,49.952084,27.940657,-0.090496555,,,,,,,,,,,,,,,,,,,,,,,,,,,,,,,,,,,,,,,,,,,,,,,,,,,,,,,,,,,,,,,
49.952084,27.970636,0.00071396696,49.952084,27.970636,0.00065446965,,,,,,,,,,,,,,,,,,,,,,,,,,,,,,,,,,,,,,,,,,,,,,,,,,,,,,,,,,,,,49.952084,27.970636,0.052758005,49.952084,27.970636,0.00607721,,,,,,,,,,,,,,,,,,,,,,,,,,,,,,,,,,,,,,,,,,,,,,,,,,,,,,,,,,,,,,,
49.952084,28.000616,0.0007437156,49.952084,28.000616,0.00065446977,,,,,,,,,,,,,,,,,,,,,,,,,,,,,,,,,,,,,,,,,,,,,,,,,,,,,,,,,,,,,49.952084,28.000616,0.21756457,49.952084,28.000616,0.00682548,,,,,,,,,,,,,,,,,,,,,,,,,,,,,,,,,,,,,,,,,,,,,,,,,,,,,,,,,,,,,,,
49.952084,28.030594,0.0006395953,49.952084,28.030594,0.00066934404,,,,,,,,,,,,,,,,,,,,,,,,,,,,,,,,,,,,,,,,,,,,,,,,,,,,,,,,,,,,,49.952084,28.030594,-0.11008469,49.952084,28.030594,0.037643585,,,,,,,,,,,,,,,,,,,,,,,,,,,,,,,,,,,,,,,,,,,,,,,,,,,,,,,,,,,,,,,
49.952084,28.060574,0.00062472105,49.952084,28.060574,0.0007437155,,,,,,,,,,,,,,,,,,,,,,,,,,,,,,,,,,,,,,,,,,,,,,,,,,,,,,,,,,,,,49.952084,28.060574,-0.16270274,49.952084,28.060574,0.2742036,,,,,,,,,,,,,,,,,,,,,,,,,,,,,,,,,,,,,,,,,,,,,,,,,,,,,,,,,,,,,,,
49.952084,28.090553,0.0007585899,49.952084,28.090553,0.00068421825,,,,,,,,,,,,,,,,,,,,,,,,,,,,,,,,,,,,,,,,,,,,,,,,,,,,,,,,,,,,,49.952084,28.090553,0.23294857,49.952084,28.090553,0.08357909,,,,,,,,,,,,,,,,,,,,,,,,,,,,,,,,,,,,,,,,,,,,,,,,,,,,,,,,,,,,,,,
49.952084,28.120533,0.0006395953,49.952084,28.120533,0.0005652238,,,,,,,,,,,,,,,,,,,,,,,,,,,,,,,,,,,,,,,,,,,,,,,,,,,,,,,,,,,,,49.952084,28.120533,-0.12606488,49.952084,28.120533,-0.30215466,,,,,,,,,,,,,,,,,,,,,,,,,,,,,,,,,,,,,,,,,,,,,,,,,,,,,,,,,,,,,,,
49.952084,28.150513,0.00062472105,49.952084,28.150513,0.00072884123,,,,,,,,,,,,,,,,,,,,,,,,,,,,,,,,,,,,,,,,,,,,,,,,,,,,,,,,,,,,,49.952084,28.150513,-0.18965632,49.952084,28.150513,0.26062775,,,,,,,,,,,,,,,,,,,,,,,,,,,,,,,,,,,,,,,,,,,,,,,,,,,,,,,,,,,,,,,
49.952084,28.18049,0.00065446965,49.952084,28.18049,0.00072884123,,,,,,,,,,,,,,,,,,,,,,,,,,,,,,,,,,,,,,,,,,,,,,,,,,,,,,,,,,,,,49.952084,28.18049,-0.12214424,49.952084,28.18049,0.22212803,,,,,,,,,,,,,,,,,,,,,,,,,,,,,,,,,,,,,,,,,,,,,,,,,,,,,,,,,,,,,,,
49.952084,28.21047,0.0006098467,49.952084,28.21047,0.0006098468,,,,,,,,,,,,,,,,,,,,,,,,,,,,,,,,,,,,,,,,,,,,,,,,,,,,,,,,,,,,,49.952084,28.21047,-0.21958119,49.952084,28.21047,-0.16598478,,,,,,,,,,,,,,,,,,,,,,,,,,,,,,,,,,,,,,,,,,,,,,,,,,,,,,,,,,,,,,,
49.952084,28.24045,0.00065446965,49.952084,28.24045,0.0005354752,,,,,,,,,,,,,,,,,,,,,,,,,,,,,,,,,,,,,,,,,,,,,,,,,,,,,,,,,,,,,49.952084,28.24045,-0.10530554,49.952084,28.24045,-0.38187253,,,,,,,,,,,,,,,,,,,,,,,,,,,,,,,,,,,,,,,,,,,,,,,,,,,,,,,,,,,,,,,
49.952084,28.27043,0.00072884123,49.952084,28.27043,0.00090733304,,,,,,,,,,,,,,,,,,,,,,,,,,,,,,,,,,,,,,,,,,,,,,,,,,,,,,,,,,,,,49.952084,28.27043,0.11793964,49.952084,28.27043,0.8391318,,,,,,,,,,,,,,,,,,,,,,,,,,,,,,,,,,,,,,,,,,,,,,,,,,,,,,,,,,,,,,,
49.952084,28.300407,0.00069909263,49.952084,28.300407,0.00080321287,,,,,,,,,,,,,,,,,,,,,,,,,,,,,,,,,,,,,,,,,,,,,,,,,,,,,,,,,,,,,49.952084,28.300407,0.043828554,49.952084,28.300407,0.46296522,,,,,,,,,,,,,,,,,,,,,,,,,,,,,,,,,,,,,,,,,,,,,,,,,,,,,,,,,,,,,,,
49.952084,28.330387,0.0006693441,49.952084,28.330387,0.0004016064,,,,,,,,,,,,,,,,,,,,,,,,,,,,,,,,,,,,,,,,,,,,,,,,,,,,,,,,,,,,,49.952084,28.330387,-0.032651722,49.952084,28.330387,-0.8390522,,,,,,,,,,,,,,,,,,,,,,,,,,,,,,,,,,,,,,,,,,,,,,,,,,,,,,,,,,,,,,,
49.952084,28.360367,0.00053547526,49.952084,28.360367,0.00066934404,,,,,,,,,,,,,,,,,,,,,,,,,,,,,,,,,,,,,,,,,,,,,,,,,,,,,,,,,,,,,49.952084,28.360367,-0.506912,49.952084,28.360367,0.05612645,,,,,,,,,,,,,,,,,,,,,,,,,,,,,,,,,,,,,,,,,,,,,,,,,,,,,,,,,,,,,,,
49.952084,28.390347,0.0007585899,49.952084,28.390347,0.00066934404,,,,,,,,,,,,,,,,,,,,,,,,,,,,,,,,,,,,,,,,,,,,,,,,,,,,,,,,,,,,,49.952084,28.390347,0.28395715,49.952084,28.390347,0.07560161,,,,,,,,,,,,,,,,,,,,,,,,,,,,,,,,,,,,,,,,,,,,,,,,,,,,,,,,,,,,,,,
49.952084,28.420324,0.00065446965,49.952084,28.420324,0.0006098467,,,,,,,,,,,,,,,,,,,,,,,,,,,,,,,,,,,,,,,,,,,,,,,,,,,,,,,,,,,,,49.952084,28.420324,-0.087216094,49.952084,28.420324,-0.1663143,,,,,,,,,,,,,,,,,,,,,,,,,,,,,,,,,,,,,,,,,,,,,,,,,,,,,,,,,,,,,,,
49.952084,28.450304,0.00077346415,49.952084,28.450304,0.0005800982,,,,,,,,,,,,,,,,,,,,,,,,,,,,,,,,,,,,,,,,,,,,,,,,,,,,,,,,,,,,,49.952084,28.450304,0.30800608,49.952084,28.450304,-0.23158376,,,,,,,,,,,,,,,,,,,,,,,,,,,,,,,,,,,,,,,,,,,,,,,,,,,,,,,,,,,,,,,
49.952084,28.480284,0.00069909263,49.952084,28.480284,0.00065446965,,,,,,,,,,,,,,,,,,,,,,,,,,,,,,,,,,,,,,,,,,,,,,,,,,,,,,,,,,,,,49.952084,28.480284,0.025448926,49.952084,28.480284,0.021709792,,,,,,,,,,,,,,,,,,,,,,,,,,,,,,,,,,,,,,,,,,,,,,,,,,,,,,,,,,,,,,,
49.952084,28.510263,0.0006990926,49.952084,28.510263,0.00066934404,,,,,,,,,,,,,,,,,,,,,,,,,,,,,,,,,,,,,,,,,,,,,,,,,,,,,,,,,,,,,49.952084,28.510263,0.054398015,49.952084,28.510263,0.04943323,,,,,,,,,,,,,,,,,,,,,,,,,,,,,,,,,,,,,,,,,,,,,,,,,,,,,,,,,,,,,,,
49.952084,28.540241,0.0006098467,49.952084,28.540241,0.0006842183,,,,,,,,,,,,,,,,,,,,,,,,,,,,,,,,,,,,,,,,,,,,,,,,,,,,,,,,,,,,,49.952084,28.540241,-0.19833305,49.952084,28.540241,0.11686526,,,,,,,,,,,,,,,,,,,,,,,,,,,,,,,,,,,,,,,,,,,,,,,,,,,,,,,,,,,,,,,
49.952084,28.57022,0.0005652238,49.952084,28.57022,0.0006098468,,,,,,,,,,,,,,,,,,,,,,,,,,,,,,,,,,,,,,,,,,,,,,,,,,,,,,,,,,,,,49.952084,28.57022,-0.3952889,49.952084,28.57022,-0.124910764,,,,,,,,,,,,,,,,,,,,,,,,,,,,,,,,,,,,,,,,,,,,,,,,,,,,,,,,,,,,,,,
49.952084,28.6002,0.0005206009,49.952084,28.6002,0.0007437155,,,,,,,,,,,,,,,,,,,,,,,,,,,,,,,,,,,,,,,,,,,,,,,,,,,,,,,,,,,,,49.952084,28.6002,-0.5187738,49.952084,28.6002,0.31231588,,,,,,,,,,,,,,,,,,,,,,,,,,,,,,,,,,,,,,,,,,,,,,,,,,,,,,,,,,,,,,,
49.952084,28.63018,0.0007734642,49.952084,28.63018,0.00049085234,,,,,,,,,,,,,,,,,,,,,,,,,,,,,,,,,,,,,,,,,,,,,,,,,,,,,,,,,,,,,49.952084,28.63018,0.25687954,49.952084,28.63018,-0.5292672,,,,,,,,,,,,,,,,,,,,,,,,,,,,,,,,,,,,,,,,,,,,,,,,,,,,,,,,,,,,,,,
49.952084,28.660158,0.0006990926,49.952084,28.660158,0.00066934404,,,,,,,,,,,,,,,,,,,,,,,,,,,,,,,,,,,,,,,,,,,,,,,,,,,,,,,,,,,,,49.952084,28.660158,0.057844307,49.952084,28.660158,0.001860592,,,,,,,,,,,,,,,,,,,,,,,,,,,,,,,,,,,,,,,,,,,,,,,,,,,,,,,,,,,,,,,
49.952084,28.690138,0.0008478358,49.952084,28.690138,0.00050572655,,,,,,,,,,,,,,,,,,,,,,,,,,,,,,,,,,,,,,,,,,,,,,,,,,,,,,,,,,,,,49.952084,28.690138,0.5778196,49.952084,28.690138,-0.490317,,,,,,,,,,,,,,,,,,,,,,,,,,,,,,,,,,,,,,,,,,,,,,,,,,,,,,,,,,,,,,,
49.952084,28.720118,0.0005652238,49.952084,28.720118,0.000713967,,,,,,,,,,,,,,,,,,,,,,,,,,,,,,,,,,,,,,,,,,,,,,,,,,,,,,,,,,,,,49.952084,28.720118,-0.41804716,49.952084,28.720118,0.19732934,,,,,,,,,,,,,,,,,,,,,,,,,,,,,,,,,,,,,,,,,,,,,,,,,,,,,,,,,,,,,,,
49.952084,28.750097,0.00068421825,49.952084,28.750097,0.00062472105,,,,,,,,,,,,,,,,,,,,,,,,,,,,,,,,,,,,,,,,,,,,,,,,,,,,,,,,,,,,,49.952084,28.750097,0.040675946,49.952084,28.750097,-0.121389665,,,,,,,,,,,,,,,,,,,,,,,,,,,,,,,,,,,,,,,,,,,,,,,,,,,,,,,,,,,,,,,
49.952084,28.780075,0.0005354752,49.952084,28.780075,0.00047597795,,,,,,,,,,,,,,,,,,,,,,,,,,,,,,,,,,,,,,,,,,,,,,,,,,,,,,,,,,,,,49.952084,28.780075,-0.4918855,49.952084,28.780075,-0.58512104,,,,,,,,,,,,,,,,,,,,,,,,,,,,,,,,,,,,,,,,,,,,,,,,,,,,,,,,,,,,,,,
49.952084,28.810055,0.0009817046,49.952084,28.810055,0.0004462293,,,,,,,,,,,,,,,,,,,,,,,,,,,,,,,,,,,,,,,,,,,,,,,,,,,,,,,,,,,,,49.952084,28.810055,0.93537617,49.952084,28.810055,-0.6965506,,,,,,,,,,,,,,,,,,,,,,,,,,,,,,,,,,,,,,,,,,,,,,,,,,,,,,,,,,,,,,,
49.952084,28.840034,0.0007139669,49.952084,28.840034,0.0005949724,,,,,,,,,,,,,,,,,,,,,,,,,,,,,,,,,,,,,,,,,,,,,,,,,,,,,,,,,,,,,49.952084,28.840034,0.10778084,49.952084,28.840034,-0.18880108,,,,,,,,,,,,,,,,,,,,,,,,,,,,,,,,,,,,,,,,,,,,,,,,,,,,,,,,,,,,,,,
49.952084,28.870014,0.0006544697,49.952084,28.870014,0.0005800982,,,,,,,,,,,,,,,,,,,,,,,,,,,,,,,,,,,,,,,,,,,,,,,,,,,,,,,,,,,,,49.952084,28.870014,-0.119034596,49.952084,28.870014,-0.23444118,,,,,,,,,,,,,,,,,,,,,,,,,,,,,,,,,,,,,,,,,,,,,,,,,,,,,,,,,,,,,,,
49.952084,28.899992,0.00055034953,49.952084,28.899992,0.0007585899,,,,,,,,,,,,,,,,,,,,,,,,,,,,,,,,,,,,,,,,,,,,,,,,,,,,,,,,,,,,,49.952084,28.899992,-0.46963468,49.952084,28.899992,0.330521,,,,,,,,,,,,,,,,,,,,,,,,,,,,,,,,,,,,,,,,,,,,,,,,,,,,,,,,,,,,,,,
49.952084,28.929972,0.00071396696,49.952084,28.929972,0.00065446965,,,,,,,,,,,,,,,,,,,,,,,,,,,,,,,,,,,,,,,,,,,,,,,,,,,,,,,,,,,,,49.952084,28.929972,0.10885405,49.952084,28.929972,-0.019543562,,,,,,,,,,,,,,,,,,,,,,,,,,,,,,,,,,,,,,,,,,,,,,,,,,,,,,,,,,,,,,,
49.952084,28.959951,0.0007734642,49.952084,28.959951,0.00069909263,,,,,,,,,,,,,,,,,,,,,,,,,,,,,,,,,,,,,,,,,,,,,,,,,,,,,,,,,,,,,49.952084,28.959951,0.2826545,49.952084,28.959951,0.16696331,,,,,,,,,,,,,,,,,,,,,,,,,,,,,,,,,,,,,,,,,,,,,,,,,,,,,,,,,,,,,,,
49.952084,28.989931,0.0006247211,49.952084,28.989931,0.00066934404,,,,,,,,,,,,,,,,,,,,,,,,,,,,,,,,,,,,,,,,,,,,,,,,,,,,,,,,,,,,,49.952084,28.989931,-0.21386912,49.952084,28.989931,0.06528681,,,,,,,,,,,,,,,,,,,,,,,,,,,,,,,,,,,,,,,,,,,,,,,,,,,,,,,,,,,,,,,
49.952084,29.01991,0.0006990927,49.952084,29.01991,0.0007437156,,,,,,,,,,,,,,,,,,,,,,,,,,,,,,,,,,,,,,,,,,,,,,,,,,,,,,,,,,,,,49.952084,29.01991,0.06962833,49.952084,29.01991,0.3130211,,,,,,,,,,,,,,,,,,,,,,,,,,,,,,,,,,,,,,,,,,,,,,,,,,,,,,,,,,,,,,,
49.952084,29.049889,0.0005354752,49.952084,29.049889,0.0006990926,,,,,,,,,,,,,,,,,,,,,,,,,,,,,,,,,,,,,,,,,,,,,,,,,,,,,,,,,,,,,49.952084,29.049889,-0.5068685,49.952084,29.049889,0.1110389,,,,,,,,,,,,,,,,,,,,,,,,,,,,,,,,,,,,,,,,,,,,,,,,,,,,,,,,,,,,,,,
49.952084,29.079868,0.0006247211,49.952084,29.079868,0.00078833854,,,,,,,,,,,,,,,,,,,,,,,,,,,,,,,,,,,,,,,,,,,,,,,,,,,,,,,,,,,,,49.952084,29.079868,-0.16498487,49.952084,29.079868,0.4589292,,,,,,,,,,,,,,,,,,,,,,,,,,,,,,,,,,,,,,,,,,,,,,,,,,,,,,,,,,,,,,,
49.952084,29.109848,0.0007883385,49.952084,29.109848,0.00059497246,,,,,,,,,,,,,,,,,,,,,,,,,,,,,,,,,,,,,,,,,,,,,,,,,,,,,,,,,,,,,49.952084,29.109848,0.35125953,49.952084,29.109848,-0.1919192,,,,,,,,,,,,,,,,,,,,,,,,,,,,,,,,,,,,,,,,,,,,,,,,,,,,,,,,,,,,,,,
49.952084,29.139828,0.0006098467,49.952084,29.139828,0.00062472105,,,,,,,,,,,,,,,,,,,,,,,,,,,,,,,,,,,,,,,,,,,,,,,,,,,,,,,,,,,,,49.952084,29.139828,-0.19884807,49.952084,29.139828,-0.109498665,,,,,,,,,,,,,,,,,,,,,,,,,,,,,,,,,,,,,,,,,,,,,,,,,,,,,,,,,,,,,,,
49.952084,29.169806,0.0007139669,49.952084,29.169806,0.00078833854,,,,,,,,,,,,,,,,,,,,,,,,,,,,,,,,,,,,,,,,,,,,,,,,,,,,,,,,,,,,,49.952084,29.169806,0.11371291,49.952084,29.169806,0.43696886,,,,,,,,,,,,,,,,,,,,,,,,,,,,,,,,,,,,,,,,,,,,,,,,,,,,,,,,,,,,,,,
49.952084,29.199785,0.00065446965,49.952084,29.199785,0.0006247211,,,,,,,,,,,,,,,,,,,,,,,,,,,,,,,,,,,,,,,,,,,,,,,,,,,,,,,,,,,,,49.952084,29.199785,-0.095850386,49.952084,29.199785,-0.09847328,,,,,,,,,,,,,,,,,,,,,,,,,,,,,,,,,,,,,,,,,,,,,,,,,,,,,,,,,,,,,,,
49.952084,29.229765,0.0005354752,49.952084,29.229765,0.0005800982,,,,,,,,,,,,,,,,,,,,,,,,,,,,,,,,,,,,,,,,,,,,,,,,,,,,,,,,,,,,,49.952084,29.229765,-0.4920987,49.952084,29.229765,-0.27246538,,,,,,,,,,,,,,,,,,,,,,,,,,,,,,,,,,,,,,,,,,,,,,,,,,,,,,,,,,,,,,,
49.952084,29.259745,0.00068421836,49.952084,29.259745,0.00084783573,,,,,,,,,,,,,,,,,,,,,,,,,,,,,,,,,,,,,,,,,,,,,,,,,,,,,,,,,,,,,49.952084,29.259745,-0.015129017,49.952084,29.259745,0.6136477,,,,,,,,,,,,,,,,,,,,,,,,,,,,,,,,,,,,,,,,,,,,,,,,,,,,,,,,,,,,,,,
49.952084,29.289722,0.0005800982,49.952084,29.289722,0.00066934404,,,,,,,,,,,,,,,,,,,,,,,,,,,,,,,,,,,,,,,,,,,,,,,,,,,,,,,,,,,,,49.952084,29.289722,-0.365212,49.952084,29.289722,0.05189819,,,,,,,,,,,,,,,,,,,,,,,,,,,,,,,,,,,,,,,,,,,,,,,,,,,,,,,,,,,,,,,
49.952084,29.319702,0.00077346415,49.952084,29.319702,0.0007734642,,,,,,,,,,,,,,,,,,,,,,,,,,,,,,,,,,,,,,,,,,,,,,,,,,,,,,,,,,,,,49.952084,29.319702,0.30177468,49.952084,29.319702,0.40813643,,,,,,,,,,,,,,,,,,,,,,,,,,,,,,,,,,,,,,,,,,,,,,,,,,,,,,,,,,,,,,,
49.952084,29.349682,0.00065446977,49.952084,29.349682,0.00058009813,,,,,,,,,,,,,,,,,,,,,,,,,,,,,,,,,,,,,,,,,,,,,,,,,,,,,,,,,,,,,49.952084,29.349682,-0.11142913,49.952084,29.349682,-0.25010934,,,,,,,,,,,,,,,,,,,,,,,,,,,,,,,,,,,,,,,,,,,,,,,,,,,,,,,,,,,,,,,
49.952084,29.379662,0.0007883385,49.952084,29.379662,0.00072884123,,,,,,,,,,,,,,,,,,,,,,,,,,,,,,,,,,,,,,,,,,,,,,,,,,,,,,,,,,,,,49.952084,29.379662,0.4024505,49.952084,29.379662,0.2628448,,,,,,,,,,,,,,,,,,,,,,,,,,,,,,,,,,,,,,,,,,,,,,,,,,,,,,,,,,,,,,,
49.952084,29.40964,0.00075858994,49.952084,29.40964,0.00083296146,,,,,,,,,,,,,,,,,,,,,,,,,,,,,,,,,,,,,,,,,,,,,,,,,,,,,,,,,,,,,49.952084,29.40964,0.2645374,49.952084,29.40964,0.57052255,,,,,,,,,,,,,,,,,,,,,,,,,,,,,,,,,,,,,,,,,,,,,,,,,,,,,,,,,,,,,,,
49.952084,29.43962,0.0005800982,49.952084,29.43962,0.0006247212,,,,,,,,,,,,,,,,,,,,,,,,,,,,,,,,,,,,,,,,,,,,,,,,,,,,,,,,,,,,,49.952084,29.43962,-0.3416276,49.952084,29.43962,-0.090372846,,,,,,,,,,,,,,,,,,,,,,,,,,,,,,,,,,,,,,,,,,,,,,,,,,,,,,,,,,,,,,,
49.952084,29.469599,0.0005800982,49.952084,29.469599,0.00059497246,,,,,,,,,,,,,,,,,,,,,,,,,,,,,,,,,,,,,,,,,,,,,,,,,,,,,,,,,,,,,49.952084,29.469599,-0.3780913,49.952084,29.469599,-0.1765729,,,,,,,,,,,,,,,,,,,,,,,,,,,,,,,,,,,,,,,,,,,,,,,,,,,,,,,,,,,,,,,
49.952084,29.499578,0.0008032128,49.952084,29.499578,0.0006395954,,,,,,,,,,,,,,,,,,,,,,,,,,,,,,,,,,,,,,,,,,,,,,,,,,,,,,,,,,,,,49.952084,29.499578,0.3889359,49.952084,29.499578,-0.0284057,,,,,,,,,,,,,,,,,,,,,,,,,,,,,,,,,,,,,,,,,,,,,,,,,,,,,,,,,,,,,,,
49.952084,29.529556,0.0007883385,49.952084,29.529556,0.00050572655,,,,,,,,,,,,,,,,,,,,,,,,,,,,,,,,,,,,,,,,,,,,,,,,,,,,,,,,,,,,,49.952084,29.529556,0.3654944,49.952084,29.529556,-0.4657537,,,,,,,,,,,,,,,,,,,,,,,,,,,,,,,,,,,,,,,,,,,,,,,,,,,,,,,,,,,,,,,
49.952084,29.559536,0.00068421825,49.952084,29.559536,0.0005652238,,,,,,,,,,,,,,,,,,,,,,,,,,,,,,,,,,,,,,,,,,,,,,,,,,,,,,,,,,,,,49.952084,29.559536,-0.021425089,49.952084,29.559536,-0.2997862,,,,,,,,,,,,,,,,,,,,,,,,,,,,,,,,,,,,,,,,,,,,,,,,,,,,,,,,,,,,,,,
49.952084,29.589516,0.00058009813,49.952084,29.589516,0.000669344,,,,,,,,,,,,,,,,,,,,,,,,,,,,,,,,,,,,,,,,,,,,,,,,,,,,,,,,,,,,,49.952084,29.589516,-0.3343129,49.952084,29.589516,0.011542519,,,,,,,,,,,,,,,,,,,,,,,,,,,,,,,,,,,,,,,,,,,,,,,,,,,,,,,,,,,,,,,
49.952084,29.619495,0.0006544697,49.952084,29.619495,0.00069909263,,,,,,,,,,,,,,,,,,,,,,,,,,,,,,,,,,,,,,,,,,,,,,,,,,,,,,,,,,,,,49.952084,29.619495,-0.07963579,49.952084,29.619495,0.12561576,,,,,,,,,,,,,,,,,,,,,,,,,,,,,,,,,,,,,,,,,,,,,,,,,,,,,,,,,,,,,,,
49.952084,29.649473,0.00068421836,49.952084,29.649473,0.00068421825,,,,,,,,,,,,,,,,,,,,,,,,,,,,,,,,,,,,,,,,,,,,,,,,,,,,,,,,,,,,,49.952084,29.649473,-0.011422495,49.952084,29.649473,0.1086949,,,,,,,,,,,,,,,,,,,,,,,,,,,,,,,,,,,,,,,,,,,,,,,,,,,,,,,,,,,,,,,
49.952084,29.679453,0.00066934404,49.952084,29.679453,0.00056522375,,,,,,,,,,,,,,,,,,,,,,,,,,,,,,,,,,,,,,,,,,,,,,,,,,,,,,,,,,,,,49.952084,29.679453,-0.048364148,49.952084,29.679453,-0.28354543,,,,,,,,,,,,,,,,,,,,,,,,,,,,,,,,,,,,,,,,,,,,,,,,,,,,,,,,,,,,,,,
49.952084,29.709433,0.0006098467,49.952084,29.709433,0.0005652238,,,,,,,,,,,,,,,,,,,,,,,,,,,,,,,,,,,,,,,,,,,,,,,,,,,,,,,,,,,,,49.952084,29.709433,-0.24944939,49.952084,29.709433,-0.2898276,,,,,,,,,,,,,,,,,,,,,,,,,,,,,,,,,,,,,,,,,,,,,,,,,,,,,,,,,,,,,,,
49.952084,29.739412,0.0007288412,49.952084,29.739412,0.0005800982,,,,,,,,,,,,,,,,,,,,,,,,,,,,,,,,,,,,,,,,,,,,,,,,,,,,,,,,,,,,,49.952084,29.739412,0.15484113,49.952084,29.739412,-0.26216438,,,,,,,,,,,,,,,,,,,,,,,,,,,,,,,,,,,,,,,,,,,,,,,,,,,,,,,,,,,,,,,
49.952084,29.76939,0.0004908523,49.952084,29.76939,0.00065446965,,,,,,,,,,,,,,,,,,,,,,,,,,,,,,,,,,,,,,,,,,,,,,,,,,,,,,,,,,,,,49.952084,29.76939,-0.6461701,49.952084,29.76939,0.0065986016,,,,,,,,,,,,,,,,,,,,,,,,,,,,,,,,,,,,,,,,,,,,,,,,,,,,,,,,,,,,,,,
49.952084,29.79937,0.0006247211,49.952084,29.79937,0.0005652238,,,,,,,,,,,,,,,,,,,,,,,,,,,,,,,,,,,,,,,,,,,,,,,,,,,,,,,,,,,,,49.952084,29.79937,-0.17011818,49.952084,29.79937,-0.28360543,,,,,,,,,,,,,,,,,,,,,,,,,,,,,,,,,,,,,,,,,,,,,,,,,,,,,,,,,,,,,,,
49.952084,29.82935,0.00069909263,49.952084,29.82935,0.000669344,,,,,,,,,,,,,,,,,,,,,,,,,,,,,,,,,,,,,,,,,,,,,,,,,,,,,,,,,,,,,49.952084,29.82935,0.03261608,49.952084,29.82935,0.05909138,,,,,,,,,,,,,,,,,,,,,,,,,,,,,,,,,,,,,,,,,,,,,,,,,,,,,,,,,,,,,,,
49.952084,29.85933,0.0008478358,49.952084,29.85933,0.0008180871,,,,,,,,,,,,,,,,,,,,,,,,,,,,,,,,,,,,,,,,,,,,,,,,,,,,,,,,,,,,,49.952084,29.85933,0.5595443,49.952084,29.85933,0.57037616,,,,,,,,,,,,,,,,,,,,,,,,,,,,,,,,,,,,,,,,,,,,,,,,,,,,,,,,,,,,,,,
49.952084,29.889309,0.00077346415,49.952084,29.889309,0.0006098467,,,,,,,,,,,,,,,,,,,,,,,,,,,,,,,,,,,,,,,,,,,,,,,,,,,,,,,,,,,,,49.952084,29.889309,0.30719912,49.952084,29.889309,-0.13861954,,,,,,,,,,,,,,,,,,,,,,,,,,,,,,,,,,,,,,,,,,,,,,,,,,,,,,,,,,,,,,,
49.952084,29.919287,0.0005800982,49.952084,29.919287,0.0006098467,,,,,,,,,,,,,,,,,,,,,,,,,,,,,,,,,,,,,,,,,,,,,,,,,,,,,,,,,,,,,49.952084,29.919287,-0.3255628,49.952084,29.919287,-0.14900987,,,,,,,,,,,,,,,,,,,,,,,,,,,,,,,,,,,,,,,,,,,,,,,,,,,,,,,,,,,,,,,
49.952084,29.949266,0.00068421825,49.952084,29.949266,0.0005354752,,,,,,,,,,,,,,,,,,,,,,,,,,,,,,,,,,,,,,,,,,,,,,,,,,,,,,,,,,,,,49.952084,29.949266,-0.0048047057,49.952084,29.949266,-0.38915956,,,,,,,,,,,,,,,,,,,,,,,,,,,,,,,,,,,,,,,,,,,,,,,,,,,,,,,,,,,,,,,
49.952084,29.979246,0.0006098467,49.952084,29.979246,0.0007139669,,,,,,,,,,,,,,,,,,,,,,,,,,,,,,,,,,,,,,,,,,,,,,,,,,,,,,,,,,,,,49.952084,29.979246,-0.23079878,49.952084,29.979246,0.18462886,,,,,,,,,,,,,,,,,,,,,,,,,,,,,,,,,,,,,,,,,,,,,,,,,,,,,,,,,,,,,,,
